-0.262 -0.205 0.989 -2.794 -1.237 0.489
-0.253 -0.19 0.996 -3.237 -0.779 0.672
-0.257 -0.188 0.987 -3.74 -0.656 0.87
-0.253 -0.192 0.976 -4.366 -1.603 0.183
-0.256 -0.194 0.993 -4.87 -1.481 0.458
-0.239 -0.199 0.97 -4.611 -0.87 -0.168
-0.257 -0.207 0.981 -4.168 -0.901 -0.198
-0.262 -0.198 0.988 -3.053 -0.351 0.122
-0.26 -0.184 0.976 -2.977 -0.198 -0.55
-0.26 -0.169 0.986 -3.847 -0.244 -0.076
-0.258 -0.166 0.98 -4.534 -0.504 0.473
-0.25 -0.172 0.977 -4.84 -0.366 1.053
-0.256 -0.174 0.973 -5.542 -0.076 2.214
-0.258 -0.188 0.99 -5.649 0.076 2.947
-0.252 -0.199 0.984 -5.282 -0.656 2.046
-0.251 -0.194 0.981 -4.962 -0.489 1.664
-0.261 -0.206 0.984 -4.763 -0.473 1.725
-0.27 -0.201 0.989 -4.168 -0.321 1.267
-0.263 -0.184 0.993 -4.382 -0.397 1.817
-0.26 -0.19 0.995 -4.641 -1.069 1.908
-0.265 -0.182 0.993 -5.038 -1.099 1.389
-0.255 -0.189 0.985 -5.344 -1.481 1.557
-0.263 -0.172 0.982 -5.74 -1.344 1.786
-0.252 -0.179 0.98 -6.046 -1.099 2.733
-0.266 -0.2 0.993 -5.71 -1.695 2.183
-0.26 -0.183 0.988 -5.557 -1.557 3.405
-0.25 -0.19 0.97 -5.496 -2.0 3.13
-0.241 -0.183 0.969 -5.481 -1.206 2.809
-0.244 -0.205 0.963 -4.779 -0.55 2.855
-0.242 -0.185 0.966 -4.55 0.702 2.351
-0.254 -0.185 0.975 -5.389 0.901 2.565
-0.251 -0.201 0.982 -5.298 1.038 2.168
-0.269 -0.203 0.989 -5.45 1.176 2.0
-0.27 -0.219 0.986 -5.206 0.992 1.847
-0.271 -0.217 0.99 -5.023 0.626 0.992
-0.274 -0.214 0.985 -4.427 0.641 0.458
-0.275 -0.208 0.99 -3.573 0.916 0.824
-0.276 -0.209 0.986 -2.702 0.702 0.809
-0.275 -0.179 0.991 -1.573 1.115 1.756
-0.276 -0.165 0.989 -1.557 0.702 2.489
-0.29 -0.148 0.99 -2.443 0.489 3.45
-0.28 -0.148 0.983 -3.511 -0.092 4.427
-0.277 -0.163 0.992 -5.359 -0.58 5.603
-0.262 -0.206 0.987 -6.229 -0.931 5.847
-0.251 -0.243 0.987 -6.779 -1.237 5.405
-0.233 -0.278 0.978 -6.397 -0.763 3.74
-0.226 -0.304 0.992 -5.527 -0.427 3.313
-0.231 -0.351 1.0 -3.099 0.107 2.244
-0.225 -0.364 1.002 -1.053 0.672 -0.107
-0.238 -0.379 1.019 0.427 1.679 -1.435
-0.242 -0.39 1.021 1.618 1.679 -4.107
-0.255 -0.401 1.037 1.969 1.252 -6.061
-0.268 -0.423 1.061 1.588 -0.519 -10.87
-0.242 -0.469 1.042 4.763 1.74 -7.832
-0.23 -0.466 1.047 6.137 -2.489 -14.397
-0.252 -0.508 1.051 8.977 -3.725 -19.695
-0.227 -0.509 1.047 10.824 -4.565 -24.641
-0.223 -0.511 1.031 13.679 -3.603 -29.115
-0.215 -0.504 1.017 17.313 -1.725 -31.573
-0.226 -0.497 1.023 21.542 -0.427 -34.519
-0.252 -0.485 1.029 25.176 0.58 -35.725
-0.27 -0.463 1.023 28.397 1.832 -38.26
-0.292 -0.424 1.026 28.504 0.809 -40.336
-0.313 -0.421 1.031 27.969 -1.466 -44.916
-0.329 -0.413 1.044 26.321 -3.908 -49.771
-0.336 -0.41 1.045 23.282 -6.763 -56.061
-0.333 -0.431 1.052 19.756 -10.519 -61.786
-0.292 -0.479 1.038 19.191 -12.534 -67.969
-0.265 -0.479 1.023 20.153 -13.237 -71.634
-0.262 -0.541 1.004 24.122 -13.237 -75.008
-0.225 -0.534 0.971 30.733 -10.962 -80.214
-0.217 -0.506 0.964 35.969 -7.511 -83.664
-0.224 -0.46 0.951 40.748 -4.916 -86.397
-0.261 -0.416 0.974 44.198 -2.885 -88.565
-0.286 -0.388 0.978 45.634 -3.008 -90.397
-0.292 -0.379 0.988 47.221 -3.466 -91.069
-0.293 -0.36 0.97 49.115 -3.695 -95.496
-0.293 -0.318 0.972 49.603 -4.275 -98.489
-0.288 -0.283 0.969 50.321 -5.008 -101.298
-0.261 -0.23 0.941 51.008 -3.344 -101.115
-0.24 -0.188 0.917 52.198 -0.947 -99.344
-0.226 -0.154 0.902 53.618 1.252 -95.435
-0.222 -0.121 0.903 54.321 4.687 -89.573
-0.23 -0.081 0.887 54.305 7.053 -85.634
-0.24 -0.118 0.9 54.977 7.618 -80.031
-0.247 -0.124 0.89 55.359 9.023 -79.878
-0.279 -0.182 0.892 55.282 7.649 -83.542
-0.281 -0.17 0.881 57.863 11.573 -89.908
-0.304 -0.114 0.901 58.229 13.038 -95.511
-0.333 -0.05 0.907 58.198 14.611 -95.832
-0.334 0.053 0.91 57.221 16.107 -94.122
-0.326 0.097 0.92 56.275 17.008 -84.321
-0.335 0.1 0.924 56.565 16.107 -74.183
-0.37 0.035 0.932 59.527 14.183 -66.214
-0.364 0.006 0.914 62.718 11.099 -69.969
-0.299 0.108 0.844 61.008 10.962 -76.198
-0.284 0.138 0.837 55.008 11.969 -82.397
-0.305 0.167 0.838 48.168 11.252 -92.412
-0.313 0.206 0.85 40.412 10.885 -100.504
-0.272 0.194 0.831 35.893 11.756 -102.397
-0.304 0.228 0.858 34.336 14.702 -96.382
-0.284 0.181 0.859 34.504 15.206 -87.008
-0.321 0.162 0.883 37.71 17.649 -79.42
-0.298 0.202 0.878 38.305 20.962 -70.198
-0.326 0.135 0.911 41.802 23.756 -60.321
-0.321 0.168 0.896 42.779 23.863 -56.458
-0.316 0.154 0.908 44.015 25.771 -55.45
-0.326 0.265 0.912 41.756 25.099 -54.443
-0.335 0.304 0.921 36.992 25.084 -51.389
-0.334 0.357 0.918 31.344 24.809 -47.282
-0.336 0.341 0.927 25.298 22.366 -42.275
-0.313 0.258 0.928 23.389 22.519 -38.061
-0.344 0.208 0.944 23.405 23.008 -37.053
-0.351 0.225 0.956 22.763 21.649 -39.176
-0.365 0.222 0.964 21.893 21.511 -38.153
-0.38 0.26 0.977 21.588 22.183 -35.664
-0.394 0.266 0.993 19.878 21.618 -31.908
-0.42 0.281 1.022 17.099 20.672 -28.565
-0.44 0.241 1.042 13.282 16.84 -27.008
-0.435 0.231 1.031 10.0 13.802 -27.756
-0.406 0.234 1.016 7.099 11.969 -26.458
-0.416 0.171 1.025 6.382 9.221 -26.061
-0.397 0.177 1.005 6.153 9.679 -25.038
-0.423 0.166 1.037 5.863 8.122 -21.908
-0.405 0.162 1.042 6.931 6.794 -18.779
-0.4 0.176 1.04 7.618 6.779 -14.794
-0.377 0.174 1.022 6.87 5.817 -11.221
-0.376 0.179 1.008 6.137 5.374 -9.206
-0.374 0.181 1.011 4.015 4.229 -7.634
-0.384 0.18 1.013 2.061 3.191 -7.954
-0.388 0.177 1.027 -1.252 1.053 -7.832
-0.374 0.139 1.02 -3.313 -0.641 -8.779
-0.348 0.141 1.006 -4.534 -1.13 -7.969
-0.343 0.124 0.992 -4.534 -0.779 -5.42
-0.332 0.12 0.981 -3.71 -0.305 -3.389
-0.336 0.147 0.973 -4.489 0.656 -1.618
-0.337 0.147 0.985 -6.504 0.534 -0.458
-0.347 0.128 0.985 -8.626 0.382 0.382
-0.336 0.086 0.985 -9.42 -0.931 0.718
-0.32 0.064 0.984 -8.504 -1.695 0.244
-0.313 0.074 0.974 -8.092 -0.58 0.763
-0.319 0.072 0.972 -7.847 -0.382 0.382
-0.313 0.072 0.974 -8.153 0.244 0.87
-0.319 0.062 0.978 -8.504 0.168 1.435
-0.325 0.048 0.998 -8.092 -0.595 1.557
-0.314 0.034 0.999 -7.969 -1.298 1.206
-0.327 0.022 1.002 -7.466 -1.328 1.435
-0.315 0.001 1.008 -5.847 -1.618 -0.061
-0.316 0.016 1.005 -5.099 -1.298 -0.473
-0.323 0.021 1.003 -4.931 -1.649 -1.221
-0.323 0.019 1.008 -4.702 -1.435 -2.198
-0.316 0.025 0.997 -4.153 -1.115 -2.336
-0.31 0.034 1.0 -3.618 -1.099 -2.168
-0.324 0.041 0.995 -3.802 -0.718 -1.053
-0.328 0.051 1.0 -3.954 -1.252 0.0
-0.321 0.025 0.99 -3.481 -1.756 0.489
-0.317 0.019 0.976 -2.198 -1.939 -0.153
-0.323 0.028 0.987 -2.137 -2.244 -1.725
-0.321 0.051 0.985 -2.687 -2.092 -2.87
-0.32 0.075 0.983 -3.618 -1.954 -3.282
-0.317 0.075 0.98 -4.397 -1.206 -2.092
-0.315 0.072 0.964 -4.885 -1.725 -1.038
-0.314 0.077 0.974 -5.664 -1.45 0.336
-0.318 0.066 0.976 -5.924 -0.977 1.023
-0.312 0.057 0.972 -6.427 -0.565 0.992
-0.316 0.031 0.988 -6.198 -0.947 0.58
-0.309 0.018 0.978 -5.634 -1.267 -1.45
-0.306 0.03 0.994 -5.023 -0.763 -2.061
-0.299 0.029 0.984 -4.397 -0.031 -1.496
-0.31 0.033 0.99 -3.634 0.29 -1.023
-0.309 0.041 0.978 -3.359 -0.504 -1.496
-0.308 0.044 0.995 -3.008 -0.473 -1.42
-0.314 0.051 0.991 -3.053 -0.702 -1.176
-0.321 0.048 0.999 -3.16 -0.443 -0.748
-0.34 0.03 1.011 -2.55 -1.664 -1.496
-0.318 0.047 0.986 -2.153 -1.664 -3.511
-0.325 0.075 0.994 -2.626 -1.282 -2.672
-0.324 0.069 0.989 -2.809 -1.191 -1.527
-0.327 0.069 1.0 -3.313 -0.84 -0.351
-0.33 0.04 0.997 -3.16 -2.534 -1.099
-0.332 0.063 1.0 -3.405 -3.206 -1.664
-0.323 0.06 0.988 -4.0 -3.206 -1.573
-0.316 0.064 0.98 -3.954 -2.473 -1.13
-0.316 0.064 0.978 -3.924 -1.649 -0.031
-0.321 0.05 0.977 -3.511 -2.382 -1.115
-0.31 0.08 0.972 -3.969 -2.275 -0.656
-0.308 0.068 0.986 -4.382 -2.122 0.122
-0.308 0.065 0.986 -4.733 -1.802 0.885
-0.318 0.05 0.975 -5.16 -1.313 0.672
-0.317 0.042 0.979 -5.16 -1.908 -1.786
-0.304 0.049 0.971 -5.13 -1.664 -2.55
-0.301 0.07 0.959 -5.359 -0.382 -1.679
-0.314 0.053 0.976 -4.947 0.015 -1.115
-0.315 0.051 0.986 -5.221 -0.107 -0.595
-0.312 0.039 0.995 -4.809 -0.733 -1.206
-0.315 0.051 0.995 -4.992 -0.748 -0.87
-0.32 0.028 0.998 -4.366 -1.115 -1.038
-0.326 0.038 0.995 -3.649 -0.473 -1.267
-0.312 0.064 0.984 -4.183 -0.382 -1.573
-0.316 0.047 0.985 -4.275 -0.84 -1.191
-0.315 0.049 0.986 -4.122 -0.87 -2.061
-0.318 0.052 0.981 -3.878 -1.511 -1.405
-0.322 0.068 0.988 -3.878 -0.84 -0.748
-0.321 0.067 0.989 -4.489 -0.458 -0.137
-0.319 0.058 0.982 -4.901 -0.947 -0.305
-0.31 0.07 0.976 -5.313 -0.733 -1.221
-0.323 0.07 0.98 -6.061 -0.656 -0.489
-0.324 0.054 0.98 -5.939 -0.901 -0.427
-0.327 0.045 0.986 -5.924 -0.87 -0.626
-0.316 0.014 0.99 -4.779 -1.756 -1.344
-0.308 0.032 0.997 -4.26 -1.817 -2.122
-0.308 0.045 0.991 -4.26 -1.313 -1.771
-0.312 0.045 0.987 -3.695 -0.641 -1.252
-0.296 0.072 0.985 -4.076 0.641 -1.603
-0.313 0.083 0.979 -4.855 1.008 -0.84
-0.322 0.077 0.983 -5.863 0.26 -0.153
-0.328 0.055 0.989 -5.969 -0.305 0.214
-0.323 0.041 0.979 -5.725 -0.58 0.214
-0.322 0.034 0.992 -5.115 -0.504 -0.183
-0.322 0.04 0.982 -5.069 -0.489 -0.947
-0.33 0.039 0.986 -5.008 -0.84 -1.603
-0.323 0.042 0.995 -4.855 -0.641 -2.0
-0.336 0.028 1.001 -4.443 -0.748 -1.695
-0.327 0.024 0.989 -3.756 -0.87 -1.542
-0.324 0.026 0.989 -2.779 -1.221 -1.42
-0.317 0.037 0.984 -2.107 -1.023 -1.924
-0.315 0.063 0.984 -2.55 -0.061 -1.176
-0.311 0.07 0.974 -3.069 -0.366 -1.679
-0.315 0.08 0.976 -3.771 -0.183 -1.099
-0.313 0.09 0.989 -4.931 -0.061 -1.053
-0.327 0.085 0.985 -6.168 -0.809 -0.427
-0.326 0.059 0.99 -6.992 -1.374 -0.947
-0.329 0.055 0.987 -7.16 -1.878 -0.779
-0.324 0.048 0.996 -6.855 -1.359 -0.244
-0.325 0.034 0.983 -6.198 -1.389 -0.183
-0.328 0.026 0.996 -5.145 -1.481 -0.412
-0.324 0.042 0.995 -4.794 -0.885 -0.443
-0.323 0.035 1.005 -4.748 -0.702 -0.244
-0.318 0.031 0.999 -4.122 -0.473 0.504
-0.311 0.034 0.997 -3.496 -1.786 -0.565
-0.306 0.044 1.0 -3.069 -2.504 -0.748
-0.301 0.058 0.985 -3.573 -2.046 -0.55
-0.301 0.058 0.987 -3.878 -1.359 -0.947
-0.314 0.05 0.982 -3.817 -0.412 -0.351
-0.318 0.023 0.986 -2.656 -1.542 -1.954
-0.321 0.066 0.973 -2.687 -0.595 -2.275
-0.324 0.078 0.983 -3.832 -0.427 -1.267
-0.331 0.063 0.984 -4.489 -0.84 -0.947
-0.334 0.055 0.991 -4.672 -1.939 -0.748
-0.327 0.052 0.982 -4.351 -1.557 -0.397
-0.315 0.054 0.977 -4.26 -1.756 0.672
-0.323 0.046 0.983 -3.863 -1.344 0.748
-0.319 0.046 0.981 -3.466 -1.74 -0.366
-0.303 0.063 0.978 -3.863 -0.641 -0.916
-0.313 0.068 0.991 -4.382 -0.947 -0.687
-0.314 0.059 0.981 -4.733 -1.527 -0.29
-0.315 0.059 0.99 -4.702 -1.176 0.168
-0.316 0.058 0.99 -4.779 -1.267 0.58
-0.317 0.045 0.991 -4.595 -1.069 0.55
-0.328 0.034 0.993 -4.107 -1.847 0.458
-0.323 0.028 0.992 -3.649 -1.878 -1.16
-0.325 0.048 0.983 -3.969 -2.061 -1.405
-0.316 0.046 0.979 -3.695 -2.061 -1.359
-0.313 0.071 0.979 -3.618 -1.008 -1.405
-0.324 0.086 0.977 -4.214 -1.389 -0.443
-0.323 0.083 0.982 -5.328 -1.969 0.046
-0.311 0.069 0.971 -5.863 -1.756 0.519
-0.301 0.065 0.958 -5.679 -1.466 0.153
-0.294 0.063 0.958 -5.832 -0.412 0.595
-0.299 0.053 0.962 -6.153 -0.046 0.473
-0.31 0.052 0.984 -6.107 0.458 0.214
-0.303 0.043 0.99 -5.939 0.214 -0.565
-0.322 0.029 1.0 -5.389 -0.275 -0.275
-0.319 0.034 1.006 -4.595 -0.58 0.046
-0.319 0.032 1.006 -3.969 -0.244 0.183
-0.328 0.032 1.004 -3.908 -0.58 -0.55
-0.323 0.046 1.006 -3.649 -0.824 -1.084
-0.326 0.047 0.991 -3.42 -1.206 -1.573
-0.334 0.061 1.006 -3.618 -1.115 -1.527
-0.332 0.066 0.995 -3.939 -1.374 -1.008
-0.334 0.066 0.991 -4.427 -2.046 -0.046
-0.329 0.076 0.994 -5.084 -2.183 0.687
-0.336 0.06 0.992 -5.344 -2.321 1.038
-0.328 0.056 0.99 -5.771 -2.305 0.611
-0.319 0.056 0.993 -6.244 -2.443 0.672
-0.316 0.052 0.981 -6.504 -2.137 0.473
-0.306 0.032 0.978 -6.26 -2.458 -0.061
-0.304 0.031 0.981 -5.42 -1.618 0.107
-0.313 0.032 0.984 -4.779 -1.237 0.641
-0.316 0.03 0.993 -4.214 -1.221 0.779
-0.32 0.045 0.991 -4.26 -1.221 0.595
-0.312 0.045 0.983 -4.397 -1.176 0.244
-0.314 0.058 0.969 -4.687 -1.573 -0.321
-0.306 0.055 0.971 -4.351 -1.13 -0.672
-0.312 0.069 0.974 -4.351 -0.718 -0.244
-0.314 0.063 0.978 -4.29 -0.977 0.015
-0.322 0.075 0.984 -4.992 -0.718 0.351
-0.321 0.075 0.98 -5.573 -1.206 0.931
-0.317 0.07 0.985 -5.527 -1.511 1.053
-0.312 0.059 0.981 -5.679 -1.603 1.191
-0.311 0.068 0.977 -5.924 -1.496 1.038
-0.302 0.052 0.976 -6.641 -1.588 0.87
-0.307 0.042 0.979 -6.26 -1.42 0.321
-0.285 0.03 0.976 -5.527 -0.992 0.183
-0.293 0.028 0.98 -4.809 -0.427 0.031
-0.299 0.035 0.991 -3.756 -0.168 -0.779
-0.304 0.056 0.987 -3.74 0.458 -0.55
-0.304 0.075 0.98 -3.847 1.069 -0.076
-0.314 0.079 0.983 -4.779 1.115 0.397
-0.311 0.068 0.985 -6.015 0.916 0.794
-0.317 0.064 1.0 -6.687 1.069 0.214
-0.323 0.046 1.008 -7.115 -0.626 0.122
-0.318 0.031 0.998 -6.595 -0.29 -0.412
-0.327 0.021 1.008 -6.336 -1.008 -0.458
-0.32 0.006 0.999 -5.374 -1.053 -1.802
-0.322 0.013 0.996 -4.473 -1.527 -2.336
-0.326 0.012 1.0 -3.542 -1.038 -2.092
-0.328 0.021 0.997 -2.656 -1.466 -2.214
-0.34 0.041 0.998 -2.229 -1.527 -2.244
-0.343 0.064 0.981 -2.885 -0.992 -1.237
-0.346 0.078 0.996 -3.649 -1.496 -0.397
-0.351 0.072 0.984 -4.092 -2.382 -0.336
-0.337 0.087 0.986 -4.916 -2.931 -0.489
-0.335 0.082 0.978 -6.046 -3.893 0.473
-0.323 0.08 0.977 -6.076 -2.809 1.802
-0.314 0.06 0.977 -6.29 -2.748 2.168
-0.307 0.059 0.988 -6.397 -2.733 2.244
-0.311 0.054 0.986 -6.275 -2.687 2.275
-0.315 0.041 0.985 -6.107 -3.298 2.229
-0.303 0.032 0.99 -5.099 -3.954 1.435
-0.307 0.048 0.986 -4.489 -2.962 1.282
-0.314 0.049 0.994 -4.489 -3.527 1.328
-0.312 0.064 0.984 -4.366 -3.603 1.695
-0.319 0.049 0.994 -3.786 -4.29 2.672
-0.317 0.049 0.996 -3.588 -6.351 2.183
-0.342 0.059 1.002 -4.672 -8.931 -1.145
-0.3 0.084 0.978 -5.038 -8.84 -1.756
-0.302 0.071 0.975 -6.107 -6.794 -0.046
-0.304 0.055 0.977 -5.481 -6.641 0.031
-0.298 0.077 0.981 -5.344 -5.099 0.916
-0.304 0.061 0.981 -5.847 -3.878 1.771
-0.302 0.066 0.97 -6.168 -2.641 1.802
-0.302 0.074 0.991 -6.626 -2.275 2.718
-0.306 0.055 0.984 -6.336 -2.26 3.115
-0.302 0.055 0.981 -6.687 -2.519 2.992
-0.301 0.047 0.99 -6.718 -2.58 2.305
-0.296 0.036 0.994 -6.947 -2.595 2.336
-0.295 0.04 0.989 -6.733 -2.229 1.481
-0.297 0.036 0.99 -6.412 -1.618 1.649
-0.299 0.031 0.996 -5.817 -1.084 2.122
-0.303 0.022 1.005 -5.191 -1.16 1.45
-0.313 0.019 1.014 -4.672 -1.252 1.115
-0.308 0.015 1.001 -3.969 -2.702 -0.229
-0.311 0.041 1.003 -3.771 -2.55 -0.321
-0.309 0.046 1.015 -4.031 -2.962 -0.702
-0.317 0.051 1.0 -3.634 -3.328 -1.13
-0.319 0.063 1.013 -4.336 -3.45 -0.687
-0.314 0.049 1.006 -5.053 -3.389 -0.153
-0.315 0.047 1.001 -4.611 -3.771 0.168
-0.315 0.058 0.991 -5.328 -4.092 -0.015
-0.299 0.05 0.995 -5.237 -3.389 0.489
-0.302 0.047 0.981 -5.45 -2.183 1.221
-0.295 0.041 0.983 -5.053 -2.031 1.176
-0.303 0.043 0.992 -5.496 -1.038 1.481
-0.301 0.045 0.988 -5.588 -1.878 1.008
-0.299 0.041 0.993 -5.588 -2.412 0.809
-0.305 0.038 1.004 -5.511 -3.191 0.55
-0.313 0.027 1.007 -5.191 -4.519 -0.519
-0.3 0.046 0.991 -4.763 -4.702 -1.573
-0.293 0.06 0.995 -5.221 -3.695 -0.519
-0.291 0.054 1.001 -5.16 -3.176 0.122
-0.298 0.05 1.0 -5.389 -2.947 0.321
-0.296 0.05 0.998 -5.344 -2.779 0.031
-0.309 0.052 1.001 -5.573 -3.954 -0.641
-0.311 0.042 1.009 -5.115 -5.664 -1.817
-0.296 0.045 0.992 -4.55 -6.733 -1.969
-0.292 0.054 0.997 -4.382 -6.046 -0.977
-0.305 0.044 1.0 -4.107 -7.023 -0.824
-0.299 0.035 1.009 -3.511 -7.481 -1.252
-0.277 0.047 0.985 -3.267 -6.885 -1.405
-0.277 0.056 0.997 -3.405 -5.71 -0.626
-0.272 0.048 0.987 -2.641 -4.122 0.29
-0.278 0.04 0.987 -1.939 -4.733 0.0
-0.283 0.067 0.991 -1.282 -3.344 0.183
-0.287 0.078 0.995 -1.969 -3.176 1.42
-0.301 0.075 0.998 -2.061 -2.0 1.74
-0.314 0.083 0.99 -2.458 -2.214 2.107
-0.302 0.094 0.992 -3.45 -3.328 3.588
-0.332 0.058 1.003 -3.298 -6.779 4.702
-0.339 0.068 1.002 -4.87 -14.748 -2.443
-0.309 0.033 1.006 -4.214 -14.031 2.122
-0.25 0.059 0.995 -2.58 -12.84 4.473
-0.257 0.052 0.98 -3.252 -15.939 3.023
-0.293 0.01 1.013 -1.725 -16.626 1.298
-0.258 0.008 0.977 0.962 -15.542 2.153
-0.274 0.016 0.994 3.481 -13.756 3.023
-0.259 0.0 0.993 7.725 -11.084 8.885
-0.249 -0.017 1.008 13.924 -7.664 13.618
-0.394 0.027 1.051 19.74 -4.382 15.969
-0.339 0.046 1.061 21.099 -3.74 21.756