-0.242 -0.102 1.014 -7.328 -8.122 1.71
-0.22 -0.113 1.005 -6.504 -5.374 0.061
-0.222 -0.1 1.012 -5.832 -4.947 0.076
-0.232 -0.089 1.019 -5.221 -3.344 0.015
-0.232 -0.093 1.018 -5.313 -3.374 0.656
-0.232 -0.09 1.014 -4.427 -3.511 -0.565
-0.226 -0.099 1.01 -4.153 -1.756 0.458
-0.247 -0.099 1.026 -3.023 -2.366 -0.55
-0.227 -0.092 1.014 -2.122 -1.634 -0.534
-0.247 -0.068 1.023 -3.221 -4.519 0.489
-0.244 -0.073 1.02 -4.183 -5.496 1.557
-0.299 -0.06 1.044 -7.252 -16.992 2.611
-0.242 -0.087 1.018 -7.191 -19.878 -0.565
-0.238 -0.076 1.021 -8.748 -18.794 -1.969
-0.227 -0.099 1.028 -7.221 -18.137 -3.435
-0.192 -0.088 0.992 -6.275 -16.229 -4.366
-0.201 -0.087 1.015 -6.824 -13.786 -2.382
-0.192 -0.121 1.018 -4.748 -11.695 -2.198
-0.191 -0.093 1.011 -4.137 -8.748 -2.351
-0.192 -0.086 1.016 -4.0 -6.626 -1.466
-0.195 -0.094 1.008 -3.618 -3.466 -0.046
-0.194 -0.1 1.005 -2.504 -0.931 0.565
-0.203 -0.094 1.018 -2.473 0.916 0.366
-0.213 -0.115 1.024 -1.74 1.176 -0.733
-0.204 -0.092 1.023 -2.107 0.519 -1.908
-0.205 -0.085 1.023 -3.191 -1.466 -1.557
-0.203 -0.107 1.017 -3.038 -1.664 -0.962
-0.202 -0.089 1.021 -2.763 -1.221 -0.779
-0.19 -0.087 1.019 -2.947 -0.031 -0.855
-0.203 -0.089 1.022 -2.595 -0.061 0.046
-0.198 -0.1 1.022 -1.603 1.786 -1.252
-0.207 -0.1 1.015 -2.107 3.008 -1.115
-0.22 -0.092 1.033 -1.802 3.649 -1.802
-0.216 -0.088 1.028 -1.786 4.336 -1.099
-0.212 -0.088 1.019 -2.183 4.076 -0.137
-0.214 -0.093 1.021 -2.321 4.718 0.382
-0.204 -0.088 1.021 -1.985 5.115 -0.26
-0.218 -0.102 1.018 -1.313 4.748 0.153
-0.214 -0.082 1.024 -0.702 4.412 -0.931
-0.229 -0.061 1.026 -1.985 3.328 -0.397
-0.222 -0.074 1.012 -2.229 4.0 -0.26
-0.218 -0.091 1.018 -1.832 5.115 -0.718
-0.22 -0.072 1.021 -2.031 5.466 -1.008
-0.225 -0.065 1.018 -2.473 6.244 -0.748
-0.246 -0.09 1.026 -2.534 3.221 -1.023
-0.247 -0.08 1.021 -2.351 1.832 -1.298
-0.25 -0.083 1.032 -2.748 -2.947 -2.794
-0.246 -0.053 1.027 -4.565 -5.496 -3.008
-0.223 -0.059 1.013 -6.0 -6.519 -1.679
-0.219 -0.074 1.02 -5.634 -6.977 -1.191
-0.199 -0.065 1.009 -5.786 -6.092 -0.031
-0.203 -0.068 1.007 -6.031 -5.344 1.069
-0.21 -0.079 1.008 -5.695 -3.084 0.55
-0.216 -0.092 1.02 -4.687 -2.137 0.641
-0.219 -0.09 1.027 -3.664 -1.13 -1.008
-0.225 -0.078 1.021 -3.71 -0.382 -0.794
-0.219 -0.092 1.027 -2.824 -0.092 -0.87
-0.233 -0.078 1.012 -2.931 0.87 -0.229
-0.216 -0.067 1.016 -3.145 2.092 0.794
-0.235 -0.072 1.023 -3.573 3.115 1.954
-0.229 -0.084 1.029 -3.496 1.191 0.58
-0.224 -0.07 1.017 -4.153 -0.733 -0.168
-0.224 -0.074 1.023 -4.672 0.015 -0.046
-0.214 -0.08 1.016 -5.435 -1.496 -0.412
-0.217 -0.08 1.017 -5.206 -0.931 0.031
-0.223 -0.079 1.019 -5.71 -0.962 0.153
-0.216 -0.07 1.02 -6.534 -0.901 0.916
-0.214 -0.071 1.016 -7.557 -0.824 1.496
-0.223 -0.051 1.017 -9.664 -3.603 2.031
-0.229 -0.081 1.024 -10.855 -6.687 2.168
-0.197 -0.145 1.019 -8.84 -5.74 1.573
-0.219 -0.116 1.028 -7.145 -4.412 0.809
-0.199 -0.123 1.025 -6.168 -4.275 0.122
-0.205 -0.108 1.024 -6.244 -2.397 0.137
-0.205 -0.115 1.02 -5.511 -1.359 0.29
-0.207 -0.111 1.022 -4.824 -0.794 0.244
-0.219 -0.109 1.018 -4.305 0.061 0.992
-0.209 -0.106 1.028 -3.527 0.626 0.992
-0.218 -0.1 1.021 -3.573 1.191 2.153
-0.219 -0.109 1.029 -2.672 2.611 3.603
-0.219 -0.105 1.026 -3.557 1.618 3.176
-0.229 -0.112 1.036 -3.771 2.229 1.71
-0.231 -0.135 1.038 -4.031 1.282 1.099
-0.238 -0.139 1.061 -3.939 0.26 -1.511
-0.228 -0.142 1.053 -4.214 -2.229 -2.168
-0.227 -0.184 1.064 -3.282 -3.618 -5.069
-0.209 -0.182 1.062 -2.84 -5.176 -6.168
-0.182 -0.195 1.06 -3.099 -3.298 -4.733
-0.203 -0.215 1.054 -2.641 -5.893 -2.748
-0.174 -0.217 1.055 -1.176 -5.42 2.168
-0.151 -0.244 1.061 0.672 -4.198 13.206
-0.13 -0.254 1.054 4.076 -4.198 27.634
-0.126 -0.264 1.064 8.702 -0.061 45.42
-0.165 -0.372 1.087 17.45 9.557 42.275
-0.25 -0.338 1.101 25.588 12.519 29.71
-0.26 -0.312 1.101 26.534 15.649 17.206
-0.317 -0.275 1.122 25.908 10.84 4.855
-0.294 -0.238 1.097 23.573 6.595 -3.603
-0.275 -0.226 1.091 21.405 2.397 -7.786
-0.262 -0.248 1.083 22.336 2.061 -10.87
-0.26 -0.25 1.089 23.481 1.298 -12.061
-0.249 -0.286 1.072 26.611 -1.038 -13.771
-0.227 -0.258 1.049 28.794 -2.031 -14.519
-0.248 -0.229 1.064 30.214 -2.321 -14.718
-0.262 -0.203 1.058 30.427 -3.695 -13.328
-0.271 -0.177 1.06 29.344 -6.656 -13.496
-0.288 -0.168 1.056 27.267 -8.885 -18.153
-0.307 -0.177 1.075 24.611 -15.053 -20.458
-0.282 -0.209 1.06 23.573 -16.427 -23.466
-0.279 -0.258 1.057 25.679 -18.718 -28.962
-0.266 -0.236 1.039 28.0 -19.328 -33.679
-0.234 -0.237 1.033 30.183 -18.733 -39.053
-0.281 -0.255 1.047 34.366 -18.153 -44.489
-0.295 -0.255 1.048 40.809 -18.0 -46.763
-0.28 -0.217 1.023 46.87 -17.954 -47.328
-0.27 -0.166 1.004 51.496 -17.099 -47.313
-0.281 -0.101 0.999 54.061 -15.298 -45.298
-0.297 -0.035 1.007 54.351 -16.122 -41.084
-0.291 0.003 0.998 54.0 -14.901 -36.137
-0.307 -0.004 1.002 52.962 -17.145 -30.931
-0.303 0.013 0.983 52.015 -19.847 -29.069
-0.28 0.004 0.966 52.748 -20.275 -29.542
-0.273 0.035 0.933 53.908 -18.153 -29.252
-0.272 0.084 0.918 51.771 -18.473 -31.725
-0.246 0.073 0.91 52.275 -18.977 -33.985
-0.221 0.149 0.896 51.237 -16.504 -38.183
-0.173 0.217 0.853 47.893 -10.947 -35.71
-0.164 0.247 0.852 45.16 -7.328 -29.863
-0.19 0.302 0.868 41.252 -4.763 -21.389
-0.226 0.285 0.881 38.763 -3.267 -14.794
-0.262 0.232 0.912 35.679 -5.969 -14.107
-0.328 0.129 0.93 35.466 -8.794 -19.466
-0.404 0.056 0.978 40.321 -17.893 -36.427
-0.317 0.091 0.95 44.198 -25.221 -55.511
-0.242 0.215 0.903 43.939 -24.122 -67.603
-0.186 0.283 0.899 42.366 -20.718 -69.481
-0.198 0.344 0.917 40.183 -15.084 -66.137
-0.181 0.37 0.915 38.611 -10.305 -54.611
-0.164 0.389 0.925 36.779 -5.893 -39.42
-0.193 0.383 0.944 36.748 -3.252 -23.649
-0.215 0.316 0.94 38.137 -2.382 -11.756
-0.262 0.264 0.963 41.908 -4.153 -9.221
-0.275 0.257 0.959 44.611 -6.55 -14.656
-0.263 0.298 0.951 44.336 -10.58 -25.466
-0.222 0.374 0.933 39.847 -11.588 -35.115
-0.194 0.414 0.941 34.229 -12.183 -38.885
-0.169 0.42 0.932 31.42 -10.534 -36.977
-0.14 0.437 0.917 29.252 -7.038 -31.145
-0.149 0.438 0.918 26.84 -4.26 -21.603
-0.171 0.4 0.923 26.885 -2.718 -12.473
-0.219 0.337 0.947 28.55 -4.84 -6.992
-0.219 0.306 0.95 31.237 -6.687 -8.214
-0.189 0.312 0.939 33.298 -8.534 -14.519
-0.171 0.389 0.931 32.122 -7.527 -22.504
-0.172 0.428 0.931 28.702 -5.985 -26.687
-0.182 0.464 0.945 25.038 -4.656 -27.863
-0.202 0.477 0.957 21.42 -4.26 -23.786
-0.189 0.455 0.958 20.992 -3.313 -16.916
-0.196 0.46 0.964 21.71 -3.542 -7.435
-0.219 0.446 0.975 24.366 -4.443 1.985
-0.207 0.449 0.969 26.626 -7.435 4.595
-0.174 0.498 0.956 24.443 -9.71 3.053
-0.122 0.516 0.926 20.168 -9.466 -1.664
-0.108 0.526 0.92 15.038 -8.489 -8.214
-0.109 0.56 0.919 8.443 -6.763 -13.695
-0.111 0.559 0.925 1.069 -5.42 -17.511
-0.11 0.559 0.929 -6.122 -4.534 -18.962
-0.141 0.526 0.946 -11.71 -4.962 -17.802
-0.154 0.47 0.959 -14.626 -4.901 -15.145
-0.158 0.428 0.959 -15.664 -6.305 -11.832
-0.14 0.378 0.952 -15.023 -6.763 -10.962
-0.127 0.33 0.942 -12.885 -5.634 -11.878
-0.143 0.319 0.953 -10.656 -4.794 -14.641
-0.121 0.345 0.941 -8.992 -2.321 -15.786
-0.129 0.349 0.938 -7.847 -1.557 -16.29
-0.143 0.365 0.954 -7.969 -1.282 -16.336
-0.145 0.379 0.943 -7.053 0.763 -14.076
-0.161 0.376 0.958 -6.641 -0.443 -10.519
-0.152 0.361 0.947 -4.977 -0.412 -9.817
-0.164 0.377 0.959 -4.321 -0.733 -7.786
-0.164 0.353 0.963 -3.176 -2.092 -6.626
-0.142 0.359 0.952 -1.954 -1.42 -7.389
-0.144 0.363 0.956 -2.092 -0.626 -7.466
-0.136 0.378 0.959 -2.672 0.321 -7.42
-0.136 0.393 0.966 -3.939 1.725 -6.611
-0.141 0.391 0.971 -5.695 2.031 -5.863
-0.156 0.376 0.966 -6.824 2.55 -5.374
-0.16 0.375 0.976 -7.664 2.519 -3.588
-0.179 0.336 0.973 -7.145 1.359 -3.847
-0.191 0.343 0.984 -7.221 0.229 -3.344
-0.186 0.321 0.98 -6.672 -0.58 -3.328
-0.173 0.311 0.978 -5.435 -1.282 -4.992
-0.164 0.336 0.977 -4.687 -1.13 -5.206
-0.165 0.358 0.975 -5.481 0.198 -4.214
-0.175 0.361 0.983 -6.687 0.489 -2.977
-0.176 0.346 0.98 -7.832 1.71 -2.611
-0.185 0.344 0.987 -9.496 0.87 -1.908
-0.194 0.333 0.983 -10.473 1.389 -1.756
-0.186 0.315 0.979 -10.458 1.099 -0.061
-0.19 0.304 0.99 -10.672 1.466 -0.29
-0.184 0.29 0.972 -11.053 1.206 -1.176
-0.186 0.286 0.979 -11.328 2.214 -1.954
-0.188 0.266 0.976 -10.824 1.328 -2.046
-0.19 0.257 0.978 -9.084 1.008 -2.595
-0.185 0.259 0.972 -7.42 1.13 -2.779
-0.188 0.269 0.985 -5.771 0.122 -2.458
-0.177 0.276 0.989 -4.229 0.168 -1.771
-0.175 0.285 0.985 -3.71 0.275 -1.359
-0.186 0.3 0.991 -3.908 -0.229 -1.099
-0.185 0.312 0.998 -4.55 0.519 -1.084
-0.183 0.297 0.987 -5.069 0.046 -0.87
-0.195 0.294 0.994 -4.672 -0.519 -0.855
-0.188 0.3 0.981 -4.0 -0.458 -1.42
-0.176 0.318 0.987 -4.29 0.153 -0.931
-0.182 0.317 0.981 -5.206 0.931 -1.481
-0.201 0.319 0.99 -5.771 1.511 -0.733
-0.209 0.301 0.993 -6.351 0.443 -0.458
-0.168 0.295 0.975 -5.634 0.489 0.427
-0.152 0.31 0.975 -4.626 1.389 1.756
-0.146 0.325 0.975 -4.412 2.763 3.282
-0.155 0.337 0.99 -5.16 3.42 4.855
-0.176 0.326 0.985 -6.504 3.74 4.931
-0.21 0.296 0.991 -7.252 2.305 2.794
-0.229 0.291 0.997 -7.191 0.84 0.687
-0.221 0.285 0.989 -7.359 0.214 -0.061
-0.222 0.298 0.996 -7.695 0.229 0.092
-0.218 0.299 0.982 -8.397 -0.687 0.656
-0.207 0.285 0.991 -7.817 -0.443 1.603
-0.2 0.291 0.988 -7.527 -0.901 2.473
-0.177 0.28 0.972 -7.221 -0.321 3.206
-0.168 0.288 0.966 -6.336 0.321 2.748
-0.161 0.289 0.973 -6.672 1.16 2.397
-0.176 0.297 0.968 -7.664 2.26 2.061
-0.2 0.266 0.979 -7.573 1.603 0.84
-0.2 0.271 0.996 -6.733 1.557 -0.427
-0.194 0.277 0.982 -6.183 1.328 -0.473
-0.195 0.283 0.992 -6.412 0.534 0.153
-0.208 0.283 0.99 -6.427 0.076 0.275
-0.214 0.279 0.999 -6.626 -0.962 0.565
-0.206 0.283 0.996 -6.534 -0.473 0.519
-0.204 0.274 0.993 -6.626 -0.504 1.344
-0.192 0.276 0.994 -6.229 0.107 2.473
-0.198 0.259 0.992 -6.092 -1.13 1.298
-0.202 0.26 0.988 -3.618 -2.351 0.504
-0.187 0.3 0.981 -3.252 -1.908 0.672
-0.183 0.304 0.981 -3.634 -0.992 1.374
-0.185 0.3 0.983 -4.321 -0.076 1.863
-0.201 0.292 0.983 -4.763 0.092 1.267
-0.198 0.297 0.995 -5.405 -0.489 0.733
-0.193 0.299 0.991 -6.031 0.718 0.366
-0.191 0.299 0.99 -6.641 1.802 0.977
-0.202 0.283 0.991 -6.107 -0.519 2.214
-0.202 0.291 0.993 -5.374 -1.145 1.756
-0.176 0.306 0.976 -6.0 -0.427 2.015
-0.182 0.306 0.984 -7.084 0.076 1.573
-0.182 0.299 0.979 -8.336 0.595 0.992
-0.2 0.278 0.981 -7.863 -0.153 1.008
-0.197 0.28 0.989 -6.626 -1.344 0.321
-0.193 0.297 0.993 -7.45 -0.168 0.382
-0.188 0.29 0.978 -7.908 0.672 0.641
-0.199 0.273 0.984 -7.802 2.076 0.962
-0.201 0.261 0.986 -6.931 0.321 0.641
-0.179 0.272 0.981 -5.74 -0.031 -0.519
-0.184 0.278 0.976 -5.863 0.397 -0.351
-0.187 0.286 0.98 -6.015 1.115 -0.275
-0.194 0.286 0.96 -6.626 1.099 0.137
-0.206 0.276 0.998 -5.908 -0.183 1.206
-0.191 0.283 0.985 -5.557 0.046 1.511
-0.185 0.293 0.991 -6.26 1.298 1.893
-0.188 0.29 0.979 -6.977 2.794 1.725
-0.214 0.267 0.992 -7.16 0.672 1.649
-0.216 0.247 1.001 -5.328 -1.069 -1.588
-0.201 0.28 0.987 -5.008 -1.099 -1.557
-0.203 0.274 0.994 -4.626 -0.382 -1.481
-0.205 0.276 1.001 -4.519 0.321 -1.405
-0.208 0.289 0.992 -5.344 0.153 -0.87
-0.197 0.281 0.998 -5.237 -1.878 -1.221
-0.208 0.305 0.992 -5.954 -2.137 -0.595
-0.203 0.296 0.985 -6.427 -1.71 -0.29
-0.201 0.29 0.99 -7.374 -1.237 -0.427
-0.19 0.283 0.973 -7.557 -0.855 -0.595
-0.186 0.28 0.981 -7.832 -0.809 -0.687
-0.191 0.271 0.983 -6.87 -1.221 0.137
-0.194 0.273 0.994 -6.015 -0.824 -0.183
-0.189 0.278 0.988 -5.786 -0.183 0.458
-0.183 0.273 0.989 -5.16 -0.29 0.458
-0.193 0.285 0.99 -4.916 -0.412 0.824
-0.193 0.291 0.978 -4.931 0.153 0.534
-0.198 0.287 0.986 -5.679 0.489 0.061
-0.192 0.282 0.981 -6.107 -0.26 -0.26
-0.201 0.282 0.985 -5.771 -0.122 0.336
-0.197 0.28 0.977 -5.71 0.244 1.084
-0.198 0.29 0.985 -5.725 1.435 1.16
-0.207 0.277 0.994 -6.519 0.015 1.023
-0.214 0.276 0.999 -5.832 -0.58 0.397
-0.206 0.275 1.001 -6.092 -1.328 0.504
-0.211 0.277 1.005 -6.107 -0.977 0.458
-0.22 0.272 1.004 -6.031 -0.84 0.26
-0.215 0.264 1.009 -6.092 -1.374 -0.336
-0.205 0.264 0.998 -5.878 -0.947 -0.473
-0.202 0.26 0.999 -5.45 -1.374 -0.702
-0.206 0.262 0.983 -4.885 -1.282 -0.992
-0.213 0.273 0.997 -4.947 -1.344 -0.977
-0.208 0.266 0.989 -5.282 -1.618 -0.916
-0.2 0.261 0.988 -5.023 -2.672 -0.855
-0.199 0.261 0.975 -4.595 -2.031 -0.718
-0.183 0.27 0.966 -4.718 -1.481 -0.87
-0.185 0.272 0.976 -4.672 -0.382 -1.099
-0.178 0.27 0.969 -4.58 -0.443 -1.466
-0.192 0.264 0.98 -4.183 -0.244 -1.878
-0.189 0.272 0.98 -4.061 0.29 -2.076
-0.194 0.271 0.983 -4.489 0.916 -1.74
-0.211 0.264 1.0 -4.595 1.023 -2.107
-0.209 0.268 0.991 -4.214 -0.382 -1.664
-0.21 0.283 1.006 -3.74 -0.519 -1.008
-0.183 0.296 0.981 -3.603 -0.153 -0.473
-0.193 0.305 0.988 -4.534 0.687 -0.031
-0.197 0.297 0.995 -5.511 0.931 -0.885
-0.192 0.282 0.99 -5.817 -0.702 -1.008
-0.205 0.288 0.987 -5.069 -0.901 -0.656
-0.196 0.291 0.982 -4.519 -0.656 0.031
-0.198 0.3 0.983 -4.641 -0.382 0.626
-0.202 0.298 0.98 -5.542 0.366 0.702
-0.206 0.29 0.99 -6.366 -0.229 0.824
-0.19 0.271 0.984 -5.771 -0.763 0.489
-0.197 0.279 0.986 -5.313 -0.229 0.809
-0.198 0.267 0.983 -5.282 0.137 0.641
-0.211 0.269 0.995 -5.496 0.351 -0.26
-0.206 0.269 0.987 -6.107 -0.015 -0.931
-0.211 0.252 1.006 -5.16 -0.504 -0.855
-0.211 0.265 1.005 -4.718 -0.947 -0.458
-0.207 0.265 0.989 -3.985 -0.427 -0.29
-0.215 0.267 0.993 -4.0 -0.275 -0.229
-0.205 0.274 0.99 -4.519 -0.107 -0.275
-0.205 0.267 0.988 -4.275 -1.435 -0.672
-0.208 0.282 0.987 -4.305 -1.557 -0.733
-0.197 0.281 0.989 -4.916 -0.901 -0.87
-0.206 0.281 0.99 -5.511 -0.137 -0.931
-0.209 0.282 0.999 -6.015 0.137 -0.718
-0.216 0.265 0.99 -5.542 -0.107 -1.023
-0.214 0.256 0.986 -4.748 0.458 -1.405
-0.217 0.267 0.988 -4.534 0.336 -1.237
-0.214 0.271 0.992 -4.443 0.702 -1.298
-0.214 0.277 1.006 -4.626 -0.29 -0.779
-0.204 0.277 0.996 -3.954 -1.023 -1.496
-0.211 0.278 0.997 -4.351 -1.221 -0.55
-0.205 0.276 0.999 -4.672 -1.725 -1.13
-0.203 0.28 0.992 -5.145 -1.389 -1.588
-0.201 0.281 0.99 -5.649 -1.099 -0.763
-0.207 0.281 0.994 -5.435 -0.885 -0.672
-0.203 0.275 0.989 -5.374 -1.023 -1.053
-0.197 0.292 0.985 -5.74 -0.229 -0.733
-0.202 0.28 0.977 -6.55 0.061 -0.351
-0.209 0.266 0.989 -6.885 -0.26 -0.947
-0.219 0.26 0.99 -6.427 -0.992 -0.733
-0.207 0.261 0.981 -6.122 -1.176 -1.084
-0.206 0.258 0.99 -5.893 -1.145 -0.641
-0.204 0.257 0.975 -5.328 -0.962 -0.718
-0.191 0.246 0.979 -3.542 -1.496 -0.809
-0.186 0.265 0.983 -3.298 -0.534 -0.733
-0.191 0.264 0.981 -2.992 -0.458 -1.282
-0.194 0.272 0.983 -3.053 0.26 -1.771
-0.198 0.283 0.98 -3.588 -0.626 -2.015
-0.206 0.292 0.98 -3.847 -1.069 -2.061
-0.207 0.294 0.987 -3.771 -0.565 -1.466
-0.203 0.306 0.982 -4.244 -0.824 -0.809
-0.21 0.298 0.992 -4.672 -1.298 0.076
-0.213 0.299 0.991 -4.351 -0.962 0.061
-0.194 0.302 0.978 -4.901 -0.55 0.611
-0.197 0.296 0.988 -5.542 0.672 0.55
-0.201 0.287 0.986 -6.092 0.824 0.855
-0.212 0.272 0.988 -6.214 0.076 0.336
-0.202 0.273 0.99 -5.969 -0.031 0.061
-0.203 0.265 0.98 -6.473 -0.351 -0.183
-0.204 0.253 0.983 -6.305 0.061 -0.809
-0.208 0.252 0.995 -6.336 0.397 -0.87
-0.225 0.233 1.0 -5.878 -0.229 -2.015
-0.218 0.243 1.002 -5.466 -0.183 -2.748
-0.219 0.247 1.004 -4.641 -0.641 -2.489
-0.227 0.255 1.0 -4.122 -0.687 -1.71
-0.219 0.258 0.992 -3.725 -0.809 -1.038
-0.216 0.271 0.993 -3.74 -0.382 -0.626
-0.199 0.277 0.978 -4.229 -1.511 -0.336
-0.211 0.278 0.982 -4.626 -0.748 -0.626
-0.189 0.284 0.968 -4.901 -1.038 -1.374
-0.207 0.29 0.986 -5.679 -0.26 -1.725
-0.204 0.282 0.972 -5.527 -0.473 -1.786
-0.21 0.29 0.995 -5.847 0.168 -1.176
-0.21 0.276 0.987 -5.664 0.061 -0.336
-0.207 0.281 0.999 -5.71 0.336 0.015
-0.2 0.278 0.993 -6.382 0.885 0.122
-0.209 0.265 1.011 -6.687 1.206 -0.214
-0.209 0.256 0.996 -5.802 -0.26 -1.038
-0.208 0.268 0.99 -4.779 -1.863 -0.87
-0.207 0.265 0.986 -4.305 -1.176 -0.687
-0.218 0.27 0.989 -4.427 -0.992 -0.931
-0.223 0.279 0.992 -5.008 -0.809 -1.084
-0.219 0.269 0.982 -4.427 -1.573 -0.336
-0.209 0.268 0.98 -3.878 -2.504 -0.092
-0.21 0.285 0.989 -3.679 -1.74 0.794