-0.27 -0.132 0.979 -5.267 -0.962 2.275
-0.282 -0.138 0.985 -5.237 -0.687 2.336
-0.273 -0.139 0.983 -5.328 0.321 1.71
-0.28 -0.138 0.985 -5.588 0.076 1.405
-0.269 -0.147 0.97 -5.053 1.267 2.046
-0.278 -0.149 0.977 -4.824 2.031 2.153
-0.281 -0.125 0.984 -4.672 1.878 2.489
-0.294 -0.119 0.982 -5.115 2.168 2.763
-0.297 -0.136 0.992 -4.656 3.145 2.382
-0.296 -0.131 0.991 -5.374 2.168 2.153
-0.291 -0.129 0.996 -5.908 -0.061 2.504
-0.282 -0.142 0.989 -5.191 0.351 2.092
-0.279 -0.143 0.991 -4.855 1.313 0.794
-0.284 -0.126 0.99 -5.573 0.931 1.084
-0.272 -0.138 0.985 -5.771 2.107 1.389
-0.271 -0.135 0.985 -5.878 2.55 1.542
-0.262 -0.159 0.98 -5.191 4.656 0.565
-0.291 -0.162 0.989 -4.321 4.122 0.366
-0.294 -0.149 0.981 -3.664 3.588 -0.229
-0.305 -0.141 0.99 -4.031 2.84 -0.031
-0.305 -0.139 0.992 -4.046 2.763 0.031
-0.304 -0.139 0.995 -4.458 3.023 0.779
-0.301 -0.143 1.001 -4.977 1.893 0.733
-0.294 -0.114 0.993 -5.74 0.275 0.504
-0.283 -0.124 0.989 -6.656 -0.061 1.191
-0.278 -0.125 0.982 -6.656 1.405 0.672
-0.281 -0.142 0.981 -6.0 2.992 0.092
-0.283 -0.134 0.966 -5.985 3.435 0.916
-0.289 -0.155 0.977 -5.267 3.344 1.313
-0.283 -0.143 0.98 -4.656 6.885 -0.534
-0.293 -0.163 0.973 -4.29 7.344 -3.267
-0.315 -0.153 0.995 -3.71 5.237 -3.252
-0.289 -0.146 0.981 -2.55 6.534 -0.824
-0.33 -0.132 0.991 -2.794 3.053 -3.756
-0.315 -0.127 0.986 -3.466 2.794 0.763
-0.29 -0.108 0.977 -4.122 2.885 3.45
-0.299 -0.108 0.981 -5.145 -0.534 2.885
-0.302 -0.125 0.976 -5.481 -1.985 3.878
-0.305 -0.119 0.979 -6.794 -3.481 4.443
-0.282 -0.161 0.98 -6.366 -2.473 3.466
-0.3 -0.145 0.981 -6.076 -0.794 2.519
-0.319 -0.145 0.995 -6.931 -0.595 2.809
-0.325 -0.163 0.993 -6.702 -3.053 2.275
-0.3 -0.155 0.986 -5.847 -1.74 2.443
-0.295 -0.167 0.983 -5.634 -2.29 4.198
-0.287 -0.16 0.977 -5.145 0.153 4.153
-0.295 -0.145 0.98 -6.473 -0.504 4.702
-0.298 -0.174 0.991 -8.443 -1.664 5.588
-0.302 -0.233 1.001 -10.321 -4.473 4.198
-0.288 -0.321 1.019 -9.176 -5.221 7.618
-0.245 -0.395 1.017 -4.412 -3.924 5.069
-0.26 -0.418 1.025 0.718 -3.496 0.534
-0.266 -0.406 1.031 4.504 -1.985 -3.313
-0.295 -0.382 1.043 6.794 -1.878 -6.427
-0.306 -0.35 1.064 7.481 -2.305 -8.565
-0.33 -0.357 1.089 7.405 -3.954 -8.443
-0.341 -0.371 1.096 6.702 -8.153 -7.069
-0.339 -0.4 1.103 4.122 -17.924 -4.458
-0.341 -0.408 1.102 2.916 -22.55 -3.634
-0.311 -0.392 1.072 -0.26 -31.344 4.489
-0.337 -0.431 1.062 -0.214 -37.466 -1.908
-0.267 -0.445 1.021 2.473 -30.519 -11.573
-0.312 -0.381 1.04 2.336 -26.046 -23.221
-0.317 -0.372 1.051 -1.573 -26.366 -33.435
-0.311 -0.411 1.051 -2.748 -25.191 -43.817
-0.305 -0.461 1.064 -1.664 -25.237 -49.664
-0.279 -0.494 1.037 3.298 -25.053 -53.099
-0.237 -0.504 1.008 10.626 -23.069 -58.779
-0.192 -0.431 0.966 16.916 -17.939 -59.985
-0.239 -0.392 0.985 21.863 -14.611 -56.046
-0.212 -0.385 0.962 26.977 -10.061 -54.107
-0.262 -0.338 0.996 27.985 -8.885 -54.931
-0.293 -0.355 1.018 25.389 -13.878 -54.534
-0.295 -0.335 1.029 22.763 -15.802 -56.076
-0.276 -0.348 1.013 19.847 -19.756 -56.87
-0.228 -0.351 0.975 19.542 -22.458 -61.13
-0.192 -0.324 0.933 19.634 -24.55 -61.13
-0.131 -0.404 0.889 25.008 -15.298 -74.305
-0.157 -0.333 0.902 26.977 -10.611 -86.473
-0.188 -0.349 0.905 28.901 -8.443 -92.275
-0.228 -0.351 0.935 31.74 -4.962 -98.382
-0.214 -0.311 0.933 35.405 -2.534 -99.389
-0.225 -0.283 0.943 40.397 -2.885 -92.55
-0.176 -0.252 0.916 49.405 1.725 -79.496
-0.163 -0.198 0.899 58.412 8.702 -56.321
-0.174 -0.219 0.892 66.656 10.595 -44.55
-0.243 -0.204 0.887 70.611 6.656 -42.672
-0.278 -0.23 0.894 73.13 1.908 -54.779
-0.276 -0.168 0.87 72.443 0.0 -72.031
-0.265 -0.097 0.858 72.718 2.305 -87.557
-0.25 0.022 0.813 74.672 9.557 -90.87
-0.318 0.143 0.865 74.351 17.908 -85.466
-0.366 0.189 0.905 73.924 18.748 -74.443
-0.365 0.223 0.912 75.634 20.412 -61.511
-0.365 0.257 0.883 76.534 19.115 -46.58
-0.38 0.186 0.905 76.061 16.061 -41.71
-0.342 0.179 0.873 74.321 11.664 -46.214
-0.293 0.218 0.848 70.229 12.733 -55.496
-0.293 0.245 0.847 63.084 13.298 -65.603
-0.294 0.256 0.842 56.565 14.122 -71.527
-0.303 0.25 0.865 54.458 15.588 -73.13
-0.302 0.289 0.866 55.435 17.618 -70.229
-0.31 0.325 0.867 58.366 18.855 -60.656
-0.317 0.347 0.873 61.557 20.397 -51.023
-0.326 0.404 0.879 61.206 20.779 -43.099
-0.361 0.409 0.888 55.374 17.618 -40.656
-0.337 0.417 0.888 48.504 17.053 -46.947
-0.352 0.46 0.897 40.229 16.931 -51.298
-0.363 0.48 0.906 30.824 14.458 -52.29
-0.367 0.427 0.927 26.534 15.588 -48.198
-0.385 0.396 0.947 24.947 11.985 -45.847
-0.359 0.391 0.95 25.145 11.298 -39.985
-0.363 0.404 0.956 24.763 12.229 -33.42
-0.358 0.401 0.962 23.405 10.214 -27.664
-0.35 0.407 0.973 20.718 10.55 -23.374
-0.354 0.385 0.979 17.252 9.664 -20.489
-0.355 0.368 0.992 13.252 8.595 -20.84
-0.385 0.358 1.003 9.252 6.947 -20.26
-0.342 0.306 0.999 7.206 2.504 -18.107
-0.344 0.263 0.993 7.817 -0.046 -16.947
-0.297 0.244 0.982 9.191 0.305 -18.504
-0.28 0.292 0.979 10.015 4.458 -17.389
-0.317 0.335 0.993 7.206 5.099 -13.405
-0.344 0.314 1.016 3.649 3.374 -10.916
-0.357 0.264 1.027 0.382 1.191 -10.031
-0.336 0.211 1.024 -1.557 -1.924 -10.962
-0.347 0.175 1.027 -1.771 -2.55 -12.58
-0.335 0.195 1.027 -1.374 -2.076 -13.053
-0.338 0.203 1.033 -1.649 -2.458 -10.718
-0.339 0.207 1.023 -2.061 -4.107 -9.008
-0.33 0.191 1.02 -1.771 -3.588 -7.13
-0.308 0.194 0.996 -1.267 -2.321 -4.855
-0.311 0.195 0.996 -1.038 -1.664 -2.992
-0.29 0.211 0.979 -0.672 -2.824 -2.84
-0.288 0.249 0.963 -2.55 -1.496 -2.183
-0.302 0.255 0.966 -6.183 -1.802 -1.42
-0.33 0.237 0.992 -10.718 -2.122 -2.0
-0.325 0.186 0.994 -14.107 -3.374 -3.435
-0.314 0.153 0.988 -14.962 -6.198 -3.756
-0.277 0.112 0.973 -12.977 -4.748 -3.298
-0.28 0.113 0.987 -10.656 -3.359 -2.198
-0.276 0.114 0.99 -8.748 -2.427 -2.229
-0.28 0.11 0.992 -7.74 -2.962 -1.634
-0.281 0.126 0.995 -7.374 -2.687 -1.252
-0.287 0.11 0.992 -6.244 -3.618 -1.679
-0.273 0.14 0.979 -5.42 -2.244 -1.756
-0.273 0.132 0.972 -5.069 -1.466 -1.115
-0.258 0.155 0.972 -5.313 0.87 -0.779
-0.264 0.159 0.971 -5.725 0.183 0.168
-0.279 0.149 0.968 -6.458 -0.443 -0.183
-0.265 0.164 0.959 -7.679 0.183 -1.573
-0.276 0.16 0.976 -9.298 0.504 -0.626
-0.275 0.155 0.976 -10.092 1.252 0.427
-0.281 0.124 1.0 -9.802 0.153 1.038
-0.286 0.113 1.003 -9.542 -0.275 0.855
-0.277 0.107 1.01 -9.115 0.321 0.275
-0.288 0.089 1.019 -8.473 0.672 0.137
-0.283 0.097 1.004 -7.542 1.328 -0.382
-0.281 0.095 1.01 -6.702 -2.092 -0.427
-0.28 0.089 1.002 -5.053 -2.824 -0.031
-0.274 0.105 0.992 -3.847 -2.275 0.565
-0.28 0.114 1.002 -3.42 -2.366 -0.244
-0.283 0.138 0.983 -3.16 -1.023 -0.366
-0.285 0.142 0.99 -3.725 -0.198 -0.763
-0.284 0.157 0.988 -4.55 -0.076 -0.29
-0.295 0.153 0.986 -4.824 0.504 0.55
-0.303 0.162 0.986 -5.267 0.885 0.031
-0.287 0.165 0.97 -6.153 1.069 0.611
-0.291 0.154 0.983 -6.779 -1.313 1.802
-0.286 0.139 0.971 -6.748 -1.481 2.809
-0.29 0.135 0.99 -7.542 -1.252 2.427
-0.291 0.116 0.996 -7.71 -2.26 1.786
-0.272 0.111 1.0 -7.649 -1.099 1.053
-0.268 0.096 1.005 -6.794 -0.275 1.023
-0.274 0.106 0.995 -6.244 0.397 0.198
-0.272 0.112 0.998 -6.397 0.519 0.076
-0.261 0.11 0.992 -5.771 0.718 0.504
-0.273 0.104 0.989 -4.947 1.374 1.084
-0.284 0.11 1.0 -4.473 -0.58 -0.214
-0.283 0.125 0.99 -4.55 -0.809 0.366
-0.292 0.131 0.997 -4.824 -0.718 1.023
-0.292 0.114 1.005 -4.84 -1.282 -0.611
-0.301 0.125 0.999 -4.656 -1.863 -0.84
-0.294 0.137 0.993 -4.275 -1.908 -0.962
-0.283 0.158 0.992 -5.42 -0.779 0.397
-0.295 0.15 0.997 -6.275 -0.992 1.115
-0.294 0.145 1.0 -7.282 -1.267 0.733
-0.308 0.12 1.011 -8.0 -2.305 0.702
-0.291 0.118 0.999 -7.756 -0.84 0.382
-0.304 0.102 1.01 -7.099 -1.328 1.328
-0.31 0.087 1.025 -6.305 -3.16 0.901
-0.287 0.104 1.003 -5.252 -2.443 -0.092
-0.276 0.126 1.002 -5.084 -1.618 -0.214
-0.278 0.124 1.0 -5.847 -2.092 0.611
-0.275 0.128 0.998 -6.198 -1.634 0.183
-0.278 0.126 0.993 -6.565 -1.511 0.702
-0.283 0.11 0.995 -6.626 -2.916 -0.275
-0.286 0.11 0.984 -6.595 -2.427 0.046
-0.289 0.098 0.999 -6.0 -2.733 -0.427
-0.286 0.107 0.995 -4.962 -1.954 -0.809
-0.281 0.118 0.994 -4.748 -1.756 -0.458
-0.282 0.129 0.983 -4.855 -0.718 0.229
-0.286 0.132 0.984 -5.328 -1.344 0.26
-0.278 0.136 0.988 -5.756 -0.382 0.061
-0.297 0.139 0.994 -6.458 -1.374 -0.031
-0.298 0.124 0.989 -6.824 -2.26 -0.473
-0.281 0.115 0.98 -6.809 -2.458 -0.595
-0.281 0.109 0.992 -6.595 -2.305 -0.855
-0.28 0.113 0.979 -6.534 -1.634 -0.779
-0.281 0.108 0.99 -5.893 -1.42 -0.153
-0.268 0.106 0.987 -4.824 -1.45 0.0
-0.286 0.134 0.99 -5.176 -1.664 0.107
-0.279 0.134 0.992 -6.061 -1.42 0.992
-0.287 0.109 0.998 -6.26 -1.435 0.718
-0.277 0.102 0.994 -5.908 -1.588 0.565
-0.275 0.11 0.982 -5.954 -1.71 0.229
-0.279 0.099 0.99 -5.389 -0.916 0.321
-0.273 0.079 0.993 -4.901 -1.115 -0.565
-0.271 0.085 0.986 -3.863 -1.389 -1.74
-0.263 0.095 0.99 -2.855 -0.992 -3.13
-0.27 0.134 0.994 -2.641 0.183 -2.748
-0.28 0.134 0.992 -2.885 0.947 -2.015
-0.302 0.139 1.009 -3.481 -0.168 -0.992
-0.292 0.148 0.993 -3.954 -0.29 -0.855
-0.294 0.163 0.984 -4.962 -0.763 0.534
-0.288 0.151 0.993 -6.076 -2.656 0.779
-0.29 0.139 0.993 -6.55 -1.267 2.153
-0.299 0.11 1.012 -6.58 -2.641 1.374
-0.305 0.109 1.019 -6.137 -2.366 0.473
-0.297 0.101 1.01 -5.802 -2.687 -0.046
-0.294 0.112 1.011 -5.771 -1.74 0.534
-0.29 0.104 1.005 -5.481 -2.26 1.13
-0.298 0.095 1.009 -5.053 -2.794 -0.015
-0.283 0.096 0.997 -4.962 -4.092 -0.916
-0.276 0.108 0.995 -4.718 -3.099 -0.733
-0.267 0.119 0.987 -5.023 -3.42 -0.229
-0.276 0.118 1.003 -4.84 -2.504 0.977
-0.278 0.11 1.007 -4.885 -3.832 -0.076
-0.276 0.108 0.991 -4.809 -2.901 -0.611
-0.281 0.109 1.004 -5.206 -2.687 -0.412
-0.284 0.099 0.998 -4.443 -2.962 -0.702
-0.283 0.115 0.986 -4.26 -3.466 -1.206
-0.285 0.116 0.986 -4.611 -3.649 -1.053
-0.276 0.131 0.978 -5.42 -2.87 -1.573
-0.269 0.126 0.986 -5.908 -3.084 -1.13
-0.272 0.119 0.989 -5.908 -3.618 -0.962
-0.272 0.111 0.985 -5.802 -3.817 -1.206
-0.269 0.114 0.994 -5.42 -2.824 -0.534
-0.264 0.122 0.982 -5.145 -2.55 -0.565
-0.279 0.101 0.992 -4.656 -1.802 -0.519
-0.276 0.109 0.996 -4.534 -1.969 -1.115
-0.281 0.118 0.998 -4.947 -1.802 -1.45
-0.278 0.114 1.009 -5.115 -1.618 -1.282
-0.283 0.116 1.0 -5.542 -1.893 -1.359
-0.28 0.115 1.007 -5.817 -2.611 -1.924
-0.273 0.127 1.002 -5.573 -2.29 -1.969
-0.268 0.109 1.0 -4.962 -1.939 -1.023
-0.266 0.112 1.0 -4.061 -2.229 -0.443
-0.279 0.122 1.003 -4.29 -2.901 -0.412
-0.27 0.127 0.993 -4.321 -3.069 -0.183
-0.263 0.135 0.997 -5.298 -2.763 0.336
-0.271 0.134 1.003 -5.374 -2.504 0.763
-0.277 0.128 0.987 -5.588 -2.244 1.099
-0.283 0.122 1.003 -6.092 -1.893 0.397
-0.284 0.116 0.996 -6.58 -2.534 0.382
-0.274 0.121 0.995 -6.382 -2.092 0.214
-0.285 0.11 0.996 -6.153 -1.557 1.176
-0.279 0.088 1.007 -5.511 -3.16 0.183
-0.281 0.099 1.0 -4.58 -3.298 -0.718
-0.279 0.123 1.004 -4.443 -3.115 0.198
-0.27 0.117 0.999 -5.023 -3.176 0.336
-0.262 0.122 0.989 -5.679 -1.985 0.626
-0.265 0.106 0.992 -6.092 -2.443 0.916
-0.283 0.076 1.008 -5.115 -4.229 0.0
-0.263 0.091 1.002 -3.908 -4.137 -0.916
-0.267 0.11 1.014 -4.504 -3.038 -0.718
-0.266 0.116 0.999 -4.412 -1.863 -0.382
-0.27 0.102 0.999 -4.275 -0.855 -0.336
-0.258 0.098 1.005 -3.969 -2.321 -1.893
-0.269 0.113 1.0 -3.847 -4.046 -1.221
-0.262 0.125 0.999 -3.969 -2.977 -1.282
-0.267 0.13 0.994 -4.885 -2.565 -1.008
-0.279 0.122 1.004 -5.237 -2.443 -1.74
-0.27 0.125 0.992 -4.962 -1.481 -0.916
-0.28 0.129 0.998 -5.038 -1.023 0.153
-0.278 0.114 1.0 -4.885 -1.023 0.58
-0.28 0.107 1.008 -4.702 -1.099 -0.107
-0.273 0.114 1.001 -4.87 -0.458 -0.489
-0.285 0.129 0.994 -5.115 0.595 0.305
-0.272 0.121 0.995 -5.527 -1.481 -0.076
-0.272 0.121 0.992 -5.573 -1.405 0.015
-0.264 0.115 0.984 -5.542 -2.031 0.672
-0.264 0.112 1.002 -5.099 -1.542 0.458
-0.261 0.101 1.002 -4.519 -0.763 0.092
-0.266 0.105 1.003 -4.0 -0.55 0.107
-0.27 0.117 0.993 -3.71 -0.733 0.382
-0.27 0.124 1.005 -3.954 -1.542 0.473
-0.279 0.119 1.006 -4.382 -1.588 0.809
-0.266 0.121 1.008 -4.626 -1.282 0.733
-0.268 0.103 1.01 -4.962 -2.29 0.382
-0.273 0.1 1.01 -4.412 -2.015 -0.458
-0.26 0.104 1.016 -4.382 -1.725 -0.901
-0.263 0.104 1.006 -3.939 -1.282 -1.191
-0.26 0.101 1.006 -3.099 -2.137 -1.847
-0.271 0.128 1.002 -2.992 -1.939 -1.832
-0.268 0.135 0.997 -3.542 -1.908 -0.855
-0.261 0.137 0.995 -3.969 -1.893 -0.458
-0.271 0.138 0.98 -4.809 -0.687 0.397
-0.278 0.125 0.993 -5.237 -1.145 0.656
-0.261 0.122 0.979 -5.053 -0.947 0.244
-0.273 0.125 0.99 -5.252 -1.008 0.779
-0.269 0.12 0.987 -5.328 -0.443 0.962
-0.273 0.119 0.989 -5.924 -0.046 0.397
-0.276 0.106 0.992 -6.397 -0.29 0.336
-0.275 0.097 0.988 -6.534 -0.84 -0.168
-0.274 0.092 0.998 -6.015 -0.916 -0.412
-0.264 0.091 1.008 -5.618 -0.641 -0.214
-0.267 0.095 1.008 -5.038 -0.84 -1.13
-0.256 0.087 1.003 -4.0 -1.573 -0.718
-0.248 0.103 0.995 -3.206 -0.412 -0.305
-0.257 0.105 1.007 -3.435 0.382 0.122
-0.264 0.119 1.003 -3.664 -0.351 -0.29
-0.277 0.117 0.998 -3.985 -0.153 -0.412
-0.274 0.106 1.004 -3.863 -0.443 -0.824
-0.272 0.11 0.997 -3.863 -0.702 -1.252
-0.269 0.112 0.997 -3.985 -0.855 -2.137
-0.279 0.112 0.997 -3.924 -0.565 -2.336
-0.272 0.119 0.996 -3.893 -0.473 -2.29
-0.276 0.123 1.002 -3.282 -0.473 -1.053
-0.261 0.129 1.004 -3.45 0.183 -0.916
-0.266 0.143 0.993 -4.183 0.305 -0.275
-0.27 0.136 0.999 -4.962 0.55 -0.611
-0.275 0.121 1.0 -5.863 -0.962 -0.763
-0.27 0.119 0.994 -5.603 -0.672 -0.412
-0.271 0.12 0.992 -5.389 -1.206 -0.565
-0.265 0.124 0.992 -5.466 -0.992 -0.641
-0.279 0.115 0.994 -5.573 -0.611 -0.015
-0.275 0.109 0.996 -5.084 0.107 0.412
-0.277 0.109 1.002 -5.008 -0.153 0.626
-0.281 0.105 1.015 -4.641 -0.397 0.824
-0.268 0.116 1.001 -4.382 -0.366 1.038
-0.278 0.122 0.995 -4.87 -0.809 1.298
-0.267 0.104 0.998 -4.412 -0.901 1.206
-0.275 0.111 0.995 -4.443 -1.328 -0.183
-0.272 0.113 0.992 -4.55 -0.672 -0.26
-0.265 0.126 0.996 -4.84 -0.458 -0.214
-0.272 0.101 0.997 -5.176 -1.618 -0.641
-0.278 0.1 1.009 -4.458 -1.725 -1.634
-0.273 0.112 1.008 -4.321 -0.947 -1.191
-0.28 0.106 1.003 -4.366 -0.794 -1.42
-0.283 0.109 1.006 -4.244 -1.557 -0.779
-0.278 0.103 1.006 -3.237 -1.405 -0.672
-0.276 0.13 0.996 -3.374 -0.855 -0.046
-0.275 0.126 0.999 -3.969 -0.779 0.137
-0.267 0.123 0.994 -4.885 0.183 0.153
-0.28 0.097 0.995 -5.221 -1.863 0.534
-0.269 0.103 0.993 -4.275 -2.641 -1.481
-0.273 0.112 0.999 -3.802 -2.718 -0.733
-0.267 0.123 0.998 -4.0 -2.397 -0.351
-0.27 0.121 0.991 -4.718 -2.0 -0.092
-0.272 0.109 1.0 -5.267 -1.695 -0.718
-0.273 0.115 1.005 -5.374 -0.855 -1.603
-0.276 0.114 1.006 -5.878 -0.458 -1.435
-0.269 0.103 1.005 -6.061 -0.947 -1.374
-0.266 0.09 1.004 -4.885 -0.977 -1.191
-0.26 0.093 0.996 -3.847 -0.977 -1.664
-0.256 0.109 0.991 -3.634 -1.618 -2.061
-0.264 0.107 0.998 -3.786 -2.687 -2.733
-0.27 0.118 1.005 -3.573 -2.29 -3.008
-0.277 0.139 1.002 -3.969 -1.924 -3.221
-0.272 0.149 1.01 -5.145 -2.565 -4.153
-0.277 0.146 1.009 -5.664 -2.412 -1.695
-0.267 0.121 0.994 -5.511 -2.427 -1.939
-0.279 0.132 0.998 -5.756 -1.817 -1.099
-0.269 0.119 0.995 -5.252 -1.252 0.168
-0.273 0.114 1.002 -4.519 -1.893 0.046
-0.266 0.116 0.986 -4.107 -1.542 0.702
-0.272 0.12 0.99 -4.26 -1.435 1.16
-0.277 0.112 0.998 -4.534 -2.595 0.626
-0.265 0.103 0.997 -4.565 -2.427 0.55
-0.253 0.107 0.982 -4.305 -1.924 0.58
-0.258 0.109 0.991 -4.214 -1.603 0.947
-0.242 0.105 0.987 -4.092 -0.947 -0.031
-0.245 0.103 0.98 -4.29 -0.58 -0.168
-0.256 0.114 0.993 -4.29 0.397 -0.672
-0.266 0.11 0.999 -4.076 0.458 -0.992
-0.275 0.113 1.004 -4.183 -0.779 -0.611
-0.281 0.124 0.999 -4.046 -0.626 -0.473
-0.287 0.118 1.009 -5.038 -1.176 -0.672
-0.281 0.114 1.012 -5.191 -1.359 -1.557
-0.281 0.113 0.999 -4.962 -0.031 -1.267
-0.281 0.111 1.015 -4.992 0.046 -0.901
-0.288 0.109 1.009 -4.87 0.55 -0.321
-0.287 0.104 1.009 -4.931 -1.237 -0.366
-0.27 0.091 1.018 -4.229 -1.878 -0.489
-0.263 0.096 1.012 -3.74 -1.985 -0.443
-0.266 0.098 1.008 -3.573 -1.649 -0.55
-0.263 0.106 1.01 -3.786 -1.863 -1.313
-0.267 0.101 1.003 -3.664 -2.183 -1.588
-0.269 0.107 1.007 -3.435 -1.649 -1.893