-0.205 -0.155 1.005 -5.252 -4.87 0.626
-0.21 -0.156 1.01 -4.733 -3.45 0.855
-0.204 -0.168 1.01 -4.336 -2.046 0.779
-0.203 -0.162 0.997 -3.908 -0.931 0.031
-0.201 -0.157 1.002 -4.092 0.443 0.809
-0.2 -0.17 0.997 -3.634 1.786 1.191
-0.199 -0.166 1.006 -2.962 3.481 1.573
-0.207 -0.157 1.0 -2.901 4.718 2.092
-0.207 -0.142 0.993 -2.916 5.176 3.069
-0.215 -0.16 1.005 -2.87 6.168 3.725
-0.223 -0.174 1.01 -1.878 5.832 1.817
-0.258 -0.164 1.023 -2.885 0.656 -1.924
-0.224 -0.139 1.005 -4.046 -0.947 -2.076
-0.236 -0.131 1.021 -4.626 -1.405 -0.595
-0.226 -0.138 1.018 -4.565 -1.115 1.267
-0.237 -0.158 1.024 -4.412 -1.176 0.58
-0.217 -0.148 1.007 -4.977 -2.565 -0.947
-0.218 -0.143 1.005 -6.092 -4.092 -0.702
-0.208 -0.151 1.008 -5.863 -3.908 0.107
-0.218 -0.159 1.015 -5.282 -2.153 1.771
-0.223 -0.172 1.021 -4.718 -1.863 1.221
-0.219 -0.157 1.005 -4.962 -0.733 -0.382
-0.224 -0.176 1.013 -4.733 -0.55 -2.031
-0.206 -0.167 1.013 -4.031 0.412 -1.634
-0.204 -0.152 1.005 -3.069 1.832 0.168
-0.219 -0.151 1.01 -2.626 3.42 1.771
-0.219 -0.152 1.009 -2.656 4.931 2.718
-0.225 -0.144 1.004 -3.527 5.206 3.099
-0.228 -0.162 1.006 -4.244 1.435 2.779
-0.228 -0.145 1.009 -5.237 -2.137 2.29
-0.231 -0.151 1.011 -5.634 -2.977 2.489
-0.231 -0.153 1.007 -5.237 -2.183 1.618
-0.228 -0.153 1.01 -5.145 -1.298 1.679
-0.219 -0.152 1.001 -4.473 -0.412 1.634
-0.226 -0.167 1.005 -3.664 0.443 0.565
-0.22 -0.146 1.004 -3.344 0.641 1.13
-0.224 -0.141 1.004 -3.71 1.252 1.542
-0.227 -0.133 1.012 -3.725 1.634 2.55
-0.229 -0.141 1.014 -3.573 1.786 3.282
-0.227 -0.14 1.007 -4.458 -0.733 3.038
-0.233 -0.134 1.009 -5.695 -2.122 3.16
-0.227 -0.154 1.009 -5.618 -2.458 2.672
-0.215 -0.167 1.012 -5.099 -2.198 1.985
-0.224 -0.165 1.009 -4.702 -1.145 2.046
-0.223 -0.17 1.009 -4.244 -0.275 2.412
-0.225 -0.176 1.008 -4.076 0.397 2.55
-0.224 -0.182 1.005 -3.878 0.55 3.023
-0.218 -0.181 1.003 -4.015 1.038 2.824
-0.217 -0.175 1.008 -3.832 2.122 2.397
-0.224 -0.169 1.014 -4.641 2.183 1.969
-0.228 -0.162 1.002 -4.779 1.389 2.382
-0.228 -0.167 1.004 -4.519 1.344 1.985
-0.241 -0.176 1.008 -3.527 2.153 -0.229
-0.25 -0.143 1.019 -3.969 -0.198 -2.122
-0.239 -0.131 1.007 -4.382 -0.214 -1.817
-0.253 -0.13 1.012 -4.26 -0.656 -1.42
-0.249 -0.138 1.015 -4.107 -1.267 -0.626
-0.247 -0.132 1.014 -4.214 -1.985 -0.168
-0.232 -0.148 1.011 -3.969 -2.321 -0.687
-0.215 -0.137 0.996 -3.939 -1.695 -0.489
-0.204 -0.145 0.995 -3.756 -1.267 0.26
-0.214 -0.152 0.989 -2.672 -0.412 0.153
-0.226 -0.162 1.008 -1.908 -0.458 -0.305
-0.227 -0.135 1.015 -1.786 -0.29 -1.191
-0.227 -0.108 1.018 -3.008 0.046 -0.031
-0.241 -0.116 1.017 -3.481 0.122 0.656
-0.241 -0.131 1.02 -3.725 0.015 2.321
-0.248 -0.134 1.023 -4.336 -1.176 2.107
-0.235 -0.119 1.016 -5.13 -1.863 2.198
-0.225 -0.137 1.013 -6.092 -2.687 3.313
-0.229 -0.142 1.01 -6.198 -2.366 4.458
-0.23 -0.148 1.009 -6.733 -2.412 4.489
-0.232 -0.162 1.006 -7.466 -2.275 4.229
-0.229 -0.165 1.0 -8.015 -2.321 4.29
-0.229 -0.173 1.002 -8.29 -1.695 5.298
-0.224 -0.187 1.006 -8.351 -1.74 6.687
-0.244 -0.217 1.025 -8.626 -2.611 6.977
-0.245 -0.216 1.028 -10.153 -3.313 6.107
-0.256 -0.265 1.044 -10.687 -2.962 7.511
-0.278 -0.308 1.045 -9.435 -4.931 6.656
-0.266 -0.314 1.021 -9.191 -4.748 2.855
-0.26 -0.318 1.024 -9.74 -3.344 0.412
-0.272 -0.344 1.015 -9.053 -2.443 0.031
-0.278 -0.368 1.021 -7.328 -1.924 -1.573
-0.289 -0.409 1.019 -4.168 0.29 -3.969
-0.272 -0.449 1.013 -0.015 2.061 -4.565
-0.341 -0.443 1.05 -2.122 -0.763 -12.55
-0.327 -0.46 1.026 0.779 -2.901 -18.84
-0.306 -0.469 1.012 3.863 -3.618 -22.885
-0.31 -0.435 1.026 4.641 -3.298 -28.382
-0.313 -0.429 1.012 2.382 -3.863 -32.244
-0.323 -0.419 1.035 -1.16 -1.908 -37.023
-0.352 -0.455 1.048 -4.916 -4.046 -38.763
-0.357 -0.481 1.055 -8.061 -5.42 -44.397
-0.32 -0.518 1.031 -7.756 -6.061 -46.092
-0.33 -0.59 1.0 -1.908 -7.893 -46.794
-0.303 -0.612 0.965 8.58 -5.328 -49.344
-0.282 -0.552 0.951 14.962 -3.756 -54.305
-0.267 -0.454 0.952 14.947 0.351 -61.053
-0.293 -0.384 0.969 10.992 4.397 -67.389
-0.328 -0.36 1.004 6.351 5.603 -70.412
-0.349 -0.34 1.017 0.275 4.702 -72.733
-0.35 -0.34 1.032 -5.267 4.794 -76.198
-0.346 -0.424 0.993 -6.321 1.924 -77.466
-0.377 -0.588 0.991 -1.527 -1.634 -84.809
-0.367 -0.7 0.946 7.298 -6.794 -101.298
-0.292 -0.624 0.881 17.45 -7.405 -119.374
-0.218 -0.489 0.84 26.84 1.466 -123.725
-0.298 -0.389 0.912 33.985 7.237 -121.878
-0.351 -0.301 0.963 38.626 7.893 -118.718
-0.373 -0.221 0.994 39.954 6.626 -113.542
-0.377 -0.176 1.02 38.076 5.252 -107.42
-0.414 -0.201 1.009 38.718 0.122 -99.389
-0.412 -0.232 1.02 40.672 -4.519 -96.656
-0.391 -0.249 0.992 40.626 -7.603 -101.099
-0.373 -0.257 1.006 39.298 -10.901 -108.504
-0.305 -0.218 0.985 37.74 -7.511 -115.969
-0.324 -0.14 1.022 32.244 -5.298 -119.878
-0.316 -0.124 1.031 27.405 -4.962 -120.122
-0.321 -0.147 1.042 26.733 -6.427 -114.702
-0.293 -0.193 1.018 32.855 -6.748 -104.763
-0.274 -0.166 0.983 41.893 -7.16 -97.16
-0.263 -0.155 0.971 49.237 -8.885 -89.466
-0.266 -0.17 0.962 55.832 -10.046 -90.977
-0.23 -0.079 0.936 58.855 -8.351 -96.275
-0.188 0.028 0.913 58.763 -2.55 -98.962
-0.191 0.144 0.937 53.649 2.412 -99.939
-0.205 0.191 0.93 49.985 4.611 -95.695
-0.19 0.217 0.933 48.26 6.824 -89.527
-0.18 0.292 0.945 46.427 9.786 -82.168
-0.157 0.295 0.933 42.718 10.046 -69.45
-0.181 0.256 0.969 39.053 9.069 -63.649
-0.187 0.173 0.963 36.84 6.489 -64.718
-0.223 0.082 0.95 34.489 -0.214 -72.611
-0.147 0.09 0.924 33.359 -0.26 -90.168
-0.068 0.207 0.865 30.015 6.733 -96.305
-0.122 0.279 0.917 25.191 10.931 -97.176
-0.1 0.304 0.922 21.847 11.954 -90.748
-0.096 0.314 0.931 23.191 14.122 -79.252
-0.141 0.303 0.965 26.061 15.023 -63.969
-0.169 0.285 0.984 29.405 12.122 -49.405
-0.156 0.203 0.959 34.962 8.656 -38.015
-0.158 0.175 0.974 38.183 6.397 -38.137
-0.155 0.231 0.97 34.26 5.634 -43.206
-0.111 0.249 0.946 27.618 7.252 -51.649
-0.135 0.278 0.975 19.618 9.954 -56.351
-0.161 0.271 1.0 13.985 10.092 -55.924
-0.155 0.254 1.005 13.313 9.939 -50.626
-0.149 0.263 0.999 13.527 9.695 -43.16
-0.159 0.249 1.013 13.802 8.641 -33.786
-0.154 0.2 1.017 15.771 8.183 -25.847
-0.173 0.156 1.012 17.603 7.298 -20.992
-0.19 0.112 1.021 18.214 5.374 -22.107
-0.199 0.086 1.031 17.878 4.931 -26.565
-0.194 0.114 1.036 16.168 4.87 -29.74
-0.199 0.119 1.047 15.282 5.053 -28.672
-0.201 0.144 1.066 15.023 4.641 -25.45
-0.199 0.155 1.064 13.832 2.718 -21.313
-0.165 0.158 1.048 13.359 1.511 -16.321
-0.163 0.158 1.042 12.031 1.756 -12.229
-0.129 0.141 1.011 11.405 2.763 -8.595
-0.16 0.116 1.018 10.824 2.321 -6.229
-0.153 0.091 1.012 10.931 2.29 -8.656
-0.14 0.11 1.006 9.786 3.496 -9.176
-0.138 0.127 1.01 8.779 5.435 -7.725
-0.145 0.122 1.015 7.679 5.817 -5.878
-0.151 0.124 1.024 6.58 6.26 -3.71
-0.154 0.126 1.027 4.718 7.42 -1.908
-0.173 0.091 1.038 2.992 6.84 -0.656
-0.172 0.067 1.034 1.618 4.489 -2.305
-0.153 0.062 1.034 1.389 4.794 -3.176
-0.162 0.083 1.043 0.183 5.832 -2.672
-0.179 0.061 1.042 -0.794 6.153 -2.656
-0.186 0.046 1.059 -1.557 5.359 -1.573
-0.203 0.041 1.059 -1.588 4.565 -1.786
-0.2 0.051 1.071 -1.985 4.122 -0.489
-0.194 0.04 1.077 -1.893 4.748 0.947
-0.206 0.033 1.087 -2.763 3.756 0.504
-0.2 0.033 1.07 -4.397 3.053 -2.015
-0.193 0.029 1.067 -5.45 2.321 -2.397
-0.194 0.024 1.068 -6.168 1.878 -2.489
-0.188 0.013 1.061 -6.061 1.298 -1.664
-0.182 -0.019 1.058 -4.443 1.008 -3.496
-0.189 0.016 1.057 -5.221 0.046 -5.435
-0.178 0.029 1.045 -5.756 -1.588 -6.656
-0.182 0.022 1.05 -5.13 -2.351 -8.534
-0.157 0.046 1.039 -5.206 2.153 -9.084
-0.164 0.07 1.069 -8.412 4.901 -10.0
-0.185 0.04 1.011 -6.58 1.527 -5.237
-0.18 0.034 1.023 -5.084 2.305 -3.679
-0.173 0.049 1.028 -4.947 1.924 -1.679
-0.169 0.046 1.016 -4.489 2.214 -1.313
-0.168 0.044 1.038 -3.084 3.115 -2.214
-0.162 0.056 1.014 -6.595 3.786 -0.122
-0.178 0.043 1.029 -4.718 5.374 -0.031
-0.177 0.046 1.028 -4.931 4.626 2.397
-0.178 0.029 1.025 -4.595 4.565 2.687
-0.188 0.015 1.032 -4.519 4.168 2.229
-0.178 0.024 1.018 -4.748 5.008 1.527
-0.178 0.034 1.03 -4.748 5.649 1.71
-0.188 0.031 1.03 -4.916 6.061 2.137
-0.195 0.024 1.04 -5.878 4.275 1.664
-0.193 0.022 1.042 -5.511 3.496 1.863
-0.204 0.007 1.036 -5.359 2.87 2.626
-0.194 -0.005 1.031 -4.656 2.809 1.237
-0.206 -0.003 1.033 -4.137 2.137 -0.183
-0.197 0.004 1.036 -3.588 1.878 -0.901
-0.193 0.025 1.037 -3.344 2.0 -0.382
-0.2 0.025 1.045 -3.221 2.092 0.718
-0.198 0.03 1.038 -3.496 2.305 -0.015
-0.181 0.038 1.038 -4.473 2.489 0.244
-0.185 0.038 1.029 -5.023 2.962 1.313
-0.192 0.048 1.032 -5.282 3.573 1.725
-0.209 0.042 1.04 -6.702 3.267 1.985
-0.206 0.024 1.039 -7.16 2.565 1.496
-0.2 0.018 1.025 -7.466 1.527 1.16
-0.188 0.02 1.027 -6.992 2.198 1.695
-0.196 0.003 1.031 -6.977 2.229 1.237
-0.201 0.003 1.023 -6.58 1.832 0.26
-0.187 -0.01 1.012 -5.588 0.87 -0.092
-0.191 0.005 1.014 -4.687 1.023 0.092
-0.203 0.006 1.036 -4.366 1.634 -0.107
-0.207 0.005 1.045 -4.412 1.344 -1.023
-0.212 0.006 1.041 -4.275 1.527 -1.481
-0.214 0.01 1.037 -4.443 0.443 -1.313
-0.22 -0.001 1.037 -4.168 0.763 -0.809
-0.215 -0.009 1.035 -3.664 0.29 -0.794
-0.198 -0.008 1.032 -2.489 0.87 -1.756
-0.207 -0.0 1.03 -1.878 2.015 -1.282
-0.206 0.014 1.019 -2.366 0.55 -2.366
-0.205 0.005 1.026 -2.0 -0.153 -2.656
-0.194 0.038 1.012 -2.198 -0.29 -3.191
-0.203 0.04 1.02 -2.366 -0.718 -2.412
-0.194 0.053 1.016 -2.992 -0.931 -2.031
-0.197 0.06 1.009 -3.618 -0.031 -1.42
-0.182 0.059 1.006 -4.458 0.84 -0.229
-0.192 0.048 1.009 -4.412 1.313 0.168
-0.194 0.052 1.017 -4.489 1.786 -0.198
-0.194 0.054 1.01 -4.55 2.214 0.931
-0.2 0.052 1.014 -4.824 1.771 0.534
-0.199 0.055 1.018 -5.481 2.351 0.656
-0.209 0.043 1.022 -5.45 2.076 1.008
-0.213 0.036 1.03 -5.267 1.985 0.992
-0.207 0.041 1.031 -5.481 2.702 1.328
-0.225 0.022 1.04 -5.588 2.183 2.29
-0.222 0.0 1.029 -5.053 0.962 2.061
-0.219 -0.005 1.034 -4.0 -0.198 2.595
-0.217 -0.011 1.029 -3.74 -0.931 2.0
-0.206 -0.022 1.03 -2.275 -1.191 1.038
-0.199 0.001 1.016 -1.313 -1.221 -0.305
-0.201 0.023 1.025 -1.45 -1.023 -1.45
-0.189 0.045 1.015 -1.603 -0.26 -0.885
-0.2 0.038 1.028 -2.534 1.099 0.183
-0.205 0.046 1.03 -3.878 0.183 -0.702
-0.199 0.047 1.027 -4.214 0.565 0.0
-0.202 0.045 1.029 -4.687 1.038 0.275
-0.215 0.033 1.034 -5.237 1.038 0.107
-0.219 0.031 1.036 -5.985 0.702 -0.336
-0.234 0.027 1.042 -6.168 0.916 -0.015
-0.238 0.016 1.046 -5.771 0.092 -0.046
-0.232 0.015 1.041 -4.916 -0.611 0.489
-0.228 0.017 1.034 -4.305 -1.069 0.076
-0.222 0.024 1.028 -4.198 -0.733 -0.122
-0.22 0.037 1.021 -4.336 -0.626 0.336
-0.21 0.041 1.023 -4.275 -0.351 1.252
-0.208 0.041 1.016 -4.397 0.198 2.198
-0.21 0.043 1.017 -4.702 0.931 2.427
-0.213 0.043 1.025 -5.466 1.206 2.565
-0.219 0.033 1.026 -5.603 0.885 3.084
-0.212 0.035 1.028 -5.389 1.45 3.084
-0.204 0.026 1.019 -4.656 1.267 3.969
-0.224 0.027 1.022 -4.672 0.885 3.71
-0.216 0.019 1.021 -4.702 0.122 3.359
-0.218 0.021 1.028 -5.496 -0.672 1.71
-0.23 0.015 1.028 -5.74 -1.053 1.237
-0.218 0.009 1.025 -5.771 -1.74 0.244
-0.222 0.013 1.024 -5.221 -1.496 0.519
-0.212 0.012 1.029 -5.466 -1.481 0.137
-0.218 0.004 1.034 -4.534 -1.542 0.504
-0.209 0.005 1.024 -4.046 -1.053 0.321
-0.226 -0.005 1.025 -3.649 -1.588 -0.275
-0.211 0.005 1.036 -3.282 -1.435 -1.328
-0.212 0.01 1.024 -3.084 -1.023 -1.725
-0.216 0.021 1.02 -2.855 -0.794 -2.336
-0.216 0.031 1.031 -3.221 -0.351 -2.366
-0.215 0.035 1.026 -3.313 -0.687 -2.962
-0.213 0.046 1.035 -3.679 0.046 -2.718
-0.215 0.038 1.028 -4.26 -0.58 -2.183
-0.211 0.047 1.023 -4.565 -0.443 -1.42
-0.22 0.039 1.022 -4.641 -0.901 -0.504
-0.221 0.049 1.026 -5.084 -0.733 0.198
-0.227 0.048 1.028 -6.031 -1.374 0.824
-0.224 0.039 1.027 -6.824 -1.695 0.153
-0.214 0.019 1.016 -6.519 -1.802 0.901
-0.221 0.01 1.018 -5.969 -2.015 0.153
-0.214 0.01 1.015 -5.664 -1.527 -0.336
-0.216 0.005 1.02 -5.145 -0.947 -0.977
-0.221 0.005 1.026 -4.321 -0.458 -1.679
-0.216 0.021 1.026 -3.878 -0.137 -1.695
-0.22 0.021 1.028 -4.214 -0.122 -1.771
-0.214 0.015 1.023 -4.29 -0.595 -1.649
-0.209 0.009 1.018 -3.847 -1.221 -1.359
-0.211 0.016 1.026 -2.992 -1.466 -1.405
-0.209 0.024 1.024 -2.977 -1.359 -1.374
-0.216 0.026 1.016 -3.237 -1.939 -2.275
-0.211 0.042 1.02 -3.725 -1.954 -2.84
-0.219 0.048 1.033 -3.969 -1.924 -1.557
-0.22 0.04 1.029 -4.046 -2.107 -1.084
-0.223 0.036 1.025 -4.29 -1.969 -0.901
-0.22 0.035 1.022 -4.412 -1.71 -0.794
-0.207 0.037 1.014 -4.687 -1.16 -0.595
-0.218 0.027 1.025 -4.779 -1.618 -0.397
-0.218 0.016 1.011 -4.305 -1.771 -1.099
-0.216 0.022 1.016 -3.847 -2.046 -1.511
-0.205 0.023 0.999 -4.092 -1.954 -2.107
-0.209 0.029 1.011 -3.847 -0.901 -2.198
-0.204 0.043 1.01 -4.031 -0.58 -2.443
-0.2 0.055 1.016 -4.366 0.076 -1.725
-0.211 0.052 1.022 -4.687 0.748 -0.855
-0.221 0.042 1.022 -4.977 0.092 -0.748
-0.219 0.037 1.018 -5.237 0.443 -0.565
-0.212 0.026 1.013 -5.542 -0.229 -0.748
-0.203 0.017 1.012 -4.519 -0.168 -0.855
-0.211 0.029 1.016 -4.137 -0.015 -0.351
-0.211 0.028 1.026 -4.458 -0.153 -0.626
-0.21 0.035 1.022 -4.26 -0.198 -0.55
-0.206 0.03 1.021 -4.366 -0.26 0.229
-0.221 0.026 1.031 -4.153 -0.672 0.412
-0.222 0.021 1.031 -4.412 -0.641 0.198
-0.216 0.021 1.024 -4.137 -0.26 -0.153
-0.214 0.011 1.024 -3.695 -0.763 -0.137
-0.221 0.024 1.035 -3.527 -0.656 -0.382
-0.223 0.018 1.028 -3.298 -0.733 -1.191
-0.216 0.028 1.04 -2.992 -0.382 -0.809
-0.22 0.036 1.03 -3.573 -0.718 -0.58
-0.221 0.039 1.039 -3.542 -0.687 0.015
-0.209 0.035 1.031 -3.802 -0.779 0.061
-0.213 0.05 1.016 -4.55 -1.191 -1.038
-0.215 0.045 1.018 -5.359 -0.901 -1.038
-0.219 0.045 1.025 -5.603 -0.489 -0.794
-0.221 0.041 1.023 -5.924 -0.382 -0.702
-0.225 0.03 1.032 -6.122 -0.443 -0.489
-0.226 0.021 1.028 -5.863 -0.565 -0.29
-0.219 0.022 1.029 -5.328 -0.55 -0.443
-0.216 0.028 1.028 -5.511 -0.641 -0.153
-0.223 0.012 1.027 -5.695 -1.176 -1.145
-0.217 0.02 1.022 -4.947 -0.672 -0.84
-0.221 0.018 1.027 -4.992 -1.053 -1.099
-0.221 0.006 1.024 -4.489 -1.45 -1.298
-0.209 0.009 1.02 -4.534 -1.863 -1.695
-0.213 0.03 1.02 -4.198 -2.122 -1.176
-0.222 0.032 1.021 -3.74 -1.557 -0.443
-0.218 0.038 1.021 -4.015 -1.939 -0.611
-0.223 0.037 1.029 -4.397 -1.817 -0.122
-0.217 0.034 1.02 -4.198 -1.573 0.397
-0.22 0.037 1.015 -4.397 -1.084 -0.458
-0.219 0.026 1.021 -4.733 -0.84 -0.366
-0.213 0.026 1.021 -4.794 -0.489 -0.824
-0.214 0.017 1.016 -4.611 -0.885 -1.084
-0.216 0.021 1.01 -4.641 -1.344 -1.42
-0.222 0.019 1.021 -4.046 -1.542 -1.573
-0.218 0.025 1.021 -3.725 -1.496 -1.802
-0.215 0.038 1.025 -4.26 -2.031 -1.603
-0.216 0.038 1.028 -4.107 -1.695 -0.794
-0.219 0.034 1.03 -4.504 -1.42 -0.641
-0.224 0.029 1.022 -4.412 -1.878 -0.687
-0.212 0.021 1.027 -4.26 -1.557 -0.687
-0.219 0.023 1.025 -4.122 -1.313 -1.145
-0.225 0.022 1.033 -3.618 -1.16 -1.405
-0.216 0.03 1.031 -3.573 -1.13 -2.122
-0.214 0.046 1.021 -3.878 -0.641 -1.374
-0.208 0.052 1.021 -4.351 -0.55 -1.008
-0.215 0.051 1.017 -5.328 -0.824 -0.336
-0.207 0.043 1.008 -5.542 -0.748 0.214
-0.202 0.033 1.002 -5.725 -0.962 0.763
-0.198 0.031 1.008 -5.557 -0.351 0.672
-0.201 0.022 1.008 -5.176 -0.137 -0.015
-0.198 0.028 1.011 -5.221 0.473 -1.252
-0.213 0.032 1.021 -5.252 0.87 -1.053
-0.218 0.031 1.025 -5.298 1.145 -0.58
-0.225 0.017 1.025 -4.595 0.611 -1.13
-0.224 0.025 1.026 -4.061 -0.168 -1.13
-0.226 0.038 1.029 -4.321 -0.366 -0.504
-0.222 0.038 1.021 -4.336 -0.305 0.275
-0.236 0.026 1.041 -4.382 0.0 1.115
-0.229 0.03 1.026 -4.183 -1.588 -0.183
-0.232 0.036 1.044 -5.115 -1.573 0.0
-0.228 0.036 1.031 -5.42 -1.756 -0.198
-0.23 0.031 1.041 -5.267 -1.695 0.534
-0.229 0.015 1.034 -5.359 -2.26 0.26
-0.219 0.017 1.031 -5.145 -2.26 -0.107
-0.217 0.01 1.017 -4.687 -1.863 0.0
-0.208 0.011 1.01 -4.214 -1.389 -0.519
-0.218 0.019 1.03 -4.229 -0.656 -0.794
-0.217 0.008 1.027 -4.076 -0.84 -0.962
-0.211 0.023 1.019 -3.939 -1.084 -1.038
-0.222 0.028 1.025 -4.214 -0.779 -0.458
-0.219 0.019 1.026 -4.168 -1.206 -0.992
-0.214 0.025 1.016 -4.458 -1.756 -0.641
-0.218 0.028 1.023 -4.275 -1.527 -0.718