-0.159 -0.097 1.033 -3.298 1.527 0.366
-0.157 -0.105 1.025 -4.351 -0.183 -0.427
-0.144 -0.104 1.02 -4.534 2.641 -0.656
-0.151 -0.126 1.025 -4.58 2.901 -3.74
-0.142 -0.113 1.01 -3.45 4.305 -5.023
-0.153 -0.095 1.021 -3.603 3.847 -4.611
-0.156 -0.092 1.021 -2.824 3.725 -3.115
-0.163 -0.074 1.031 -3.008 3.695 -0.336
-0.167 -0.075 1.026 -3.145 2.519 1.664
-0.174 -0.076 1.04 -4.916 -1.145 3.069
-0.163 -0.095 1.027 -6.458 -2.153 3.16
-0.15 -0.115 1.027 -6.885 -2.641 2.824
-0.146 -0.145 1.026 -6.336 -2.443 1.679
-0.142 -0.142 1.026 -5.847 -1.038 -0.626
-0.135 -0.14 1.025 -5.053 0.244 -1.45
-0.132 -0.132 1.024 -3.878 3.191 -0.641
-0.134 -0.125 1.03 -2.046 5.084 2.153
-0.143 -0.121 1.024 -0.275 7.099 5.466
-0.162 -0.119 1.043 0.229 7.496 6.55
-0.165 -0.115 1.038 0.687 6.947 5.557
-0.188 -0.108 1.051 -0.702 4.321 4.305
-0.181 -0.117 1.042 -1.71 1.405 3.573
-0.174 -0.099 1.032 -1.924 0.794 2.366
-0.167 -0.12 1.023 -2.061 1.298 0.595
-0.156 -0.094 1.02 -2.672 1.695 -0.748
-0.168 -0.096 1.012 -3.084 1.878 -1.649
-0.158 -0.084 1.026 -3.466 3.053 -0.305
-0.157 -0.085 1.011 -3.45 3.603 1.466
-0.169 -0.09 1.017 -3.511 3.863 2.244
-0.164 -0.084 1.017 -2.931 4.809 4.076
-0.166 -0.094 1.018 -2.244 5.863 6.076
-0.157 -0.095 1.013 -0.855 7.542 8.809
-0.172 -0.094 1.013 -0.489 7.053 9.176
-0.182 -0.109 1.029 -0.183 6.244 8.229
-0.198 -0.095 1.041 -1.191 4.794 6.137
-0.206 -0.073 1.039 -3.832 0.458 4.366
-0.201 -0.077 1.05 -5.924 -2.137 3.863
-0.18 -0.106 1.03 -7.298 -4.153 4.534
-0.171 -0.125 1.043 -6.412 -3.832 5.115
-0.155 -0.114 1.025 -5.466 -3.298 7.863
-0.168 -0.135 1.047 -4.779 -2.916 10.214
-0.177 -0.125 1.051 -4.87 -2.718 12.061
-0.174 -0.121 1.052 -6.229 -3.969 13.954
-0.191 -0.159 1.067 -7.16 -4.962 14.855
-0.177 -0.219 1.054 -7.023 -4.626 10.824
-0.191 -0.208 1.069 -8.061 -6.275 5.053
-0.172 -0.206 1.071 -9.969 -8.565 4.504
-0.157 -0.205 1.065 -11.115 -8.229 4.229
-0.157 -0.198 1.079 -12.748 -7.573 5.13
-0.142 -0.216 1.078 -13.908 -6.427 6.565
-0.137 -0.238 1.076 -15.664 -5.13 6.198
-0.16 -0.283 1.089 -18.244 -5.878 4.244
-0.204 -0.397 1.14 -18.641 -13.634 0.321
-0.192 -0.428 1.144 -17.023 -20.55 -9.588
-0.156 -0.403 1.118 -16.779 -23.603 -16.092
-0.13 -0.402 1.112 -15.511 -25.069 -19.176
-0.09 -0.398 1.084 -12.275 -25.191 -20.229
-0.077 -0.388 1.061 -8.595 -24.611 -19.038
-0.045 -0.396 1.029 -2.672 -19.588 -16.748
-0.053 -0.385 1.01 2.275 -15.466 -14.611
-0.062 -0.389 1.008 6.55 -11.313 -15.053
-0.04 -0.371 1.017 7.45 -10.153 -15.924
-0.13 -0.363 1.025 11.863 -4.351 -22.092
-0.154 -0.299 1.032 11.42 -3.847 -26.26
-0.155 -0.299 1.039 11.435 -3.649 -28.718
-0.169 -0.276 1.045 11.053 -5.511 -31.237
-0.132 -0.264 1.022 12.534 -7.496 -30.427
-0.117 -0.236 1.005 14.168 -6.015 -27.313
-0.11 -0.22 1.006 14.916 -4.397 -22.305
-0.11 -0.264 1.009 16.458 -2.504 -20.031
-0.137 -0.246 1.007 16.015 -2.397 -21.053
-0.154 -0.301 1.009 16.076 -2.336 -22.855
-0.157 -0.341 1.02 17.802 -2.076 -31.634
-0.163 -0.314 1.01 17.511 -2.336 -41.664
-0.052 -0.356 0.966 24.412 5.954 -39.649
-0.125 -0.302 0.994 30.794 9.252 -42.397
-0.131 -0.24 0.975 36.931 13.725 -38.015
-0.174 -0.16 1.007 41.008 17.847 -34.58
-0.215 -0.075 1.023 40.412 17.527 -29.115
-0.239 -0.051 1.05 37.16 17.481 -23.908
-0.287 -0.086 1.077 33.389 11.878 -22.351
-0.297 -0.151 1.081 30.351 4.885 -26.55
-0.292 -0.206 1.083 28.366 -2.641 -37.389
-0.231 -0.167 1.055 25.405 -6.168 -50.977
-0.191 -0.109 1.04 21.389 -7.786 -62.916
-0.149 -0.063 1.011 19.359 -5.573 -66.718
-0.168 -0.008 0.991 17.405 -6.55 -65.344
-0.147 -0.02 1.024 23.481 3.069 -48.595
-0.166 -0.077 1.019 29.588 5.344 -32.427
-0.313 -0.165 1.063 34.794 2.26 -32.412
-0.292 -0.239 1.101 40.504 -1.71 -42.427
-0.264 -0.092 1.058 34.87 -7.649 -69.145
-0.256 -0.011 1.048 25.71 -10.0 -86.214
-0.202 0.065 1.001 18.366 -8.824 -99.603
-0.183 0.123 0.991 13.313 -4.565 -102.198
-0.198 0.193 1.035 9.679 -1.466 -96.931
-0.21 0.235 1.047 5.908 -3.496 -89.282
-0.22 0.199 1.08 3.237 -3.252 -74.061
-0.238 0.154 1.125 -3.435 -9.405 -67.924
-0.057 -0.089 0.93 -4.58 -20.473 -74.29
-0.161 0.058 1.081 -12.87 -14.26 -67.176
-0.083 -0.118 1.053 -15.557 -20.595 -75.313
-0.054 -0.12 1.033 -14.931 -16.046 -85.053
0.013 -0.124 0.991 -11.42 -13.45 -84.809
-0.004 -0.136 0.992 -2.412 -6.626 -77.74
0.018 -0.106 0.971 10.107 1.389 -65.985
-0.021 -0.047 0.98 20.962 7.863 -47.389
-0.066 -0.018 0.988 30.733 12.336 -31.084
-0.14 -0.035 1.033 35.466 12.412 -27.908
-0.15 0.062 1.028 32.702 8.947 -31.053
-0.206 -0.014 1.044 27.573 3.023 -35.282
-0.12 -0.008 0.985 26.092 1.511 -47.405
-0.096 0.077 0.961 25.344 4.382 -47.313
-0.063 0.148 0.923 25.053 9.496 -39.481
-0.078 0.154 0.919 24.718 11.878 -28.107
-0.112 0.13 0.925 24.504 12.992 -16.718
-0.157 -0.022 0.949 26.305 8.58 -20.427
-0.124 -0.003 0.928 28.153 9.282 -33.099
-0.165 -0.024 0.964 25.45 6.672 -50.183
-0.123 0.078 0.938 21.542 7.527 -65.985
-0.102 0.162 0.919 17.466 13.893 -68.87
-0.16 0.218 0.943 14.305 16.412 -63.756
-0.145 0.222 0.938 14.595 17.16 -48.977
-0.104 0.208 0.925 22.351 24.534 -21.389
-0.128 0.19 0.936 32.733 29.573 5.176
-0.221 0.139 0.967 39.389 29.557 30.244
-0.232 -0.023 0.991 38.504 18.977 24.595
-0.234 -0.032 0.987 34.427 13.099 -7.573
-0.158 0.066 0.943 21.786 9.985 -37.481
-0.097 0.094 0.919 11.13 12.244 -56.58
-0.088 0.095 0.908 8.458 19.13 -62.412
-0.125 0.151 0.934 9.511 25.802 -58.214
-0.16 0.195 0.93 12.168 29.13 -44.656
-0.2 0.129 0.956 20.824 31.969 -20.718
-0.326 0.043 1.026 30.305 28.947 -9.282
-0.346 -0.014 1.038 33.71 20.198 -20.214
-0.319 -0.042 1.019 31.084 9.847 -55.695
-0.208 0.157 0.931 24.0 12.153 -78.244
-0.229 0.222 0.939 15.985 17.481 -89.924
-0.268 0.263 0.968 12.321 20.931 -84.427
-0.31 0.289 0.997 12.626 22.947 -71.435
-0.359 0.311 1.017 16.427 21.588 -55.481
-0.344 0.334 1.004 19.679 19.618 -37.511
-0.342 0.294 1.004 22.977 19.725 -22.687
-0.37 0.236 1.026 24.015 14.992 -21.115
-0.33 0.202 0.99 21.878 9.359 -32.748
-0.263 0.261 0.95 18.687 12.168 -42.061
-0.278 0.303 0.954 14.473 13.389 -45.176
-0.324 0.341 0.992 10.443 13.527 -44.397
-0.345 0.364 0.994 5.435 12.305 -40.26
-0.338 0.353 1.008 1.939 10.809 -32.962
-0.283 0.274 0.977 3.771 11.359 -20.763
-0.303 0.231 0.984 7.42 12.153 -12.84
-0.306 0.234 0.985 8.733 11.695 -12.198
-0.29 0.232 0.971 8.015 11.42 -10.412
-0.28 0.218 0.961 7.313 11.649 -11.527
-0.311 0.246 0.968 4.305 11.893 -14.977
-0.325 0.237 0.984 0.427 10.046 -19.008
-0.331 0.268 0.989 -2.733 8.275 -20.092
-0.34 0.277 0.997 -6.061 6.947 -16.885
-0.353 0.235 1.01 -8.092 5.679 -14.473
-0.343 0.221 1.014 -8.977 4.137 -12.702
-0.317 0.167 1.013 -7.573 2.962 -8.382
-0.28 0.143 0.993 -4.031 3.573 -4.763
-0.292 0.169 1.001 -3.603 1.756 -4.382
-0.288 0.156 0.994 -4.458 3.145 -3.679
-0.292 0.144 1.003 -5.405 3.634 -5.053
-0.309 0.143 1.018 -6.061 3.527 -5.16
-0.314 0.127 1.021 -5.557 0.718 -2.962
-0.308 0.081 1.028 -2.473 -0.992 -0.519
-0.293 0.089 1.002 -0.137 -1.985 -0.779
-0.262 0.118 0.995 0.397 -0.687 -2.015
-0.255 0.14 0.993 -0.427 0.809 -2.626
-0.27 0.153 0.991 -2.336 0.351 -2.718
-0.283 0.162 1.0 -4.595 -0.55 -3.237
-0.267 0.147 1.005 -7.527 -1.267 -4.443
-0.269 0.131 0.995 -9.649 -0.351 -7.115
-0.284 0.119 1.003 -11.389 -0.168 -8.947
-0.292 0.102 1.009 -10.977 1.13 -7.847
-0.305 0.075 1.004 -9.588 -2.55 -7.542
-0.292 0.071 1.018 -6.0 -1.832 -4.26
-0.289 0.1 1.015 -3.878 -2.321 -2.672
-0.277 0.093 1.013 -1.74 -1.221 0.214
-0.274 0.122 0.998 -1.618 -0.351 0.947
-0.265 0.12 0.993 -2.885 -0.55 1.45
-0.255 0.111 0.981 -3.573 0.473 1.084
-0.27 0.101 0.984 -3.557 1.786 0.626
-0.254 0.111 0.983 -3.756 1.511 -0.458
-0.271 0.122 0.995 -4.076 1.099 0.076
-0.271 0.121 0.991 -5.099 0.168 -0.107
-0.277 0.127 0.992 -6.107 0.0 0.061
-0.285 0.09 1.004 -7.511 0.473 -1.206
-0.274 0.075 0.999 -7.359 0.244 -1.389
-0.288 0.06 1.01 -6.183 -0.382 -1.679
-0.269 0.068 0.999 -5.008 0.611 -1.466
-0.269 0.088 0.995 -4.458 1.679 -0.489
-0.278 0.085 1.001 -4.229 1.069 -0.626
-0.268 0.093 0.983 -3.756 1.298 -1.023
-0.273 0.098 0.995 -3.496 0.183 0.534
-0.294 0.103 1.005 -3.74 1.145 -0.244
-0.292 0.105 1.006 -4.137 0.382 -1.252
-0.275 0.106 1.0 -4.214 -0.122 -0.275
-0.284 0.107 0.999 -4.29 0.366 0.076
-0.29 0.096 0.991 -4.076 -0.076 -0.779
-0.273 0.11 0.998 -4.092 0.489 -1.115
-0.29 0.119 1.005 -4.794 1.084 -0.321
-0.289 0.116 0.986 -4.947 -0.214 -0.305
-0.293 0.13 1.012 -5.725 -0.107 -0.748
-0.303 0.114 1.009 -6.962 -0.397 -0.168
-0.294 0.115 1.01 -7.145 0.687 0.733
-0.295 0.096 1.004 -7.023 1.252 1.145
-0.286 0.088 0.995 -6.672 0.214 0.687
-0.282 0.097 1.001 -6.519 -0.031 0.794
-0.288 0.098 0.998 -7.023 0.504 0.626
-0.29 0.082 1.008 -6.702 0.962 0.702
-0.285 0.09 1.003 -6.305 0.733 0.519
-0.274 0.079 0.992 -5.893 -0.519 1.42
-0.282 0.077 0.992 -5.618 -1.084 1.45
-0.273 0.054 0.99 -4.58 -0.656 0.748
-0.279 0.065 0.996 -3.725 -0.656 -0.992
-0.274 0.085 0.987 -3.679 -0.687 -0.931
-0.27 0.097 0.99 -3.893 -1.573 -0.153
-0.277 0.102 0.98 -3.71 -0.397 -0.107
-0.277 0.104 0.977 -4.489 0.427 -0.275
-0.285 0.099 0.989 -5.237 1.145 -1.74
-0.29 0.103 0.983 -5.16 0.809 -1.42
-0.275 0.095 0.972 -4.901 0.58 -2.0
-0.293 0.113 0.989 -5.084 0.473 -1.45
-0.293 0.093 0.998 -5.557 0.504 -2.397
-0.293 0.103 1.004 -6.168 0.534 -2.015
-0.302 0.087 0.994 -5.511 0.061 -0.748
-0.296 0.08 0.989 -4.565 -0.916 -1.099
-0.289 0.09 0.987 -4.153 0.366 -0.412
-0.295 0.101 1.008 -4.763 -0.015 -0.534
-0.285 0.092 0.993 -4.931 -1.038 -0.122
-0.289 0.086 1.005 -4.443 -0.565 0.321
-0.285 0.086 1.007 -4.092 -0.458 0.87
-0.288 0.074 1.012 -3.924 -0.809 -0.397
-0.282 0.072 1.007 -3.756 -0.336 -1.878
-0.283 0.072 1.012 -2.809 -0.275 -3.328
-0.287 0.097 1.0 -2.58 0.0 -2.84
-0.282 0.103 1.017 -2.031 1.069 -1.817
-0.294 0.122 1.004 -2.366 0.382 -1.298
-0.289 0.116 1.01 -2.626 1.038 -1.084
-0.297 0.126 1.004 -3.328 0.321 -1.221
-0.284 0.121 0.993 -3.176 -0.305 -0.427
-0.296 0.127 1.005 -3.313 -0.229 1.649
-0.287 0.094 1.004 -3.603 -0.962 0.351
-0.288 0.091 0.994 -3.634 -1.084 -0.885
-0.291 0.096 0.995 -3.481 -1.756 -2.595
-0.289 0.108 0.99 -3.542 -1.267 -2.244
-0.289 0.13 0.986 -4.0 -0.26 -1.481
-0.29 0.135 0.98 -4.763 -0.183 -0.29
-0.285 0.137 0.981 -6.061 -0.168 0.137
-0.27 0.123 0.969 -6.794 -0.733 1.344
-0.271 0.124 0.97 -7.237 -0.153 2.26
-0.291 0.103 0.98 -7.389 0.29 2.901
-0.297 0.092 0.988 -7.13 0.443 1.679
-0.302 0.068 0.999 -7.084 -0.015 1.023
-0.316 0.056 1.005 -5.573 -0.611 0.641
-0.307 0.055 1.013 -3.939 -0.992 0.076
-0.299 0.069 1.003 -3.069 -1.16 -0.061
-0.308 0.083 1.008 -2.565 -0.87 0.305
-0.293 0.095 1.0 -3.16 -0.718 0.015
-0.284 0.101 0.994 -3.176 -0.458 0.321
-0.284 0.096 0.998 -3.435 0.321 1.389
-0.275 0.107 0.984 -3.802 0.427 0.992
-0.287 0.1 0.997 -4.214 0.168 0.229
-0.277 0.104 0.991 -4.779 0.779 -0.397
-0.3 0.085 1.009 -4.962 0.84 0.321
-0.292 0.082 1.004 -3.985 0.29 -0.977
-0.3 0.099 1.009 -4.336 0.153 -0.916
-0.302 0.092 1.016 -4.58 0.076 -1.237
-0.315 0.098 1.002 -4.565 -0.702 -1.802
-0.317 0.105 1.009 -4.641 -1.771 -1.557
-0.297 0.11 0.996 -4.931 -2.244 -1.817
-0.295 0.121 0.989 -5.359 -1.924 -1.069
-0.302 0.118 0.994 -5.389 -1.191 0.321
-0.294 0.101 0.999 -5.069 -2.534 0.076
-0.294 0.124 0.991 -5.45 -2.397 0.595
-0.288 0.121 0.983 -6.504 -1.679 0.382
-0.283 0.109 0.992 -7.45 -0.702 0.168
-0.289 0.079 0.983 -7.802 -0.382 0.198
-0.281 0.071 0.995 -6.931 -1.847 -1.908
-0.281 0.096 0.983 -6.901 -2.183 -1.878
-0.281 0.089 0.993 -6.931 -1.634 -1.573
-0.271 0.094 0.983 -7.069 -0.122 -1.359
-0.299 0.072 0.994 -6.565 0.84 -0.58
-0.294 0.072 0.988 -5.481 -1.13 -1.679
-0.301 0.094 0.991 -4.702 -0.992 -0.122
-0.289 0.1 0.994 -4.641 -1.527 0.168
-0.29 0.114 0.98 -5.74 -0.443 0.321
-0.287 0.11 0.981 -6.87 0.214 -0.107
-0.299 0.091 0.985 -7.588 1.099 -0.366
-0.289 0.088 0.989 -7.206 0.626 -0.779
-0.285 0.063 0.982 -5.786 -2.672 -0.397
-0.281 0.077 0.981 -4.809 -2.641 -0.901
-0.281 0.083 0.981 -4.122 -2.031 -0.443
-0.28 0.084 0.983 -4.519 -0.779 -1.481
-0.281 0.097 0.993 -4.901 -0.397 -2.824
-0.285 0.098 0.991 -5.45 0.458 -2.611
-0.297 0.083 0.994 -5.359 -0.321 -2.153
-0.302 0.078 1.001 -4.672 -1.023 -2.168
-0.289 0.078 0.988 -4.153 -0.687 -1.466
-0.285 0.085 0.987 -3.115 0.855 -1.13
-0.293 0.092 0.997 -2.137 2.229 -0.565
-0.298 0.089 0.994 -2.718 0.046 -1.756
-0.304 0.1 1.004 -3.267 -2.031 -1.878
-0.311 0.098 1.013 -3.649 -1.481 -0.855
-0.312 0.095 1.013 -3.924 -1.71 -0.916
-0.301 0.074 1.006 -3.328 -1.634 -0.824
-0.302 0.081 0.996 -3.267 -1.344 -1.389
-0.291 0.086 0.991 -3.206 -0.427 -0.977
-0.292 0.081 0.99 -3.13 -0.412 -1.908
-0.301 0.08 0.995 -3.42 -0.718 -2.748
-0.289 0.09 0.993 -3.053 -0.656 -2.779
-0.289 0.112 0.993 -2.809 -0.137 -2.107
-0.291 0.1 0.99 -3.42 -0.122 -2.656
-0.291 0.108 0.993 -4.122 0.046 -2.489
-0.283 0.121 0.98 -4.809 0.565 -2.275
-0.289 0.112 0.99 -5.908 -0.046 -2.244
-0.297 0.098 0.992 -5.679 0.092 -2.565
-0.294 0.113 0.984 -6.382 0.473 -2.656
-0.307 0.091 0.998 -6.763 -0.427 -3.13
-0.31 0.089 0.999 -6.458 -0.992 -3.344
-0.311 0.093 0.994 -5.16 -0.885 -2.794
-0.303 0.095 0.996 -4.122 -0.122 -2.168
-0.312 0.101 0.993 -4.244 -0.84 -1.74
-0.315 0.096 0.996 -4.214 -1.282 -1.145
-0.319 0.091 0.993 -3.985 -1.588 -1.267
-0.311 0.095 0.982 -3.725 -1.389 -1.557
-0.302 0.095 0.979 -3.481 -2.107 -1.695
-0.291 0.103 0.973 -3.481 -1.115 -1.802
-0.275 0.105 0.976 -4.183 -1.053 -1.42
-0.273 0.116 0.974 -4.611 0.076 -1.786
-0.283 0.113 0.99 -5.954 -0.595 -0.916
-0.271 0.11 0.977 -6.351 0.076 -1.618
-0.275 0.095 0.982 -6.84 0.183 -1.695
-0.285 0.094 0.988 -7.298 0.916 -2.885
-0.296 0.076 0.993 -7.542 0.473 -3.267
-0.305 0.077 1.0 -7.038 0.29 -3.786
-0.297 0.077 1.006 -6.107 0.107 -3.496
-0.298 0.097 1.012 -5.618 0.198 -3.267
-0.31 0.103 1.005 -5.13 0.198 -2.87
-0.312 0.112 1.008 -4.885 -0.656 -1.573
-0.308 0.104 0.999 -4.427 -0.061 0.427
-0.303 0.104 1.001 -4.26 0.443 1.191
-0.309 0.107 1.002 -4.779 0.046 0.931
-0.312 0.095 0.998 -5.13 -0.504 0.534
-0.294 0.089 0.992 -5.588 -0.366 0.458
-0.301 0.089 1.01 -5.298 -0.092 0.214
-0.297 0.079 1.003 -4.733 -0.336 -0.458
-0.305 0.083 1.002 -4.931 -0.962 -1.481
-0.305 0.092 0.996 -4.977 -0.443 -1.542
-0.305 0.084 0.99 -4.779 -1.573 -1.435
-0.308 0.095 0.999 -4.794 -1.511 -1.618
-0.314 0.102 0.997 -5.695 -1.573 -2.046
-0.305 0.102 0.992 -6.382 -2.076 -2.351
-0.305 0.103 0.99 -7.145 -2.733 -2.626
-0.306 0.095 0.991 -8.87 -2.489 -2.779
-0.309 0.082 0.986 -8.412 -1.954 -2.519
-0.296 0.071 0.984 -8.092 -2.244 -0.611
-0.298 0.048 1.002 -5.145 -1.496 -0.672
-0.294 0.07 0.987 -4.366 -0.977 0.611
-0.301 0.068 1.0 -4.092 -1.573 0.214
-0.288 0.058 0.99 -3.527 -1.405 0.137
-0.303 0.059 0.99 -2.427 -1.802 0.031
-0.294 0.086 0.984 -2.641 -1.817 0.107
-0.298 0.096 0.989 -3.053 -1.237 0.107
-0.297 0.108 0.983 -4.504 -1.496 0.122
-0.303 0.099 0.988 -5.008 -1.145 0.107
-0.3 0.085 0.988 -5.237 -0.916 -0.153
-0.305 0.078 0.996 -4.779 -1.038 -0.519
-0.313 0.078 0.977 -4.504 -1.267 -1.023
-0.285 0.086 0.986 -4.046 -0.916 -1.069
-0.297 0.091 0.981 -4.092 -0.015 -0.779
-0.285 0.092 0.981 -4.305 -0.26 -1.206
-0.291 0.094 0.978 -4.809 -0.046 -1.282
-0.29 0.088 0.985 -4.824 -0.458 -0.595
-0.293 0.095 0.977 -4.641 -0.305 -0.931
-0.298 0.097 0.979 -4.489 -0.244 -1.084
-0.293 0.103 0.97 -4.977 0.336 -1.206
-0.277 0.105 0.966 -5.634 0.229 -1.618
-0.296 0.104 0.976 -6.382 0.489 -2.214
-0.291 0.098 0.968 -6.58 1.099 -2.504
-0.302 0.098 0.991 -7.084 0.305 -1.985
-0.314 0.097 1.004 -6.733 0.29 -1.069
-0.32 0.074 1.006 -6.565 0.046 -0.214
-0.311 0.069 1.006 -6.244 0.183 -0.565
-0.312 0.071 1.004 -6.0 -0.595 -0.611
-0.31 0.068 1.002 -5.527 -0.779 -1.221
-0.296 0.08 0.997 -5.603 -0.015 -0.87
-0.301 0.08 0.998 -5.481 0.137 -1.084
-0.307 0.068 1.004 -5.191 -0.382 -0.687
-0.297 0.072 1.005 -4.183 -0.321 -0.412
-0.303 0.077 0.999 -4.122 -0.779 -0.229
-0.307 0.087 0.996 -4.275 -0.809 -0.122
-0.301 0.081 0.998 -4.397 -0.824 -0.26
-0.295 0.077 0.998 -3.939 -0.641 -1.115
-0.3 0.092 0.998 -4.275 -0.748 -1.038