-0.218 -0.243 0.996 -3.939 -5.634 1.344
-0.208 -0.223 0.99 -2.855 -3.893 0.519
-0.208 -0.223 0.98 -2.687 -1.359 -0.504
-0.217 -0.219 1.0 -3.16 -0.382 -0.443
-0.204 -0.218 0.999 -3.252 0.565 -0.336
-0.21 -0.234 1.0 -3.069 -0.382 -0.672
-0.213 -0.211 0.998 -2.855 1.313 -0.809
-0.209 -0.212 0.996 -2.672 2.061 0.901
-0.206 -0.211 1.0 -2.0 3.74 1.924
-0.214 -0.212 0.989 -1.389 5.42 4.809
-0.243 -0.208 1.013 -1.695 2.763 4.748
-0.23 -0.207 0.999 -1.603 1.252 3.908
-0.242 -0.21 1.003 -2.595 -0.366 2.489
-0.265 -0.208 1.009 -3.649 -4.183 -0.244
-0.256 -0.215 1.025 -4.611 -5.786 -2.565
-0.227 -0.205 0.995 -4.733 -6.092 -3.084
-0.216 -0.205 0.994 -4.687 -4.183 -1.786
-0.221 -0.205 0.994 -4.351 -3.618 -0.992
-0.212 -0.194 0.989 -4.382 -1.481 0.763
-0.217 -0.206 0.997 -4.443 -0.947 2.611
-0.21 -0.202 0.983 -4.015 -0.198 4.015
-0.213 -0.208 0.982 -3.847 0.321 5.038
-0.212 -0.217 0.984 -3.023 2.336 3.771
-0.21 -0.207 0.984 -3.267 4.26 2.779
-0.218 -0.226 0.998 -3.817 3.74 0.947
-0.222 -0.226 0.999 -3.282 3.206 -0.687
-0.233 -0.206 0.998 -3.756 2.061 0.0
-0.229 -0.21 1.0 -3.893 -0.107 0.198
-0.222 -0.209 0.994 -3.649 -0.931 1.573
-0.231 -0.208 0.999 -3.771 -0.412 1.313
-0.247 -0.187 0.992 -5.237 -0.931 0.794
-0.259 -0.183 1.012 -7.298 -3.099 -0.672
-0.242 -0.198 0.992 -8.58 -4.916 -0.595
-0.218 -0.183 0.983 -7.893 -3.954 2.748
-0.214 -0.199 0.987 -7.542 -2.061 5.282
-0.205 -0.208 0.981 -6.076 0.443 7.374
-0.21 -0.218 0.984 -5.13 0.168 10.763
-0.208 -0.227 0.976 -3.511 2.519 12.458
-0.192 -0.232 0.972 -2.092 4.183 13.328
-0.189 -0.253 0.985 -0.458 5.359 16.26
-0.212 -0.274 1.007 -0.244 5.267 18.0
-0.208 -0.295 1.025 -1.16 4.366 17.756
-0.223 -0.345 1.047 -2.641 1.634 19.282
-0.171 -0.429 1.024 -1.13 0.656 20.473
-0.127 -0.495 0.993 5.878 5.374 22.885
-0.115 -0.527 0.997 13.069 11.267 24.382
-0.109 -0.556 0.994 20.092 19.176 23.389
-0.139 -0.554 1.013 24.351 25.42 15.328
-0.185 -0.581 1.052 26.672 23.252 10.58
-0.219 -0.552 1.067 25.618 22.244 0.29
-0.213 -0.555 1.073 25.634 20.977 -3.786
-0.199 -0.617 1.066 27.771 12.794 -8.458
-0.212 -0.595 1.048 33.298 12.611 -10.809
-0.173 -0.594 1.027 38.626 14.473 -9.771
-0.233 -0.502 1.004 36.916 12.626 -10.443
-0.31 -0.576 1.056 45.771 20.733 -23.511
-0.336 -0.534 1.07 45.618 16.214 -32.305
-0.369 -0.501 1.084 45.802 12.26 -39.634
-0.367 -0.479 1.057 46.229 7.344 -44.824
-0.386 -0.451 1.068 44.733 4.519 -50.305
-0.411 -0.47 1.083 46.855 5.298 -51.023
-0.343 -0.449 1.046 48.626 4.55 -50.794
-0.312 -0.413 0.986 50.885 7.557 -53.176
-0.301 -0.382 0.946 53.023 8.733 -53.496
-0.349 -0.426 0.941 56.519 7.191 -60.733
-0.35 -0.359 0.916 59.939 3.939 -74.565
-0.347 -0.242 0.895 60.824 2.962 -82.443
-0.355 -0.137 0.909 59.771 4.992 -84.916
-0.387 -0.112 0.928 58.153 4.229 -82.427
-0.388 -0.076 0.937 56.061 4.641 -81.145
-0.384 -0.099 0.942 53.71 0.962 -78.137
-0.372 -0.065 0.9 50.687 2.763 -84.885
-0.382 -0.063 0.89 48.305 3.374 -85.176
-0.377 -0.059 0.878 50.321 6.183 -86.855
-0.379 -0.116 0.867 58.046 4.947 -79.13
-0.393 -0.098 0.854 69.099 5.328 -78.137
-0.381 0.022 0.83 75.084 7.466 -73.679
-0.414 0.109 0.836 75.71 8.55 -74.382
-0.457 0.183 0.851 71.344 8.382 -76.626
-0.453 0.237 0.879 64.29 4.489 -80.29
-0.375 0.298 0.867 57.328 -0.382 -81.176
-0.385 0.281 0.828 57.13 4.183 -70.58
-0.338 0.355 0.816 56.0 10.763 -59.878
-0.383 0.342 0.837 54.443 13.16 -45.802
-0.435 0.237 0.874 57.359 12.962 -37.481
-0.47 0.208 0.891 58.779 5.847 -45.802
-0.39 0.331 0.862 53.771 -0.321 -56.779
-0.374 0.358 0.855 52.733 5.893 -47.344
-0.352 0.397 0.855 51.252 7.908 -42.763
-0.317 0.41 0.865 50.29 11.145 -32.214
-0.35 0.475 0.876 46.672 12.962 -27.328
-0.348 0.518 0.875 38.382 11.573 -21.084
-0.375 0.458 0.924 30.336 11.389 -16.366
-0.414 0.389 0.947 22.947 5.802 -18.092
-0.407 0.325 0.947 18.137 1.267 -25.985
-0.398 0.295 0.951 13.939 -1.481 -34.366
-0.384 0.32 0.953 9.145 -3.069 -41.679
-0.365 0.352 0.955 5.511 -4.412 -41.786
-0.351 0.324 0.957 5.023 -4.275 -34.641
-0.343 0.313 0.963 6.962 -2.748 -26.366
-0.345 0.299 0.967 8.397 -1.985 -18.122
-0.338 0.272 0.955 9.435 -2.107 -13.496
-0.331 0.252 0.952 9.389 -2.275 -11.42
-0.348 0.271 0.96 7.603 -1.985 -12.275
-0.332 0.268 0.954 4.733 -3.023 -14.122
-0.32 0.27 0.958 1.679 -2.0 -13.939
-0.322 0.237 0.976 -0.229 -3.252 -12.962
-0.319 0.229 0.968 -1.313 -2.672 -10.351
-0.327 0.197 0.984 -1.771 -3.145 -6.916
-0.306 0.182 0.98 -1.13 -2.595 -4.779
-0.306 0.184 0.971 -1.618 -2.931 -2.565
-0.308 0.16 0.969 -1.344 -2.824 -2.565
-0.308 0.168 0.958 -1.42 -1.466 -3.191
-0.31 0.186 0.958 -2.656 -1.511 -2.641
-0.321 0.164 0.965 -3.74 -1.496 -1.74
-0.333 0.166 0.974 -4.183 -1.313 -1.374
-0.318 0.155 0.96 -5.176 -1.511 -0.55
-0.312 0.155 0.968 -6.397 -1.466 1.405
-0.319 0.125 0.986 -7.573 -1.71 2.733
-0.312 0.081 0.986 -7.527 -2.046 2.244
-0.297 0.073 0.977 -7.359 -1.45 0.611
-0.289 0.075 0.973 -7.573 -1.115 -1.618
-0.293 0.07 0.978 -7.13 -1.557 -1.908
-0.275 0.072 0.977 -5.878 -0.198 -2.107
-0.271 0.084 0.97 -4.824 2.473 -0.87
-0.289 0.067 0.982 -3.908 2.473 -0.26
-0.296 0.059 0.981 -2.519 1.893 -1.359
-0.307 0.078 0.983 -1.756 2.595 -1.405
-0.293 0.095 0.967 -1.099 3.328 -2.641
-0.299 0.128 0.949 -1.603 4.229 -2.534
-0.3 0.143 0.96 -2.366 4.901 -1.908
-0.324 0.143 0.967 -3.389 4.26 -1.649
-0.349 0.149 0.988 -4.198 4.031 1.313
-0.353 0.125 1.013 -4.183 1.863 3.008
-0.337 0.119 1.009 -4.382 1.206 3.481
-0.318 0.113 0.986 -5.023 -0.076 3.573
-0.306 0.106 0.984 -5.557 0.55 3.084
-0.308 0.11 0.986 -6.0 -0.092 1.786
-0.316 0.106 0.997 -6.672 -0.198 1.282
-0.316 0.097 0.989 -6.702 -0.137 1.069
-0.328 0.084 0.998 -6.214 0.214 1.252
-0.322 0.082 0.997 -4.992 0.412 0.855
-0.322 0.092 0.999 -4.962 0.672 0.977
-0.336 0.063 0.997 -4.031 -0.489 2.183
-0.333 0.046 1.005 -1.954 -2.794 -1.374
-0.338 0.082 1.002 -1.374 -3.023 -3.16
-0.335 0.101 0.995 -1.573 -3.267 -2.947
-0.319 0.119 0.994 -1.817 -2.351 -2.168
-0.316 0.128 0.989 -2.153 -1.603 -0.489
-0.319 0.136 0.978 -2.611 -2.397 0.504
-0.315 0.147 0.978 -2.992 -1.374 1.435
-0.313 0.154 0.974 -5.008 -1.099 2.458
-0.311 0.139 0.974 -6.855 -1.664 2.473
-0.332 0.079 0.982 -6.779 -2.641 2.046
-0.315 0.076 0.979 -5.053 -2.718 -0.809
-0.31 0.104 0.983 -5.038 -2.092 -0.718
-0.319 0.116 0.975 -5.267 -0.962 0.687
-0.325 0.108 0.973 -5.282 -1.557 1.954
-0.321 0.085 0.976 -4.855 -2.382 2.015
-0.313 0.096 0.978 -4.458 -1.802 1.466
-0.316 0.109 0.983 -4.977 -2.076 1.496
-0.295 0.11 0.982 -5.374 -1.527 1.206
-0.308 0.095 0.992 -5.344 -2.015 1.328
-0.299 0.1 0.975 -4.977 -1.481 1.069
-0.294 0.091 0.984 -4.672 -1.481 0.412
-0.316 0.099 0.983 -4.382 -1.603 -0.183
-0.321 0.114 0.993 -4.901 -1.679 -0.565
-0.318 0.109 0.996 -5.679 -2.0 -0.992
-0.316 0.109 0.995 -5.664 -1.496 -0.076
-0.327 0.108 0.99 -5.618 -1.023 0.962
-0.326 0.103 0.997 -6.015 -1.511 1.527
-0.326 0.088 0.998 -5.695 -2.275 1.267
-0.331 0.063 0.994 -4.718 -4.015 -0.046
-0.323 0.08 0.999 -3.954 -4.046 -1.832
-0.32 0.089 0.991 -4.107 -4.641 -2.305
-0.321 0.101 0.986 -4.275 -4.427 -1.954
-0.308 0.115 0.988 -4.168 -3.786 -1.481
-0.303 0.11 0.982 -3.924 -2.916 -0.794
-0.294 0.105 0.97 -3.679 -2.611 -1.191
-0.29 0.116 0.959 -4.122 -1.863 -1.45
-0.276 0.118 0.961 -4.626 -1.771 -1.359
-0.298 0.104 0.963 -4.412 -1.176 -1.695
-0.302 0.114 0.967 -4.489 -1.374 -2.031
-0.306 0.12 0.969 -4.718 -0.519 -1.878
-0.314 0.121 0.969 -5.084 0.046 -0.855
-0.329 0.113 0.981 -5.634 -0.87 -0.84
-0.317 0.112 0.997 -5.649 -1.069 -1.313
-0.312 0.111 0.985 -5.893 -0.962 -0.214
-0.312 0.108 0.982 -5.679 -0.824 0.031
-0.328 0.11 0.997 -5.908 -1.053 0.947
-0.328 0.092 0.999 -5.71 -1.878 0.534
-0.312 0.094 1.001 -5.71 -1.634 -0.504
-0.316 0.083 0.998 -5.893 -1.893 0.443
-0.325 0.053 1.006 -4.55 -1.893 -1.191
-0.321 0.075 0.993 -3.664 -2.84 -3.573
-0.32 0.107 0.998 -3.832 -2.321 -3.771
-0.312 0.108 1.001 -4.168 -2.382 -2.931
-0.316 0.12 0.989 -4.824 -1.008 -1.45
-0.347 0.095 1.004 -4.489 -1.802 -0.626
-0.309 0.093 0.996 -3.344 -3.985 -1.618
-0.304 0.121 0.993 -3.679 -4.794 -0.183
-0.304 0.116 0.975 -4.55 -4.183 0.351
-0.293 0.112 0.98 -5.16 -2.427 1.237
-0.292 0.112 0.981 -5.725 -1.71 1.267
-0.3 0.092 0.978 -5.618 -2.061 0.656
-0.292 0.083 0.982 -4.992 -2.565 -0.916
-0.291 0.09 0.98 -4.748 -1.969 -1.328
-0.284 0.111 0.966 -4.473 -0.534 -1.603
-0.294 0.092 0.965 -4.489 0.244 -1.267
-0.305 0.089 0.975 -3.496 0.763 -2.519
-0.306 0.117 0.978 -3.435 -0.443 -3.328
-0.301 0.117 0.973 -2.992 -2.519 -2.137
-0.31 0.146 0.985 -3.603 -2.687 -0.244
-0.315 0.132 0.993 -4.229 -1.924 0.611
-0.326 0.13 0.991 -5.42 -1.939 0.458
-0.313 0.135 1.0 -6.534 -1.756 0.153
-0.312 0.116 0.994 -7.435 -1.679 0.84
-0.302 0.09 0.986 -6.687 -2.0 1.13
-0.294 0.087 0.984 -5.756 -1.038 1.618
-0.296 0.085 0.995 -5.618 0.107 1.435
-0.306 0.07 0.992 -5.328 0.336 0.397
-0.317 0.074 1.001 -4.58 0.29 -0.595
-0.314 0.08 0.998 -3.588 -1.664 -1.16
-0.302 0.1 0.988 -2.87 -2.626 -0.641
-0.304 0.113 0.986 -3.466 -2.702 0.137
-0.302 0.119 0.985 -4.183 -1.832 -0.015
-0.291 0.112 0.973 -4.962 -1.008 0.153
-0.31 0.083 0.977 -4.885 -1.115 -0.366
-0.314 0.093 0.988 -3.954 -0.947 -2.626
-0.318 0.131 0.981 -4.702 -0.672 -1.969
-0.318 0.133 0.98 -5.542 -0.153 -1.206
-0.305 0.135 0.974 -6.29 0.626 0.534
-0.311 0.126 0.975 -6.885 1.466 2.214
-0.308 0.093 0.975 -6.626 -1.695 1.313
-0.312 0.094 0.981 -6.87 -2.779 1.053
-0.297 0.09 0.976 -6.122 -2.015 0.84
-0.302 0.065 0.992 -5.664 -1.908 -0.489
-0.297 0.085 0.986 -4.748 -0.992 -1.603
-0.305 0.096 0.992 -4.901 0.275 -1.45
-0.306 0.104 0.994 -5.053 0.885 -0.962
-0.306 0.093 0.989 -4.977 0.931 0.0
-0.302 0.083 0.992 -4.351 0.794 -0.351
-0.315 0.087 0.989 -4.076 0.244 -1.313
-0.309 0.102 0.986 -3.863 -1.221 -1.725
-0.318 0.105 0.987 -3.511 -0.672 -0.809
-0.309 0.11 0.986 -3.038 -0.733 -0.137
-0.319 0.112 0.992 -3.221 -1.282 0.366
-0.322 0.125 0.992 -3.496 -1.099 0.656
-0.315 0.123 0.99 -4.687 -0.824 0.733
-0.326 0.107 0.991 -5.603 -0.809 0.55
-0.311 0.102 0.991 -6.137 -2.107 -0.824
-0.309 0.101 0.992 -5.603 -2.458 -0.427
-0.309 0.096 0.985 -5.13 -1.756 0.656
-0.317 0.083 0.99 -4.565 -1.405 1.145
-0.316 0.071 1.002 -4.031 -2.092 -0.595
-0.311 0.092 0.99 -3.71 -3.405 -1.603
-0.296 0.099 0.987 -3.176 -2.656 -0.992
-0.295 0.105 0.988 -3.481 -2.092 -0.046
-0.303 0.106 0.979 -3.496 -0.87 0.0
-0.31 0.101 0.984 -3.817 -0.534 0.336
-0.292 0.101 0.979 -3.893 -1.298 -1.74
-0.292 0.1 0.975 -3.832 -2.916 -1.725
-0.297 0.103 0.969 -3.481 -1.786 -1.603
-0.293 0.118 0.97 -3.954 -0.595 -1.511
-0.309 0.121 0.987 -4.336 -0.183 -1.588
-0.312 0.109 0.986 -4.244 -0.382 -1.817
-0.314 0.116 0.985 -4.595 -0.626 -1.725
-0.314 0.115 0.997 -4.977 -1.038 -0.229
-0.314 0.108 0.988 -4.672 -0.321 -0.473
-0.314 0.107 0.993 -4.87 -0.092 -0.641
-0.326 0.113 0.993 -4.84 0.275 -1.099
-0.294 0.106 0.984 -4.672 -2.611 -1.389
-0.303 0.122 0.988 -4.183 -2.29 0.137
-0.301 0.118 0.988 -5.206 -1.435 1.588
-0.3 0.105 0.988 -5.557 -0.992 1.13
-0.296 0.098 0.986 -6.046 -0.046 0.443
-0.304 0.091 0.991 -6.046 0.137 -0.443
-0.299 0.087 0.984 -6.061 0.611 -0.992
-0.315 0.088 0.983 -5.71 0.794 -1.496
-0.311 0.087 0.987 -6.0 -0.595 -1.832
-0.304 0.091 0.989 -5.466 -0.473 -2.473
-0.304 0.095 0.991 -5.267 -0.916 -0.183
-0.312 0.087 0.982 -4.031 -0.427 -0.031
-0.322 0.101 0.994 -4.244 -1.053 0.626
-0.31 0.092 0.983 -4.809 -0.473 -0.489
-0.308 0.087 0.976 -4.458 -1.466 -1.527
-0.311 0.097 0.981 -4.168 -1.252 -1.527
-0.309 0.091 0.99 -3.954 -1.298 -1.786
-0.31 0.103 0.979 -4.336 -1.008 -1.908
-0.32 0.103 0.989 -4.29 -0.504 -1.023
-0.304 0.11 0.973 -4.153 -0.168 -0.382
-0.306 0.104 0.989 -3.542 -0.214 0.565
-0.306 0.113 0.976 -3.298 1.115 1.176
-0.311 0.112 0.989 -3.511 0.015 1.786
-0.323 0.097 0.989 -3.389 -0.489 0.336
-0.312 0.105 0.981 -3.511 -1.191 -1.466
-0.326 0.118 0.991 -4.198 -1.008 -1.191
-0.309 0.12 0.984 -4.595 -0.626 0.076
-0.316 0.094 0.992 -4.565 -0.855 0.29
-0.315 0.094 0.995 -4.443 -1.878 -1.13
-0.308 0.111 0.993 -4.794 -2.397 -1.023
-0.295 0.114 0.992 -4.977 -2.122 -0.977
-0.305 0.105 0.989 -5.145 -1.374 0.122
-0.321 0.077 1.004 -3.985 -2.092 0.305
-0.306 0.085 0.993 -2.824 -1.756 -1.145
-0.322 0.117 0.988 -3.221 -1.634 -1.053
-0.314 0.122 0.997 -4.153 -1.038 -0.931
-0.305 0.108 0.992 -4.702 -0.26 0.076
-0.316 0.076 0.987 -4.0 -2.229 -0.26
-0.312 0.075 0.996 -2.55 -2.748 -1.679
-0.312 0.113 0.992 -2.565 -2.855 -1.237
-0.301 0.109 0.981 -3.099 -1.832 -0.824
-0.299 0.11 0.98 -3.359 -1.45 -0.443
-0.316 0.088 0.992 -2.901 -0.672 -0.061
-0.302 0.096 0.984 -1.802 -2.229 -1.786
-0.301 0.128 0.969 -2.29 -2.427 -1.588
-0.304 0.142 0.977 -3.557 -1.756 -0.55
-0.299 0.129 0.966 -4.26 -0.626 0.336
-0.315 0.114 0.98 -4.351 -0.26 0.015
-0.309 0.105 0.977 -4.87 -1.45 -1.405
-0.303 0.117 0.979 -4.779 -2.55 -1.435
-0.306 0.118 0.979 -5.328 -2.504 -0.702
-0.302 0.104 0.981 -5.023 -1.786 -1.435
-0.31 0.109 0.981 -5.695 -1.573 -1.786
-0.304 0.117 0.985 -6.183 -1.435 -2.427
-0.302 0.117 0.98 -6.427 -0.992 -1.45
-0.296 0.104 0.99 -5.802 -0.427 0.092
-0.304 0.093 0.989 -5.008 0.046 0.412
-0.301 0.102 0.979 -4.733 0.672 0.565
-0.31 0.094 0.987 -4.55 -0.275 0.55
-0.315 0.088 0.993 -3.939 -0.641 0.412
-0.301 0.108 0.994 -3.527 -0.55 0.321
-0.306 0.104 0.991 -3.725 -0.947 0.947
-0.313 0.105 0.997 -3.924 -0.916 0.885
-0.316 0.1 0.985 -4.351 -1.45 -0.29
-0.312 0.095 0.997 -4.122 -1.481 -1.374
-0.303 0.102 0.991 -4.397 -1.405 -1.16
-0.31 0.105 0.988 -4.244 -1.084 -0.855
-0.317 0.108 0.994 -3.969 -1.74 -0.611
-0.312 0.108 0.985 -4.031 -1.74 -0.87
-0.295 0.121 0.981 -4.336 -1.573 -0.565
-0.293 0.115 0.972 -4.473 -0.885 -0.015
-0.306 0.096 0.965 -4.641 -0.992 -0.183
-0.295 0.089 0.967 -4.107 -0.412 -1.374
-0.293 0.099 0.979 -4.031 0.611 -1.481
-0.306 0.094 0.977 -3.405 0.397 -1.328
-0.313 0.106 0.991 -3.298 0.275 -1.069
-0.31 0.116 0.983 -3.496 -0.046 -0.763
-0.306 0.117 0.99 -4.397 -0.214 -0.916
-0.316 0.1 0.989 -4.107 -0.504 -0.55
-0.303 0.093 0.985 -3.42 -1.313 -1.16
-0.308 0.119 0.978 -4.046 -1.069 -1.099
-0.313 0.113 0.992 -4.443 -0.84 -1.527
-0.316 0.121 0.99 -4.885 0.107 -1.42
-0.325 0.099 0.997 -4.718 -1.16 -1.221
-0.314 0.107 0.987 -4.092 -1.16 -0.885
-0.324 0.109 0.995 -4.382 -0.885 0.137
-0.324 0.107 1.0 -4.489 -0.87 0.244
-0.313 0.102 0.993 -4.58 -1.115 -0.031
-0.303 0.093 0.986 -4.244 -1.252 -0.641
-0.295 0.104 0.99 -4.031 -0.901 -0.29
-0.303 0.105 0.985 -3.771 -0.702 -0.229
-0.315 0.095 0.995 -3.817 -0.855 -1.786
-0.313 0.104 0.997 -4.168 -2.366 -2.443
-0.312 0.113 0.997 -3.405 -2.427 -2.275
-0.31 0.122 0.992 -3.695 -1.908 -1.038
-0.319 0.117 0.992 -3.695 -1.939 -0.137
-0.308 0.117 0.977 -3.939 -1.618 -0.382
-0.307 0.126 0.984 -4.534 -1.42 -0.122
-0.301 0.121 0.974 -4.458 -1.176 0.092
-0.305 0.11 0.972 -4.366 -1.053 -0.58
-0.308 0.133 0.971 -4.947 -0.305 -0.992
-0.311 0.125 0.979 -5.42 -0.565 -0.26
-0.307 0.116 0.985 -5.71 -0.824 -0.092
-0.309 0.112 0.978 -5.71 -1.45 0.656
-0.308 0.101 0.982 -5.618 -1.16 0.824
-0.31 0.088 0.98 -5.466 -1.405 -0.504
-0.314 0.093 0.99 -5.618 -1.542 -1.267
-0.312 0.091 0.994 -4.992 -1.45 -1.282
-0.296 0.088 0.993 -4.626 -1.435 -1.267
-0.308 0.107 0.999 -4.473 -1.282 -0.855
-0.304 0.095 0.993 -4.198 -0.87 -0.824
-0.302 0.111 0.988 -4.351 -0.412 -0.962
-0.303 0.111 0.982 -4.229 -0.931 -1.053
-0.302 0.12 0.99 -4.336 -0.824 -0.672
-0.313 0.11 0.995 -4.55 -0.687 -0.153
-0.312 0.109 0.979 -4.458 -1.053 -0.687
-0.321 0.11 0.995 -4.672 -0.824 -1.099
-0.315 0.102 0.988 -4.336 -1.237 -0.901
-0.315 0.101 0.982 -4.031 -1.42 -0.962
-0.31 0.11 0.981 -4.244 -1.435 -0.168
-0.316 0.095 0.982 -4.183 -1.786 0.107
-0.305 0.094 0.983 -4.046 -1.878 -0.229
-0.293 0.116 0.973 -3.725 -1.542 -0.916
-0.31 0.101 0.984 -4.122 -1.679 -0.779
-0.308 0.098 0.981 -3.985 -1.298 -1.481
-0.305 0.107 0.981 -4.046 -1.557 -1.634
-0.306 0.119 0.988 -4.198 -0.885 -1.511
-0.305 0.113 0.986 -4.748 -0.779 -1.313
-0.319 0.108 0.984 -4.382 -0.489 -0.534