-0.085 -0.009 1.055 -3.435 0.046 -0.55
-0.08 0.001 1.049 -4.168 -0.702 -0.351
-0.082 -0.008 1.054 -4.427 -0.29 0.092
-0.083 -0.007 1.051 -4.687 0.275 -0.153
-0.086 -0.004 1.059 -4.641 -0.87 -0.107
-0.075 -0.006 1.044 -4.885 -1.405 0.107
-0.077 -0.024 1.064 -4.244 -1.405 0.305
-0.081 -0.016 1.055 -4.412 -1.496 0.092
-0.084 -0.024 1.058 -4.229 -1.756 -0.397
-0.079 -0.005 1.05 -4.275 -1.557 -0.489
-0.084 -0.009 1.053 -5.221 -1.725 -0.779
-0.078 -0.021 1.047 -5.038 -1.878 -0.611
-0.074 -0.015 1.052 -4.641 -1.664 -1.237
-0.069 -0.017 1.051 -4.534 -1.466 -0.611
-0.075 -0.009 1.054 -4.55 -0.641 -0.626
-0.071 -0.011 1.055 -4.733 -0.992 0.076
-0.073 -0.002 1.05 -5.069 -0.992 0.626
-0.075 -0.019 1.051 -4.595 -0.672 0.198
-0.082 -0.007 1.053 -4.718 -0.321 0.382
-0.084 -0.027 1.063 -4.901 -0.198 0.534
-0.093 -0.02 1.048 -3.893 -0.26 -0.382
-0.079 -0.019 1.054 -4.168 -0.947 -0.656
-0.077 -0.011 1.052 -4.702 -1.237 -0.519
-0.073 -0.004 1.05 -4.931 -0.824 -0.351
-0.069 -0.012 1.056 -5.221 -0.061 -0.458
-0.075 -0.009 1.046 -5.756 0.061 0.092
-0.071 -0.026 1.056 -5.573 -1.725 -0.687
-0.071 -0.009 1.045 -5.099 -1.725 -0.137
-0.081 -0.021 1.049 -5.374 -1.664 0.626
-0.093 -0.018 1.066 -5.053 -1.618 0.046
-0.09 -0.029 1.056 -4.977 -1.511 -0.031
-0.089 -0.039 1.05 -3.893 -3.511 -1.298
-0.072 -0.021 1.046 -3.191 -3.405 -1.374
-0.069 -0.014 1.042 -3.634 -3.221 -1.084
-0.058 -0.005 1.048 -3.969 -1.924 -1.023
-0.045 -0.011 1.046 -4.244 -0.702 -0.137
-0.058 -0.003 1.046 -4.153 0.733 0.534
-0.074 0.007 1.043 -4.611 0.412 0.794
-0.091 -0.009 1.054 -4.779 0.229 0.519
-0.093 -0.005 1.058 -5.023 -0.107 0.382
-0.098 -0.01 1.056 -5.252 -0.412 0.641
-0.093 -0.02 1.06 -4.87 -1.16 0.229
-0.09 -0.021 1.066 -4.87 -2.321 0.321
-0.083 -0.019 1.062 -4.947 -2.626 -0.061
-0.075 -0.014 1.055 -5.527 -2.321 0.122
-0.077 -0.013 1.059 -5.634 -2.26 0.55
-0.078 -0.015 1.047 -5.954 -2.58 1.725
-0.082 -0.021 1.055 -5.847 -2.473 1.71
-0.076 -0.029 1.042 -5.908 -2.26 0.473
-0.073 -0.024 1.055 -6.076 -2.061 0.275
-0.077 -0.038 1.056 -5.74 -1.557 -0.061
-0.076 -0.037 1.062 -4.962 -1.359 -0.137
-0.08 -0.035 1.058 -4.519 -1.786 -0.702
-0.07 -0.032 1.051 -3.481 -1.878 -0.733
-0.08 -0.025 1.057 -3.481 -2.305 -1.053
-0.078 -0.03 1.061 -3.267 -2.412 -1.405
-0.104 -0.018 1.109 -4.458 -5.756 -1.115
-0.086 -0.027 1.07 -2.229 -2.779 -0.382
-0.095 -0.04 1.073 -2.641 -2.962 -1.115
-0.108 -0.048 1.083 -4.0 -6.55 -3.084
-0.081 -0.085 1.078 -6.244 -8.168 -5.374
-0.05 -0.133 1.079 -6.718 -9.191 -8.565
-0.031 -0.166 1.058 -6.84 -8.122 -11.252
-0.012 -0.222 1.089 -2.992 -7.802 -13.053
-0.01 -0.23 1.079 -0.855 -7.74 -16.504
0.013 -0.248 1.071 1.832 -4.275 -18.382
-0.002 -0.28 1.084 6.733 -3.45 -18.626
0.01 -0.261 1.075 11.527 -0.168 -18.489
0.001 -0.255 1.074 16.458 2.473 -17.725
-0.033 -0.229 1.099 20.87 4.29 -16.855
-0.05 -0.196 1.094 23.634 6.336 -14.779
-0.066 -0.189 1.111 26.122 6.519 -15.16
-0.081 -0.162 1.1 28.122 6.214 -14.336
-0.093 -0.136 1.097 28.977 6.214 -13.435
-0.14 -0.081 1.132 27.176 4.153 -15.618
-0.173 -0.004 1.13 22.794 -1.16 -18.916
-0.211 0.016 1.159 15.954 -7.664 -19.71
-0.23 -0.022 1.172 10.153 -15.634 -21.145
-0.241 -0.057 1.163 4.473 -22.702 -23.802
-0.191 -0.117 1.143 -0.809 -28.534 -32.061
-0.151 -0.134 1.146 -5.893 -34.29 -37.756
-0.056 -0.245 1.106 -6.504 -34.687 -44.382
-0.004 -0.294 1.083 -1.344 -31.298 -48.412
0.041 -0.319 1.05 7.053 -26.718 -45.145
0.044 -0.276 1.04 15.237 -20.504 -41.206
0.011 -0.181 1.041 20.687 -14.84 -38.519
-0.043 -0.096 1.047 22.397 -10.855 -32.595
-0.101 -0.08 1.072 22.351 -10.901 -26.351
-0.177 -0.06 1.096 20.473 -16.611 -26.565
-0.163 -0.05 1.073 14.427 -24.366 -28.183
-0.142 -0.101 1.047 7.573 -31.359 -30.214
-0.06 -0.163 1.025 4.107 -34.214 -37.435
-0.013 -0.186 0.995 3.603 -32.29 -48.366
0.033 -0.189 0.983 6.046 -27.496 -54.336
0.021 -0.125 0.988 9.588 -21.832 -59.847
0.005 -0.086 0.982 11.435 -18.641 -58.076
-0.022 -0.044 0.988 10.779 -16.198 -57.298
-0.05 -0.034 1.001 11.023 -13.435 -54.916
-0.12 -0.083 1.026 14.534 -14.092 -49.023
-0.129 -0.124 1.014 20.595 -18.718 -54.992
-0.091 -0.038 0.98 22.809 -20.824 -64.962
-0.061 0.02 0.97 20.55 -21.481 -74.076
-0.022 0.042 0.964 19.023 -19.206 -80.595
-0.024 0.097 0.953 17.786 -15.832 -83.16
-0.034 0.123 0.978 18.473 -13.527 -80.168
-0.037 0.192 0.979 20.244 -10.626 -72.641
-0.021 0.248 0.98 21.053 -7.099 -58.366
-0.051 0.304 0.994 19.344 -5.908 -49.42
-0.085 0.352 1.018 12.198 -5.634 -46.092
-0.133 0.326 1.051 2.855 -10.153 -52.397
-0.1 0.32 1.047 -6.87 -12.58 -64.366
-0.083 0.244 1.048 -11.649 -13.802 -71.023
-0.044 0.226 1.044 -10.687 -12.565 -76.55
-0.003 0.248 1.03 -8.687 -9.71 -73.282
0.023 0.258 1.01 -6.351 -5.053 -68.305
0.026 0.314 1.017 -5.893 -0.87 -59.649
0.025 0.29 1.015 -5.985 1.725 -48.229
-0.027 0.189 1.052 -2.794 0.0 -41.191
-0.038 0.126 1.057 3.634 -2.397 -39.389
-0.028 0.128 1.053 10.412 -4.855 -41.267
0.008 0.169 1.027 15.298 -4.595 -44.382
0.028 0.239 1.023 18.321 -2.412 -43.908
0.049 0.3 1.01 18.366 0.55 -40.153
0.042 0.37 1.017 15.573 3.985 -35.221
0.053 0.404 0.999 9.557 5.405 -28.26
0.035 0.374 1.022 4.611 6.824 -20.046
0.011 0.277 1.018 3.771 5.389 -15.206
-0.042 0.227 1.036 5.359 1.893 -16.351
-0.037 0.206 1.036 7.893 -1.985 -23.985
-0.01 0.259 1.031 8.534 -1.847 -31.084
0.012 0.326 1.001 5.359 0.992 -36.198
-0.034 0.355 1.038 1.466 3.282 -36.947
-0.06 0.346 1.054 -1.191 1.618 -37.191
-0.052 0.367 1.037 -3.985 1.313 -33.878
-0.072 0.343 1.051 -6.183 0.321 -27.145
-0.073 0.267 1.059 -3.802 -0.672 -21.435
-0.065 0.274 1.056 -0.534 -0.947 -14.641
-0.06 0.269 1.051 1.603 -1.649 -7.45
-0.029 0.236 1.039 4.046 -3.16 -5.939
0.01 0.248 1.02 4.58 -1.176 -6.626
0.005 0.245 1.016 2.885 -1.603 -7.817
-0.008 0.23 1.016 2.015 -0.031 -9.71
0.003 0.226 1.031 1.298 -0.824 -10.122
-0.006 0.216 1.016 0.885 -0.763 -9.282
-0.005 0.233 1.018 1.863 -0.626 -8.214
0.007 0.241 1.01 2.962 0.947 -5.42
-0.006 0.283 1.012 2.397 1.298 -4.443
-0.004 0.302 1.009 0.718 2.58 -1.634
-0.005 0.321 1.014 -2.366 3.344 0.244
-0.026 0.3 1.028 -5.985 3.099 1.221
-0.039 0.256 1.035 -9.069 1.985 0.534
-0.049 0.224 1.052 -10.962 0.611 -0.534
-0.028 0.165 1.041 -10.855 0.137 -0.351
-0.022 0.166 1.058 -10.382 0.748 -0.977
-0.006 0.146 1.042 -10.26 1.527 0.168
-0.01 0.123 1.056 -9.206 1.771 1.939
-0.003 0.098 1.053 -7.832 0.137 3.771
-0.003 0.092 1.052 -5.069 0.855 4.244
-0.008 0.109 1.06 -3.313 0.168 4.275
-0.008 0.117 1.063 -2.519 0.397 3.084
-0.01 0.12 1.054 -1.985 0.122 2.763
-0.01 0.13 1.069 -1.435 -0.29 2.55
-0.015 0.142 1.059 -1.221 -0.321 2.321
-0.008 0.16 1.06 -2.733 -0.275 2.015
-0.011 0.144 1.061 -3.557 0.397 2.504
-0.017 0.152 1.064 -4.351 -0.763 3.405
-0.017 0.122 1.063 -4.534 -1.099 3.313
0.002 0.108 1.054 -3.893 -1.435 1.939
-0.001 0.111 1.058 -3.924 -1.237 1.023
-0.006 0.104 1.051 -3.099 -1.115 0.107
0.004 0.119 1.049 -2.84 -0.58 -0.672
-0.001 0.137 1.052 -3.16 0.076 -1.389
-0.008 0.146 1.046 -4.26 0.137 -0.87
-0.003 0.146 1.049 -4.779 0.427 1.237
-0.019 0.142 1.056 -4.534 0.58 3.16
-0.011 0.126 1.049 -3.374 0.534 3.802
-0.026 0.119 1.055 -1.603 -0.58 3.71
-0.016 0.128 1.044 -1.344 0.015 2.687
-0.017 0.137 1.048 -1.313 -1.115 2.076
-0.008 0.148 1.047 -1.74 -0.122 1.282
-0.006 0.146 1.044 -3.145 0.153 2.061
-0.006 0.145 1.044 -3.863 0.641 2.183
-0.012 0.127 1.05 -4.947 -0.611 2.672
-0.016 0.126 1.06 -5.038 -0.84 1.206
-0.016 0.112 1.056 -4.55 -1.527 1.389
-0.009 0.122 1.056 -2.885 -0.901 1.679
-0.008 0.116 1.054 -1.74 -0.275 2.336
-0.007 0.118 1.054 -0.58 -0.107 2.733
-0.007 0.134 1.054 -0.214 -0.443 2.534
-0.014 0.144 1.056 -0.336 -0.779 2.534
-0.012 0.146 1.052 -1.069 -0.901 2.076
-0.007 0.158 1.045 -1.847 0.061 2.458
-0.008 0.163 1.046 -2.901 0.565 2.763
0.007 0.15 1.033 -3.252 -0.305 2.29
-0.008 0.143 1.038 -3.053 -0.687 2.473
-0.012 0.133 1.036 -2.244 -1.16 2.275
-0.025 0.147 1.049 -2.076 -1.542 1.282
-0.018 0.162 1.051 -2.336 -1.496 0.687
-0.023 0.148 1.055 -2.427 -1.542 -0.55
-0.022 0.164 1.055 -3.252 -1.634 -1.115
-0.021 0.164 1.058 -4.076 -1.969 -0.244
-0.025 0.163 1.047 -4.351 -1.725 1.16
-0.009 0.158 1.048 -4.137 -1.45 1.618
-0.001 0.15 1.031 -3.832 -1.099 2.489
0.008 0.152 1.033 -3.649 -0.275 2.412
0.004 0.156 1.043 -3.725 0.382 1.679
-0.005 0.166 1.048 -4.733 0.809 0.702
0.0 0.149 1.055 -5.405 1.45 -0.061
0.014 0.129 1.047 -5.191 1.939 -0.061
-0.01 0.107 1.055 -4.366 2.702 0.901
-0.009 0.098 1.051 -2.198 2.244 0.198
-0.038 0.134 1.059 -1.786 0.412 1.16
-0.02 0.145 1.056 -1.756 -0.137 1.939
-0.03 0.124 1.064 -1.511 -1.145 3.008
-0.033 0.13 1.068 -1.282 -1.939 1.771
-0.034 0.146 1.06 -1.802 -2.321 0.748
-0.026 0.14 1.054 -2.061 -3.344 -0.885
-0.021 0.164 1.05 -2.321 -4.031 -1.511
-0.016 0.166 1.049 -2.763 -3.618 -1.267
-0.004 0.156 1.05 -2.351 -2.824 0.382
0.0 0.177 1.048 -2.122 -2.779 1.573
0.005 0.183 1.04 -2.595 -1.603 3.084
-0.004 0.177 1.042 -3.008 -1.939 3.847
0.01 0.189 1.034 -3.924 -1.725 4.076
-0.001 0.181 1.039 -5.313 -1.725 3.908
-0.005 0.166 1.036 -5.908 -1.985 1.786
-0.006 0.153 1.037 -6.305 -2.427 0.672
-0.006 0.149 1.042 -5.695 -2.153 -0.687
0.001 0.167 1.052 -5.435 -1.802 0.824
0.0 0.156 1.047 -5.084 -0.565 2.229
-0.013 0.175 1.052 -4.84 -0.168 3.832
-0.009 0.176 1.051 -5.542 -0.29 4.794
-0.021 0.16 1.059 -5.863 -0.107 5.466
-0.019 0.149 1.053 -6.382 -1.176 4.076
-0.005 0.146 1.045 -6.565 -1.634 3.237
-0.009 0.127 1.041 -6.336 -1.969 1.924
-0.001 0.129 1.051 -5.74 -2.122 0.855
-0.005 0.129 1.044 -5.038 -1.328 1.069
-0.012 0.123 1.052 -4.26 -1.496 1.618
-0.003 0.13 1.049 -3.634 -1.466 1.176
-0.004 0.14 1.052 -3.511 -1.176 0.656
-0.009 0.145 1.052 -3.679 -0.947 0.168
-0.021 0.156 1.055 -4.672 -1.802 0.076
-0.007 0.162 1.042 -5.191 -1.832 0.229
-0.004 0.168 1.048 -6.229 -1.817 0.412
0.002 0.158 1.052 -6.87 -0.977 0.656
-0.026 0.138 1.046 -7.206 -1.237 0.321
-0.014 0.112 1.054 -5.771 -3.344 -1.313
-0.007 0.131 1.041 -4.931 -3.496 -1.802
0.009 0.138 1.039 -4.183 -2.611 -1.573
-0.006 0.154 1.041 -4.107 -1.649 -0.244
0.0 0.16 1.052 -4.046 -0.641 1.924
0.001 0.144 1.048 -3.542 -1.557 2.107
0.011 0.16 1.043 -3.069 -1.969 1.847
0.013 0.165 1.032 -3.634 -1.649 1.45
0.001 0.162 1.035 -4.504 -1.603 0.748
-0.011 0.149 1.051 -4.275 -2.504 -1.206
0.008 0.159 1.041 -5.053 -1.924 -1.847
-0.003 0.165 1.056 -5.756 -1.481 -0.809
0.005 0.158 1.045 -5.969 -0.718 0.244
0.003 0.162 1.042 -6.29 -0.153 2.534
0.003 0.142 1.048 -6.366 0.107 3.145
-0.006 0.138 1.058 -6.076 0.87 3.511
-0.009 0.129 1.056 -6.214 0.122 2.458
-0.022 0.131 1.064 -6.321 0.137 0.29
-0.017 0.114 1.06 -5.756 -0.885 -0.763
-0.021 0.134 1.053 -5.252 -1.099 -0.901
-0.01 0.134 1.049 -5.221 -1.298 -0.366
-0.007 0.138 1.045 -4.55 -1.496 0.0
0.0 0.143 1.037 -4.336 -2.107 -0.397
0.007 0.156 1.021 -4.427 -1.45 -0.29
0.013 0.165 1.044 -4.427 -1.099 0.015
0.012 0.164 1.04 -5.191 -0.931 0.458
-0.002 0.156 1.059 -5.557 -0.733 0.122
-0.008 0.156 1.046 -5.588 -0.763 -0.336
-0.006 0.162 1.051 -5.511 -0.702 -1.008
-0.013 0.164 1.057 -5.954 -0.412 -0.198
-0.02 0.157 1.057 -6.046 -0.321 -0.061
-0.017 0.156 1.054 -5.298 -0.305 0.443
-0.017 0.147 1.051 -5.527 0.031 0.412
-0.005 0.152 1.045 -5.115 -0.443 0.351
-0.002 0.16 1.04 -4.733 -0.198 1.191
-0.016 0.167 1.049 -4.489 -0.061 1.756
-0.015 0.176 1.05 -5.863 -0.656 1.756
-0.015 0.163 1.056 -7.008 -0.87 0.824
-0.017 0.146 1.057 -8.168 -0.794 0.382
-0.008 0.129 1.052 -8.763 -1.038 -0.58
-0.011 0.116 1.055 -9.115 -0.962 -0.489
0.007 0.09 1.058 -8.229 -1.252 -0.763
0.005 0.085 1.052 -6.962 -0.305 -0.168
0.001 0.083 1.052 -5.176 -0.977 0.397
0.009 0.086 1.047 -3.099 -0.443 0.87
-0.005 0.096 1.055 -2.26 -1.008 0.214
0.004 0.115 1.04 -1.45 -0.901 -0.962
-0.006 0.146 1.041 -1.588 -1.191 -1.924
-0.003 0.153 1.049 -2.351 -1.176 -2.092
-0.008 0.177 1.046 -2.748 -1.557 -1.374
-0.004 0.179 1.05 -3.435 -1.359 -1.023
-0.001 0.175 1.041 -4.0 -1.527 -0.702
-0.011 0.18 1.042 -4.947 -1.42 -1.191
-0.016 0.174 1.055 -5.099 -2.198 -1.344
-0.005 0.173 1.048 -5.16 -2.107 -2.092
-0.002 0.183 1.042 -5.893 -1.679 -1.206
0.001 0.179 1.045 -6.061 -1.42 -0.595
-0.016 0.188 1.047 -6.763 -1.16 1.069
-0.017 0.165 1.058 -7.603 -1.756 2.489
-0.009 0.151 1.056 -7.878 -1.725 1.847
-0.0 0.137 1.045 -8.137 -1.191 1.481
-0.013 0.118 1.05 -7.511 -1.191 1.405
-0.013 0.113 1.053 -5.985 -1.664 0.153
-0.002 0.11 1.044 -4.733 -3.191 -0.855
-0.005 0.136 1.057 -3.832 -2.321 -0.87
0.001 0.136 1.049 -3.527 -2.656 -0.412
-0.004 0.142 1.054 -3.649 -1.71 0.382
-0.005 0.15 1.04 -4.092 -1.42 0.656
-0.009 0.159 1.042 -4.931 -0.962 1.252
-0.008 0.146 1.053 -5.603 -1.389 1.863
-0.006 0.126 1.048 -5.252 -1.817 1.511
-0.0 0.136 1.045 -5.603 -1.389 0.901
-0.007 0.121 1.051 -5.282 -1.313 -0.198
0.0 0.119 1.037 -4.519 -1.099 -0.794
0.003 0.125 1.042 -3.679 -1.13 -1.847
-0.001 0.135 1.047 -3.237 -0.58 -1.252
-0.01 0.146 1.045 -3.344 -0.58 -0.901
-0.011 0.15 1.056 -3.573 -0.824 -0.321
-0.002 0.146 1.044 -3.954 -1.71 0.351
-0.007 0.14 1.044 -4.107 -1.481 0.565
-0.007 0.14 1.036 -3.863 -1.649 0.489
0.001 0.15 1.047 -4.137 -0.992 0.046
-0.008 0.145 1.045 -4.55 -1.084 -1.099
-0.002 0.155 1.055 -5.099 -0.916 -1.328
-0.006 0.146 1.048 -5.084 -0.687 -1.649
-0.001 0.141 1.055 -4.397 -0.947 -1.053
0.01 0.138 1.034 -3.863 -0.046 -0.122
-0.002 0.147 1.057 -4.076 -0.382 0.779
-0.003 0.13 1.05 -4.29 -0.275 0.336
0.002 0.126 1.067 -4.305 -0.595 -0.489
-0.005 0.135 1.054 -4.137 -0.565 -1.206
0.003 0.133 1.051 -4.382 -0.351 -0.962
-0.009 0.142 1.058 -4.061 -1.099 -0.931
-0.005 0.144 1.055 -4.397 -1.405 -0.824
-0.003 0.148 1.06 -4.366 -0.855 -1.176
-0.011 0.147 1.062 -4.519 -0.305 -1.008
-0.025 0.136 1.058 -4.626 -1.649 -0.656
-0.016 0.142 1.056 -3.695 -2.198 -0.763
0.01 0.151 1.045 -3.908 -1.756 -0.015
0.004 0.153 1.039 -3.786 -1.206 0.412
0.015 0.157 1.031 -3.985 -0.534 0.137
0.021 0.152 1.033 -4.504 -0.931 -0.779
0.01 0.155 1.033 -4.702 -0.656 -0.779
-0.007 0.144 1.045 -4.137 -1.145 -1.176
-0.004 0.147 1.046 -4.366 -0.382 -1.542
-0.017 0.151 1.052 -4.595 -0.183 -1.115
-0.012 0.155 1.051 -4.519 -0.321 -0.412
-0.009 0.15 1.049 -4.427 -0.168 -0.656
-0.004 0.159 1.05 -4.824 0.122 0.519
0.003 0.153 1.055 -4.977 0.977 0.885
-0.013 0.157 1.051 -5.908 1.298 1.344
-0.004 0.128 1.051 -5.542 -0.718 0.779
-0.001 0.14 1.049 -5.206 -1.389 0.672
-0.007 0.132 1.055 -4.916 -1.191 0.473
-0.014 0.131 1.056 -4.534 -1.557 -1.023
-0.016 0.142 1.053 -4.779 -1.328 -1.695
-0.007 0.146 1.057 -4.809 -0.366 -0.931
0.0 0.142 1.041 -4.901 -0.473 -0.061
-0.01 0.15 1.063 -4.412 -0.153 0.687
-0.009 0.138 1.055 -4.779 -0.901 0.55
-0.013 0.141 1.058 -5.42 -1.344 -0.107
-0.018 0.134 1.064 -5.527 -1.756 -0.412
-0.007 0.134 1.058 -5.282 -1.221 -0.275
-0.004 0.131 1.058 -4.779 -1.802 -0.351
-0.005 0.135 1.059 -4.29 -1.847 -0.366
0.003 0.137 1.046 -4.305 -1.603 -0.931
0.009 0.138 1.041 -4.015 -0.733 -1.008
0.011 0.144 1.045 -4.229 0.336 -0.122
0.002 0.147 1.05 -4.229 0.595 0.076
-0.008 0.15 1.04 -4.595 0.153 0.046
-0.003 0.147 1.047 -4.58 0.153 -0.382
-0.01 0.144 1.051 -5.176 0.779 -0.489
-0.028 0.149 1.053 -5.786 -0.076 -0.382
-0.016 0.133 1.054 -5.389 -1.878 -0.718
-0.017 0.147 1.054 -5.13 -2.641 -1.084
-0.01 0.145 1.05 -4.748 -2.122 -0.427
-0.017 0.152 1.049 -4.824 -1.618 -0.534
-0.02 0.153 1.056 -5.282 -2.0 -0.427
-0.004 0.159 1.05 -5.16 -1.359 -0.473
0.001 0.164 1.051 -5.374 -0.534 0.595
-0.006 0.167 1.045 -5.771 0.565 1.008
-0.003 0.161 1.045 -6.366 1.038 1.435
0.004 0.144 1.06 -6.824 1.588 1.725
-0.011 0.123 1.039 -5.969 0.015 2.107
-0.003 0.132 1.048 -4.87 -0.916 0.0
-0.011 0.137 1.051 -4.809 -1.069 0.565
-0.01 0.142 1.054 -4.443 -1.023 -0.031
-0.007 0.142 1.051 -4.824 -0.84 0.214
-0.012 0.133 1.043 -4.656 -0.947 0.015
-0.004 0.132 1.039 -4.107 -1.069 0.015
-0.015 0.141 1.054 -3.45 -1.359 0.107
-0.01 0.159 1.049 -3.725 -1.237 0.122
0.0 0.165 1.035 -4.122 -0.916 0.519