-0.284 -0.21 0.977 -4.87 2.351 1.74
-0.295 -0.207 0.995 -5.939 -3.817 0.947
-0.245 -0.212 0.969 -6.351 -4.244 -0.198
-0.245 -0.237 0.977 -5.618 -0.489 -0.672
-0.255 -0.235 0.98 -3.679 0.443 -2.305
-0.261 -0.216 0.982 -3.511 2.595 -1.969
-0.305 -0.214 0.998 -3.389 -1.908 -2.321
-0.294 -0.191 0.988 -3.847 -4.87 -1.679
-0.287 -0.2 1.001 -4.458 -4.107 -0.992
-0.281 -0.195 0.991 -4.26 -3.542 -0.656
-0.306 -0.195 1.006 -4.534 -5.924 -0.412
-0.281 -0.208 0.99 -4.336 -5.908 -0.962
-0.273 -0.205 0.987 -4.656 -5.985 -1.908
-0.266 -0.2 0.976 -4.611 -4.443 -2.992
-0.254 -0.198 0.98 -5.16 -4.076 -2.534
-0.256 -0.2 0.979 -4.427 -1.634 -0.641
-0.274 -0.206 0.999 -5.084 -3.206 0.687
-0.267 -0.186 0.975 -4.122 -0.443 1.16
-0.275 -0.211 0.992 -4.534 -1.435 2.275
-0.268 -0.222 0.997 -3.634 -2.504 2.137
-0.24 -0.193 0.972 -3.313 0.366 2.366
-0.287 -0.199 0.989 -3.817 -0.885 3.206
-0.268 -0.219 0.981 -3.298 -1.71 1.008
-0.269 -0.19 0.985 -4.55 -1.679 0.198
-0.258 -0.2 0.973 -4.947 -1.023 0.534
-0.267 -0.203 0.975 -4.656 -4.153 -1.221
-0.266 -0.191 0.978 -4.84 -3.878 -0.992
-0.26 -0.198 0.984 -4.626 -3.74 -0.458
-0.255 -0.205 0.977 -4.641 -4.031 -0.183
-0.255 -0.207 0.974 -3.771 -2.534 -0.168
-0.267 -0.21 0.983 -2.809 -2.855 0.977
-0.267 -0.195 0.981 -2.565 -1.389 0.748
-0.276 -0.194 0.997 -3.313 -1.038 1.16
-0.266 -0.207 0.985 -3.252 -1.557 2.626
-0.256 -0.192 0.988 -4.031 0.061 0.687
-0.269 -0.191 0.976 -4.992 1.573 1.481
-0.284 -0.201 0.993 -4.87 1.008 1.313
-0.275 -0.197 0.987 -4.443 -1.145 2.458
-0.265 -0.205 0.991 -3.588 -0.718 2.107
-0.272 -0.199 0.987 -4.229 -1.618 2.473
-0.278 -0.215 0.986 -4.611 -0.977 1.679
-0.283 -0.203 0.997 -5.344 -1.985 -0.58
-0.268 -0.206 0.986 -5.603 -1.649 -0.046
-0.32 -0.212 1.064 -5.863 -6.519 3.313
-0.245 -0.192 0.985 -3.954 2.107 2.427
-0.274 -0.218 1.012 -6.397 -1.023 4.595
-0.281 -0.265 1.034 -5.481 1.084 4.458
-0.272 -0.298 1.05 -4.427 -1.618 5.13
-0.247 -0.322 1.013 -2.107 -5.756 4.687
-0.264 -0.319 1.057 -1.359 -2.656 7.908
-0.191 -0.383 1.028 3.16 -1.374 12.397
-0.219 -0.401 1.028 9.695 0.061 12.656
-0.176 -0.367 1.008 15.13 5.038 17.298
-0.192 -0.359 1.01 18.321 6.626 18.427
-0.216 -0.356 0.985 22.473 7.038 15.298
-0.246 -0.306 1.004 24.702 11.634 16.916
-0.261 -0.302 0.981 26.733 9.756 15.542
-0.315 -0.271 0.999 26.504 9.817 12.794
-0.333 -0.268 1.016 24.015 5.298 9.405
-0.33 -0.269 1.025 20.672 1.344 2.58
-0.347 -0.266 1.039 16.076 -4.443 -2.321
-0.313 -0.298 1.017 12.397 -8.87 -8.076
-0.287 -0.329 1.012 10.626 -11.847 -13.099
-0.25 -0.35 1.006 11.725 -10.687 -15.863
-0.265 -0.365 1.006 15.191 -8.26 -15.817
-0.264 -0.374 0.998 19.557 -7.298 -16.275
-0.279 -0.365 1.021 23.649 -5.893 -16.718
-0.305 -0.371 1.021 25.954 -6.0 -19.573
-0.33 -0.333 1.044 26.565 -6.84 -21.939
-0.348 -0.339 1.063 26.0 -10.992 -23.038
-0.32 -0.346 1.043 26.885 -14.214 -26.489
-0.315 -0.333 1.053 30.26 -14.672 -22.87
-0.275 -0.328 1.016 35.298 -15.374 -17.664
-0.289 -0.314 1.018 41.267 -12.824 -9.573
-0.283 -0.29 1.027 46.29 -13.176 -0.595
-0.29 -0.257 1.027 47.802 -8.916 7.618
-0.28 -0.222 1.029 46.87 -6.412 14.473
-0.336 -0.227 1.052 43.527 -4.885 19.252
-0.37 -0.275 1.057 41.435 -14.229 11.267
-0.397 -0.334 1.074 39.313 -25.191 -5.786
-0.346 -0.309 1.034 38.351 -31.45 -26.427
-0.311 -0.261 1.001 35.802 -36.84 -45.252
-0.269 -0.184 0.961 35.863 -29.221 -54.809
-0.194 -0.172 0.983 36.748 -28.794 -54.198
-0.36 -0.2 1.017 41.267 -32.626 -60.153
-0.267 -0.159 0.982 49.237 -25.481 -49.405
-0.24 -0.125 0.951 58.489 -26.58 -41.756
-0.195 -0.083 0.927 66.0 -17.328 -32.122
-0.232 -0.033 0.934 68.931 -12.718 -23.13
-0.297 -0.002 0.969 68.901 -15.71 -23.771
-0.296 0.048 0.966 62.031 -17.786 -29.069
-0.285 0.035 0.966 54.397 -25.573 -39.603
-0.293 0.064 0.977 47.771 -27.695 -48.351
-0.27 0.021 0.961 43.008 -36.366 -58.351
-0.22 0.042 0.941 40.397 -36.321 -70.26
-0.228 0.058 0.95 37.038 -36.824 -74.733
-0.185 0.026 0.925 37.74 -37.344 -78.046
-0.188 0.066 0.916 41.389 -32.672 -76.366
-0.21 0.083 0.927 45.038 -26.122 -72.031
-0.235 0.116 0.938 48.672 -24.382 -71.13
-0.266 0.197 0.961 47.084 -24.351 -71.344
-0.27 0.247 0.954 43.832 -25.267 -70.137
-0.266 0.274 0.956 40.0 -27.115 -65.145
-0.253 0.278 0.948 36.504 -29.206 -62.382
-0.202 0.274 0.938 35.481 -29.802 -58.168
-0.179 0.3 0.918 26.702 -28.824 -55.359
-0.15 0.238 0.916 23.206 -25.527 -50.321
-0.121 0.195 0.923 20.55 -23.42 -50.992
-0.126 0.148 0.922 18.763 -19.374 -54.84
-0.154 0.09 0.938 19.466 -21.45 -64.947
-0.127 0.148 0.929 21.908 -19.313 -74.824
-0.16 0.231 0.943 22.779 -16.427 -73.878
-0.185 0.283 0.966 23.053 -15.893 -69.313
-0.184 0.315 0.966 23.115 -13.802 -62.962
-0.191 0.365 0.971 22.214 -11.328 -53.13
-0.172 0.393 0.962 18.382 -13.847 -44.153
-0.157 0.393 0.971 14.382 -11.771 -35.099
-0.146 0.365 0.979 7.725 -15.069 -29.863
-0.11 0.279 0.968 2.779 -14.061 -25.878
-0.064 0.182 0.963 2.305 -7.618 -28.412
-0.077 0.146 0.949 1.954 -11.756 -36.885
-0.062 0.141 0.945 3.191 -8.458 -45.42
-0.062 0.175 0.938 2.885 -6.733 -53.954
-0.077 0.24 0.944 1.786 -2.489 -57.573
-0.127 0.263 0.98 -0.565 -3.511 -55.603
-0.134 0.257 0.986 -1.679 -4.84 -55.481
-0.154 0.275 1.003 -0.473 -1.878 -49.359
-0.148 0.288 0.996 1.191 -0.061 -44.183
-0.191 0.297 1.023 1.527 -1.832 -38.229
-0.208 0.259 1.035 2.687 -2.763 -33.313
-0.188 0.262 1.043 2.473 -3.634 -38.458
-0.164 0.284 1.023 0.473 -3.664 -40.489
-0.165 0.314 1.023 -3.298 -2.885 -41.405
-0.156 0.314 1.019 -6.824 -2.458 -40.702
-0.139 0.3 1.014 -9.679 -2.0 -37.481
-0.13 0.29 1.017 -10.931 -0.168 -32.992
-0.113 0.248 1.009 -10.855 2.305 -26.092
-0.146 0.202 1.02 -8.794 3.084 -22.382
-0.163 0.18 1.018 -5.45 -0.26 -20.29
-0.132 0.168 1.005 -1.588 -0.412 -17.313
-0.131 0.172 0.999 0.809 -0.137 -17.756
-0.14 0.177 1.009 1.313 -0.977 -20.382
-0.132 0.202 1.005 0.321 -1.924 -24.351
-0.107 0.205 0.995 -0.458 -1.359 -23.405
-0.109 0.187 0.985 0.84 0.55 -22.183
-0.135 0.208 1.007 1.13 0.718 -21.71
-0.133 0.212 1.012 1.588 3.038 -19.557
-0.158 0.22 1.02 0.855 3.771 -18.229
-0.168 0.221 1.036 -0.519 3.786 -17.267
-0.188 0.202 1.055 -0.779 0.702 -17.099
-0.177 0.208 1.048 -1.511 0.168 -16.229
-0.177 0.202 1.037 -1.466 -0.229 -15.664
-0.182 0.189 1.042 -1.298 0.031 -13.863
-0.173 0.205 1.043 -1.527 0.229 -13.588
-0.173 0.198 1.031 -1.634 0.595 -11.328
-0.164 0.192 1.038 -1.634 1.74 -9.634
-0.149 0.189 1.02 -1.344 1.527 -8.809
-0.133 0.199 1.016 -1.435 1.878 -8.351
-0.135 0.199 1.013 -2.29 0.794 -7.298
-0.129 0.188 1.01 -3.359 1.786 -7.664
-0.138 0.196 1.023 -4.458 1.328 -8.26
-0.147 0.196 1.023 -5.038 0.748 -7.771
-0.138 0.195 1.028 -4.855 1.374 -6.779
-0.137 0.208 1.03 -5.42 1.267 -4.489
-0.147 0.203 1.035 -6.305 2.427 -2.519
-0.163 0.186 1.056 -8.198 1.679 -1.466
-0.176 0.157 1.064 -9.145 0.84 -2.092
-0.158 0.131 1.053 -9.634 0.031 -3.389
-0.166 0.121 1.061 -9.115 0.855 -3.023
-0.165 0.119 1.064 -8.718 -2.29 -3.74
-0.155 0.125 1.062 -7.16 -1.511 -3.252
-0.146 0.131 1.046 -6.473 -1.847 -2.427
-0.141 0.129 1.054 -5.695 0.275 -0.916
-0.151 0.128 1.047 -5.802 1.71 -0.183
-0.178 0.108 1.05 -7.176 -3.756 -1.374
-0.162 0.095 1.049 -6.55 -4.931 -3.221
-0.135 0.107 1.032 -5.634 -6.198 -3.664
-0.131 0.118 1.033 -4.687 -3.939 -3.115
-0.159 0.137 1.038 -4.061 -2.366 -2.489
-0.152 0.133 1.028 -3.969 -1.649 -1.573
-0.149 0.123 1.027 -3.237 -0.718 1.374
-0.15 0.125 1.019 -2.901 0.397 2.702
-0.14 0.131 1.022 -2.534 1.542 3.527
-0.134 0.147 1.016 -3.145 3.496 4.015
-0.131 0.146 1.016 -4.183 5.618 4.351
-0.138 0.149 1.013 -5.038 8.931 5.42
-0.189 0.14 1.036 -8.321 -1.634 2.0
-0.164 0.105 1.031 -7.359 -3.634 0.321
-0.138 0.11 1.013 -7.359 -2.046 -0.305
-0.148 0.098 1.023 -6.305 -2.137 -0.87
-0.133 0.13 1.03 -6.29 -0.931 -1.298
-0.156 0.13 1.033 -6.427 0.58 0.198
-0.147 0.126 1.039 -6.443 1.634 -0.015
-0.157 0.119 1.045 -6.702 1.71 1.649
-0.151 0.113 1.05 -6.672 2.84 2.656
-0.167 0.097 1.048 -5.893 2.855 4.0
-0.174 0.113 1.055 -5.756 2.458 3.023
-0.169 0.121 1.045 -6.046 0.824 1.298
-0.147 0.12 1.038 -6.198 1.71 2.031
-0.167 0.115 1.051 -6.137 1.985 1.985
-0.164 0.107 1.049 -6.076 0.595 0.977
-0.173 0.116 1.056 -6.0 -0.412 0.489
-0.167 0.118 1.049 -6.031 -1.557 0.458
-0.171 0.127 1.038 -6.076 -1.496 0.84
-0.155 0.118 1.028 -5.924 -1.908 1.634
-0.143 0.121 1.017 -5.71 -0.214 1.695
-0.15 0.118 1.02 -6.076 -1.053 1.893
-0.154 0.118 1.034 -6.321 -0.046 0.977
-0.149 0.113 1.031 -7.008 -1.756 -0.672
-0.156 0.1 1.039 -6.58 -1.634 -1.023
-0.15 0.106 1.026 -6.076 -1.038 -0.885
-0.168 0.097 1.033 -5.679 -4.015 -0.168
-0.151 0.117 1.028 -5.206 -4.595 -1.252
-0.149 0.132 1.02 -5.679 -3.847 -0.916
-0.145 0.122 1.025 -6.351 -2.336 -0.519
-0.165 0.113 1.034 -6.992 -2.641 -0.641
-0.156 0.101 1.025 -6.504 -2.382 -0.641
-0.172 0.101 1.026 -6.046 -5.023 -0.84
-0.135 0.105 1.018 -5.069 -3.786 -0.901
-0.14 0.115 1.015 -4.84 -1.832 -0.977
-0.137 0.128 1.02 -5.069 -0.412 -0.489
-0.129 0.123 1.012 -5.344 -1.313 -0.412
-0.149 0.13 1.023 -5.71 -2.641 0.351
-0.145 0.128 1.025 -6.229 -2.26 0.977
-0.163 0.121 1.038 -6.885 -0.931 1.557
-0.149 0.11 1.037 -6.779 -1.023 1.099
-0.151 0.099 1.024 -6.687 -0.092 1.649
-0.149 0.095 1.031 -5.603 0.137 1.969
-0.144 0.11 1.024 -5.496 0.443 0.305
-0.16 0.111 1.029 -6.275 0.718 -0.305
-0.148 0.113 1.029 -6.565 0.595 -0.656
-0.149 0.106 1.027 -6.443 0.58 0.015
-0.147 0.107 1.03 -6.046 -1.71 -0.702
-0.15 0.114 1.019 -6.031 -1.481 -0.427
-0.152 0.114 1.03 -5.908 -1.802 -0.397
-0.146 0.116 1.024 -5.725 -0.458 0.168
-0.142 0.111 1.029 -5.603 0.076 0.534
-0.158 0.1 1.032 -5.725 -0.321 -0.214
-0.15 0.099 1.031 -5.771 -0.519 -1.191
-0.146 0.101 1.027 -5.237 -1.023 -1.328
-0.158 0.103 1.036 -4.794 -1.16 -0.992
-0.153 0.103 1.044 -5.008 -1.847 -1.176
-0.148 0.109 1.032 -4.321 -3.405 -2.748
-0.157 0.116 1.04 -4.901 -3.237 -2.092
-0.167 0.112 1.043 -5.099 -4.214 -2.977
-0.151 0.121 1.037 -4.992 -3.878 -2.87
-0.146 0.14 1.043 -6.168 -4.947 -3.023
-0.164 0.131 1.051 -7.145 -4.947 -1.695
-0.167 0.105 1.05 -8.061 -6.427 -2.336
-0.153 0.096 1.051 -8.366 -6.061 -2.885
-0.154 0.08 1.045 -8.015 -4.855 -2.962
-0.179 0.068 1.059 -7.298 -6.351 -4.702
-0.14 0.074 1.042 -5.573 -7.435 -5.603
-0.135 0.089 1.033 -3.893 -4.611 -3.939
-0.155 0.119 1.04 -3.435 -5.863 -3.863
-0.141 0.128 1.031 -3.328 -5.832 -2.931
-0.147 0.148 1.026 -4.168 -5.649 -1.45
-0.16 0.142 1.031 -5.542 -7.435 -1.603
-0.151 0.131 1.03 -6.336 -9.756 -0.595
-0.188 0.107 1.031 -6.626 -15.45 -0.824
-0.143 0.116 1.042 -7.588 -13.954 -2.26
-0.123 0.105 1.024 -7.634 -14.336 -2.122
-0.131 0.088 1.021 -7.176 -14.397 -2.275
-0.113 0.088 1.029 -6.366 -13.786 -1.924
-0.121 0.096 1.03 -5.969 -14.183 -1.282
-0.14 0.086 1.074 -6.412 -22.092 -6.443
-0.124 0.111 1.031 -6.214 -23.115 -7.71
-0.113 0.118 1.03 -6.58 -22.351 -5.908
-0.097 0.114 1.029 -6.611 -20.626 -4.489
-0.086 0.105 1.025 -6.458 -18.534 -3.695
-0.11 0.113 1.036 -7.405 -22.092 -4.107
-0.088 0.098 1.031 -6.656 -16.733 -2.824
-0.095 0.092 1.04 -6.153 -13.603 -1.42
-0.109 0.084 1.047 -6.061 -15.389 -2.061
-0.08 0.084 1.027 -5.008 -13.847 -1.45
-0.127 0.075 1.052 -5.221 -18.29 -2.687
-0.079 0.115 1.03 -6.809 -19.053 -5.16
-0.065 0.111 1.037 -8.153 -15.649 -3.221
-0.085 0.1 1.047 -8.015 -14.092 -3.084
-0.083 0.096 1.038 -9.023 -13.649 -3.878
-0.068 0.093 1.031 -9.786 -12.229 -3.924
-0.063 0.088 1.028 -10.214 -10.122 -4.351
-0.087 0.085 1.04 -9.618 -9.847 -5.786
-0.063 0.085 1.04 -8.595 -5.863 -4.611
-0.068 0.111 1.032 -7.511 -4.565 -2.382
-0.084 0.093 1.047 -8.443 -4.595 -2.992
-0.065 0.096 1.041 -7.802 -2.473 -1.618
-0.08 0.095 1.059 -7.786 -2.031 -0.885
-0.065 0.089 1.051 -7.16 -1.145 -0.947
-0.081 0.085 1.064 -6.473 -2.122 -0.443
-0.088 0.091 1.065 -5.328 -1.221 -0.244
-0.087 0.105 1.056 -5.084 -0.137 0.519
-0.085 0.12 1.057 -5.634 1.084 2.244
-0.094 0.112 1.07 -6.626 1.313 2.962
-0.095 0.091 1.066 -6.809 1.206 2.702
-0.093 0.087 1.06 -6.336 2.046 3.786
-0.085 0.083 1.063 -6.153 3.573 4.397
-0.076 0.089 1.051 -6.397 4.687 4.58
-0.066 0.073 1.043 -6.321 6.916 4.672
-0.072 0.089 1.04 -7.664 6.702 3.145
-0.075 0.086 1.043 -8.519 8.382 3.42
-0.066 0.062 1.045 -8.015 9.588 3.405
-0.086 0.072 1.055 -8.321 9.878 2.641
-0.074 0.07 1.052 -7.786 12.336 3.328
-0.073 0.083 1.049 -7.282 15.878 3.313
-0.082 0.096 1.056 -8.55 19.328 3.74
-0.111 0.104 1.072 -10.702 21.695 1.969
-0.134 0.077 1.082 -9.359 21.374 5.725
-0.116 0.081 1.061 -9.573 19.45 1.954
-0.128 0.107 1.067 -10.534 17.038 1.954
-0.126 0.067 1.059 -10.153 13.496 -0.107
-0.118 0.077 1.052 -9.802 12.214 -2.565
-0.076 0.073 1.018 -9.237 13.649 -3.756
-0.12 0.067 1.038 -8.672 11.16 -6.351
-0.172 0.092 1.041 -10.931 8.122 -10.718
-0.143 0.076 1.045 -13.863 -2.947 -17.145
-0.109 0.096 1.022 -13.756 -0.947 -16.29
-0.149 0.091 1.038 -14.55 -4.214 -14.336
-0.111 0.087 1.012 -13.786 -4.321 -13.786
-0.135 0.078 1.028 -14.214 -6.855 -12.504
-0.105 0.066 1.011 -12.534 -5.221 -10.382
-0.088 0.077 1.0 -11.282 -2.672 -9.344
-0.094 0.02 1.0 -10.718 -4.214 -6.519
-0.108 0.037 1.014 -9.069 -1.344 -8.809
-0.119 0.067 1.025 -8.58 -1.588 -7.313
-0.111 0.081 1.034 -8.763 -0.87 -7.603
-0.118 0.091 1.034 -10.122 -1.176 -6.901
-0.115 0.073 1.04 -9.588 0.076 -4.382
-0.124 0.07 1.033 -9.511 -1.099 -3.817
-0.114 0.055 1.042 -8.824 0.382 -1.588
-0.115 0.053 1.046 -7.511 -0.26 -1.008
-0.129 0.033 1.054 -5.252 1.069 2.031
-0.115 0.021 1.057 -3.557 3.328 1.725
-0.125 0.04 1.07 -3.298 3.42 1.206
-0.155 0.048 1.068 -2.794 1.038 1.725
-0.147 0.058 1.068 -2.779 -0.153 2.519
-0.138 0.067 1.066 -3.328 -0.702 2.458
-0.135 0.059 1.048 -3.557 -1.237 2.901
-0.132 0.045 1.045 -3.023 -0.26 3.74
-0.122 0.055 1.042 -3.038 -1.878 2.992
-0.112 0.061 1.054 -3.45 -0.855 3.221
-0.1 0.04 1.038 -3.069 -0.382 2.84
-0.125 0.048 1.054 -2.351 2.107 3.405
-0.123 0.053 1.054 -2.687 1.328 2.504
-0.139 0.052 1.06 -2.473 1.649 2.412
-0.146 0.061 1.066 -3.023 0.336 2.0
-0.147 0.064 1.071 -3.817 -0.397 2.443
-0.127 0.064 1.057 -4.229 -0.565 2.015
-0.144 0.062 1.056 -4.916 -2.534 1.344
-0.128 0.065 1.048 -5.71 -2.641 -0.229
-0.128 0.052 1.043 -5.893 -2.321 0.29
-0.109 0.062 1.028 -5.863 -2.489 0.092
-0.114 0.053 1.026 -5.725 0.046 1.176
-0.112 0.063 1.023 -5.847 0.962 1.176
-0.116 0.052 1.027 -6.29 1.511 1.099
-0.128 0.056 1.028 -5.969 1.74 1.298
-0.121 0.028 1.036 -4.84 0.351 2.061
-0.106 0.021 1.029 -2.55 3.069 1.527
-0.129 0.041 1.038 -1.878 2.0 -0.794
-0.114 0.069 1.04 -2.137 2.122 -1.924
-0.13 0.085 1.059 -2.336 1.802 -1.45
-0.139 0.092 1.042 -2.336 0.641 0.046
-0.163 0.097 1.06 -2.305 0.214 1.496
-0.156 0.101 1.054 -2.443 -0.397 2.214
-0.141 0.117 1.048 -3.557 -0.198 3.176
-0.144 0.109 1.041 -4.137 0.122 4.061
-0.124 0.12 1.027 -2.84 2.489 5.771
-0.128 0.106 1.018 -4.321 3.527 6.122
-0.132 0.116 1.022 -3.496 6.305 7.679
-0.132 0.117 1.027 -2.336 9.786 12.29
-0.118 0.111 1.024 -2.198 11.893 14.55
-0.13 0.099 1.045 0.29 18.229 20.458
-0.121 0.095 1.03 -0.168 17.603 20.977
-0.144 0.05 1.063 6.855 26.382 28.092
-0.144 0.043 1.068 13.023 23.298 35.924
-0.138 0.046 1.034 19.74 31.16 44.794
-0.126 0.041 1.005 26.779 36.336 55.145
-0.101 0.082 0.988 35.206 44.977 65.771
-0.21 0.133 1.025 32.443 51.863 64.427
-0.182 0.323 1.013 26.076 46.687 50.901
-0.305 0.286 1.054 21.756 44.641 46.702
-0.264 0.339 1.027 12.031 38.183 31.298
-0.259 0.357 1.049 6.84 42.962 34.656
-0.294 0.35 1.033 3.954 40.824 36.076
-0.217 0.38 0.982 -0.458 47.664 39.466
-0.247 0.368 0.984 -4.84 61.603 53.008
-0.256 0.376 0.983 -14.885 57.282 50.0
-0.268 0.4 0.961 -31.13 76.58 41.878
-0.339 0.444 0.91 -65.679 69.084 14.794
-1.604 1.403 0.728 -154.244 -312.947 -87.924
0.993 0.584 2.274 -265.664 -145.191 -49.954
0.254 -0.926 0.991 -27.557 31.16 178.443
-0.24 0.034 0.865 -17.511 -16.611 -80.015
-0.244 0.776 1.003 -53.695 -9.45 21.71
-0.249 0.266 1.038 -64.107 -31.038 70.84
-0.129 0.103 0.984 -55.771 -1.832 30.29
-0.297 0.317 0.998 -70.58 -24.962 -14.794
-0.123 0.266 1.006 -85.985 -30.641 7.924
-0.099 0.058 0.953 -75.206 -18.656 25.069
-0.175 0.033 1.002 -60.534 -18.26 13.771