-0.01 -0.15 1.036 -2.0 0.779 0.748
-0.042 -0.116 1.043 -1.664 3.145 1.634
-0.03 -0.108 1.021 -1.817 5.496 2.855
-0.038 -0.109 1.045 -1.313 5.847 4.0
-0.052 -0.109 1.05 -0.931 2.809 4.183
-0.041 -0.1 1.042 -1.344 2.198 4.55
-0.064 -0.114 1.068 -1.374 2.229 4.595
-0.054 -0.108 1.047 -3.084 0.076 3.573
-0.05 -0.1 1.055 -3.969 -2.031 2.183
-0.039 -0.143 1.056 -3.588 -1.664 1.099
-0.037 -0.132 1.049 -3.206 -0.855 0.076
-0.041 -0.109 1.046 -2.992 -0.473 0.397
-0.039 -0.112 1.05 -2.351 1.573 2.092
-0.042 -0.11 1.047 -1.939 2.137 3.328
-0.034 -0.112 1.036 -2.076 2.626 4.076
-0.033 -0.107 1.031 -2.244 5.344 4.809
-0.073 -0.122 1.051 -2.427 0.595 3.237
-0.053 -0.103 1.041 -2.443 -0.718 2.504
-0.047 -0.094 1.046 -2.962 0.595 3.298
-0.064 -0.105 1.059 -3.313 0.015 2.336
-0.057 -0.112 1.053 -3.695 1.13 1.74
-0.056 -0.117 1.058 -3.573 0.947 1.588
-0.041 -0.104 1.045 -3.221 2.275 1.863
-0.041 -0.108 1.044 -2.901 3.924 2.55
-0.046 -0.107 1.035 -2.595 5.496 3.771
-0.044 -0.092 1.043 -2.336 6.824 4.229
-0.047 -0.101 1.05 -2.901 7.618 5.618
-0.044 -0.11 1.037 -3.328 8.733 6.198
-0.039 -0.103 1.042 -3.45 9.084 4.855
-0.042 -0.108 1.041 -3.664 11.237 4.947
-0.052 -0.113 1.029 -3.634 12.519 4.321
-0.049 -0.092 1.036 -3.481 15.618 5.313
-0.061 -0.104 1.035 -3.649 15.954 5.679
-0.093 -0.122 1.045 -2.305 14.168 4.885
-0.099 -0.108 1.065 -1.695 12.748 4.626
-0.137 -0.1 1.085 -2.031 9.374 2.733
-0.107 -0.112 1.062 -2.29 7.008 1.542
-0.099 -0.092 1.054 -2.397 7.573 2.031
-0.091 -0.104 1.059 -2.305 8.336 3.679
-0.087 -0.108 1.054 -2.061 9.496 5.74
-0.094 -0.113 1.075 -2.901 9.954 5.679
-0.117 -0.149 1.102 -3.16 -0.153 4.733
-0.084 -0.113 1.043 -3.16 5.71 4.473
-0.086 -0.138 1.061 -4.168 4.824 5.557
-0.088 -0.142 1.065 -4.733 4.641 4.58
-0.09 -0.16 1.063 -5.466 3.771 4.046
-0.118 -0.176 1.098 -6.366 2.137 2.595
-0.112 -0.211 1.106 -6.336 -3.313 1.252
-0.097 -0.19 1.099 -10.137 -0.504 0.458
-0.111 -0.24 1.127 -11.847 -3.725 1.13
-0.059 -0.261 1.09 -12.092 -2.947 0.061
-0.042 -0.305 1.082 -9.771 -0.672 2.275
-0.058 -0.374 1.106 -4.26 0.061 3.649
-0.068 -0.373 1.106 1.252 -1.664 0.168
-0.068 -0.339 1.095 4.534 -1.771 -2.901
-0.065 -0.31 1.079 4.458 -3.924 -6.336
-0.099 -0.286 1.09 0.626 -4.824 -13.191
-0.135 -0.272 1.11 -2.702 -7.008 -18.366
-0.142 -0.254 1.096 -5.206 -8.321 -22.031
-0.15 -0.268 1.106 -7.099 -9.435 -23.344
-0.132 -0.313 1.083 -8.046 -11.603 -26.382
-0.119 -0.317 1.085 -6.687 -13.344 -29.863
-0.115 -0.309 1.073 -3.908 -14.702 -32.733
-0.102 -0.286 1.068 -1.267 -13.893 -33.13
-0.114 -0.272 1.055 -0.733 -15.16 -36.55
-0.104 -0.278 1.059 -0.641 -16.626 -38.458
-0.086 -0.262 1.051 -0.809 -15.756 -39.374
-0.075 -0.264 1.055 -1.603 -15.328 -38.702
-0.066 -0.259 1.027 -0.947 -14.015 -36.733
-0.069 -0.24 1.03 -1.16 -12.351 -32.763
-0.065 -0.25 1.025 -1.863 -10.427 -27.618
-0.068 -0.29 1.024 -0.626 -7.969 -25.374
-0.085 -0.286 1.047 -0.321 -6.626 -27.466
-0.092 -0.287 1.061 -2.473 -8.947 -30.763
-0.081 -0.273 1.06 -3.618 -9.344 -31.649
-0.078 -0.28 1.057 -2.641 -7.71 -30.031
-0.073 -0.323 1.053 0.931 -10.611 -28.504
-0.035 -0.319 1.022 6.55 -6.0 -29.008
-0.045 -0.276 1.011 9.603 -3.237 -28.0
-0.053 -0.26 0.988 10.595 -2.595 -29.527
-0.089 -0.172 0.969 5.786 -4.305 -35.908
-0.04 -0.188 0.959 2.656 1.099 -31.847
-0.032 -0.215 0.968 2.672 3.908 -28.458
-0.011 -0.257 0.941 9.649 10.611 -20.26
0.009 -0.216 0.91 18.031 18.321 -11.954
0.001 -0.234 0.891 25.878 25.313 -1.802
-0.046 -0.212 0.908 31.542 30.397 -0.092
-0.162 -0.277 1.007 30.427 23.863 -15.405
-0.14 -0.304 1.0 31.542 13.603 -38.244
-0.049 -0.194 0.958 32.931 14.031 -51.573
-0.139 -0.049 0.965 28.351 16.168 -57.405
-0.138 0.013 0.99 25.588 18.214 -54.397
-0.184 0.014 1.014 24.87 18.076 -48.641
-0.193 -0.007 1.03 26.107 19.267 -41.099
-0.184 -0.03 1.026 33.115 20.046 -28.641
-0.186 -0.024 1.019 39.893 22.183 -16.137
-0.232 0.001 1.045 48.489 18.0 -8.779
-0.257 -0.011 1.087 51.252 4.84 -7.359
-0.139 0.018 0.986 52.855 7.267 -17.496
-0.185 0.038 1.01 46.733 -0.412 -25.405
-0.116 0.053 0.965 42.397 -0.229 -34.29
-0.156 0.055 0.999 39.939 -4.229 -38.168
-0.12 0.065 0.976 40.809 -5.786 -39.16
-0.095 0.105 0.961 43.328 -2.29 -32.977
-0.08 0.126 0.973 45.252 1.893 -25.237
-0.097 0.132 0.981 46.687 3.74 -21.252
-0.087 0.127 0.98 45.802 4.168 -20.992
-0.128 0.119 1.007 41.359 3.832 -30.977
-0.111 0.117 0.988 36.443 -0.809 -43.481
-0.074 0.13 0.96 34.748 2.885 -50.687
-0.075 0.169 0.954 34.84 6.198 -53.374
-0.103 0.245 0.968 35.649 13.328 -51.71
-0.147 0.358 0.992 35.664 15.847 -40.504
-0.16 0.436 0.987 33.817 15.313 -27.038
-0.168 0.522 0.972 30.931 16.137 -11.481
-0.172 0.541 0.984 24.153 14.55 5.053
-0.219 0.45 1.02 20.198 11.099 12.183
-0.197 0.353 1.035 15.786 4.901 9.771
-0.175 0.232 1.033 14.885 -1.191 -2.061
-0.128 0.214 1.019 15.45 -1.817 -17.771
-0.123 0.252 1.004 14.962 -2.687 -30.183
-0.116 0.334 1.013 12.672 -0.489 -38.84
-0.164 0.4 1.022 9.389 0.229 -42.015
-0.163 0.456 1.025 3.45 -0.779 -42.092
-0.186 0.438 1.039 -1.344 -0.702 -35.603
-0.182 0.394 1.038 -3.634 -3.863 -28.382
-0.137 0.368 0.997 -4.214 -3.344 -20.244
-0.141 0.318 1.018 -3.588 -2.244 -12.534
-0.118 0.284 1.031 -3.557 -2.55 -9.985
-0.101 0.216 1.03 -3.573 -2.0 -8.382
-0.09 0.177 1.017 -1.771 -2.962 -11.496
-0.061 0.163 1.004 0.107 -1.527 -13.542
-0.061 0.185 0.997 1.878 0.107 -14.901
-0.065 0.195 1.003 3.206 2.168 -15.115
-0.073 0.2 1.007 3.42 3.008 -14.565
-0.06 0.196 1.0 4.107 3.542 -14.748
-0.058 0.196 1.008 4.153 3.985 -15.847
-0.071 0.214 1.014 3.252 5.405 -15.893
-0.062 0.222 1.004 2.473 5.313 -13.649
-0.056 0.223 1.007 2.031 6.26 -13.328
-0.068 0.232 1.027 0.534 6.198 -13.298
-0.082 0.22 1.021 -1.191 6.885 -13.466
-0.088 0.212 1.035 -1.908 7.649 -13.252
-0.104 0.209 1.041 -2.061 5.985 -12.015
-0.114 0.2 1.037 -1.008 3.893 -12.153
-0.108 0.209 1.039 -0.687 4.061 -11.115
-0.121 0.218 1.049 -1.42 4.26 -11.008
-0.124 0.232 1.047 -3.16 4.519 -9.924
-0.144 0.214 1.066 -5.42 3.863 -8.427
-0.132 0.181 1.068 -6.244 3.298 -7.542
-0.151 0.152 1.09 -5.786 2.473 -7.939
-0.141 0.155 1.07 -5.16 1.679 -8.107
-0.157 0.161 1.082 -4.565 0.885 -8.076
-0.148 0.167 1.068 -4.87 -2.412 -8.137
-0.128 0.169 1.056 -4.366 -4.153 -7.924
-0.129 0.189 1.044 -4.489 -3.878 -6.458
-0.164 0.186 1.061 -6.885 -9.328 -8.733
-0.141 0.173 1.055 -7.695 -13.374 -11.13
-0.137 0.179 1.046 -7.695 -12.046 -9.191
-0.145 0.173 1.043 -7.603 -11.237 -7.313
-0.15 0.153 1.042 -7.618 -12.137 -6.641
-0.13 0.155 1.019 -6.305 -10.229 -5.267
-0.119 0.164 1.017 -6.733 -7.45 -3.603
-0.116 0.168 1.026 -7.878 -4.824 -1.389
-0.131 0.141 1.032 -8.718 -3.115 -0.031
-0.118 0.125 1.031 -9.16 -0.534 1.969
-0.128 0.096 1.029 -9.45 1.176 2.504
-0.134 0.08 1.031 -8.794 1.069 1.649
-0.123 0.083 1.026 -7.649 1.405 1.008
-0.137 0.076 1.035 -6.901 0.015 -0.26
-0.12 0.076 1.026 -5.221 -1.16 -2.031
-0.117 0.104 1.018 -4.427 -0.427 -3.389
-0.139 0.139 1.038 -5.298 -0.87 -4.031
-0.143 0.129 1.045 -6.214 -0.534 -3.252
-0.152 0.116 1.051 -6.87 -1.664 -3.344
-0.147 0.097 1.05 -5.695 -2.855 -2.519
-0.143 0.097 1.04 -4.58 -3.42 -2.351
-0.124 0.098 1.035 -3.298 -3.573 -2.641
-0.109 0.115 1.02 -2.718 -2.855 -2.962
-0.108 0.123 1.02 -2.977 -1.74 -2.885
-0.119 0.123 1.035 -3.618 -1.985 -3.435
-0.125 0.121 1.028 -3.466 -1.313 -3.802
-0.124 0.136 1.035 -3.725 -0.58 -3.557
-0.122 0.13 1.027 -3.725 -0.626 -2.763
-0.116 0.134 1.033 -3.695 -0.962 -2.26
-0.118 0.126 1.033 -3.099 0.534 -2.718
-0.129 0.138 1.032 -2.992 1.176 -2.687
-0.135 0.15 1.036 -3.221 1.13 -1.588
-0.147 0.148 1.042 -3.42 -0.901 -0.748
-0.136 0.138 1.044 -2.595 -1.466 0.214
-0.121 0.142 1.034 -3.191 -1.649 -0.626
-0.129 0.149 1.04 -4.443 -1.313 -0.824
-0.143 0.137 1.052 -5.435 -2.779 -0.382
-0.125 0.118 1.039 -5.527 -4.321 -1.985
-0.117 0.116 1.031 -5.618 -3.42 -2.29
-0.109 0.122 1.034 -5.679 -2.122 -2.626
-0.124 0.125 1.04 -6.198 -0.641 -2.55
-0.128 0.135 1.043 -6.931 -0.336 -1.481
-0.126 0.113 1.038 -6.092 -2.076 0.107
-0.12 0.1 1.037 -4.763 -2.107 -0.489
-0.104 0.108 1.03 -3.71 -1.954 -0.351
-0.103 0.116 1.027 -3.084 -0.214 -0.733
-0.128 0.121 1.031 -3.328 0.962 -0.885
-0.117 0.123 1.021 -3.527 0.321 -1.725
-0.121 0.122 1.035 -2.977 1.176 -1.023
-0.12 0.137 1.023 -2.885 2.229 -0.29
-0.126 0.132 1.031 -3.603 3.725 -0.183
-0.126 0.139 1.033 -4.183 4.931 -0.29
-0.135 0.142 1.031 -4.611 6.107 0.397
-0.131 0.126 1.026 -4.794 3.374 -0.366
-0.141 0.125 1.032 -3.893 2.29 0.0
-0.143 0.137 1.035 -3.542 2.473 0.885
-0.143 0.125 1.044 -3.267 2.656 1.328
-0.144 0.141 1.039 -4.489 3.878 0.672
-0.143 0.137 1.039 -6.183 4.718 0.87
-0.151 0.133 1.042 -8.382 4.824 -0.137
-0.151 0.121 1.041 -9.74 5.115 -0.275
-0.156 0.101 1.05 -9.13 3.282 -0.58
-0.15 0.101 1.047 -7.771 2.229 -0.504
-0.156 0.1 1.04 -6.412 1.664 0.718
-0.146 0.105 1.036 -5.374 1.115 1.191
-0.144 0.105 1.04 -5.282 0.489 0.198
-0.133 0.106 1.032 -5.573 0.519 -0.366
-0.13 0.102 1.023 -5.603 0.595 -0.992
-0.134 0.094 1.033 -5.16 -0.061 -1.863
-0.146 0.114 1.033 -4.534 0.275 -1.588
-0.152 0.122 1.028 -4.473 -0.718 -1.985
-0.153 0.112 1.035 -3.771 -0.534 -0.427
-0.139 0.107 1.028 -2.534 -0.55 -0.412
-0.146 0.122 1.029 -2.0 0.107 0.244
-0.151 0.127 1.032 -2.336 -0.779 -0.321
-0.143 0.133 1.032 -2.672 -0.092 -0.519
-0.143 0.146 1.027 -3.893 0.336 -0.153
-0.147 0.139 1.031 -5.115 0.779 0.092
-0.139 0.123 1.025 -6.641 1.74 -0.137
-0.154 0.112 1.042 -8.275 0.168 -1.45
-0.152 0.089 1.04 -8.183 0.763 -2.351
-0.15 0.079 1.041 -7.191 -0.611 -3.13
-0.149 0.083 1.037 -5.023 -0.565 -3.42
-0.161 0.1 1.045 -3.511 -0.565 -3.374
-0.171 0.126 1.054 -2.733 -1.16 -3.603
-0.171 0.148 1.055 -2.519 -1.908 -3.45
-0.183 0.171 1.06 -3.267 -2.26 -2.031
-0.188 0.164 1.067 -4.672 -3.481 -0.382
-0.164 0.163 1.049 -5.542 -3.832 0.519
-0.146 0.142 1.038 -6.092 -4.336 0.916
-0.124 0.135 1.024 -6.534 -3.924 1.038
-0.107 0.125 1.023 -7.237 -3.008 0.519
-0.103 0.124 1.01 -7.802 -1.695 0.183
-0.104 0.111 1.011 -8.0 -0.55 -0.687
-0.111 0.096 1.014 -7.664 -0.183 -1.924
-0.111 0.109 1.017 -6.901 0.641 -2.427
-0.13 0.119 1.028 -6.504 0.443 -1.954
-0.132 0.115 1.022 -6.092 -0.565 -1.023
-0.135 0.12 1.019 -5.618 -0.076 -0.565
-0.136 0.11 1.03 -5.832 0.137 -0.427
-0.139 0.108 1.019 -6.122 0.229 -1.527
-0.147 0.11 1.035 -5.725 0.031 -1.45
-0.151 0.111 1.035 -4.336 -0.275 -0.901
-0.134 0.116 1.036 -3.328 0.412 -0.55
-0.15 0.137 1.041 -3.45 -0.336 -0.489
-0.157 0.151 1.039 -4.0 -0.336 0.473
-0.165 0.151 1.052 -5.13 -1.802 1.069
-0.153 0.127 1.042 -6.214 -1.908 1.328
-0.155 0.11 1.047 -6.26 -1.725 1.145
-0.148 0.105 1.047 -5.893 -2.427 0.687
-0.143 0.107 1.04 -5.573 -1.939 0.29
-0.146 0.109 1.033 -5.878 -2.885 -0.015
-0.14 0.106 1.031 -5.42 -1.695 0.061
-0.131 0.11 1.018 -5.481 -1.344 0.366
-0.136 0.105 1.035 -4.931 -0.794 0.641
-0.141 0.115 1.029 -5.069 -0.656 0.809
-0.131 0.104 1.018 -4.916 -1.069 0.992
-0.135 0.116 1.014 -4.977 -0.58 1.099
-0.13 0.114 1.021 -5.053 -0.443 1.573
-0.125 0.11 1.01 -4.412 0.824 1.298
-0.134 0.114 1.019 -4.076 1.557 1.435
-0.13 0.124 1.018 -4.489 2.473 1.023
-0.138 0.138 1.017 -6.351 2.336 0.565
-0.152 0.12 1.036 -6.885 1.267 -0.122
-0.15 0.109 1.027 -6.733 0.718 0.046
-0.147 0.12 1.029 -6.641 1.588 0.214
-0.154 0.119 1.031 -6.916 0.855 0.656
-0.16 0.115 1.042 -7.298 -0.153 0.84
-0.16 0.11 1.045 -7.359 -0.382 1.115
-0.157 0.099 1.041 -6.794 -0.366 1.466
-0.152 0.097 1.033 -6.168 0.489 1.191
-0.15 0.099 1.041 -5.878 1.13 1.16
-0.155 0.102 1.04 -5.618 1.16 0.473
-0.149 0.096 1.036 -5.023 0.809 0.534
-0.147 0.104 1.027 -4.656 1.542 0.427
-0.17 0.106 1.052 -4.397 1.176 0.962
-0.169 0.102 1.044 -2.947 -0.26 1.206
-0.167 0.135 1.036 -2.901 -1.435 2.015
-0.159 0.141 1.039 -3.466 -1.725 2.641
-0.154 0.143 1.044 -4.779 -1.145 3.359
-0.141 0.131 1.028 -6.0 -0.595 3.511
-0.153 0.116 1.034 -6.733 -0.55 3.145
-0.135 0.098 1.037 -7.053 -0.733 2.427
-0.129 0.094 1.021 -6.198 0.901 3.405
-0.135 0.085 1.03 -6.809 -0.046 0.626
-0.149 0.077 1.045 -6.351 0.427 -0.931
-0.163 0.08 1.048 -6.275 0.473 -1.74
-0.163 0.071 1.051 -5.008 -0.794 -2.595
-0.15 0.079 1.036 -3.282 -2.519 -2.58
-0.165 0.1 1.042 -2.275 -3.817 -2.183
-0.153 0.109 1.025 -1.939 -3.832 -2.107
-0.14 0.131 1.032 -2.489 -2.672 -1.466
-0.149 0.141 1.027 -4.305 -1.817 -1.802
-0.144 0.129 1.034 -5.496 -1.786 -1.649
-0.144 0.119 1.022 -5.344 -1.252 -1.527
-0.143 0.119 1.027 -5.786 -0.504 -1.13
-0.146 0.107 1.026 -5.71 -0.198 -1.023
-0.147 0.112 1.024 -5.832 0.214 -0.931
-0.153 0.105 1.04 -6.153 0.0 -0.29
-0.163 0.082 1.036 -5.206 -2.382 -0.687
-0.153 0.091 1.036 -4.092 -2.824 -0.229
-0.145 0.078 1.039 -2.992 -2.779 -0.061
-0.148 0.093 1.033 -2.427 -2.168 -0.718
-0.144 0.096 1.036 -2.305 -1.71 -1.267
-0.144 0.109 1.04 -1.817 -0.794 -1.573
-0.147 0.123 1.031 -1.695 0.397 -1.084
-0.146 0.13 1.018 -2.26 -0.26 -1.145
-0.144 0.147 1.024 -2.916 0.519 -0.885
-0.147 0.139 1.02 -3.969 0.229 -0.565
-0.144 0.135 1.028 -4.336 0.015 -0.198
-0.146 0.14 1.026 -5.435 -0.947 -0.672
-0.142 0.117 1.029 -5.939 -0.534 -0.885
-0.134 0.109 1.025 -5.756 -0.443 -1.435
-0.146 0.115 1.04 -5.511 0.153 -1.863
-0.144 0.112 1.029 -5.527 0.534 -1.527
-0.158 0.129 1.033 -6.763 0.733 -2.443
-0.137 0.086 1.036 -7.313 -2.015 -0.855
-0.156 0.09 1.038 -4.183 -1.466 -1.267
-0.147 0.11 1.03 -3.863 -1.221 -0.198
-0.14 0.104 1.034 -3.435 -0.061 -0.336
-0.144 0.121 1.031 -3.756 0.763 -0.153
-0.154 0.102 1.031 -3.237 -1.13 -0.076
-0.148 0.114 1.033 -3.359 -2.504 -1.084
-0.143 0.114 1.03 -3.664 -2.656 -1.084
-0.151 0.123 1.037 -4.397 -1.695 -1.466
-0.141 0.124 1.035 -5.13 -1.084 -1.817
-0.139 0.115 1.03 -5.725 0.366 -2.031
-0.154 0.108 1.044 -5.328 1.069 -1.511
-0.163 0.115 1.048 -4.611 1.695 -0.382
-0.162 0.1 1.045 -3.511 1.42 1.038
-0.158 0.108 1.047 -3.191 1.267 1.344
-0.16 0.121 1.039 -3.908 1.542 1.237
-0.167 0.103 1.044 -4.443 0.015 0.687
-0.169 0.099 1.043 -4.504 -0.656 -0.687
-0.161 0.097 1.042 -3.847 -1.023 -1.466
-0.146 0.104 1.024 -3.679 -0.641 -1.374
-0.162 0.118 1.039 -4.061 -0.397 -1.817
-0.147 0.128 1.026 -4.626 -0.58 -1.298
-0.15 0.124 1.031 -4.733 -1.389 -1.099
-0.153 0.129 1.016 -5.038 -0.198 -0.779
-0.156 0.124 1.033 -5.649 -0.031 -0.702
-0.159 0.121 1.033 -6.092 0.641 -0.656
-0.15 0.103 1.034 -6.061 -1.053 -0.947
-0.165 0.104 1.031 -5.099 -1.588 -0.534
-0.152 0.106 1.032 -4.229 -1.74 -0.931
-0.145 0.112 1.034 -4.504 -1.282 -0.916
-0.149 0.117 1.03 -4.443 -0.947 -1.008
-0.151 0.118 1.034 -4.595 -0.031 -0.641
-0.152 0.106 1.04 -4.855 -0.046 -0.794
-0.159 0.114 1.03 -4.885 0.122 -0.794
-0.161 0.114 1.036 -4.962 -0.763 -0.427
-0.159 0.1 1.034 -4.351 -0.977 -0.336
-0.159 0.097 1.034 -4.046 -0.748 -0.473
-0.168 0.1 1.031 -3.695 -0.641 -0.702
-0.149 0.097 1.022 -3.267 -1.511 -1.252
-0.161 0.104 1.024 -2.397 -2.244 -0.855
-0.156 0.12 1.029 -2.153 -1.435 -0.916
-0.149 0.116 1.023 -2.565 -0.29 -0.336
-0.155 0.13 1.025 -3.954 -1.206 -0.702
-0.14 0.136 1.022 -4.931 -0.84 -1.603
-0.151 0.125 1.033 -5.756 -1.466 -1.267
-0.148 0.111 1.017 -5.649 -0.489 -1.099
-0.147 0.109 1.03 -5.802 0.305 -0.931
-0.151 0.105 1.029 -5.542 1.328 -0.595
-0.165 0.092 1.034 -4.443 -0.305 -0.015
-0.159 0.084 1.031 -3.038 -0.794 -0.504
-0.144 0.1 1.034 -2.519 -0.687 -0.611
-0.152 0.109 1.039 -2.473 0.137 -1.16
-0.157 0.124 1.039 -3.466 0.107 -0.947
-0.165 0.115 1.049 -3.924 -1.695 -1.969
-0.162 0.102 1.054 -3.252 -2.595 -2.061
-0.167 0.107 1.059 -3.267 -2.183 -2.214
-0.166 0.119 1.051 -3.359 -1.664 -1.985
-0.158 0.124 1.05 -4.214 -1.435 -2.336
-0.161 0.125 1.05 -4.748 -1.405 -2.092
-0.162 0.123 1.046 -4.748 -0.504 -1.756
-0.169 0.129 1.035 -5.282 -0.275 -1.115
-0.162 0.119 1.036 -5.466 -1.145 -0.351
-0.148 0.118 1.031 -4.626 -0.992 -0.122
-0.148 0.121 1.024 -4.489 -1.405 -0.076
-0.145 0.121 1.032 -4.748 -1.008 -0.214
-0.159 0.127 1.033 -5.786 -1.053 -0.87
-0.159 0.098 1.027 -6.427 -1.878 -1.176
-0.168 0.087 1.038 -5.237 -2.366 -1.328