-0.375 -0.101 0.971 -6.809 -0.046 0.366
-0.371 -0.109 0.96 -7.237 -1.053 1.221
-0.386 -0.124 0.966 -6.718 -0.779 0.824
-0.384 -0.128 0.971 -6.214 -1.16 0.916
-0.386 -0.123 0.971 -5.649 -1.878 1.618
-0.38 -0.115 0.957 -5.634 -1.191 1.099
-0.378 -0.129 0.968 -5.374 -2.107 1.74
-0.371 -0.125 0.964 -4.443 -2.092 2.412
-0.375 -0.11 0.948 -4.794 -3.115 2.977
-0.377 -0.122 0.958 -4.672 -2.565 2.626
-0.374 -0.106 0.958 -4.916 -2.962 1.802
-0.374 -0.112 0.963 -5.267 -3.786 1.74
-0.352 -0.124 0.947 -4.855 -3.115 0.641
-0.35 -0.122 0.959 -3.802 -1.679 -0.565
-0.345 -0.124 0.939 -3.496 -1.008 -0.702
-0.338 -0.111 0.956 -3.145 0.092 -1.115
-0.34 -0.11 0.949 -3.344 0.489 -0.672
-0.356 -0.105 0.958 -2.962 1.176 -0.214
-0.359 -0.115 0.961 -2.992 0.046 1.237
-0.371 -0.116 0.963 -2.092 1.313 -0.321
-0.375 -0.112 0.962 -1.863 0.198 -0.244
-0.375 -0.102 0.958 -2.137 -0.229 -0.275
-0.396 -0.107 0.962 -2.397 -0.076 -0.702
-0.388 -0.109 0.97 -2.168 -0.29 -1.313
-0.389 -0.105 0.971 -2.26 -0.198 -2.397
-0.389 -0.108 0.971 -3.084 -0.397 -2.626
-0.387 -0.092 0.972 -3.634 -1.267 -3.145
-0.383 -0.093 0.969 -4.855 -1.16 -3.405
-0.374 -0.094 0.961 -5.237 -1.832 -2.733
-0.372 -0.095 0.961 -6.076 -1.328 -2.733
-0.373 -0.109 0.961 -4.931 -1.359 -2.519
-0.367 -0.121 0.966 -4.229 -0.809 -0.977
-0.361 -0.108 0.96 -4.122 -1.832 -1.008
-0.362 -0.108 0.96 -4.443 -1.71 -1.069
-0.363 -0.101 0.961 -4.84 -1.817 -1.084
-0.358 -0.096 0.949 -4.855 -2.244 -0.183
-0.356 -0.097 0.956 -4.763 -1.527 0.931
-0.348 -0.108 0.947 -4.412 -0.901 0.427
-0.348 -0.103 0.951 -4.489 0.061 -1.053
-0.347 -0.101 0.952 -4.58 -0.244 -1.649
-0.349 -0.103 0.953 -4.58 -0.351 -1.252
-0.357 -0.102 0.946 -4.183 0.336 -1.252
-0.373 -0.097 0.96 -4.412 -0.214 -0.412
-0.385 -0.106 0.959 -4.244 -0.473 -0.931
-0.39 -0.084 0.966 -5.099 -1.115 -0.992
-0.393 -0.094 0.959 -5.817 -2.092 -1.527
-0.392 -0.097 0.959 -6.321 -2.824 -1.298
-0.373 -0.102 0.964 -6.443 -3.176 -1.71
-0.379 -0.1 0.961 -5.969 -2.947 -0.534
-0.361 -0.115 0.952 -5.176 -2.58 0.275
-0.359 -0.096 0.954 -4.168 -1.954 0.244
-0.356 -0.092 0.962 -5.267 -1.939 0.534
-0.354 -0.101 0.952 -5.405 -1.893 0.809
-0.352 -0.104 0.957 -5.542 -2.092 0.763
-0.344 -0.109 0.948 -5.527 -2.0 0.382
-0.356 -0.105 0.949 -5.847 -1.786 0.198
-0.372 -0.103 0.963 -6.443 -2.153 -0.611
-0.375 -0.095 0.957 -6.641 -2.0 -1.237
-0.366 -0.112 0.949 -6.397 -1.725 -2.122
-0.37 -0.104 0.956 -6.107 -3.863 -1.496
-0.381 -0.092 0.971 -7.252 -2.504 -2.947
-0.377 -0.109 0.962 -7.084 -1.466 -1.496
-0.388 -0.121 0.967 -5.893 0.015 -1.466
-0.375 -0.113 0.967 -5.557 -0.748 0.092
-0.388 -0.116 0.969 -5.313 -0.672 0.992
-0.389 -0.113 0.965 -5.588 -1.389 0.626
-0.367 -0.094 0.958 -6.153 0.947 0.473
-0.38 -0.111 0.964 -6.458 -2.611 0.427
-0.359 -0.114 0.95 -6.489 -3.328 0.153
-0.351 -0.115 0.955 -6.229 -1.817 0.992
-0.346 -0.118 0.954 -5.527 -1.252 0.824
-0.359 -0.116 0.947 -5.511 -1.282 1.481
-0.352 -0.111 0.955 -5.221 -0.58 0.504
-0.347 -0.112 0.952 -4.901 0.031 0.504
-0.36 -0.117 0.96 -4.443 0.809 0.794
-0.368 -0.115 0.962 -4.397 0.641 1.481
-0.379 -0.108 0.964 -4.718 0.366 0.931
-0.374 -0.113 0.963 -4.534 -0.122 1.267
-0.385 -0.118 0.974 -4.534 -0.794 0.84
-0.384 -0.114 0.967 -4.763 -0.962 1.053
-0.383 -0.109 0.967 -5.634 -1.557 0.763
-0.374 -0.132 0.962 -4.992 -0.992 -0.321
-0.375 -0.132 0.959 -3.71 -1.313 -0.473
-0.371 -0.125 0.96 -3.863 -1.084 -1.359
-0.358 -0.123 0.957 -3.969 -1.45 -0.824
-0.349 -0.123 0.96 -3.42 -0.947 -0.626
-0.35 -0.12 0.956 -3.084 -0.748 -0.412
-0.358 -0.104 0.954 -3.221 -0.198 -0.153
-0.377 -0.104 0.964 -3.756 -0.244 0.168
-0.373 -0.104 0.966 -3.832 -1.038 0.427
-0.377 -0.103 0.97 -3.908 -1.053 0.046
-0.384 -0.095 0.952 -4.443 -1.359 0.351
-0.379 -0.099 0.96 -4.626 -1.817 0.183
-0.378 -0.106 0.962 -4.366 -1.939 -0.855
-0.364 -0.098 0.957 -4.473 -1.878 -1.145
-0.358 -0.109 0.956 -4.58 -1.649 -0.672
-0.361 -0.105 0.954 -4.229 -0.626 -1.42
-0.362 -0.108 0.961 -4.046 -0.931 -0.137
-0.367 -0.107 0.957 -4.031 -1.603 0.229
-0.367 -0.106 0.954 -4.137 -1.008 -0.229
-0.37 -0.098 0.96 -4.702 -0.977 0.443
-0.371 -0.101 0.947 -5.038 -1.74 0.153
-0.375 -0.1 0.967 -4.977 -1.71 1.115
-0.37 -0.099 0.96 -5.191 -1.847 1.527
-0.377 -0.104 0.957 -5.328 -1.573 1.13
-0.37 -0.114 0.963 -4.977 -0.565 -0.733
-0.368 -0.116 0.959 -5.725 -0.55 -1.069
-0.363 -0.128 0.957 -5.466 -0.992 -1.588
-0.359 -0.117 0.958 -4.992 -0.977 -0.718
-0.35 -0.113 0.935 -4.794 -0.641 -0.244
-0.355 -0.111 0.95 -4.824 -0.321 0.137
-0.354 -0.114 0.947 -5.13 -0.397 0.87
-0.36 -0.106 0.95 -5.176 -0.229 0.763
-0.359 -0.111 0.947 -5.145 0.076 1.221
-0.373 -0.11 0.954 -5.038 -0.29 1.679
-0.379 -0.104 0.963 -5.16 -1.42 2.489
-0.386 -0.109 0.959 -5.298 -1.359 2.656
-0.378 -0.115 0.967 -4.55 -1.924 2.473
-0.375 -0.101 0.969 -4.672 -1.74 2.305
-0.364 -0.104 0.96 -5.282 -1.71 2.84
-0.382 -0.101 0.971 -5.664 -1.481 2.901
-0.358 -0.114 0.96 -5.649 -0.885 2.672
-0.356 -0.129 0.963 -4.916 0.458 2.641
-0.395 -0.136 0.97 -5.42 -1.557 1.221
-0.383 -0.119 0.971 -3.817 -0.901 0.458
-0.379 -0.114 0.962 -3.924 -0.977 0.198
-0.381 -0.104 0.961 -3.725 -1.16 -0.198
-0.378 -0.096 0.957 -4.534 -1.099 0.076
-0.374 -0.089 0.966 -4.519 -1.481 1.023
-0.365 -0.102 0.954 -4.58 -1.191 2.336
-0.373 -0.086 0.964 -4.855 -1.527 2.672
-0.371 -0.098 0.961 -5.282 -1.71 2.672
-0.386 -0.108 0.973 -5.527 -2.458 3.084
-0.385 -0.11 0.969 -5.954 -3.008 3.374
-0.385 -0.104 0.973 -6.794 -2.885 4.443
-0.38 -0.118 0.972 -8.427 -3.985 5.695
-0.378 -0.147 0.982 -8.275 -5.115 4.534
-0.387 -0.15 0.986 -9.206 -6.382 4.015
-0.386 -0.186 1.001 -11.206 -9.176 5.206
-0.368 -0.22 1.009 -11.328 -10.656 4.061
-0.37 -0.273 1.004 -9.939 -12.168 4.107
-0.346 -0.304 1.008 -8.214 -11.817 4.122
-0.351 -0.355 1.004 -5.802 -11.42 -0.229
-0.358 -0.369 1.009 -3.221 -11.252 -5.221
-0.362 -0.371 0.998 -1.435 -12.244 -7.756
-0.398 -0.396 1.031 1.069 -13.45 -11.511
-0.372 -0.362 1.005 1.817 -15.344 -13.359
-0.368 -0.346 0.989 1.145 -13.389 -18.321
-0.406 -0.319 1.03 1.863 -12.214 -19.008
-0.38 -0.354 1.016 -0.305 -9.618 -21.099
-0.409 -0.356 1.014 1.115 -12.137 -24.916
-0.453 -0.322 1.067 0.473 -11.969 -26.244
-0.441 -0.362 1.032 -1.282 -17.588 -28.458
-0.445 -0.409 1.049 -1.481 -21.252 -33.405
-0.407 -0.435 1.02 1.405 -25.191 -38.473
-0.374 -0.438 0.998 5.511 -24.534 -43.16
-0.341 -0.416 0.981 9.924 -21.16 -47.466
-0.349 -0.399 0.98 12.397 -23.863 -48.763
-0.327 -0.406 0.962 16.809 -22.168 -49.481
-0.318 -0.378 0.944 22.046 -19.206 -52.046
-0.325 -0.337 0.936 26.107 -16.504 -52.458
-0.325 -0.324 0.952 29.069 -16.366 -51.969
-0.354 -0.316 0.967 32.702 -14.611 -51.145
-0.356 -0.296 0.963 34.168 -15.74 -51.542
-0.35 -0.301 0.954 37.145 -14.244 -52.015
-0.359 -0.284 0.953 38.397 -13.924 -53.817
-0.361 -0.268 0.954 40.29 -12.565 -52.0
-0.355 -0.262 0.926 42.122 -12.351 -51.45
-0.365 -0.252 0.95 44.214 -12.901 -52.305
-0.357 -0.224 0.945 46.351 -14.183 -52.809
-0.358 -0.196 0.943 47.847 -15.42 -51.359
-0.334 -0.198 0.935 50.855 -15.053 -48.29
-0.271 -0.145 0.901 53.13 -13.298 -44.977
-0.267 -0.121 0.896 52.992 -10.702 -39.588
-0.268 -0.127 0.878 54.122 -8.702 -34.244
-0.276 -0.124 0.878 55.405 -7.695 -29.145
-0.331 -0.144 0.891 55.16 -8.397 -25.939
-0.383 -0.242 0.897 58.84 -12.427 -27.435
-0.377 -0.309 0.883 68.687 -14.519 -33.527
-0.309 -0.249 0.851 81.603 -13.71 -39.344
-0.278 -0.109 0.829 85.985 -3.237 -49.267
-0.359 0.023 0.882 87.374 -0.153 -53.252
-0.389 0.154 0.906 84.336 -0.397 -53.786
-0.416 0.282 0.942 77.221 -2.137 -49.328
-0.435 0.255 0.916 68.412 -14.305 -41.038
-0.438 0.257 0.973 59.817 -8.015 -35.634
-0.335 0.266 0.947 51.511 -9.71 -29.237
-0.32 0.145 0.933 48.885 -11.847 -25.023
-0.321 0.034 0.917 53.893 -13.023 -29.099
-0.292 0.052 0.908 59.42 -14.122 -37.374
-0.249 0.118 0.882 64.046 -10.412 -44.702
-0.263 0.208 0.891 66.076 -7.298 -48.58
-0.285 0.311 0.906 64.824 -4.275 -49.832
-0.304 0.368 0.925 62.198 -3.344 -43.588
-0.333 0.405 0.941 58.687 -2.656 -35.802
-0.337 0.39 0.946 54.809 -5.16 -28.87
-0.319 0.386 0.948 51.527 -6.489 -24.214
-0.309 0.346 0.937 49.847 -8.611 -21.176
-0.25 0.334 0.912 48.947 -8.565 -24.855
-0.24 0.372 0.945 47.893 -7.466 -27.267
-0.223 0.365 0.906 42.885 -8.656 -32.427
-0.244 0.399 0.928 40.489 -4.427 -33.954
-0.233 0.405 0.931 36.397 -4.885 -36.504
-0.266 0.399 0.936 33.679 -5.023 -37.206
-0.264 0.38 0.937 33.344 -6.351 -37.847
-0.252 0.421 0.934 32.275 -5.298 -40.092
-0.242 0.472 0.917 29.359 -5.435 -39.084
-0.234 0.49 0.915 24.931 -4.427 -37.099
-0.212 0.48 0.925 21.344 -3.679 -33.527
-0.208 0.474 0.93 17.969 -2.351 -31.771
-0.199 0.445 0.921 14.198 -2.916 -30.748
-0.232 0.41 0.939 11.679 -4.244 -30.214
-0.2 0.39 0.938 11.649 -4.122 -31.664
-0.197 0.38 0.922 11.069 -3.939 -30.214
-0.199 0.374 0.927 11.466 -1.969 -30.198
-0.221 0.387 0.935 10.992 -1.466 -29.145
-0.234 0.376 0.945 10.611 -0.229 -28.794
-0.23 0.394 0.946 10.351 0.687 -27.74
-0.232 0.411 0.938 9.282 1.527 -25.099
-0.24 0.417 0.955 8.534 1.817 -20.626
-0.246 0.402 0.95 8.473 1.863 -18.015
-0.234 0.418 0.944 7.053 2.122 -15.756
-0.245 0.423 0.943 4.87 3.313 -14.611
-0.251 0.411 0.951 2.275 2.534 -13.573
-0.25 0.398 0.956 0.687 3.389 -13.344
-0.261 0.394 0.969 -1.069 3.985 -12.015
-0.269 0.387 0.974 -2.992 3.405 -9.664
-0.277 0.373 0.977 -4.153 3.481 -8.641
-0.29 0.364 0.982 -5.878 2.733 -6.55
-0.301 0.337 0.984 -7.649 1.298 -5.786
-0.283 0.316 0.988 -8.107 0.672 -4.901
-0.287 0.304 0.981 -8.855 0.458 -3.328
-0.282 0.274 0.981 -8.702 -0.076 -2.031
-0.262 0.254 0.975 -7.542 -0.321 -1.389
-0.266 0.253 0.981 -7.069 -0.214 -1.252
-0.269 0.257 0.989 -6.947 0.305 -1.282
-0.279 0.256 0.986 -7.74 0.458 -1.435
-0.292 0.238 0.994 -7.863 -0.366 -2.275
-0.296 0.234 0.986 -8.015 -0.275 -1.924
-0.299 0.222 0.993 -7.802 -1.252 -2.779
-0.275 0.213 0.982 -7.374 -1.725 -2.198
-0.286 0.223 0.983 -6.977 -1.435 -2.29
-0.284 0.228 0.981 -7.42 -1.298 -2.366
-0.285 0.218 0.987 -7.206 -0.58 -2.641
-0.281 0.221 0.988 -7.038 -0.687 -2.183
-0.292 0.223 0.986 -7.176 -0.733 -0.87
-0.292 0.222 0.99 -7.511 -0.656 0.183
-0.296 0.198 0.981 -7.084 -1.695 -0.198
-0.295 0.185 0.994 -6.229 -1.939 -1.618
-0.29 0.201 0.986 -6.58 -1.573 -3.084
-0.288 0.188 0.993 -6.458 -1.756 -3.924
-0.285 0.185 0.997 -5.344 -2.229 -3.191
-0.27 0.195 0.977 -3.893 -1.649 -2.412
-0.271 0.204 0.978 -2.427 -1.115 -0.55
-0.266 0.215 0.974 -2.107 -0.504 -0.321
-0.289 0.227 0.983 -3.13 -0.809 -0.947
-0.273 0.233 0.968 -4.137 -0.947 -2.504
-0.281 0.236 0.976 -5.069 -1.405 -2.305
-0.271 0.23 0.972 -5.573 -1.847 -3.084
-0.28 0.237 0.964 -6.122 -1.649 -2.336
-0.27 0.236 0.96 -6.611 -0.809 -1.863
-0.275 0.21 0.973 -6.382 -1.008 -0.656
-0.267 0.21 0.975 -5.74 -0.321 -0.672
-0.266 0.207 0.977 -5.42 -0.55 -1.221
-0.281 0.198 0.977 -5.252 -0.931 -2.092
-0.287 0.208 0.986 -5.191 -0.885 -2.55
-0.285 0.211 0.992 -5.069 -0.656 -2.779
-0.283 0.203 0.984 -5.115 -0.931 -2.046
-0.284 0.188 0.993 -4.015 -1.74 -2.137
-0.284 0.19 0.99 -3.466 -2.275 -3.008
-0.282 0.195 0.98 -2.916 -2.702 -3.298
-0.269 0.202 0.976 -2.382 -2.26 -4.0
-0.286 0.206 0.987 -1.786 -2.015 -3.328
-0.277 0.224 0.975 -1.802 -1.695 -3.359
-0.267 0.227 0.967 -1.679 -1.359 -3.053
-0.273 0.242 0.972 -2.214 -1.053 -3.405
-0.267 0.249 0.975 -2.992 -0.656 -3.374
-0.265 0.249 0.967 -4.183 -0.092 -3.649
-0.262 0.25 0.952 -5.252 0.611 -4.244
-0.267 0.252 0.968 -6.641 -0.397 -3.237
-0.264 0.238 0.971 -6.855 0.0 -3.176
-0.275 0.233 0.967 -7.267 -0.092 -1.817
-0.284 0.206 0.973 -6.916 -0.366 -2.031
-0.274 0.21 0.978 -6.504 -0.305 -2.565
-0.271 0.207 0.974 -6.183 0.489 -3.176
-0.274 0.205 0.972 -5.924 0.382 -3.313
-0.279 0.207 0.986 -5.298 0.977 -2.198
-0.283 0.195 0.979 -4.397 0.321 -1.389
-0.281 0.204 0.989 -3.664 0.382 -0.443
-0.289 0.206 0.982 -3.481 0.748 -0.382
-0.285 0.208 0.989 -3.466 -0.137 -0.55
-0.289 0.207 0.979 -3.344 -0.824 -1.893
-0.286 0.22 0.978 -3.45 -1.176 -2.397
-0.269 0.218 0.964 -3.45 -0.977 -2.397
-0.281 0.227 0.964 -3.45 -0.305 -1.756
-0.278 0.225 0.967 -3.649 -0.321 -0.641
-0.266 0.231 0.965 -3.771 -0.031 -0.107
-0.271 0.223 0.974 -3.786 -0.565 -0.061
-0.275 0.235 0.982 -4.901 0.107 -0.641
-0.291 0.221 0.982 -5.573 0.84 -1.023
-0.287 0.213 0.978 -6.076 -0.84 -1.603
-0.29 0.213 0.989 -5.466 -1.038 -1.038
-0.282 0.214 0.979 -4.718 0.305 -0.733
-0.292 0.221 0.989 -5.191 0.779 0.275
-0.296 0.205 0.989 -4.87 -0.504 -0.824
-0.281 0.222 0.975 -4.718 -1.344 -1.191
-0.281 0.227 0.976 -4.855 -0.458 -1.42
-0.277 0.233 0.971 -5.176 0.565 -1.099
-0.296 0.227 0.97 -5.527 1.008 -0.565
-0.3 0.204 0.98 -5.13 -0.321 -0.962
-0.285 0.216 0.982 -4.427 -0.565 -1.206
-0.277 0.211 0.974 -4.305 0.626 -2.397
-0.27 0.207 0.964 -3.863 1.069 -3.802
-0.256 0.167 0.969 -2.046 3.664 -7.664
-0.246 0.154 0.966 1.313 6.992 -15.328
-0.271 0.203 0.978 1.725 6.565 -18.779
-0.294 0.231 0.984 0.046 5.634 -17.985
-0.297 0.224 0.984 -0.931 4.458 -15.008
-0.323 0.23 0.993 -1.832 1.893 -13.023
-0.32 0.217 0.986 -1.511 0.214 -9.023
-0.314 0.226 0.984 -1.649 0.565 -4.351
-0.305 0.213 0.981 -0.901 0.168 -1.802
-0.3 0.246 0.963 -2.443 -0.977 0.901
-0.31 0.236 0.971 -4.137 -2.916 2.122
-0.308 0.243 0.968 -5.542 -3.145 1.847
-0.312 0.227 0.979 -6.84 -3.359 3.053
-0.302 0.219 0.972 -6.916 -4.153 3.008
-0.297 0.223 0.969 -7.344 -3.832 3.618
-0.293 0.222 0.979 -7.847 -3.344 4.107
-0.3 0.2 0.976 -7.634 -4.183 4.58
-0.281 0.188 0.973 -5.924 -3.511 4.107
-0.284 0.199 0.966 -5.328 -2.366 3.008
-0.28 0.19 0.971 -4.58 -1.756 1.573
-0.288 0.194 0.964 -3.969 -0.931 0.275
-0.293 0.213 0.97 -3.466 -0.58 -0.947
-0.293 0.226 0.967 -3.679 -0.137 -1.237
-0.3 0.23 0.966 -3.725 -0.031 -1.511
-0.314 0.223 0.989 -3.969 -0.565 -1.069
-0.292 0.229 0.975 -3.908 -1.435 -0.656
-0.301 0.21 0.973 -3.573 -1.634 -0.489
-0.285 0.212 0.972 -3.389 -1.221 -1.176
-0.287 0.224 0.977 -3.634 -0.931 -1.267
-0.282 0.223 0.979 -4.107 -1.13 -1.496
-0.277 0.219 0.98 -4.427 -1.298 -1.191
-0.283 0.226 0.977 -4.824 -1.42 -0.58
-0.28 0.226 0.97 -5.038 -0.962 -0.031
-0.287 0.232 0.978 -5.527 -0.382 0.84
-0.294 0.219 0.979 -5.756 -0.504 0.275
-0.294 0.205 0.97 -5.71 -1.344 0.321
-0.293 0.209 0.966 -4.824 -1.664 -0.672
-0.292 0.218 0.971 -4.901 -1.634 -0.458
-0.298 0.217 0.976 -4.885 -1.557 0.305
-0.298 0.21 0.975 -4.29 -1.527 0.168
-0.293 0.217 0.976 -4.214 -0.626 -0.183
-0.282 0.224 0.968 -4.473 -0.046 -0.321
-0.289 0.218 0.976 -4.641 -0.748 -0.229
-0.278 0.226 0.968 -4.687 -0.733 -0.412
-0.276 0.234 0.978 -4.718 -0.122 -0.351
-0.288 0.233 0.978 -5.176 -1.237 -0.076
-0.28 0.232 0.973 -4.733 -0.794 0.534
-0.293 0.238 0.977 -5.359 -0.611 1.435
-0.289 0.215 0.979 -5.802 -0.947 1.038
-0.288 0.217 0.97 -5.527 -0.107 0.519
-0.299 0.2 0.975 -5.176 0.412 0.29
-0.293 0.197 0.97 -4.183 -0.504 -0.473
-0.302 0.208 0.983 -3.756 0.198 -0.366
-0.301 0.217 0.973 -3.359 0.382 -0.748
-0.293 0.21 0.971 -3.053 0.885 -0.901
-0.285 0.223 0.975 -3.115 0.427 -0.275
-0.279 0.232 0.962 -3.16 0.183 0.29
-0.287 0.231 0.974 -3.344 -0.107 -0.092
-0.288 0.245 0.97 -3.74 0.046 -0.183
-0.292 0.256 0.971 -4.656 0.275 -0.305
-0.294 0.23 0.966 -4.794 -0.321 -0.748
-0.301 0.243 0.974 -5.069 0.107 -0.427
-0.293 0.242 0.969 -6.076 0.168 0.382
-0.294 0.227 0.968 -6.794 0.656 1.115
-0.296 0.204 0.975 -6.809 -1.344 0.718
-0.295 0.198 0.968 -6.794 -1.328 0.489
-0.278 0.192 0.969 -6.641 -1.282 0.29
-0.297 0.179 0.975 -6.031 -0.901 -0.183
-0.306 0.18 0.987 -5.237 -0.641 -0.748
-0.305 0.191 0.982 -4.427 -0.153 -1.053
-0.299 0.189 0.97 -3.389 -1.939 -0.076
-0.286 0.205 0.973 -2.504 -1.695 -1.008
-0.288 0.21 0.966 -2.779 -1.939 -0.656
-0.29 0.225 0.973 -3.191 -1.557 -0.916
-0.3 0.231 0.974 -4.427 -1.847 -1.511
-0.306 0.217 0.974 -4.824 -1.267 -1.527
-0.296 0.221 0.972 -5.008 -1.069 -0.87
-0.293 0.208 0.968 -4.534 -1.985 -0.779
-0.28 0.219 0.967 -4.595 -1.16 -0.687
-0.275 0.214 0.958 -4.809 0.076 -0.718
-0.276 0.208 0.967 -4.641 -0.076 -0.931
-0.282 0.21 0.971 -3.939 0.275 -1.221
-0.285 0.211 0.98 -4.137 1.176 -1.298
-0.294 0.209 0.973 -3.802 0.626 -1.298
-0.302 0.213 0.977 -3.588 0.58 -1.359
-0.304 0.216 0.979 -3.45 -1.16 -1.389
-0.307 0.22 0.982 -3.298 -0.931 -1.511