-0.29 -0.166 0.967 -2.26 -3.802 1.939
-0.286 -0.173 0.969 -2.198 -2.885 1.786
-0.277 -0.16 0.975 -2.641 -2.473 1.511
-0.283 -0.176 0.975 -2.076 -1.42 1.924
-0.299 -0.167 0.988 -1.221 -1.069 2.534
-0.302 -0.158 0.99 -1.511 -1.267 2.153
-0.326 -0.157 0.985 -2.931 -1.221 1.786
-0.317 -0.159 0.987 -3.695 -1.74 0.382
-0.332 -0.155 0.994 -5.863 -1.664 -0.931
-0.317 -0.169 0.988 -6.29 -2.046 -0.458
-0.329 -0.186 0.986 -6.336 -2.687 -1.664
-0.333 -0.195 0.987 -6.366 -2.733 -1.45
-0.325 -0.198 0.994 -5.42 -3.466 -1.863
-0.312 -0.197 0.974 -4.733 -3.359 -2.0
-0.303 -0.194 0.979 -4.168 -3.313 -1.588
-0.289 -0.196 0.973 -3.298 -2.656 -1.328
-0.294 -0.188 0.972 -3.115 -3.008 -2.382
-0.273 -0.158 0.958 -4.198 -1.45 -2.855
-0.276 -0.164 0.962 -4.977 -0.611 -3.008
-0.286 -0.177 0.966 -4.672 -1.618 -2.84
-0.283 -0.168 0.963 -3.878 -1.405 -2.916
-0.286 -0.166 0.972 -3.786 -0.87 -2.565
-0.295 -0.171 0.971 -3.466 -1.527 -1.802
-0.289 -0.17 0.978 -3.023 -1.557 -1.664
-0.273 -0.176 0.973 -2.397 -0.595 -0.672
-0.276 -0.167 0.963 -1.588 -0.031 -0.977
-0.269 -0.162 0.962 -0.977 -0.092 -1.084
-0.299 -0.151 0.979 -1.176 -0.977 -2.076
-0.296 -0.14 0.978 -2.137 -1.511 -3.405
-0.315 -0.137 1.0 -2.397 -0.855 -2.29
-0.313 -0.137 0.985 -3.649 -1.878 -2.26
-0.331 -0.145 1.003 -3.45 -2.351 -1.45
-0.307 -0.145 0.985 -4.107 -2.931 -0.55
-0.319 -0.156 0.995 -4.031 -3.267 -0.672
-0.308 -0.158 0.991 -4.412 -2.672 -0.809
-0.312 -0.172 0.99 -4.305 -2.794 -1.664
-0.304 -0.166 0.99 -4.718 -2.321 -2.153
-0.305 -0.167 0.995 -4.977 -2.046 -2.321
-0.311 -0.191 0.981 -4.351 -2.855 -2.443
-0.303 -0.178 0.982 -3.511 -2.626 -2.977
-0.304 -0.177 0.988 -3.298 -2.992 -2.412
-0.297 -0.172 0.979 -2.885 -2.916 -2.947
-0.291 -0.165 0.984 -2.901 -1.969 -2.412
-0.296 -0.156 0.979 -3.496 -1.267 -2.443
-0.295 -0.165 0.985 -4.137 -2.107 -3.053
-0.288 -0.156 0.972 -4.58 -2.305 -3.939
-0.292 -0.164 0.976 -4.443 -3.16 -3.832
-0.284 -0.173 0.979 -4.015 -2.351 -4.061
-0.287 -0.159 0.979 -3.389 -1.71 -3.069
-0.287 -0.154 0.976 -2.962 -0.672 -2.397
-0.298 -0.146 0.981 -2.534 -0.275 -1.389
-0.298 -0.16 0.979 -2.015 -0.84 -1.282
-0.3 -0.133 0.983 -2.427 -1.206 -1.389
-0.311 -0.137 0.99 -3.679 -1.908 -1.374
-0.299 -0.133 0.975 -4.901 -1.878 -1.679
-0.297 -0.148 0.982 -5.695 -1.573 -1.237
-0.294 -0.162 0.987 -5.695 -1.466 -1.466
-0.288 -0.158 0.987 -5.344 -1.435 -0.962
-0.286 -0.171 0.975 -4.489 -1.435 -1.069
-0.289 -0.176 0.989 -3.954 -0.855 -0.748
-0.293 -0.17 0.98 -3.221 -0.458 -0.885
-0.309 -0.163 0.993 -3.939 -0.916 -0.885
-0.31 -0.168 0.998 -4.504 -0.901 -1.359
-0.315 -0.18 1.001 -5.695 -1.542 -2.336
-0.325 -0.201 1.005 -7.298 -3.191 -4.321
-0.314 -0.244 1.009 -9.145 -4.702 -6.687
-0.316 -0.292 1.015 -9.145 -5.481 -9.45
-0.303 -0.327 1.002 -7.847 -5.863 -11.374
-0.302 -0.351 1.004 -5.511 -6.382 -13.435
-0.286 -0.362 1.0 -2.962 -5.435 -16.092
-0.286 -0.361 0.996 -0.977 -5.924 -18.198
-0.293 -0.355 1.0 0.504 -5.527 -19.405
-0.295 -0.375 0.998 2.534 -6.046 -20.687
-0.292 -0.371 0.993 4.672 -5.939 -23.221
-0.287 -0.358 0.99 5.985 -5.359 -25.237
-0.302 -0.357 1.0 6.733 -5.771 -26.977
-0.286 -0.335 0.986 7.45 -5.023 -28.183
-0.291 -0.424 0.988 10.412 -6.84 -31.481
-0.302 -0.392 0.984 13.145 -7.389 -31.725
-0.291 -0.415 0.986 16.718 -7.053 -33.542
-0.3 -0.391 1.005 20.183 -6.626 -35.679
-0.284 -0.385 0.98 22.351 -5.832 -37.359
-0.281 -0.362 0.983 25.038 -3.863 -37.939
-0.308 -0.342 0.991 26.137 -4.84 -37.908
-0.285 -0.353 0.979 26.885 -5.099 -41.069
-0.318 -0.318 0.997 26.183 -4.718 -42.931
-0.326 -0.359 1.011 26.29 -6.183 -45.634
-0.331 -0.365 1.01 27.221 -7.252 -49.634
-0.332 -0.373 1.015 27.649 -8.427 -52.748
-0.323 -0.387 1.004 30.168 -8.382 -55.466
-0.326 -0.403 1.014 34.0 -9.282 -57.786
-0.311 -0.388 1.0 38.794 -8.107 -58.901
-0.316 -0.354 0.99 42.382 -7.008 -59.725
-0.332 -0.325 1.0 44.168 -6.809 -61.832
-0.347 -0.309 0.997 44.916 -7.786 -63.023
-0.354 -0.291 1.017 44.809 -8.779 -65.298
-0.358 -0.295 1.01 44.992 -10.397 -66.443
-0.312 -0.299 0.986 46.504 -10.168 -66.229
-0.309 -0.283 0.975 48.977 -8.885 -64.809
-0.273 -0.283 0.955 52.214 -7.42 -62.779
-0.297 -0.288 0.949 56.947 -6.519 -60.595
-0.289 -0.284 0.919 61.969 -5.542 -60.794
-0.305 -0.253 0.922 66.061 -5.542 -62.321
-0.321 -0.222 0.92 68.84 -5.603 -62.916
-0.331 -0.209 0.91 72.656 -5.603 -64.916
-0.298 -0.172 0.888 75.802 -4.763 -65.924
-0.291 -0.112 0.881 79.313 -2.565 -64.473
-0.309 -0.06 0.883 80.427 -1.191 -63.496
-0.31 -0.024 0.901 80.702 -0.046 -59.45
-0.335 0.015 0.914 80.565 0.443 -59.511
-0.35 0.077 0.928 77.099 -0.076 -60.702
-0.325 0.104 0.914 72.0 -0.901 -64.992
-0.323 0.166 0.911 65.023 -1.053 -69.267
-0.312 0.179 0.908 57.573 -2.702 -72.611
-0.278 0.148 0.913 53.466 -3.496 -74.351
-0.299 0.095 0.963 56.26 -3.924 -75.893
-0.226 0.14 0.876 54.122 -1.756 -75.038
-0.241 0.153 0.891 54.458 -2.84 -73.191
-0.227 0.216 0.89 56.397 -1.893 -70.611
-0.254 0.291 0.894 54.305 -0.748 -68.672
-0.241 0.326 0.904 53.771 -0.046 -56.702
-0.248 0.284 0.903 52.061 -0.244 -48.748
-0.262 0.245 0.931 52.977 -0.336 -44.107
-0.24 0.197 0.909 55.664 -3.267 -42.672
-0.257 0.186 0.886 58.962 -3.954 -41.115
-0.261 0.205 0.9 61.527 -2.076 -45.16
-0.275 0.3 0.9 61.13 -1.13 -49.053
-0.275 0.362 0.916 58.427 0.107 -50.809
-0.281 0.42 0.918 55.252 0.015 -49.588
-0.246 0.446 0.91 52.427 1.053 -43.893
-0.25 0.473 0.916 49.252 1.969 -36.626
-0.256 0.51 0.934 44.29 1.954 -30.443
-0.292 0.479 0.957 38.702 0.092 -27.008
-0.297 0.41 0.958 36.046 -4.412 -27.954
-0.25 0.385 0.934 33.679 -5.817 -30.122
-0.242 0.412 0.943 31.389 -4.809 -34.0
-0.212 0.421 0.93 28.534 -3.221 -35.023
-0.199 0.417 0.92 26.733 -2.336 -37.191
-0.193 0.444 0.927 24.168 0.427 -37.74
-0.197 0.463 0.926 21.053 2.107 -34.809
-0.188 0.449 0.935 19.786 3.664 -29.038
-0.201 0.43 0.942 20.305 6.244 -21.908
-0.215 0.408 0.941 19.481 6.473 -16.031
-0.236 0.397 0.956 18.336 5.237 -15.527
-0.221 0.409 0.937 16.58 5.618 -16.382
-0.224 0.405 0.942 13.16 5.405 -18.153
-0.227 0.381 0.941 10.595 6.015 -19.878
-0.237 0.38 0.944 9.664 7.176 -19.939
-0.246 0.377 0.957 8.962 7.756 -16.718
-0.253 0.383 0.959 8.947 8.656 -14.0
-0.265 0.387 0.973 7.908 8.076 -11.069
-0.245 0.397 0.956 5.924 7.832 -8.809
-0.26 0.386 0.965 4.611 8.809 -6.321
-0.279 0.384 0.986 2.305 8.58 -5.206
-0.288 0.362 0.991 0.412 7.71 -4.519
-0.312 0.346 1.005 -1.16 6.931 -3.634
-0.321 0.308 1.013 -1.496 4.092 -4.672
-0.309 0.332 1.006 -2.504 4.412 -4.321
-0.314 0.312 1.002 -3.679 4.763 -2.397
-0.314 0.302 1.007 -3.863 4.611 -0.809
-0.327 0.295 1.008 -4.382 3.069 1.328
-0.31 0.28 0.998 -4.962 3.527 2.29
-0.327 0.262 0.994 -4.962 2.611 2.84
-0.32 0.256 1.002 -5.878 1.664 1.679
-0.313 0.265 1.004 -6.733 0.916 0.931
-0.309 0.251 0.998 -7.298 0.733 1.038
-0.3 0.255 1.004 -7.969 0.977 0.977
-0.301 0.241 0.996 -8.55 1.267 1.557
-0.292 0.226 0.993 -8.244 0.321 1.695
-0.288 0.206 0.987 -7.664 -0.84 1.71
-0.287 0.212 0.984 -6.962 -0.748 1.344
-0.279 0.216 0.974 -5.802 0.183 2.229
-0.281 0.223 0.974 -5.328 -0.168 2.382
-0.284 0.239 0.973 -5.817 0.489 1.481
-0.284 0.247 0.978 -7.634 -0.229 0.412
-0.298 0.216 0.976 -7.618 0.534 0.198
-0.307 0.214 0.986 -7.038 -1.42 0.321
-0.3 0.205 0.998 -6.794 -1.924 -0.656
-0.281 0.2 0.977 -6.275 -3.038 -0.779
-0.288 0.204 0.985 -5.557 -2.58 -0.046
-0.283 0.207 0.977 -4.931 -1.771 0.183
-0.285 0.209 0.991 -5.313 -1.954 -0.076
-0.272 0.207 0.976 -5.511 -1.527 -0.656
-0.26 0.201 0.977 -4.779 -1.374 -0.595
-0.273 0.223 0.963 -4.275 -1.237 -0.153
-0.267 0.217 0.963 -4.214 -1.374 -0.443
-0.266 0.22 0.967 -4.046 -1.359 -1.023
-0.272 0.22 0.97 -3.954 -1.588 -1.664
-0.271 0.227 0.968 -3.863 -0.962 -1.496
-0.265 0.229 0.966 -3.725 -0.931 -1.313
-0.269 0.233 0.971 -3.481 -0.137 -0.87
-0.279 0.23 0.976 -4.076 0.015 -0.382
-0.273 0.235 0.969 -4.015 0.015 -0.473
-0.269 0.238 0.976 -4.473 0.794 -0.336
-0.275 0.225 0.969 -4.534 0.611 0.122
-0.285 0.234 0.982 -4.779 0.26 -0.473
-0.277 0.235 0.98 -5.191 -0.244 -0.763
-0.28 0.227 0.967 -5.115 -0.55 -0.672
-0.287 0.219 0.979 -4.489 -0.397 -1.664
-0.287 0.228 0.987 -4.519 -0.809 -1.359
-0.28 0.227 0.98 -4.366 -0.626 -1.634
-0.281 0.227 0.977 -4.183 -0.595 -1.374
-0.273 0.229 0.975 -3.71 -1.191 -1.053
-0.281 0.238 0.981 -3.053 -1.023 -0.824
-0.264 0.255 0.969 -3.069 -0.412 0.244
-0.269 0.256 0.968 -3.954 0.412 0.916
-0.281 0.254 0.958 -4.84 -0.84 -0.611
-0.274 0.25 0.971 -4.794 -1.511 -0.702
-0.273 0.264 0.962 -5.084 -0.794 0.168
-0.266 0.25 0.963 -5.557 -0.046 1.221
-0.26 0.249 0.965 -6.137 1.298 1.634
-0.294 0.218 0.971 -6.702 -0.504 0.031
-0.301 0.213 0.983 -5.893 -1.649 -0.916
-0.284 0.217 0.977 -5.069 -1.695 -0.565
-0.28 0.235 0.979 -4.779 -1.282 0.58
-0.279 0.231 0.968 -4.519 -0.26 0.931
-0.273 0.236 0.97 -4.824 0.748 0.748
-0.294 0.215 0.987 -5.221 -0.58 0.489
-0.292 0.21 0.981 -4.244 -1.573 -1.542
-0.288 0.226 0.979 -3.939 -2.504 -1.359
-0.29 0.229 0.984 -3.298 -2.321 -0.58
-0.282 0.233 0.973 -3.42 -2.183 -0.046
-0.28 0.234 0.969 -3.893 -1.267 0.229
-0.279 0.232 0.968 -4.244 -1.206 0.107
-0.258 0.224 0.963 -3.969 -0.565 -0.046
-0.261 0.227 0.959 -4.275 -0.137 -0.076
-0.255 0.223 0.967 -4.305 1.359 -0.29
-0.254 0.224 0.963 -4.107 2.595 -0.748
-0.271 0.217 0.968 -3.634 3.069 -1.511
-0.291 0.21 0.975 -2.992 0.962 -1.527
-0.282 0.235 0.974 -1.496 0.55 -2.55
-0.299 0.244 0.993 -1.985 -1.359 0.214
-0.298 0.241 0.976 -2.229 -1.267 -0.351
-0.292 0.242 0.978 -3.282 -1.008 -0.305
-0.295 0.242 0.973 -3.618 -0.397 -0.473
-0.293 0.236 0.977 -3.924 -0.061 -0.779
-0.291 0.229 0.98 -3.74 0.076 -0.55
-0.289 0.228 0.983 -3.389 0.015 -0.885
-0.287 0.231 0.97 -3.084 0.443 0.122
-0.291 0.235 0.975 -2.55 1.069 0.473
-0.289 0.246 0.976 -3.115 0.336 -0.229
-0.291 0.237 0.976 -3.405 -0.092 -0.58
-0.287 0.237 0.972 -3.481 -0.763 -0.794
-0.277 0.24 0.976 -2.916 -0.076 -0.84
-0.281 0.258 0.968 -3.847 0.733 -0.397
-0.281 0.248 0.974 -4.473 0.092 -0.443
-0.287 0.243 0.966 -3.969 -0.519 0.031
-0.28 0.243 0.97 -3.756 -0.641 0.519
-0.288 0.253 0.967 -4.305 -0.489 0.992
-0.283 0.235 0.966 -4.458 -0.702 0.29
-0.284 0.242 0.97 -4.763 -0.672 -0.58
-0.277 0.241 0.964 -5.634 -0.977 -1.13
-0.277 0.233 0.963 -5.405 -0.702 -0.885
-0.272 0.229 0.966 -5.237 -0.061 -0.611
-0.287 0.222 0.972 -4.885 -0.305 -0.382
-0.28 0.216 0.962 -4.046 -0.458 -0.611
-0.284 0.227 0.967 -3.405 -0.779 -0.641
-0.278 0.226 0.962 -2.931 -0.794 -0.397
-0.282 0.238 0.957 -2.855 -0.229 -0.809
-0.287 0.246 0.968 -3.176 -0.198 -0.519
-0.282 0.255 0.969 -3.679 0.458 -0.58
-0.282 0.25 0.97 -4.275 0.763 -0.015
-0.285 0.248 0.97 -4.763 1.435 -0.092
-0.29 0.245 0.969 -4.718 1.084 -0.58
-0.288 0.242 0.971 -4.26 0.84 -0.336
-0.295 0.251 0.974 -4.427 0.107 0.275
-0.294 0.243 0.972 -4.351 0.0 0.489
-0.291 0.251 0.976 -4.489 0.061 0.672
-0.296 0.25 0.973 -4.809 0.214 1.115
-0.299 0.251 0.977 -5.863 -0.214 0.87
-0.301 0.234 0.975 -5.847 0.061 0.733
-0.298 0.239 0.974 -6.061 -0.611 0.473
-0.297 0.214 0.982 -5.664 -0.153 0.275
-0.296 0.216 0.984 -5.267 -0.55 -0.229
-0.296 0.222 0.97 -5.252 -0.718 -0.397
-0.3 0.228 0.971 -5.099 -1.008 -0.214
-0.293 0.218 0.963 -4.443 -1.328 -0.382
-0.276 0.225 0.946 -3.511 -0.794 -0.84
-0.283 0.242 0.974 -3.786 -1.466 0.046
-0.275 0.241 0.96 -4.397 -0.198 0.29
-0.286 0.238 0.97 -4.321 -0.137 -0.107
-0.276 0.243 0.964 -5.145 0.168 -0.046
-0.28 0.227 0.962 -4.718 0.565 -0.061
-0.283 0.235 0.969 -4.382 0.275 -0.626
-0.289 0.241 0.967 -4.779 -0.061 -0.519
-0.285 0.239 0.966 -4.702 -0.076 -0.687
-0.293 0.232 0.977 -4.351 -0.137 -0.992
-0.299 0.24 0.984 -4.489 -0.092 -0.702
-0.303 0.238 0.979 -4.794 -0.183 -0.702
-0.312 0.235 0.98 -4.687 -0.885 -0.168
-0.311 0.226 0.984 -4.061 -1.588 -0.748
-0.303 0.228 0.98 -3.985 -2.061 -0.458
-0.307 0.233 0.979 -4.29 -2.229 -0.824
-0.293 0.225 0.969 -4.153 -2.427 -1.405
-0.29 0.236 0.973 -4.168 -2.366 -1.008
-0.282 0.237 0.964 -4.229 -2.733 -0.977
-0.283 0.236 0.964 -4.397 -2.321 -0.763
-0.277 0.231 0.964 -4.489 -2.122 -0.656
-0.274 0.217 0.963 -4.443 -1.664 -0.733
-0.267 0.219 0.946 -3.969 -0.855 -1.099
-0.258 0.226 0.951 -4.183 -0.26 -1.527
-0.261 0.228 0.953 -3.573 0.55 -1.954
-0.269 0.235 0.958 -3.466 0.489 -1.908
-0.273 0.253 0.979 -3.374 1.328 -2.153
-0.292 0.257 0.969 -3.924 1.16 -1.802
-0.299 0.246 0.975 -3.954 0.0 -1.939
-0.298 0.262 0.976 -3.969 0.336 -1.481
-0.302 0.26 0.976 -4.687 0.092 -1.008
-0.317 0.247 0.976 -4.87 -0.565 -1.191
-0.313 0.24 0.991 -4.458 -1.267 -1.023
-0.3 0.247 0.974 -4.183 -1.099 -1.344
-0.29 0.248 0.981 -4.534 -1.053 -0.901
-0.287 0.253 0.975 -4.672 -1.221 -0.672
-0.286 0.243 0.974 -4.137 -2.183 -0.565
-0.287 0.252 0.968 -4.29 -2.733 -0.351
-0.277 0.244 0.96 -5.115 -1.969 -0.198
-0.284 0.253 0.954 -5.298 -1.084 0.29
-0.304 0.229 0.972 -5.496 -0.824 0.672
-0.295 0.229 0.964 -4.397 -2.58 -0.397
-0.294 0.247 0.972 -4.397 -3.008 0.107
-0.284 0.237 0.963 -4.58 -2.031 0.076
-0.281 0.243 0.966 -4.809 -1.878 0.473
-0.283 0.23 0.968 -5.145 -1.206 -0.015
-0.277 0.227 0.965 -5.588 -0.763 -0.87
-0.281 0.214 0.967 -4.901 -0.87 -1.084
-0.279 0.213 0.971 -4.137 -0.458 -1.115
-0.295 0.216 0.958 -3.527 -0.55 -0.733
-0.284 0.23 0.961 -3.069 0.336 -0.962
-0.283 0.241 0.96 -3.389 0.962 -1.084
-0.292 0.242 0.964 -3.847 1.634 -1.618
-0.297 0.253 0.969 -4.672 1.405 -1.71
-0.288 0.234 0.973 -4.183 -1.206 -2.046
-0.283 0.264 0.964 -4.275 -1.985 -0.702
-0.285 0.249 0.96 -4.397 -1.145 -0.198
-0.296 0.25 0.963 -4.748 -0.992 -0.076
-0.295 0.245 0.969 -5.176 -0.672 -0.809
-0.286 0.252 0.963 -5.252 0.107 -1.374
-0.293 0.253 0.981 -5.359 0.305 -0.611
-0.296 0.233 0.974 -4.748 -0.779 0.107
-0.291 0.243 0.972 -4.672 -1.008 0.504
-0.302 0.231 0.974 -4.611 -1.191 0.321
-0.301 0.23 0.978 -4.931 -1.053 -0.29
-0.298 0.233 0.963 -4.901 -0.885 -0.794
-0.3 0.224 0.972 -4.779 -1.252 -0.901
-0.301 0.227 0.969 -4.26 -1.786 -1.206
-0.297 0.233 0.98 -3.939 -1.802 -0.916
-0.288 0.238 0.966 -3.878 -1.389 -0.733
-0.29 0.247 0.968 -4.626 -0.763 -1.069
-0.287 0.245 0.962 -5.313 0.061 -1.405
-0.301 0.24 0.965 -5.466 -0.672 -1.145
-0.291 0.228 0.967 -4.672 -1.908 -1.053
-0.301 0.235 0.962 -4.305 -1.939 -0.702
-0.293 0.23 0.966 -4.031 -2.565 -0.076
-0.284 0.242 0.969 -4.137 -2.061 -0.656
-0.304 0.234 0.979 -4.473 -1.542 -0.55
-0.294 0.231 0.977 -4.351 -1.359 -1.191
-0.29 0.239 0.973 -4.183 -0.977 -0.809
-0.302 0.225 0.98 -3.924 -0.779 -0.412
-0.289 0.238 0.973 -3.374 -0.916 -0.565
-0.287 0.241 0.973 -3.695 -0.58 -0.702
-0.296 0.246 0.973 -3.954 -0.809 -0.641
-0.282 0.241 0.976 -3.863 -1.282 -0.977
-0.288 0.242 0.974 -3.74 -1.527 -0.977
-0.29 0.245 0.975 -4.061 -1.145 -0.947
-0.29 0.249 0.957 -3.939 -1.13 -0.87
-0.295 0.244 0.963 -4.0 -0.779 -0.87
-0.289 0.244 0.96 -4.168 -1.176 -0.687
-0.289 0.243 0.955 -4.351 -1.267 -0.382
-0.287 0.245 0.978 -4.443 -1.084 -1.038
-0.292 0.238 0.971 -4.412 -1.542 -0.412
-0.286 0.243 0.969 -4.412 -0.718 -0.901
-0.294 0.237 0.973 -4.305 -0.626 -0.504
-0.297 0.231 0.964 -4.427 -1.115 -0.84
-0.292 0.23 0.975 -4.275 -1.878 -0.489
-0.292 0.241 0.969 -4.198 -1.863 -0.58
-0.283 0.24 0.96 -4.366 -2.137 -0.458
-0.283 0.229 0.954 -3.969 -1.71 -1.115
-0.277 0.242 0.952 -4.046 -1.099 -1.573
-0.281 0.246 0.956 -3.969 -0.321 -1.649
-0.281 0.249 0.969 -4.122 0.153 -1.374
-0.289 0.249 0.973 -4.275 0.183 -0.855
-0.291 0.25 0.977 -3.939 0.015 -0.504
-0.295 0.24 0.973 -4.412 -0.397 -0.153
-0.296 0.253 0.965 -4.718 -0.382 -0.351
-0.297 0.247 0.973 -5.038 -0.244 -0.504
-0.305 0.243 0.971 -5.115 -0.748 -0.565
-0.296 0.238 0.968 -4.489 -1.405 -0.931
-0.293 0.246 0.965 -4.366 -1.481 -0.107
-0.288 0.253 0.969 -4.351 -1.221 0.046
-0.298 0.249 0.969 -4.611 -1.206 0.031
-0.293 0.254 0.975 -5.038 -1.374 0.061
-0.284 0.244 0.963 -5.16 -1.16 -0.107
-0.288 0.241 0.971 -4.947 -1.435 0.595
-0.287 0.235 0.965 -4.809 -1.191 0.58
-0.29 0.244 0.965 -5.176 -0.55 0.29
-0.289 0.24 0.97 -5.481 0.137 0.061
-0.284 0.22 0.956 -5.115 -0.763 -0.153
-0.292 0.227 0.961 -4.26 -1.206 -0.107
-0.291 0.236 0.964 -4.076 -1.069 0.198
-0.285 0.248 0.963 -4.473 -0.87 0.122