-0.273 -0.156 0.99 -4.336 -2.489 -0.87
-0.286 -0.157 0.995 -3.466 -1.969 -0.672
-0.279 -0.145 0.999 -2.779 -1.481 -2.0
-0.279 -0.14 0.999 -2.733 -0.305 -1.802
-0.278 -0.14 0.996 -2.473 0.504 -2.137
-0.279 -0.122 0.992 -3.405 0.504 -1.206
-0.275 -0.122 1.002 -4.092 0.473 0.534
-0.277 -0.125 1.003 -4.366 -1.084 0.351
-0.266 -0.116 0.997 -5.756 -0.809 1.725
-0.261 -0.136 0.991 -6.534 -0.412 1.573
-0.276 -0.149 0.988 -5.863 -0.168 2.046
-0.269 -0.169 0.986 -4.855 0.611 1.008
-0.282 -0.17 0.997 -3.695 0.275 -0.305
-0.28 -0.155 0.991 -3.374 0.061 -2.336
-0.27 -0.181 0.991 -1.817 1.389 -5.496
-0.257 -0.151 0.978 -1.481 1.023 -6.153
-0.256 -0.142 0.988 -1.573 1.374 -5.435
-0.262 -0.123 0.992 -2.473 1.16 -3.939
-0.259 -0.124 0.987 -3.053 1.145 -1.649
-0.274 -0.115 0.995 -3.863 0.504 0.916
-0.281 -0.119 0.992 -5.099 0.687 2.595
-0.28 -0.143 0.987 -5.099 -0.672 3.893
-0.295 -0.145 0.99 -5.069 -0.641 3.74
-0.297 -0.137 0.999 -5.16 -0.626 3.069
-0.295 -0.156 0.992 -5.008 -0.168 2.336
-0.298 -0.184 1.001 -2.718 1.435 -1.206
-0.297 -0.15 0.995 -1.756 1.527 -1.985
-0.28 -0.136 0.996 -2.198 2.214 -0.962
-0.302 -0.132 1.009 -2.351 0.656 -0.87
-0.282 -0.125 1.006 -3.221 -1.679 0.168
-0.275 -0.107 0.992 -4.748 -1.695 0.992
-0.269 -0.128 0.987 -5.237 -2.031 1.359
-0.271 -0.117 0.989 -5.725 -1.878 2.183
-0.269 -0.144 0.989 -5.847 -1.847 3.206
-0.285 -0.151 0.988 -5.115 -2.595 2.626
-0.28 -0.148 0.986 -4.626 -2.382 1.954
-0.283 -0.163 0.987 -4.229 -2.656 -0.137
-0.29 -0.155 0.991 -3.649 -2.366 -1.237
-0.281 -0.136 0.989 -3.664 -1.588 -1.405
-0.28 -0.136 0.991 -4.29 -1.695 -0.824
-0.28 -0.144 1.002 -3.893 -2.458 0.397
-0.275 -0.141 0.993 -3.511 -1.924 1.374
-0.276 -0.14 0.997 -3.221 -1.649 2.443
-0.278 -0.153 0.996 -2.916 -1.069 2.458
-0.306 -0.154 1.016 -3.267 -3.679 1.771
-0.298 -0.157 1.016 -3.099 -4.824 1.634
-0.283 -0.151 1.005 -3.542 -4.595 1.298
-0.3 -0.155 1.017 -4.275 -5.954 0.641
-0.3 -0.164 1.018 -3.344 -6.687 0.931
-0.266 -0.16 0.996 -3.557 -5.725 2.962
-0.26 -0.191 1.001 -1.74 -4.122 6.519
-0.227 -0.218 0.984 1.481 -1.008 12.733
-0.315 -0.273 1.17 3.847 -6.168 15.664
-0.244 -0.303 1.034 10.794 -2.412 18.55
-0.283 -0.29 1.054 10.763 -3.771 21.634
-0.293 -0.338 1.052 12.702 -6.015 19.298
-0.28 -0.344 1.059 14.885 -6.534 20.183
-0.269 -0.363 1.047 17.695 -6.733 20.763
-0.256 -0.362 1.053 21.542 -6.55 20.031
-0.241 -0.345 1.024 25.191 -5.893 21.053
-0.238 -0.314 1.008 28.809 -2.87 23.908
-0.232 -0.31 1.002 32.885 -0.672 26.046
-0.246 -0.27 0.994 35.298 1.664 25.038
-0.259 -0.251 0.998 36.031 1.695 24.275
-0.292 -0.229 0.999 35.084 1.206 17.053
-0.326 -0.192 1.011 31.099 -2.046 9.237
-0.338 -0.198 1.015 26.84 -5.405 2.122
-0.341 -0.185 1.035 23.496 -6.84 -5.908
-0.327 -0.201 1.012 22.076 -10.214 -11.588
-0.295 -0.183 1.002 19.344 -12.565 -15.557
-0.272 -0.221 0.991 21.481 -11.038 -13.405
-0.258 -0.231 1.003 25.023 -9.573 -13.389
-0.247 -0.246 1.001 29.832 -7.435 -9.099
-0.26 -0.24 1.005 35.634 -3.298 -6.779
-0.28 -0.21 1.007 38.916 -2.26 -6.015
-0.289 -0.15 1.009 39.847 0.489 -6.718
-0.297 -0.113 1.011 38.733 1.084 -7.282
-0.339 -0.085 1.033 35.557 0.489 -9.45
-0.365 -0.1 1.039 31.588 -2.611 -10.427
-0.406 -0.124 1.054 27.969 -7.588 -15.42
-0.436 -0.156 1.065 24.901 -14.931 -22.183
-0.446 -0.208 1.058 24.656 -20.672 -31.557
-0.39 -0.201 1.03 25.679 -26.855 -43.771
-0.311 -0.176 0.98 27.466 -26.84 -52.137
-0.277 -0.178 0.964 31.389 -22.962 -56.489
-0.286 -0.168 0.951 37.496 -21.695 -56.779
-0.28 -0.143 0.953 45.389 -18.412 -51.374
-0.272 -0.113 0.917 55.542 -15.038 -42.718
-0.266 -0.077 0.897 64.58 -11.664 -36.153
-0.32 0.063 0.903 65.939 -9.878 -41.649
-0.368 0.163 0.92 56.168 -12.519 -53.176
-0.375 0.186 0.895 45.847 -15.176 -67.099
-0.352 0.196 0.927 37.374 -20.046 -77.282
-0.37 0.16 0.934 34.489 -21.206 -82.565
-0.321 0.17 0.934 33.802 -22.473 -82.84
-0.305 0.187 0.958 34.58 -20.137 -78.962
-0.285 0.208 0.961 35.695 -18.733 -74.305
-0.261 0.238 0.927 35.939 -16.198 -70.107
-0.249 0.281 0.959 32.84 -14.931 -65.847
-0.271 0.274 0.973 29.557 -14.824 -63.679
-0.263 0.273 0.974 25.71 -15.267 -60.397
-0.241 0.242 0.959 24.779 -14.076 -55.481
-0.263 0.183 0.975 25.634 -14.366 -50.977
-0.249 0.149 0.965 28.687 -15.893 -51.893
-0.237 0.174 0.951 30.947 -16.885 -50.534
-0.247 0.197 0.961 32.763 -14.855 -50.092
-0.243 0.184 0.969 34.58 -14.855 -48.473
-0.198 0.224 0.926 35.344 -13.481 -47.847
-0.205 0.262 0.917 35.817 -10.855 -45.969
-0.193 0.287 0.927 34.809 -9.649 -42.275
-0.162 0.297 0.919 35.16 -6.611 -38.336
-0.187 0.289 0.928 33.878 -6.336 -34.336
-0.208 0.256 0.936 34.153 -6.382 -32.733
-0.207 0.24 0.926 34.382 -7.618 -33.802
-0.186 0.242 0.918 34.962 -7.176 -36.931
-0.171 0.286 0.923 34.382 -4.763 -41.069
-0.19 0.312 0.93 31.573 -3.802 -42.26
-0.204 0.326 0.936 29.786 -1.985 -43.115
-0.194 0.334 0.937 29.298 0.153 -37.481
-0.185 0.332 0.918 30.733 1.847 -30.229
-0.212 0.338 0.938 31.893 2.275 -23.511
-0.237 0.32 0.963 33.618 1.481 -20.366
-0.24 0.343 0.97 33.466 0.565 -19.069
-0.242 0.358 0.967 30.748 -0.763 -20.656
-0.223 0.397 0.958 27.115 -0.565 -23.924
-0.246 0.416 0.961 21.313 -1.191 -25.038
-0.21 0.388 0.962 18.0 0.137 -24.992
-0.214 0.358 0.955 16.947 -0.595 -22.595
-0.21 0.355 0.958 17.634 0.0 -20.29
-0.198 0.382 0.96 17.588 1.679 -16.458
-0.214 0.384 0.965 16.779 1.71 -13.557
-0.22 0.375 0.969 16.107 1.771 -12.977
-0.225 0.38 0.975 14.382 0.885 -12.977
-0.22 0.381 0.971 12.763 1.053 -12.779
-0.219 0.379 0.963 11.359 1.756 -12.84
-0.23 0.38 0.979 9.817 2.168 -11.969
-0.236 0.379 0.981 8.718 2.092 -11.511
-0.248 0.384 0.988 7.282 2.092 -10.412
-0.24 0.402 0.986 5.908 3.053 -7.008
-0.251 0.403 0.984 3.267 2.061 -4.137
-0.261 0.38 1.003 2.58 -0.229 -2.504
-0.244 0.382 0.986 0.534 -1.863 -0.183
-0.235 0.378 0.989 -2.046 -1.099 0.458
-0.243 0.365 0.989 -5.725 -1.618 0.718
-0.256 0.321 0.993 -7.893 -2.351 0.137
-0.24 0.287 0.973 -8.931 -2.809 -1.237
-0.227 0.268 0.976 -9.176 -2.824 -1.145
-0.207 0.257 0.969 -8.824 -1.374 -1.374
-0.232 0.24 0.976 -8.427 -0.427 0.397
-0.207 0.207 0.979 -5.756 -0.87 0.244
-0.212 0.232 0.981 -4.198 -0.046 0.626
-0.22 0.23 0.987 -4.214 0.473 0.916
-0.238 0.25 0.99 -4.84 1.679 -0.137
-0.252 0.245 0.998 -6.0 1.069 -0.611
-0.236 0.225 0.987 -6.427 -1.237 -2.076
-0.234 0.244 0.991 -6.168 -1.786 -1.603
-0.217 0.235 0.99 -6.061 -1.145 -1.206
-0.225 0.236 0.982 -6.076 0.137 -0.473
-0.247 0.225 0.991 -6.137 0.748 -1.038
-0.245 0.215 0.996 -6.076 -0.137 -1.42
-0.226 0.194 0.983 -3.221 -1.221 -2.031
-0.213 0.227 0.976 -1.74 -0.656 -1.313
-0.207 0.256 0.977 -0.977 1.649 -0.336
-0.216 0.293 0.966 -1.985 3.099 0.504
-0.231 0.314 0.977 -4.443 3.771 0.626
-0.245 0.303 0.977 -6.626 2.962 0.84
-0.243 0.292 0.98 -7.74 2.321 0.794
-0.255 0.273 0.994 -8.702 1.969 2.183
-0.257 0.24 0.995 -8.901 1.74 1.771
-0.262 0.223 0.987 -8.55 0.076 1.221
-0.245 0.222 0.982 -7.053 -0.504 0.626
-0.235 0.238 0.983 -6.092 0.427 1.359
-0.245 0.232 0.981 -6.748 0.672 1.13
-0.253 0.23 0.983 -7.206 1.389 0.55
-0.236 0.202 0.984 -7.527 -0.58 -0.321
-0.222 0.197 0.976 -6.351 -0.748 -2.153
-0.221 0.22 0.974 -5.74 0.565 -1.359
-0.219 0.208 0.98 -5.13 1.588 -1.221
-0.233 0.221 0.99 -4.687 2.962 -1.466
-0.258 0.206 1.002 -4.473 0.733 -1.573
-0.255 0.214 0.995 -3.313 -0.427 -3.237
-0.25 0.233 1.003 -2.656 -0.244 -2.718
-0.252 0.251 0.994 -3.084 0.382 -2.0
-0.254 0.25 0.996 -3.893 0.962 -2.107
-0.265 0.259 0.987 -4.58 1.649 -1.878
-0.257 0.238 0.992 -4.687 0.229 -0.489
-0.263 0.235 0.991 -4.092 -0.015 -0.412
-0.257 0.23 0.994 -3.603 0.504 0.015
-0.273 0.235 1.001 -3.664 0.382 -0.504
-0.269 0.224 1.004 -3.496 -1.191 -0.824
-0.251 0.238 0.994 -2.29 -1.313 -0.992
-0.242 0.253 0.989 -2.031 -0.412 0.107
-0.246 0.259 1.001 -2.153 -0.382 0.595
-0.245 0.26 0.983 -2.702 -1.038 0.427
-0.252 0.266 0.989 -3.206 -1.847 0.977
-0.241 0.267 0.988 -3.573 -1.328 1.267
-0.256 0.264 0.99 -4.641 -1.435 1.282
-0.242 0.249 0.982 -4.779 -1.756 0.427
-0.238 0.237 0.992 -4.26 -2.992 0.198
-0.234 0.251 0.989 -3.542 -2.168 0.397
-0.24 0.257 0.979 -3.786 -1.13 0.977
-0.252 0.258 0.98 -4.458 -1.802 0.305
-0.242 0.248 0.984 -4.794 -2.962 -0.458
-0.239 0.248 0.986 -5.237 -2.382 0.015
-0.23 0.25 0.983 -5.908 -1.466 1.038
-0.241 0.225 0.981 -5.618 -0.901 1.71
-0.229 0.208 0.984 -4.198 -1.679 1.267
-0.239 0.214 0.979 -3.282 -1.939 0.733
-0.23 0.228 0.979 -2.779 -1.786 -0.305
-0.239 0.246 0.975 -3.008 -1.847 -0.366
-0.243 0.249 0.967 -2.947 -1.847 -0.382
-0.242 0.262 0.979 -3.206 -1.954 0.672
-0.233 0.258 0.964 -3.954 -0.748 1.115
-0.227 0.265 0.977 -5.084 0.656 1.252
-0.229 0.259 0.967 -6.321 0.702 1.038
-0.225 0.243 0.968 -6.321 0.641 0.321
-0.221 0.252 0.976 -6.504 1.313 0.336
-0.23 0.238 0.979 -6.992 2.0 0.458
-0.248 0.218 0.992 -6.29 0.672 0.015
-0.251 0.223 0.985 -5.115 0.779 -0.672
-0.231 0.225 0.978 -5.511 0.214 -0.427
-0.237 0.228 0.98 -5.176 0.84 -0.794
-0.245 0.226 0.986 -5.069 0.412 -1.084
-0.237 0.225 0.985 -4.84 0.076 -1.389
-0.229 0.221 0.971 -4.29 0.382 -1.435
-0.22 0.251 0.97 -4.137 1.679 -1.481
-0.235 0.246 0.976 -4.382 2.0 -1.71
-0.245 0.246 0.985 -4.504 1.832 -2.29
-0.243 0.246 0.986 -4.855 2.214 -2.305
-0.246 0.259 0.991 -5.252 2.641 -1.817
-0.252 0.243 0.995 -5.496 1.679 -1.374
-0.255 0.23 0.996 -4.214 1.13 -1.939
-0.258 0.248 0.992 -4.168 0.198 -2.031
-0.251 0.243 1.0 -3.863 1.313 -2.031
-0.269 0.255 0.988 -3.939 0.931 -1.878
-0.265 0.256 0.985 -3.786 0.702 -1.359
-0.256 0.267 0.984 -3.588 0.977 -0.229
-0.25 0.274 0.975 -4.061 1.298 0.458
-0.247 0.278 0.974 -4.382 0.977 1.115
-0.237 0.283 0.966 -5.389 0.443 0.992
-0.24 0.28 0.972 -6.55 1.053 1.191
-0.248 0.265 0.974 -7.084 0.55 1.359
-0.24 0.245 0.99 -6.687 0.168 1.176
-0.235 0.244 0.984 -6.534 0.168 1.206
-0.231 0.243 0.978 -6.519 0.672 1.939
-0.236 0.252 0.986 -6.504 1.084 2.397
-0.242 0.233 0.978 -6.504 0.809 2.595
-0.247 0.238 0.977 -6.107 1.176 2.076
-0.246 0.241 0.969 -5.969 1.405 2.137
-0.26 0.238 0.981 -5.893 1.985 1.985
-0.269 0.248 0.974 -6.748 1.863 2.137
-0.27 0.237 0.984 -7.053 1.832 1.649
-0.268 0.22 0.988 -7.176 1.267 2.275
-0.255 0.217 0.981 -6.0 2.29 2.55
-0.253 0.214 0.992 -4.992 1.267 2.473
-0.253 0.218 0.989 -4.443 1.618 1.328
-0.264 0.225 0.998 -4.137 0.427 0.748
-0.266 0.238 1.008 -4.55 0.595 0.092
-0.281 0.236 1.004 -4.687 0.412 0.198
-0.286 0.232 1.009 -5.13 -0.412 0.534
-0.289 0.221 1.011 -5.237 -0.855 -0.229
-0.283 0.226 1.005 -5.298 -1.527 -0.626
-0.292 0.215 1.006 -5.115 -2.229 -0.84
-0.261 0.213 0.989 -4.244 -2.962 -1.282
-0.265 0.236 0.996 -3.71 -2.519 -0.855
-0.255 0.234 0.974 -3.496 -2.489 -0.336
-0.244 0.235 0.966 -3.45 -1.954 -0.55
-0.232 0.245 0.96 -3.847 -1.176 -0.55
-0.23 0.256 0.959 -4.397 -0.168 -0.183
-0.224 0.251 0.953 -5.053 1.023 -0.153
-0.24 0.248 0.956 -5.344 1.496 0.412
-0.238 0.224 0.967 -4.992 1.74 0.336
-0.236 0.217 0.968 -4.122 1.267 -0.275
-0.239 0.217 0.976 -3.252 0.641 -0.702
-0.249 0.236 0.987 -2.931 0.153 -0.473
-0.24 0.237 0.986 -3.221 0.458 -1.13
-0.244 0.228 0.99 -3.588 0.168 -0.015
-0.305 0.372 0.99 -11.252 -5.008 -12.565
-0.312 0.212 1.001 -3.679 -3.267 -4.58
-0.282 0.273 0.992 -3.206 -1.282 -0.061
-0.265 0.254 0.981 -3.405 -0.153 0.061
-0.278 0.255 0.988 -3.511 -0.489 0.244
-0.266 0.255 0.986 -3.847 0.0 0.076
-0.268 0.25 1.0 -3.878 -0.87 0.763
-0.264 0.246 0.991 -4.275 -0.962 0.305
-0.274 0.242 0.994 -4.55 -1.099 0.168
-0.269 0.234 0.992 -4.412 -0.931 0.046
-0.277 0.237 0.992 -4.427 -0.427 -0.153
-0.266 0.233 0.978 -4.366 -0.763 -1.099
-0.268 0.234 0.979 -4.473 -1.221 -1.511
-0.252 0.233 0.96 -3.695 -1.573 -1.313
-0.251 0.247 0.967 -2.992 -1.145 -0.046
-0.251 0.248 0.978 -3.588 -0.84 0.198
-0.249 0.252 0.981 -4.168 -0.55 -0.504
-0.246 0.245 0.973 -4.473 -0.412 -1.038
-0.251 0.242 0.982 -4.29 0.198 -0.687
-0.259 0.246 0.99 -3.908 0.336 -0.626
-0.27 0.253 0.991 -4.58 -0.336 -1.328
-0.279 0.253 0.989 -5.008 -0.885 -0.809
-0.265 0.244 0.984 -4.519 -1.557 -0.305
-0.26 0.24 0.982 -4.58 -1.618 0.061
-0.252 0.242 0.971 -4.733 -1.282 -0.092
-0.238 0.245 0.972 -4.885 -0.58 -0.702
-0.232 0.242 0.953 -4.947 -0.168 -1.069
-0.24 0.245 0.959 -4.366 0.458 -1.145
-0.249 0.253 0.97 -4.382 0.397 -0.916
-0.259 0.261 0.976 -4.611 0.366 -0.611
-0.265 0.258 0.985 -5.176 0.29 -0.198
-0.271 0.261 0.978 -5.679 0.458 -0.153
-0.27 0.253 0.983 -5.496 -0.305 -0.168
-0.273 0.243 0.98 -5.298 -0.366 0.168
-0.26 0.228 0.969 -5.008 -1.237 0.443
-0.264 0.233 0.971 -4.702 -1.603 0.55
-0.27 0.235 0.979 -4.489 -1.328 0.504
-0.257 0.227 0.975 -4.092 -1.679 -0.351
-0.252 0.235 0.981 -4.214 -1.389 -0.626
-0.256 0.244 0.976 -4.046 -0.977 -0.55
-0.257 0.235 0.986 -3.893 -0.534 -0.321
-0.264 0.236 0.988 -3.771 -0.595 -0.29
-0.256 0.237 0.984 -3.679 -1.038 -0.382
-0.263 0.247 0.979 -3.618 -0.427 -0.275
-0.267 0.248 0.983 -3.588 0.168 0.046
-0.266 0.25 0.981 -3.802 0.519 -0.611
-0.275 0.25 0.991 -3.863 0.122 -0.504
-0.277 0.249 0.998 -4.092 -0.916 -0.504
-0.283 0.257 0.988 -4.382 -1.557 -0.305
-0.265 0.247 0.975 -4.656 -2.061 -0.336
-0.263 0.251 0.976 -4.855 -2.382 -0.473
-0.249 0.244 0.963 -5.481 -2.0 -0.321
-0.242 0.231 0.969 -5.344 -1.313 -0.718
-0.233 0.236 0.972 -4.718 -0.412 -0.58
-0.256 0.235 0.976 -4.702 -0.397 -0.641
-0.264 0.238 0.984 -4.336 -0.427 -1.252
-0.266 0.242 0.991 -4.198 -0.901 -1.542
-0.27 0.245 0.986 -4.702 -0.992 -1.71
-0.277 0.24 0.982 -4.809 -1.496 -1.45
-0.267 0.242 0.984 -4.397 -1.725 -0.672
-0.268 0.24 0.979 -4.321 -1.863 -0.412
-0.258 0.244 0.975 -4.351 -2.076 -0.412
-0.249 0.244 0.965 -4.092 -1.511 -0.214
-0.257 0.246 0.982 -3.847 -0.87 -0.351
-0.257 0.251 0.968 -4.55 -0.672 -0.855
-0.262 0.254 0.987 -5.053 -0.87 -0.656
-0.266 0.24 0.979 -5.298 -0.366 -0.443
-0.256 0.238 0.974 -5.053 -0.58 -0.611
-0.265 0.237 0.983 -5.115 -0.885 -0.565
-0.263 0.228 0.983 -5.084 -1.542 -0.748
-0.264 0.224 0.98 -4.519 -1.435 -1.115
-0.26 0.217 0.986 -4.29 -1.237 -1.008
-0.27 0.213 0.977 -3.527 -1.466 -1.603
-0.276 0.217 0.971 -2.748 -2.031 -2.29
-0.277 0.237 0.977 -2.366 -2.305 -2.321
-0.269 0.25 0.974 -2.427 -2.29 -2.229
-0.267 0.259 0.98 -2.885 -1.832 -1.756
-0.258 0.257 0.974 -3.344 -1.771 -1.282
-0.254 0.252 0.966 -3.099 -1.084 -1.45
-0.243 0.267 0.97 -3.282 -0.626 -1.237
-0.242 0.273 0.963 -3.954 0.656 -1.221
-0.246 0.273 0.968 -4.87 0.626 -1.206
-0.255 0.271 0.984 -5.267 0.458 -0.84
-0.254 0.265 0.985 -5.756 0.336 -1.267
-0.26 0.257 0.982 -6.198 -0.473 -0.931
-0.26 0.243 0.986 -6.198 -0.87 -0.26
-0.257 0.239 0.979 -5.664 -0.87 -0.305
-0.259 0.232 0.976 -5.344 -0.534 -0.107
-0.261 0.24 0.986 -4.977 -0.336 -1.038
-0.271 0.244 0.98 -4.824 -0.046 -1.16
-0.279 0.25 0.978 -4.519 -0.641 -0.992
-0.281 0.25 0.989 -4.473 -1.603 -0.427
-0.272 0.259 0.981 -4.824 -1.847 0.244
-0.271 0.261 0.987 -5.664 -1.969 0.977
-0.265 0.243 0.977 -6.122 -1.863 0.595
-0.253 0.237 0.978 -6.321 -1.344 0.504
-0.242 0.226 0.98 -6.351 -0.855 -0.015
-0.249 0.222 0.988 -5.695 -0.733 0.015
-0.254 0.22 0.982 -5.527 -1.786 -0.336
-0.247 0.209 0.974 -4.809 -1.832 -0.824
-0.24 0.208 0.96 -4.107 -1.74 -1.481
-0.247 0.22 0.97 -3.267 -1.527 -1.817
-0.244 0.235 0.957 -2.565 -0.611 -2.076
-0.252 0.25 0.965 -3.008 0.229 -1.985
-0.266 0.255 0.976 -3.573 0.504 -2.26
-0.271 0.264 0.978 -4.412 0.26 -2.168
-0.269 0.25 0.978 -4.244 -0.504 -1.679
-0.262 0.249 0.979 -4.198 -1.313 -1.206
-0.253 0.247 0.969 -3.863 -1.389 -1.053
-0.246 0.255 0.97 -3.298 -1.145 -0.748
-0.259 0.265 0.974 -3.954 -0.015 -0.366
-0.266 0.26 0.976 -4.565 0.351 -0.229
-0.276 0.256 0.984 -4.702 -0.305 -0.366
-0.278 0.244 0.979 -4.885 -0.443 -0.656
-0.273 0.242 0.988 -5.145 -0.473 -0.321
-0.264 0.236 0.999 -4.702 -1.282 0.427
-0.271 0.231 0.993 -3.924 -1.298 -0.183
-0.264 0.238 0.986 -3.771 -1.298 -0.382
-0.264 0.245 0.979 -3.817 -1.374 -0.626
-0.271 0.256 0.985 -4.427 -1.252 -0.565
-0.272 0.25 0.972 -4.702 -1.649 -1.038
-0.268 0.258 0.969 -5.115 -1.389 -0.885
-0.276 0.25 0.975 -4.947 -1.115 -0.687