-0.294 -0.177 0.973 -3.603 -0.427 -0.702
-0.295 -0.151 0.99 -3.16 -0.229 -0.153
-0.292 -0.147 0.984 -3.084 0.076 0.031
-0.297 -0.136 0.998 -3.374 -0.916 0.672
-0.284 -0.123 0.988 -3.664 -0.977 1.267
-0.281 -0.125 0.984 -4.229 -1.511 2.855
-0.292 -0.124 0.994 -4.779 -0.992 3.649
-0.299 -0.135 0.996 -5.374 -2.183 4.748
-0.298 -0.151 0.983 -5.13 -1.313 4.153
-0.29 -0.147 0.987 -5.053 -0.244 2.321
-0.3 -0.159 0.984 -4.947 -0.26 1.099
-0.29 -0.158 0.988 -4.687 -0.275 -0.046
-0.286 -0.155 0.984 -4.244 0.229 0.321
-0.281 -0.153 0.977 -3.313 0.641 1.038
-0.271 -0.167 0.97 -2.26 1.237 0.947
-0.278 -0.149 0.964 -1.435 0.656 1.511
-0.279 -0.141 0.966 -0.748 0.29 3.542
-0.297 -0.125 0.987 -1.359 0.382 4.153
-0.308 -0.113 0.997 -2.504 -0.183 4.168
-0.313 -0.125 1.012 -3.511 -0.565 4.137
-0.315 -0.129 0.999 -3.878 -0.534 3.405
-0.308 -0.122 0.997 -4.733 -0.672 2.992
-0.316 -0.128 1.0 -5.725 -0.977 2.626
-0.319 -0.142 1.0 -5.832 -1.618 2.885
-0.3 -0.153 0.981 -4.336 -1.817 2.198
-0.298 -0.149 0.993 -3.267 -0.855 2.931
-0.3 -0.134 0.989 -3.542 -0.015 2.015
-0.295 -0.125 0.981 -4.595 0.305 1.725
-0.285 -0.126 0.981 -5.802 0.458 1.389
-0.291 -0.124 0.975 -6.702 0.748 1.832
-0.282 -0.127 0.969 -6.336 1.71 2.626
-0.298 -0.15 0.99 -6.275 0.397 3.649
-0.282 -0.167 0.978 -4.992 2.26 2.809
-0.304 -0.16 0.976 -3.771 0.87 3.45
-0.301 -0.162 0.979 -1.832 1.634 3.496
-0.321 -0.131 1.008 -2.214 1.237 2.137
-0.318 -0.123 0.999 -3.649 0.58 1.878
-0.303 -0.113 0.984 -3.679 0.168 2.397
-0.336 -0.114 1.003 -5.023 -0.87 2.214
-0.3 -0.126 0.99 -5.786 -1.023 3.511
-0.297 -0.107 1.011 -6.794 1.252 2.473
-0.296 -0.144 0.991 -6.046 0.198 4.702
-0.293 -0.153 0.979 -5.053 -0.336 2.366
-0.318 -0.135 0.988 -5.099 -1.939 2.412
-0.302 -0.142 0.984 -5.069 -1.023 0.321
-0.31 -0.132 0.996 -5.023 -0.901 -0.87
-0.3 -0.132 0.987 -4.824 -1.405 -0.229
-0.297 -0.123 0.977 -5.313 -1.679 0.824
-0.296 -0.142 0.98 -4.962 -2.122 2.092
-0.289 -0.14 0.974 -4.855 -2.092 1.344
-0.297 -0.13 0.975 -5.771 -2.733 1.221
-0.301 -0.126 0.972 -6.733 -3.695 1.176
-0.308 -0.129 0.98 -7.16 -3.557 -0.702
-0.298 -0.115 0.98 -8.641 -4.092 -0.519
-0.295 -0.134 0.979 -9.573 -4.656 -1.084
-0.295 -0.148 0.984 -9.527 -3.969 -2.534
-0.29 -0.163 0.98 -7.878 -3.588 -2.107
-0.302 -0.14 0.968 -7.038 -3.237 -1.832
-0.304 -0.155 0.987 -6.137 -2.947 -0.489
-0.297 -0.143 0.984 -5.069 -2.061 0.366
-0.304 -0.149 0.98 -3.893 -1.863 0.733
-0.305 -0.138 0.993 -2.901 -0.626 0.0
-0.309 -0.124 1.004 -4.0 -0.947 0.55
-0.314 -0.141 1.004 -4.489 -1.328 -0.382
-0.307 -0.135 0.986 -4.947 -2.183 -0.305
-0.304 -0.147 0.99 -4.901 -2.702 0.366
-0.286 -0.141 0.975 -4.504 -2.427 1.206
-0.287 -0.125 0.985 -5.405 -3.435 0.855
-0.294 -0.13 0.994 -5.847 -3.557 1.496
-0.287 -0.144 0.978 -6.0 -2.733 -0.168
-0.284 -0.149 0.981 -5.832 -1.542 -0.275
-0.291 -0.148 0.978 -5.847 -0.489 -0.336
-0.297 -0.151 0.972 -5.053 -0.137 -0.656
-0.295 -0.156 0.97 -4.443 0.153 -0.29
-0.302 -0.135 0.976 -3.771 0.87 0.076
-0.296 -0.133 0.975 -3.679 -0.748 0.855
-0.304 -0.143 0.986 -3.939 -1.542 1.084
-0.29 -0.132 0.965 -4.687 -1.832 0.84
-0.295 -0.127 0.979 -5.099 -2.366 0.733
-0.293 -0.127 0.987 -5.618 -1.466 1.359
-0.291 -0.135 0.988 -5.908 -1.099 2.153
-0.292 -0.144 0.972 -5.542 0.595 2.748
-0.294 -0.132 0.982 -5.145 1.282 3.679
-0.297 -0.137 0.977 -4.718 3.908 2.718
-0.303 -0.123 0.994 -6.702 5.832 2.076
-0.3 -0.115 0.96 -8.0 4.763 2.168
-0.329 -0.125 0.987 -9.695 5.298 6.824
-0.284 -0.181 0.963 -9.435 6.809 2.977
-0.365 -0.205 0.998 -10.229 4.748 6.84
-0.355 -0.237 0.99 -8.718 1.817 6.183
-0.331 -0.254 0.976 -6.824 3.725 2.672
-0.317 -0.26 0.971 -4.382 1.328 0.458
-0.33 -0.241 0.975 -2.656 2.031 -2.0
-0.325 -0.232 0.979 -1.618 0.962 -4.168
-0.323 -0.209 0.982 -0.107 0.366 -5.099
-0.326 -0.182 0.995 -0.351 0.244 -5.328
-0.321 -0.184 0.987 -0.672 0.321 -5.695
-0.327 -0.182 0.999 -2.718 0.672 -7.221
-0.338 -0.193 0.999 -5.084 -0.916 -8.214
-0.341 -0.213 0.997 -7.176 -1.603 -9.725
-0.361 -0.26 1.003 -8.122 -3.557 -8.916
-0.364 -0.316 1.004 -7.435 -6.137 -13.313
-0.359 -0.342 1.009 -6.214 -4.977 -17.313
-0.385 -0.365 1.029 -6.733 -5.359 -22.611
-0.389 -0.407 1.042 -7.618 -5.878 -25.664
-0.4 -0.471 1.054 -5.145 -6.519 -25.176
-0.394 -0.53 1.035 2.015 -7.374 -25.695
-0.389 -0.537 1.033 10.076 -7.649 -22.718
-0.377 -0.522 1.023 15.847 -7.084 -22.046
-0.381 -0.506 0.992 20.153 -7.45 -23.863
-0.36 -0.455 0.983 22.641 -5.771 -25.969
-0.389 -0.438 1.003 23.679 -3.023 -32.733
-0.415 -0.385 1.023 20.84 -2.244 -39.389
-0.446 -0.385 1.039 14.992 -0.87 -49.252
-0.443 -0.441 1.009 12.366 -2.794 -53.527
-0.422 -0.425 0.997 9.649 -5.542 -63.863
-0.412 -0.456 0.983 12.046 -5.496 -67.771
-0.408 -0.456 0.969 14.58 -7.191 -74.0
-0.383 -0.438 0.95 20.031 -6.702 -73.115
-0.38 -0.416 0.945 24.351 -8.366 -73.756
-0.361 -0.406 0.921 28.901 -9.634 -72.809
-0.334 -0.386 0.89 32.687 -11.74 -73.42
-0.318 -0.325 0.884 34.031 -10.992 -76.641
-0.302 -0.301 0.878 34.794 -9.71 -76.824
-0.297 -0.296 0.871 36.397 -7.969 -78.855
-0.337 -0.294 0.89 38.473 -5.618 -84.122
-0.35 -0.268 0.909 38.977 -4.015 -86.656
-0.377 -0.277 0.928 41.282 -3.878 -87.695
-0.384 -0.304 0.912 45.969 -5.374 -88.641
-0.379 -0.319 0.907 52.214 -5.374 -91.634
-0.351 -0.28 0.889 57.359 -4.977 -96.626
-0.371 -0.23 0.889 60.275 -5.328 -100.366
-0.382 -0.182 0.898 64.366 -3.435 -102.977
-0.38 -0.105 0.905 65.252 -4.992 -100.565
-0.389 -0.056 0.924 66.473 -5.237 -97.603
-0.364 -0.041 0.914 67.664 -7.344 -90.534
-0.334 -0.017 0.91 69.115 -6.275 -83.878
-0.308 -0.011 0.902 70.702 -6.183 -75.023
-0.313 -0.028 0.905 71.863 -6.443 -67.481
-0.318 -0.08 0.898 72.779 -10.046 -68.092
-0.35 -0.141 0.888 74.046 -15.679 -74.748
-0.27 -0.101 0.851 74.412 -14.763 -91.557
-0.253 -0.031 0.822 75.023 -10.504 -98.855
-0.249 0.053 0.813 75.71 -4.779 -104.626
-0.3 0.157 0.851 74.931 -2.977 -105.542
-0.278 0.245 0.865 74.687 -1.359 -99.313
-0.311 0.271 0.877 77.069 0.443 -87.298
-0.288 0.324 0.872 79.847 2.351 -76.031
-0.332 0.361 0.915 78.595 0.504 -62.763
-0.336 0.324 0.918 74.214 -4.397 -63.115
-0.312 0.332 0.909 68.244 -6.84 -68.641
-0.267 0.341 0.89 60.122 -7.344 -73.649
-0.247 0.312 0.884 53.817 -5.939 -80.061
-0.252 0.321 0.895 50.58 -3.115 -80.58
-0.25 0.346 0.881 50.977 -1.481 -75.847
-0.228 0.375 0.878 53.939 0.183 -66.198
-0.226 0.383 0.902 56.809 1.099 -54.443
-0.219 0.429 0.899 59.481 3.695 -42.275
-0.261 0.43 0.942 56.87 0.931 -37.74
-0.257 0.426 0.937 52.046 -1.328 -42.275
-0.269 0.463 0.951 43.221 -2.275 -45.817
-0.226 0.425 0.936 36.29 -3.679 -49.374
-0.218 0.41 0.945 33.817 -0.061 -46.901
-0.231 0.414 0.961 32.947 1.267 -43.328
-0.23 0.423 0.951 32.076 2.916 -37.817
-0.237 0.401 0.979 30.489 2.168 -32.046
-0.245 0.392 0.984 30.229 3.008 -27.298
-0.288 0.354 1.019 28.153 -0.351 -24.855
-0.27 0.364 0.998 25.588 -3.008 -28.947
-0.246 0.406 1.008 20.702 -2.229 -30.504
-0.225 0.389 1.008 17.008 -1.542 -28.58
-0.229 0.382 1.001 15.344 -0.244 -26.015
-0.206 0.39 1.001 13.466 -0.962 -22.641
-0.192 0.396 0.991 12.397 1.191 -17.695
-0.197 0.397 1.003 9.969 2.55 -13.527
-0.212 0.382 0.999 6.824 3.603 -11.557
-0.223 0.352 1.01 3.802 3.725 -9.695
-0.243 0.315 1.019 1.542 2.977 -10.137
-0.24 0.311 1.014 -0.229 3.618 -11.985
-0.244 0.315 1.026 -3.145 2.885 -11.74
-0.258 0.28 1.042 -4.87 3.618 -10.626
-0.26 0.255 1.046 -4.824 3.695 -10.015
-0.266 0.263 1.054 -5.374 2.855 -6.977
-0.265 0.244 1.049 -5.115 3.863 -4.137
-0.267 0.236 1.041 -5.573 2.137 -2.26
-0.245 0.228 1.026 -6.29 -0.198 -2.779
-0.248 0.229 1.03 -7.695 -0.382 -2.87
-0.249 0.21 1.026 -8.885 -0.137 -3.847
-0.246 0.211 1.03 -10.153 1.313 -4.595
-0.255 0.2 1.034 -12.092 0.244 -5.527
-0.267 0.167 1.037 -11.756 -0.229 -4.87
-0.268 0.168 1.039 -10.489 0.504 -4.565
-0.282 0.156 1.043 -10.366 -0.015 -4.0
-0.285 0.135 1.04 -10.0 -3.649 -3.389
-0.269 0.117 1.021 -8.244 -6.015 -3.939
-0.239 0.137 1.006 -6.092 -5.725 -2.718
-0.235 0.146 0.999 -4.015 -4.214 -0.626
-0.246 0.163 0.991 -2.947 -3.16 -0.061
-0.264 0.172 1.002 -3.924 -2.687 -0.977
-0.252 0.163 0.992 -5.023 -4.489 -3.832
-0.243 0.167 0.992 -4.977 -5.45 -2.366
-0.254 0.17 0.989 -5.084 -4.718 -2.366
-0.252 0.179 0.991 -5.191 -4.718 -2.641
-0.242 0.197 0.976 -5.924 -3.878 -2.611
-0.244 0.184 0.983 -6.427 -2.702 -2.321
-0.221 0.198 0.978 -8.229 -2.55 -1.084
-0.238 0.164 0.989 -8.229 -2.137 -0.366
-0.236 0.155 0.992 -8.015 -1.481 -0.656
-0.249 0.151 1.0 -8.336 -1.42 -1.969
-0.239 0.154 0.995 -8.305 -0.412 -2.809
-0.247 0.139 0.999 -7.847 -2.137 -3.817
-0.243 0.136 0.994 -7.237 -1.756 -3.832
-0.253 0.145 1.018 -6.321 -1.557 -3.771
-0.252 0.16 1.018 -5.908 -1.328 -2.992
-0.25 0.155 1.011 -5.481 -1.924 -1.756
-0.243 0.137 1.001 -4.336 -2.779 -1.191
-0.232 0.152 0.996 -3.45 -1.282 -0.916
-0.22 0.165 0.991 -3.542 -0.84 -0.611
-0.244 0.175 1.006 -4.122 -0.351 -0.626
-0.23 0.17 0.997 -4.198 -1.206 -0.412
-0.231 0.173 0.997 -4.962 -2.061 0.519
-0.23 0.171 0.993 -4.733 -1.649 1.008
-0.235 0.167 1.003 -5.405 -0.702 1.221
-0.241 0.161 0.99 -5.74 -1.634 0.931
-0.236 0.167 0.997 -5.573 -1.588 -0.321
-0.236 0.168 0.996 -5.908 -1.237 -0.214
-0.245 0.165 1.0 -5.908 -0.351 0.443
-0.251 0.162 1.005 -5.542 -0.214 1.13
-0.262 0.141 1.019 -4.779 -0.656 0.763
-0.249 0.143 0.995 -4.366 -2.061 0.092
-0.237 0.166 0.991 -3.939 -1.832 -0.046
-0.221 0.178 1.001 -4.382 -0.962 1.16
-0.243 0.168 0.999 -4.733 -0.29 1.74
-0.249 0.171 1.006 -6.122 -1.695 0.748
-0.24 0.168 1.009 -6.687 -1.74 0.214
-0.242 0.164 1.003 -7.267 -1.71 0.595
-0.253 0.147 1.009 -6.58 -1.496 1.115
-0.268 0.131 1.014 -5.359 -2.718 0.168
-0.246 0.141 1.009 -4.443 -3.527 -0.626
-0.245 0.165 1.008 -4.687 -3.298 0.351
-0.24 0.161 1.006 -4.687 -2.519 1.267
-0.239 0.161 1.01 -4.656 -1.099 1.893
-0.246 0.155 1.002 -5.328 -0.672 1.191
-0.243 0.147 0.998 -5.679 -1.298 -0.153
-0.225 0.16 1.0 -6.0 -2.809 0.321
-0.226 0.16 0.99 -5.71 -1.389 1.13
-0.211 0.157 0.982 -5.298 -0.321 1.466
-0.229 0.148 0.986 -4.901 0.626 1.115
-0.239 0.16 0.998 -5.756 0.122 -1.145
-0.233 0.154 0.99 -6.244 -1.496 -1.206
-0.235 0.158 0.998 -6.046 -2.092 -0.809
-0.233 0.164 1.001 -5.42 -0.992 0.58
-0.239 0.175 1.006 -5.664 0.015 1.176
-0.253 0.161 1.004 -6.275 0.412 1.634
-0.244 0.156 1.01 -6.794 0.397 0.947
-0.246 0.15 1.012 -6.55 0.565 1.221
-0.251 0.152 1.003 -5.557 1.618 1.45
-0.264 0.145 1.017 -4.916 1.908 2.092
-0.269 0.142 1.01 -4.656 -0.656 0.427
-0.262 0.152 1.02 -4.763 -1.969 0.733
-0.254 0.158 1.025 -4.763 -2.687 0.748
-0.25 0.156 1.014 -5.374 -2.702 0.992
-0.245 0.148 1.014 -5.847 -2.626 0.397
-0.239 0.142 0.996 -6.336 -3.084 -0.137
-0.23 0.138 0.995 -5.466 -2.122 -0.87
-0.233 0.139 1.0 -5.176 -1.664 -0.443
-0.235 0.144 1.001 -4.534 -1.618 -1.115
-0.246 0.142 1.011 -4.26 -2.275 -0.626
-0.242 0.152 1.009 -3.969 -2.061 -0.824
-0.244 0.167 1.008 -4.275 -1.42 -0.656
-0.245 0.172 1.002 -4.672 -0.519 0.427
-0.243 0.171 1.006 -5.389 -0.84 0.55
-0.256 0.159 1.002 -5.985 -2.656 0.046
-0.244 0.146 0.997 -5.023 -3.038 0.26
-0.247 0.143 0.998 -4.84 -3.145 0.565
-0.239 0.152 1.0 -4.489 -2.611 0.214
-0.246 0.149 1.006 -4.504 -2.275 0.336
-0.238 0.146 0.99 -4.153 -1.496 0.26
-0.241 0.148 1.002 -3.786 -1.115 -0.244
-0.235 0.14 1.007 -3.756 -1.206 0.076
-0.24 0.142 1.009 -3.511 -0.519 -0.107
-0.233 0.143 1.005 -3.832 -0.55 0.046
-0.229 0.133 0.997 -3.282 -2.275 -0.351
-0.224 0.151 1.0 -2.748 -2.229 -0.779
-0.228 0.171 1.0 -2.733 -1.74 -0.504
-0.236 0.167 1.012 -3.145 -1.802 -0.397
-0.24 0.168 1.007 -3.802 -1.405 -0.473
-0.245 0.184 1.007 -4.534 -1.267 -0.595
-0.241 0.177 1.001 -5.038 -1.023 -0.183
-0.251 0.167 1.002 -5.038 -0.748 0.382
-0.241 0.158 1.006 -4.427 -0.504 1.053
-0.244 0.157 1.009 -4.183 -0.473 1.282
-0.244 0.157 1.005 -4.336 -0.412 1.466
-0.238 0.165 1.0 -4.534 -0.809 0.595
-0.235 0.169 1.001 -4.718 -0.855 0.122
-0.23 0.17 1.001 -5.145 -0.427 0.611
-0.243 0.16 1.002 -5.237 0.0 1.405
-0.239 0.157 0.997 -5.359 -1.069 1.389
-0.235 0.156 1.0 -5.42 -1.374 1.328
-0.229 0.155 0.994 -5.252 -1.145 1.115
-0.236 0.144 1.01 -4.885 -0.718 0.809
-0.242 0.13 1.006 -5.099 -1.328 -1.252
-0.238 0.146 0.999 -4.534 -2.031 -1.985
-0.24 0.163 1.001 -4.748 -1.405 -1.328
-0.239 0.161 1.005 -4.443 -1.053 -0.412
-0.24 0.165 0.995 -4.397 -0.29 0.229
-0.242 0.163 1.007 -4.687 -1.435 0.672
-0.232 0.16 0.998 -5.084 -1.817 0.687
-0.23 0.161 0.998 -4.855 -1.725 0.702
-0.237 0.176 0.995 -4.611 -0.534 0.611
-0.239 0.166 1.003 -4.748 0.107 1.069
-0.242 0.163 1.003 -5.13 0.031 1.099
-0.25 0.159 1.012 -5.695 -0.763 -0.015
-0.241 0.149 1.007 -5.573 -1.282 -0.656
-0.245 0.157 1.014 -5.359 -0.473 -0.473
-0.251 0.148 1.013 -5.374 -0.718 -0.046
-0.255 0.142 1.011 -4.214 -1.237 0.336
-0.257 0.144 1.02 -3.405 -1.679 0.137
-0.247 0.158 1.011 -3.817 -2.031 -0.397
-0.246 0.162 1.008 -4.382 -2.504 -0.55
-0.238 0.151 1.006 -4.489 -2.748 -0.641
-0.245 0.145 1.006 -4.336 -2.336 -1.008
-0.233 0.154 0.999 -4.366 -1.985 -1.45
-0.238 0.154 1.002 -4.321 -1.282 -0.702
-0.222 0.15 0.998 -3.893 -1.191 -0.718
-0.226 0.142 0.987 -3.511 -0.916 -0.366
-0.219 0.139 0.982 -3.374 -0.947 -0.443
-0.238 0.147 1.002 -3.374 -0.611 -1.099
-0.241 0.15 1.0 -3.298 -0.641 -1.374
-0.25 0.161 1.01 -3.405 -0.733 -1.359
-0.248 0.166 1.0 -3.908 -1.679 -1.817
-0.239 0.163 1.014 -3.939 -1.649 -2.076
-0.243 0.165 1.008 -4.107 -1.695 -1.649
-0.244 0.173 1.0 -3.725 -1.786 -1.313
-0.24 0.177 0.996 -3.878 -1.527 -0.595
-0.24 0.177 1.001 -4.412 -1.74 -0.26
-0.243 0.179 1.01 -4.595 -2.153 -0.015
-0.239 0.181 1.01 -4.84 -1.817 0.87
-0.231 0.164 1.0 -4.84 -1.802 0.916
-0.232 0.156 0.999 -4.763 -2.076 0.565
-0.23 0.149 1.004 -4.794 -1.267 -0.137
-0.24 0.144 1.005 -4.58 -1.511 -0.015
-0.23 0.145 0.996 -4.168 -1.16 -0.779
-0.231 0.14 1.001 -4.031 -1.511 -0.916
-0.23 0.153 1.003 -4.0 -1.252 -0.794
-0.225 0.153 1.002 -3.679 -0.305 -0.412
-0.24 0.148 1.002 -3.725 -0.947 -1.099
-0.237 0.153 1.006 -3.74 -1.435 -1.359
-0.231 0.173 1.006 -3.695 -1.45 -1.328
-0.233 0.164 1.001 -3.802 -1.008 -0.855
-0.238 0.167 0.997 -3.74 -0.718 -0.794
-0.249 0.164 1.003 -4.244 -1.527 -1.573
-0.241 0.171 0.999 -4.046 -1.985 -1.466
-0.229 0.181 0.997 -4.229 -1.359 -1.206
-0.236 0.187 0.998 -4.397 -1.084 -0.107
-0.24 0.181 1.017 -4.473 -0.87 0.275
-0.249 0.165 1.011 -4.885 -1.176 -0.153
-0.237 0.163 0.997 -5.191 -1.038 -0.076
-0.238 0.158 1.0 -4.748 -1.298 0.855
-0.229 0.166 0.995 -4.718 -0.626 0.901
-0.239 0.153 1.0 -4.855 0.305 1.176
-0.234 0.151 1.003 -5.069 0.458 0.672
-0.24 0.129 0.998 -4.916 -1.084 -0.55
-0.237 0.141 1.007 -4.305 -1.115 -0.275
-0.239 0.144 1.007 -3.557 -1.282 -0.489
-0.241 0.154 1.006 -4.015 -0.748 -0.733
-0.24 0.152 1.005 -4.0 -0.916 -0.687
-0.233 0.168 1.009 -3.817 -0.382 -0.763
-0.24 0.169 1.006 -4.443 -0.672 -0.214
-0.246 0.161 1.005 -4.855 -0.382 -0.229
-0.248 0.156 1.003 -4.962 -0.137 -0.779
-0.248 0.145 1.001 -4.626 -0.901 -1.176
-0.242 0.147 1.002 -4.29 -0.84 -1.282
-0.244 0.156 1.008 -3.511 -0.702 -1.221
-0.246 0.162 1.004 -3.725 -0.901 -1.481
-0.246 0.169 1.015 -3.847 -0.55 -1.145
-0.234 0.174 0.993 -4.305 -1.13 -1.115
-0.245 0.169 1.008 -4.198 -1.359 -1.267
-0.242 0.176 1.001 -4.351 -0.962 -0.763
-0.24 0.167 1.002 -4.763 -0.733 -0.519
-0.235 0.163 0.994 -5.221 -0.748 -0.672
-0.242 0.154 0.996 -5.389 -1.45 -1.084
-0.24 0.141 0.997 -4.504 -1.45 -1.008
-0.229 0.155 0.992 -4.092 -0.977 -1.298
-0.231 0.16 0.994 -3.893 -0.947 -0.779
-0.236 0.163 0.998 -3.954 -0.55 -1.023
-0.237 0.166 1.009 -4.351 -0.611 -1.267
-0.234 0.166 0.998 -4.443 -0.382 -1.206
-0.243 0.163 1.013 -4.55 -0.656 -1.267
-0.25 0.161 1.002 -4.305 -0.992 -0.962
-0.237 0.157 1.001 -4.198 -1.618 -0.733
-0.242 0.163 1.006 -3.908 -1.206 -0.931
-0.239 0.171 1.013 -4.336 -1.817 -1.405
-0.24 0.174 0.999 -4.412 -1.481 -1.084
-0.245 0.155 1.006 -4.427 -1.359 -0.595
-0.235 0.156 1.015 -4.427 -0.779 -0.977
-0.25 0.152 1.01 -4.168 -0.992 -0.702
-0.242 0.151 1.009 -4.031 -1.13 -0.931
-0.246 0.158 1.011 -4.046 -1.496 -0.687
-0.244 0.164 0.996 -4.183 -1.847 -1.374