-0.287 -0.146 0.974 -3.71 1.634 1.023
-0.296 -0.137 0.985 -4.076 0.931 1.557
-0.303 -0.119 0.985 -5.252 -0.473 2.26
-0.299 -0.117 0.988 -6.656 -0.824 2.687
-0.308 -0.14 0.986 -6.794 -0.794 3.756
-0.322 -0.151 0.997 -5.847 -0.977 2.305
-0.303 -0.159 0.988 -5.527 -1.45 0.519
-0.314 -0.146 0.999 -6.183 -2.458 -0.58
-0.302 -0.146 0.989 -6.321 -1.527 -0.183
-0.293 -0.15 0.976 -5.725 -0.718 1.496
-0.296 -0.167 0.969 -4.58 -0.214 2.168
-0.291 -0.131 0.979 -5.511 -1.221 2.046
-0.277 -0.146 0.983 -6.092 -1.221 3.71
-0.282 -0.16 0.981 -6.168 -0.794 1.847
-0.292 -0.147 0.978 -6.55 -0.824 2.733
-0.287 -0.157 0.973 -6.198 0.107 1.42
-0.277 -0.159 0.974 -5.634 1.206 3.221
-0.3 -0.166 0.98 -5.282 0.183 0.504
-0.3 -0.153 0.983 -4.565 -2.336 1.008
-0.293 -0.133 0.979 -5.099 -1.634 1.802
-0.296 -0.15 0.984 -4.565 -1.573 2.489
-0.297 -0.142 0.982 -4.29 -0.58 2.977
-0.299 -0.129 0.984 -5.344 -0.061 2.641
-0.297 -0.12 0.989 -7.313 -0.504 2.504
-0.287 -0.144 0.974 -7.985 -0.183 2.565
-0.295 -0.173 0.98 -6.595 0.687 2.168
-0.305 -0.167 0.998 -5.893 1.023 3.588
-0.313 -0.162 0.989 -5.969 0.321 0.84
-0.304 -0.161 0.98 -5.74 0.214 4.321
-0.306 -0.177 0.982 -4.824 0.366 2.611
-0.308 -0.165 0.985 -4.412 0.305 2.015
-0.317 -0.145 0.99 -5.145 -1.069 1.176
-0.318 -0.163 0.998 -5.252 -1.863 1.588
-0.313 -0.165 0.99 -4.947 -1.588 0.519
-0.302 -0.145 0.982 -5.527 -1.985 1.435
-0.297 -0.146 0.985 -6.046 -2.519 1.542
-0.276 -0.142 0.979 -6.489 -2.534 1.786
-0.283 -0.154 0.978 -6.29 -2.611 3.985
-0.279 -0.157 0.972 -5.496 -1.863 4.626
-0.312 -0.149 0.984 -6.443 -2.519 1.939
-0.295 -0.161 0.986 -5.359 -1.115 4.855
-0.294 -0.157 0.985 -4.229 -0.107 4.214
-0.309 -0.152 0.988 -4.534 0.183 3.924
-0.283 -0.13 0.975 -4.076 0.718 7.084
-0.314 -0.144 0.993 -4.534 -1.145 5.542
-0.305 -0.12 1.003 -4.489 -1.908 0.992
-0.317 -0.131 0.989 -4.443 -0.595 -0.779
-0.311 -0.133 0.982 -5.908 -1.038 -1.328
-0.302 -0.131 0.988 -6.55 -2.519 -1.298
-0.291 -0.144 0.981 -6.992 -1.756 0.061
-0.289 -0.157 0.979 -6.672 -1.603 0.244
-0.288 -0.149 0.98 -6.443 -0.962 1.099
-0.296 -0.165 0.983 -6.168 -1.405 0.336
-0.302 -0.152 0.984 -5.878 -1.557 -0.626
-0.305 -0.153 0.986 -5.71 -1.405 -0.443
-0.302 -0.165 0.989 -4.885 -0.763 -1.191
-0.303 -0.162 0.987 -4.565 -0.183 -2.229
-0.302 -0.143 0.99 -5.023 0.168 -2.092
-0.301 -0.144 0.992 -5.13 -0.84 -0.977
-0.3 -0.145 0.983 -5.466 -0.656 -0.87
-0.301 -0.136 0.991 -5.893 -1.328 -0.656
-0.295 -0.15 0.981 -6.214 -1.252 -0.122
-0.292 -0.156 0.977 -6.061 -1.695 0.519
-0.296 -0.171 0.973 -4.977 -1.344 0.351
-0.302 -0.156 0.979 -4.58 -1.16 -1.008
-0.297 -0.157 0.979 -4.931 -1.405 -0.244
-0.302 -0.156 0.98 -4.641 -1.588 -0.672
-0.31 -0.157 0.976 -4.855 -1.527 -0.122
-0.305 -0.136 0.981 -5.038 -1.252 -0.153
-0.305 -0.149 0.985 -5.344 -1.16 0.153
-0.297 -0.153 0.975 -5.45 -1.511 1.74
-0.302 -0.162 0.979 -5.038 -1.038 1.145
-0.298 -0.163 0.983 -4.824 -0.977 0.198
-0.293 -0.148 0.982 -5.069 -0.916 0.397
-0.289 -0.157 0.974 -4.87 -0.824 0.244
-0.295 -0.151 0.981 -4.824 -0.229 0.87
-0.302 -0.15 0.981 -5.252 -0.382 -0.229
-0.301 -0.157 0.987 -5.634 -0.183 -1.252
-0.301 -0.151 0.979 -6.0 -0.061 -1.45
-0.302 -0.158 0.987 -5.313 -0.504 -1.267
-0.295 -0.151 0.979 -5.206 -0.366 -1.145
-0.3 -0.146 0.981 -5.053 -0.611 -0.443
-0.298 -0.157 0.989 -4.916 -0.687 -0.656
-0.299 -0.143 0.978 -5.435 -0.107 -0.656
-0.306 -0.144 0.984 -5.924 -0.321 -0.458
-0.298 -0.158 0.978 -5.496 -0.214 -0.412
-0.3 -0.14 0.98 -5.649 -0.489 0.168
-0.295 -0.144 0.979 -6.183 -0.397 -0.885
-0.305 -0.151 0.983 -6.336 -0.672 -1.282
-0.306 -0.167 0.981 -5.817 -0.183 -1.359
-0.308 -0.166 0.979 -4.748 -0.489 -2.656
-0.301 -0.142 0.975 -5.573 -0.489 -1.786
-0.298 -0.143 0.983 -5.145 0.061 0.229
-0.301 -0.168 0.984 -4.427 -0.321 2.061
-0.306 -0.14 0.985 -4.611 -0.809 1.405
-0.313 -0.142 0.993 -6.092 -2.076 2.519
-0.303 -0.154 0.975 -5.649 -1.725 1.328
-0.307 -0.153 0.988 -6.534 -1.282 2.031
-0.303 -0.158 0.981 -6.015 -1.466 2.26
-0.303 -0.16 0.988 -5.313 -0.901 1.573
-0.299 -0.158 0.983 -5.618 -0.565 1.405
-0.306 -0.159 0.98 -5.542 -0.473 0.305
-0.303 -0.153 0.975 -5.756 -0.901 0.137
-0.305 -0.152 0.979 -5.664 -0.779 0.031
-0.305 -0.149 0.983 -5.527 -0.443 0.031
-0.312 -0.145 0.975 -6.229 -0.763 1.145
-0.307 -0.151 0.975 -6.809 -1.023 1.008
-0.303 -0.153 0.975 -6.809 -0.702 2.198
-0.305 -0.173 0.961 -6.672 -1.099 2.977
-0.299 -0.177 0.973 -5.664 -0.489 1.985
-0.299 -0.166 0.972 -5.527 -0.489 1.954
-0.305 -0.174 0.975 -4.55 0.153 0.519
-0.309 -0.17 0.976 -5.099 -0.275 -0.198
-0.297 -0.161 0.977 -5.069 0.0 -0.427
-0.284 -0.158 0.968 -5.298 0.489 -0.244
-0.281 -0.157 0.969 -5.42 0.656 0.275
-0.292 -0.18 0.972 -4.885 0.931 0.168
-0.289 -0.168 0.978 -4.168 1.267 0.855
-0.295 -0.168 0.975 -3.817 1.771 1.206
-0.315 -0.161 0.99 -3.405 1.252 2.122
-0.321 -0.153 0.992 -3.405 0.702 2.565
-0.325 -0.143 0.995 -4.031 0.107 1.511
-0.32 -0.137 0.988 -5.466 -0.626 0.0
-0.312 -0.137 0.985 -5.985 -0.489 2.794
-0.307 -0.14 0.975 -6.275 -0.366 1.344
-0.318 -0.164 0.978 -5.832 -0.611 3.481
-0.304 -0.158 0.988 -6.107 -0.718 1.542
-0.316 -0.146 0.979 -7.649 -1.832 1.053
-0.292 -0.171 0.969 -8.061 -2.0 0.87
-0.286 -0.168 0.951 -8.168 -1.557 0.977
-0.291 -0.184 0.959 -7.588 -0.519 0.702
-0.293 -0.181 0.956 -6.641 0.412 0.672
-0.297 -0.197 0.953 -6.443 0.962 -0.153
-0.313 -0.214 0.969 -5.725 1.466 0.626
-0.311 -0.225 0.955 -3.359 1.649 -1.008
-0.32 -0.206 0.975 -1.832 1.695 -0.55
-0.313 -0.187 0.981 -1.359 1.649 0.061
-0.313 -0.173 0.97 -2.305 0.427 0.702
-0.324 -0.207 1.003 -3.74 -0.519 -0.794
-0.323 -0.217 0.988 -5.42 -1.42 -2.183
-0.335 -0.265 1.001 -4.809 -2.061 -7.191
-0.31 -0.279 0.989 -3.389 -1.756 -5.008
-0.314 -0.296 1.003 -0.962 -1.679 -3.847
-0.297 -0.276 0.997 1.374 -2.244 -4.107
-0.315 -0.265 1.015 2.275 -3.176 -3.573
-0.336 -0.273 1.033 0.427 -4.183 -3.832
-0.358 -0.297 1.053 -2.55 -5.496 -7.74
-0.373 -0.337 1.06 -6.046 -9.053 -11.527
-0.391 -0.392 1.069 -8.809 -12.321 -15.603
-0.374 -0.486 1.046 -7.008 -11.725 -24.321
-0.36 -0.491 1.024 -3.802 -11.588 -32.87
-0.333 -0.497 1.01 0.626 -11.405 -35.847
-0.331 -0.479 0.979 5.74 -9.969 -40.351
-0.307 -0.458 0.959 8.702 -6.763 -44.794
-0.311 -0.444 0.952 11.863 -5.176 -47.924
-0.278 -0.436 0.92 14.366 -3.191 -49.542
-0.286 -0.429 0.921 16.0 -1.679 -49.954
-0.316 -0.467 0.925 17.176 -1.084 -50.733
-0.328 -0.479 0.933 19.206 -1.282 -57.557
-0.34 -0.503 0.944 19.511 -1.252 -61.435
-0.358 -0.548 0.955 22.168 -2.366 -69.038
-0.357 -0.515 0.975 25.939 -1.954 -74.29
-0.379 -0.529 0.96 30.656 -0.763 -81.542
-0.377 -0.449 0.977 33.557 -0.87 -78.595
-0.393 -0.409 0.989 37.084 1.084 -78.137
-0.413 -0.356 0.998 37.924 0.687 -80.122
-0.455 -0.304 1.033 33.832 -1.847 -84.504
-0.425 -0.258 1.02 26.824 -3.695 -91.679
-0.422 -0.219 1.016 19.115 -5.496 -92.366
-0.476 -0.372 1.065 16.718 -11.359 -95.924
-0.451 -0.35 1.07 16.489 -16.901 -104.168
-0.416 -0.327 1.053 15.695 -21.542 -109.802
-0.34 -0.312 1.005 16.061 -20.412 -115.13
-0.312 -0.302 0.974 16.397 -19.16 -121.221
-0.304 -0.27 0.982 17.008 -15.45 -122.107
-0.312 -0.281 0.969 18.992 -13.023 -121.45
-0.321 -0.265 0.981 20.061 -12.015 -122.351
-0.302 -0.246 0.958 22.153 -9.16 -119.206
-0.307 -0.233 0.945 23.924 -7.542 -117.969
-0.321 -0.231 0.944 25.496 -8.489 -115.344
-0.369 -0.248 0.967 26.412 -10.58 -121.038
-0.356 -0.193 0.955 26.626 -10.672 -121.069
-0.341 -0.139 0.953 25.389 -11.588 -122.214
-0.281 -0.118 0.933 26.504 -8.366 -118.702
-0.269 -0.064 0.931 28.076 -4.366 -115.008
-0.22 0.005 0.906 27.527 -0.229 -105.527
-0.168 0.06 0.883 25.344 4.901 -94.397
-0.199 0.074 0.903 22.962 8.092 -80.595
-0.226 0.003 0.911 21.115 4.702 -66.336
-0.311 -0.139 0.945 19.099 -3.466 -70.473
-0.33 -0.317 0.953 22.687 -12.916 -87.588
-0.204 -0.312 0.874 28.87 -14.0 -114.321
-0.108 -0.179 0.812 33.466 -3.527 -125.802
-0.164 -0.098 0.842 37.466 1.237 -127.298
-0.145 0.023 0.857 43.099 7.802 -118.763
-0.144 0.084 0.868 47.588 12.977 -103.16
-0.169 0.14 0.886 51.786 17.237 -87.13
-0.253 0.096 0.923 54.779 15.405 -73.527
-0.278 0.057 0.91 59.084 12.015 -69.435
-0.331 0.024 0.948 63.053 7.939 -66.519
-0.293 0.128 0.926 62.55 5.191 -76.351
-0.261 0.28 0.945 55.832 9.557 -75.389
-0.275 0.307 0.981 45.847 10.84 -69.435
-0.287 0.28 1.021 38.305 11.878 -62.076
-0.287 0.262 1.036 31.786 9.924 -55.725
-0.282 0.25 1.046 26.031 7.725 -48.229
-0.217 0.184 1.001 20.244 4.504 -42.824
-0.19 0.038 1.014 22.26 7.863 -46.076
-0.15 -0.027 0.936 23.71 4.794 -45.206
-0.172 -0.029 0.952 27.74 7.435 -49.237
-0.167 0.023 0.962 32.748 11.924 -45.924
-0.197 0.095 0.997 34.397 11.725 -42.458
-0.194 0.143 1.008 33.252 12.947 -37.267
-0.197 0.174 1.016 31.313 13.542 -30.321
-0.206 0.17 1.021 29.176 10.916 -23.237
-0.206 0.166 1.012 26.947 10.046 -17.954
-0.201 0.14 1.004 25.389 9.084 -16.076
-0.201 0.148 1.003 22.992 9.939 -13.603
-0.213 0.144 1.007 19.954 9.893 -15.206
-0.203 0.184 1.02 14.473 10.885 -17.023
-0.231 0.178 1.041 8.29 10.84 -17.893
-0.241 0.126 1.048 4.122 8.916 -18.519
-0.216 0.121 1.046 2.504 7.618 -16.443
-0.231 0.098 1.049 2.565 6.901 -13.344
-0.219 0.105 1.041 1.969 6.443 -11.618
-0.224 0.101 1.042 1.267 6.626 -9.282
-0.232 0.111 1.055 -0.595 5.405 -7.237
-0.224 0.094 1.053 -1.985 5.298 -4.779
-0.219 0.077 1.044 -2.244 5.435 -2.626
-0.228 0.063 1.047 -2.26 4.534 -1.71
-0.209 0.082 1.052 -3.038 4.137 -0.489
-0.208 0.053 1.058 -4.061 4.229 -0.122
-0.198 0.046 1.058 -5.298 3.45 -0.351
-0.207 0.028 1.075 -6.412 3.084 -0.168
-0.198 0.01 1.067 -6.794 1.527 -0.412
-0.192 0.004 1.05 -6.855 1.206 0.672
-0.207 -0.018 1.059 -6.641 0.733 0.412
-0.189 -0.023 1.068 -6.0 0.092 -0.427
-0.191 -0.038 1.067 -4.687 -0.779 -0.702
-0.185 -0.024 1.055 -3.267 -0.534 -0.183
-0.18 -0.009 1.042 -2.718 -0.351 0.443
-0.174 0.009 1.046 -3.069 0.702 0.962
-0.21 0.015 1.05 -4.321 0.366 1.191
-0.209 -0.006 1.05 -5.008 -2.061 0.855
-0.194 -0.02 1.049 -4.107 -3.176 0.87
-0.198 -0.014 1.04 -3.466 -3.267 1.282
-0.206 -0.002 1.05 -3.13 -2.458 1.13
-0.205 -0.002 1.047 -3.924 -3.313 0.641
-0.206 -0.001 1.037 -4.611 -3.053 0.015
-0.195 -0.012 1.035 -5.099 -3.084 0.519
-0.201 -0.024 1.033 -5.13 -2.718 0.931
-0.191 -0.026 1.027 -4.382 -2.046 0.824
-0.177 -0.006 1.022 -4.305 -3.115 0.748
-0.177 0.005 1.019 -4.916 -2.687 1.359
-0.163 -0.002 1.018 -5.45 -1.847 2.183
-0.17 -0.007 1.022 -6.0 -0.962 3.313
-0.182 -0.034 1.033 -5.42 -0.962 3.496
-0.17 -0.044 1.016 -4.641 -1.679 2.672
-0.173 -0.027 1.026 -4.244 -1.328 3.298
-0.19 -0.033 1.028 -4.595 -2.183 2.702
-0.187 -0.05 1.03 -3.847 -2.489 2.366
-0.196 -0.052 1.028 -2.595 -1.588 1.695
-0.187 -0.044 1.019 -2.26 -1.527 1.435
-0.194 -0.032 1.021 -1.42 -2.153 2.58
-0.196 -0.024 1.017 -1.496 -1.908 2.321
-0.198 -0.031 1.036 -0.977 -2.443 2.809
-0.196 -0.026 1.032 -0.748 -3.16 3.252
-0.196 -0.04 1.036 -0.519 -4.29 2.397
-0.147 0.023 1.005 -1.038 -3.679 1.557
-0.164 -0.007 1.012 -1.817 -2.214 2.183
-0.161 0.001 1.007 -0.687 -0.061 3.649
-0.165 0.011 1.009 -1.603 0.794 4.718
-0.172 -0.012 1.018 -2.275 0.26 4.321
-0.181 -0.026 1.036 -2.55 -0.672 2.473
-0.187 -0.024 1.036 -2.809 -1.115 0.534
-0.19 -0.03 1.04 -3.573 -1.74 -1.008
-0.182 -0.022 1.041 -3.069 -1.45 -1.45
-0.187 -0.017 1.048 -1.649 -1.893 0.275
-0.19 -0.011 1.047 -0.901 -1.771 1.588
-0.189 -0.0 1.05 -0.168 -2.641 3.603
-0.193 0.019 1.043 -1.405 -2.214 3.069
-0.203 -0.01 1.049 -1.771 -3.374 4.107
-0.195 0.008 1.053 -2.122 -4.427 3.924
-0.182 -0.013 1.041 -2.534 -5.588 3.908
-0.21 0.006 1.052 -3.573 -6.672 3.802
-0.189 -0.011 1.029 -3.756 -5.71 2.198
-0.18 -0.004 1.039 -3.969 -5.679 2.458
-0.179 -0.003 1.04 -4.763 -4.427 2.229
-0.169 -0.019 1.04 -3.908 -4.595 2.229
-0.163 -0.006 1.03 -3.359 -4.122 2.26
-0.164 0.008 1.031 -3.832 -3.328 2.137
-0.168 0.01 1.027 -4.198 -3.527 3.16
-0.17 -0.005 1.025 -4.244 -4.061 3.191
-0.17 -0.008 1.041 -4.122 -4.382 3.527
-0.16 0.011 1.021 -3.908 -4.489 3.221
-0.162 -0.001 1.02 -4.229 -4.733 4.336
-0.166 0.006 1.018 -5.038 -3.237 3.527
-0.176 -0.009 1.038 -4.55 -2.489 3.634
-0.17 -0.005 1.023 -4.611 -1.74 3.618
-0.183 -0.011 1.032 -4.504 -2.87 3.069
-0.179 -0.009 1.038 -4.382 -2.718 2.366
-0.193 -0.026 1.047 -4.58 -3.481 1.435
-0.187 -0.015 1.048 -4.748 -3.618 0.214
-0.181 -0.003 1.044 -4.809 -3.038 0.382
-0.18 -0.002 1.044 -4.458 -2.885 1.008
-0.172 0.009 1.037 -4.443 -3.069 1.679
-0.174 0.001 1.038 -4.687 -2.977 2.458
-0.173 -0.008 1.036 -4.534 -2.58 2.076
-0.167 -0.006 1.027 -4.427 -2.626 1.344
-0.157 -0.002 1.026 -3.832 -2.305 1.481
-0.164 -0.001 1.033 -3.771 -2.061 1.496
-0.161 -0.0 1.043 -3.481 -1.71 1.679
-0.172 0.007 1.043 -4.214 -1.588 1.985
-0.176 -0.009 1.036 -4.489 -1.771 2.137
-0.168 -0.011 1.043 -4.137 -1.496 2.092
-0.181 -0.004 1.037 -4.183 -1.74 1.405
-0.168 0.002 1.036 -4.718 -1.618 0.947
-0.17 -0.002 1.036 -4.458 -2.076 1.084
-0.18 -0.005 1.035 -4.168 -1.878 1.237
-0.177 0.009 1.034 -4.504 -1.511 1.008
-0.183 0.008 1.034 -5.618 -1.725 1.13
-0.173 -0.007 1.03 -5.725 -2.092 1.328
-0.162 -0.017 1.025 -5.176 -2.26 1.008
-0.171 -0.025 1.024 -4.214 -2.29 0.427
-0.162 -0.007 1.033 -3.893 -2.443 -0.061
-0.156 -0.01 1.023 -3.786 -2.107 -0.198
-0.162 -0.005 1.019 -3.267 -1.542 0.122
-0.156 0.009 1.029 -3.282 -0.672 0.748
-0.163 0.021 1.03 -3.344 -0.153 1.664
-0.176 0.022 1.032 -4.626 -0.443 1.939
-0.171 0.004 1.039 -5.359 -1.13 1.267
-0.166 -0.01 1.03 -5.252 -0.84 0.977
-0.177 -0.012 1.036 -4.718 -1.466 0.473
-0.164 -0.006 1.033 -4.305 -0.916 0.565
-0.17 -0.002 1.049 -4.321 -0.763 0.229
-0.175 -0.004 1.048 -4.015 -0.626 0.534
-0.177 -0.006 1.042 -3.893 -1.359 1.206
-0.175 -0.002 1.043 -3.924 -1.389 0.702
-0.168 -0.009 1.04 -3.802 -1.573 0.58
-0.165 -0.021 1.036 -3.511 -0.992 -0.031
-0.169 -0.005 1.032 -3.023 -1.008 -0.412
-0.165 0.01 1.038 -3.786 -0.824 -0.26
-0.176 0.013 1.032 -3.786 -1.13 0.351
-0.184 0.005 1.041 -3.908 -1.817 -0.092
-0.175 0.012 1.043 -3.74 -2.107 -0.168
-0.174 0.031 1.036 -5.023 -2.412 0.412
-0.166 0.015 1.027 -5.313 -2.977 1.374
-0.164 0.004 1.026 -5.145 -2.107 1.695
-0.153 0.004 1.021 -4.29 -1.267 2.198
-0.165 0.009 1.027 -4.473 -0.733 2.076
-0.162 0.002 1.038 -4.687 -0.275 1.649
-0.158 -0.01 1.029 -4.473 -1.023 1.664
-0.176 -0.016 1.034 -3.71 -1.527 0.458
-0.16 0.008 1.032 -4.0 -1.237 0.565
-0.173 -0.001 1.04 -4.29 -1.817 0.519
-0.171 -0.004 1.035 -3.74 -1.725 -0.412
-0.163 0.019 1.037 -3.863 -1.008 0.351
-0.17 0.02 1.04 -4.611 -1.313 1.115
-0.162 0.013 1.03 -4.137 -1.618 1.893
-0.165 0.002 1.046 -4.076 -1.603 2.366
-0.166 -0.001 1.029 -4.046 -1.603 2.26
-0.162 -0.004 1.031 -3.847 -1.053 1.679
-0.17 0.002 1.034 -3.863 -0.504 1.557
-0.162 -0.001 1.034 -4.076 -1.145 0.824
-0.168 -0.004 1.029 -3.954 -0.885 1.084
-0.162 -0.011 1.04 -4.031 -1.099 0.366
-0.17 -0.026 1.041 -3.679 -1.206 -0.092
-0.174 -0.019 1.04 -3.328 -1.389 -1.145
-0.17 0.0 1.037 -3.008 -1.115 -1.176
-0.176 0.001 1.043 -3.069 -0.931 -0.58
-0.163 0.01 1.033 -2.748 -0.87 -0.275
-0.159 0.029 1.035 -3.13 -0.153 0.58
-0.155 0.029 1.026 -3.496 0.168 1.16
-0.159 0.027 1.019 -3.588 -0.275 1.603
-0.158 0.024 1.021 -4.092 0.84 1.634
-0.169 0.023 1.024 -4.779 0.641 0.916
-0.172 0.007 1.024 -5.084 -0.092 0.473
-0.174 -0.004 1.031 -5.115 -0.397 -0.84
-0.165 0.005 1.033 -5.145 -0.656 -0.962
-0.175 -0.003 1.041 -4.931 -0.748 -0.595
-0.165 0.002 1.031 -4.718 -0.55 -1.13
-0.169 -0.002 1.043 -4.427 0.061 -0.092
-0.165 0.0 1.04 -4.26 0.229 0.061
-0.167 0.005 1.039 -4.183 -0.473 0.305
-0.177 0.004 1.038 -4.443 -0.244 0.626
-0.17 -0.008 1.047 -4.031 -0.672 0.122
-0.161 -0.002 1.032 -4.031 -0.885 -0.779
-0.171 0.002 1.042 -3.359 -1.206 -1.282
-0.166 0.003 1.036 -3.42 -1.13 -1.084
-0.172 0.013 1.035 -3.542 -1.298 -0.763
-0.172 0.005 1.037 -3.282 -1.221 -0.824
-0.174 0.019 1.051 -3.313 -1.053 -0.153
-0.176 0.022 1.036 -3.176 -0.763 0.473
-0.17 0.019 1.025 -3.191 -1.221 0.626
-0.174 0.025 1.021 -3.038 -0.84 0.748
-0.162 0.04 1.018 -2.855 -0.229 0.84
-0.158 0.05 1.013 -3.435 0.947 1.16
-0.17 0.048 1.02 -4.443 0.672 1.557
-0.171 0.036 1.024 -5.252 0.031 1.221
-0.169 0.032 1.019 -5.985 0.214 1.527