-0.042 -0.208 1.02 -2.55 4.153 0.504
-0.036 -0.232 1.006 -0.473 7.679 1.145
-0.033 -0.209 1.01 0.885 12.611 2.595
-0.046 -0.22 1.02 2.366 14.809 4.931
-0.039 -0.212 1.005 4.351 18.534 6.092
-0.042 -0.213 1.008 6.351 23.115 6.672
-0.123 -0.187 1.062 4.29 18.015 1.817
-0.08 -0.163 1.03 0.931 11.145 0.718
-0.093 -0.212 1.047 -0.519 4.824 -0.26
-0.069 -0.198 1.013 -1.191 3.649 -1.16
-0.077 -0.199 1.028 -1.221 2.351 -1.939
-0.1 -0.178 1.04 -2.611 1.542 -3.145
-0.087 -0.171 1.035 -4.046 1.298 -3.237
-0.081 -0.176 1.033 -5.573 1.725 -1.969
-0.085 -0.207 1.044 -4.275 3.023 -1.328
-0.093 -0.199 1.034 -2.916 2.122 -0.901
-0.085 -0.179 1.04 -2.458 3.221 0.748
-0.101 -0.189 1.039 -2.153 4.901 3.267
-0.134 -0.198 1.055 -2.763 -0.305 1.985
-0.094 -0.197 1.042 -2.84 -3.069 -0.351
-0.085 -0.185 1.032 -3.313 -3.664 -0.901
-0.075 -0.175 1.029 -3.756 -2.336 -0.947
-0.085 -0.183 1.029 -4.366 -1.008 -0.534
-0.09 -0.19 1.03 -4.382 -0.382 0.229
-0.129 -0.189 1.061 -7.359 -9.099 -2.26
-0.093 -0.217 1.044 -7.618 -14.214 -6.046
-0.072 -0.187 1.031 -7.42 -11.847 -4.168
-0.062 -0.204 1.034 -5.969 -9.13 -4.382
-0.067 -0.203 1.02 -4.809 -5.649 -2.504
-0.083 -0.212 1.023 -3.282 -6.641 -2.962
-0.061 -0.179 1.024 -2.763 -4.534 -1.802
-0.083 -0.179 1.028 -3.13 -2.687 -0.29
-0.067 -0.18 1.023 -3.359 -0.977 0.015
-0.075 -0.181 1.028 -3.359 1.42 0.214
-0.076 -0.175 1.023 -3.344 1.985 1.099
-0.07 -0.18 1.025 -3.008 2.489 1.603
-0.084 -0.194 1.032 -3.252 1.603 2.137
-0.088 -0.189 1.037 -3.435 1.069 2.412
-0.084 -0.197 1.028 -2.382 0.901 2.962
-0.086 -0.193 1.043 -1.145 0.885 3.023
-0.08 -0.189 1.043 -0.29 -0.168 3.725
-0.087 -0.174 1.037 -0.611 -0.244 4.702
-0.091 -0.178 1.051 -1.695 -1.511 3.802
-0.094 -0.181 1.043 -2.885 -2.137 3.298
-0.083 -0.189 1.038 -4.168 -2.382 2.626
-0.083 -0.199 1.03 -5.252 -3.573 0.947
-0.079 -0.198 1.028 -5.847 -3.115 0.412
-0.073 -0.197 1.021 -5.115 -1.969 0.885
-0.083 -0.208 1.02 -4.519 -2.168 2.076
-0.074 -0.203 1.023 -3.527 -0.916 2.244
-0.08 -0.211 1.031 -2.809 -1.191 3.405
-0.061 -0.203 1.017 -1.328 -0.168 4.702
-0.072 -0.203 1.025 -0.427 0.321 7.191
-0.071 -0.208 1.021 0.397 1.832 8.504
-0.081 -0.228 1.012 -0.29 2.58 7.405
-0.126 -0.252 1.05 -2.656 1.038 3.618
-0.115 -0.243 1.053 -4.473 -0.061 0.214
-0.123 -0.257 1.059 -4.244 -0.779 -1.069
-0.13 -0.262 1.065 -3.115 -2.824 -1.496
-0.121 -0.251 1.066 -1.359 -2.656 -0.779
-0.119 -0.235 1.069 -0.962 -2.779 -0.092
-0.123 -0.235 1.056 -1.099 -3.542 0.504
-0.1 -0.238 1.049 -0.687 -3.313 0.595
-0.1 -0.243 1.046 -0.382 -3.679 1.618
-0.103 -0.243 1.033 -2.0 -4.229 0.977
-0.109 -0.25 1.048 -4.183 -3.679 0.275
-0.104 -0.284 1.044 -5.176 -3.16 -1.115
-0.112 -0.335 1.03 -4.702 -2.962 -3.344
-0.108 -0.369 1.029 -3.313 -4.153 -4.595
-0.112 -0.37 1.025 -0.275 -2.595 -4.534
-0.116 -0.376 1.029 2.794 -3.115 -4.901
-0.118 -0.357 1.038 5.023 -0.641 -5.344
-0.108 -0.355 1.018 8.29 2.87 -1.878
-0.136 -0.346 1.034 9.298 5.786 -2.748
-0.156 -0.342 1.053 7.237 2.168 -7.145
-0.199 -0.361 1.131 4.321 -1.71 -11.038
-0.196 -0.387 1.065 5.969 -5.221 -14.58
-0.175 -0.385 1.068 7.893 -4.702 -14.947
-0.139 -0.41 1.049 9.42 -2.656 -17.145
-0.146 -0.392 1.038 10.718 0.855 -16.489
-0.138 -0.448 1.011 12.321 4.473 -15.466
-0.183 -0.398 1.052 15.176 5.557 -12.931
-0.175 -0.416 1.016 19.069 9.664 -11.053
-0.223 -0.429 1.074 20.0 9.71 -9.053
-0.227 -0.421 1.072 19.969 7.817 -18.901
-0.242 -0.407 1.075 17.511 4.214 -23.985
-0.266 -0.445 1.083 16.489 1.542 -34.061
-0.26 -0.43 1.086 16.26 -1.282 -42.351
-0.245 -0.414 1.069 14.046 -2.366 -47.237
-0.265 -0.452 1.087 16.641 -3.298 -48.809
-0.243 -0.42 1.062 19.038 -6.198 -56.305
-0.244 -0.385 1.049 22.153 -5.71 -58.046
-0.186 -0.379 1.008 26.427 -3.42 -60.962
-0.176 -0.31 0.994 29.191 -0.321 -63.42
-0.166 -0.245 0.991 28.137 4.168 -64.076
-0.18 -0.242 0.989 27.634 5.45 -65.328
-0.22 -0.24 0.984 28.489 4.916 -70.992
-0.225 -0.195 0.985 27.13 4.504 -74.519
-0.285 -0.2 1.017 25.42 0.382 -83.344
-0.298 -0.198 1.019 24.275 -6.977 -100.305
-0.242 -0.127 1.001 23.695 -11.466 -111.115
-0.21 -0.076 0.988 26.366 -10.702 -113.405
-0.181 0.008 0.986 29.298 -9.405 -111.908
-0.171 0.055 1.003 32.092 -10.183 -104.519
-0.161 0.073 1.012 35.435 -9.847 -93.023
-0.133 0.092 1.0 38.565 -8.885 -84.397
-0.117 0.098 0.98 38.687 -8.84 -79.053
-0.113 0.079 0.972 38.229 -9.435 -74.504
-0.077 0.016 0.931 37.893 -12.092 -78.977
-0.084 0.009 0.939 37.878 -11.557 -85.481
-0.097 0.005 0.947 38.885 -11.511 -92.122
-0.073 0.062 0.96 39.542 -12.443 -98.015
-0.055 0.116 0.963 40.947 -11.221 -97.359
-0.052 0.157 0.968 41.053 -9.756 -93.328
-0.038 0.178 0.965 42.137 -9.374 -89.832
-0.031 0.181 0.957 45.679 -8.061 -80.641
-0.037 0.222 0.973 47.786 -8.58 -74.87
-0.014 0.21 0.945 49.466 -8.84 -67.71
-0.01 0.215 0.945 51.863 -8.382 -65.237
-0.041 0.217 0.971 52.519 -8.489 -63.481
-0.039 0.225 0.975 53.74 -12.015 -66.611
0.006 0.291 0.952 54.015 -13.603 -69.267
0.026 0.396 0.982 51.145 -11.008 -66.947
0.055 0.45 0.993 45.084 -8.153 -62.84
0.037 0.481 1.018 35.282 -8.595 -57.42
0.038 0.44 1.018 27.359 -7.695 -52.626
0.049 0.412 1.004 21.038 -7.328 -48.58
0.037 0.334 0.993 18.183 -5.603 -46.84
0.017 0.286 1.005 15.023 -8.427 -48.748
0.043 0.273 0.999 14.107 -6.962 -50.992
0.039 0.284 0.983 14.244 -4.366 -50.977
0.042 0.315 0.995 14.626 -3.374 -47.756
0.042 0.33 1.009 15.405 -1.954 -41.878
0.023 0.358 1.023 14.183 -2.641 -35.45
0.014 0.343 1.033 14.015 -1.359 -28.0
0.004 0.326 1.029 12.626 -3.557 -23.863
0.006 0.307 1.02 10.26 -4.031 -23.42
0.009 0.297 1.029 7.481 -3.069 -24.824
0.016 0.311 1.031 4.763 -0.168 -23.771
-0.017 0.298 1.061 3.542 1.328 -20.656
-0.029 0.272 1.07 2.901 -2.382 -15.939
-0.014 0.251 1.042 3.756 -5.405 -14.382
0.01 0.25 1.052 4.198 -4.84 -11.893
0.015 0.261 1.045 3.725 -2.122 -9.924
-0.008 0.245 1.069 1.74 -2.748 -7.893
0.015 0.24 1.046 1.328 -3.13 -6.382
0.018 0.22 1.038 0.672 -2.305 -3.893
0.033 0.211 1.034 0.26 -0.489 -2.931
0.033 0.221 1.038 -1.496 2.718 -1.298
0.026 0.21 1.044 -4.183 5.237 -0.748
0.004 0.187 1.056 -6.092 7.435 -0.015
0.002 0.166 1.032 -8.855 4.779 -1.237
-0.011 0.128 1.05 -8.0 3.267 -2.656
-0.017 0.125 1.056 -7.832 1.221 -3.695
-0.015 0.128 1.052 -7.069 2.153 -3.847
-0.017 0.127 1.061 -7.557 1.817 -2.489
-0.036 0.107 1.057 -6.992 1.664 -1.557
-0.026 0.082 1.054 -5.16 1.634 -0.305
-0.031 0.095 1.065 -2.748 2.321 -0.031
-0.031 0.123 1.057 -1.71 1.008 1.298
-0.01 0.14 1.039 -1.756 1.618 1.206
-0.01 0.151 1.035 -2.626 3.221 2.595
-0.017 0.14 1.039 -4.061 4.687 2.26
-0.031 0.118 1.049 -5.191 5.176 0.382
-0.042 0.116 1.038 -5.42 4.763 0.489
-0.039 0.124 1.036 -4.779 4.718 -0.87
-0.042 0.138 1.045 -5.038 4.824 0.611
-0.048 0.132 1.057 -4.55 4.87 2.122
-0.036 0.142 1.062 -5.328 4.534 2.214
-0.036 0.136 1.062 -6.565 4.061 3.588
-0.038 0.106 1.065 -7.13 5.252 3.817
-0.058 0.089 1.06 -7.45 5.466 3.084
-0.057 0.063 1.065 -8.183 2.122 0.031
-0.049 0.06 1.063 -6.382 1.374 -1.695
-0.034 0.078 1.064 -5.099 0.885 -2.305
-0.038 0.101 1.076 -4.595 2.336 -1.756
-0.037 0.105 1.064 -5.237 2.855 -1.924
-0.056 0.084 1.068 -5.298 1.847 0.214
-0.054 0.09 1.073 -4.641 -0.427 -1.328
-0.052 0.091 1.05 -3.878 -1.802 -1.221
-0.045 0.1 1.052 -2.809 -2.229 -1.527
-0.031 0.113 1.052 -2.153 -1.069 -1.45
-0.031 0.124 1.058 -2.55 -1.16 -1.511
-0.032 0.129 1.036 -2.198 -0.366 -1.71
-0.037 0.144 1.046 -2.962 -0.076 -1.924
-0.031 0.155 1.054 -4.0 1.542 -1.053
-0.045 0.154 1.053 -4.748 1.878 0.473
-0.034 0.143 1.053 -5.176 1.038 0.992
-0.023 0.152 1.039 -6.321 0.336 2.153
-0.015 0.129 1.032 -6.702 0.076 2.733
-0.019 0.119 1.037 -6.809 2.153 2.885
-0.046 0.103 1.037 -7.435 2.87 1.328
-0.052 0.08 1.052 -6.931 2.718 0.321
-0.046 0.079 1.055 -5.725 1.221 -1.435
-0.04 0.102 1.048 -4.672 1.313 -1.084
-0.045 0.103 1.048 -4.26 1.603 -0.305
-0.058 0.114 1.065 -3.985 2.611 0.153
-0.049 0.12 1.059 -4.992 2.504 0.992
-0.059 0.107 1.066 -5.817 2.198 1.374
-0.038 0.069 1.029 -5.924 -1.618 -1.649
-0.052 0.082 1.043 -4.534 -1.954 -1.832
-0.053 0.069 1.047 -3.084 -2.198 -3.42
-0.055 0.106 1.055 -2.504 -2.107 -3.557
-0.043 0.105 1.05 -2.137 -1.221 -3.527
-0.059 0.114 1.069 -2.305 -0.809 -2.382
-0.053 0.117 1.071 -1.786 -0.321 -2.168
-0.05 0.119 1.06 -2.153 0.458 -1.527
-0.049 0.122 1.058 -2.626 0.473 -0.855
-0.035 0.123 1.039 -2.992 -0.443 -1.328
-0.036 0.125 1.045 -3.221 0.305 -0.763
-0.029 0.13 1.044 -3.466 0.58 -0.55
-0.031 0.121 1.033 -3.847 1.374 -0.534
-0.048 0.123 1.041 -3.878 1.008 -1.45
-0.047 0.126 1.052 -4.107 1.206 -1.466
-0.045 0.134 1.056 -4.427 1.053 -1.466
-0.064 0.127 1.058 -4.58 0.962 -0.947
-0.061 0.114 1.068 -4.733 -0.489 -0.595
-0.053 0.116 1.063 -4.351 -0.046 -0.473
-0.046 0.125 1.044 -4.656 0.947 0.656
-0.059 0.108 1.038 -5.069 0.611 0.565
-0.049 0.098 1.042 -4.809 -0.061 -1.695
-0.041 0.109 1.059 -5.084 -0.611 -1.756
-0.038 0.11 1.037 -4.427 -0.412 -1.664
-0.039 0.121 1.047 -4.489 1.008 -0.947
-0.071 0.109 1.061 -4.824 0.641 -0.519
-0.057 0.087 1.055 -3.725 -1.924 -2.122
-0.048 0.118 1.054 -3.115 -1.771 -1.664
-0.055 0.122 1.045 -2.794 -1.252 -1.008
-0.059 0.118 1.05 -2.992 -0.122 -0.992
-0.066 0.127 1.053 -3.695 -0.076 -1.588
-0.055 0.139 1.06 -4.58 -0.977 -1.099
-0.048 0.116 1.038 -5.206 -2.565 -0.794
-0.029 0.117 1.038 -4.168 -2.061 -1.008
-0.03 0.117 1.035 -4.336 -0.992 -0.626
-0.042 0.117 1.037 -4.519 0.611 -1.374
-0.038 0.127 1.045 -4.992 1.496 -2.366
-0.055 0.107 1.063 -4.076 1.481 0.214
-0.044 0.111 1.046 -2.87 0.321 -0.183
-0.056 0.13 1.05 -2.824 -0.168 0.473
-0.054 0.14 1.051 -3.756 -0.076 0.397
-0.055 0.137 1.054 -4.885 -0.336 0.275
-0.057 0.12 1.065 -5.069 -0.382 0.565
-0.059 0.103 1.055 -4.977 0.137 0.427
-0.06 0.115 1.057 -4.672 0.351 0.702
-0.069 0.104 1.062 -4.397 0.366 0.443
-0.049 0.094 1.047 -3.557 -0.87 -0.29
-0.047 0.119 1.037 -3.511 -1.771 -0.214
-0.033 0.131 1.034 -3.389 -0.55 -0.122
-0.054 0.129 1.048 -4.137 -0.229 0.809
-0.053 0.116 1.047 -4.412 0.214 0.351
-0.067 0.102 1.047 -4.275 -0.29 0.641
-0.049 0.098 1.044 -3.145 0.168 -0.626
-0.056 0.106 1.055 -2.595 0.015 -0.733
-0.053 0.113 1.05 -2.641 0.0 -1.206
-0.054 0.121 1.05 -2.885 0.061 -1.695
-0.052 0.131 1.05 -3.374 -0.122 -1.847
-0.056 0.126 1.04 -3.893 -0.305 -1.405
-0.046 0.134 1.042 -3.74 0.061 -1.16
-0.051 0.128 1.047 -3.771 0.137 -0.779
-0.048 0.121 1.051 -3.771 -0.107 -0.901
-0.061 0.125 1.048 -3.71 -0.931 -0.656
-0.045 0.125 1.05 -3.176 -0.809 -0.397
-0.054 0.13 1.049 -3.359 -0.733 -0.595
-0.044 0.136 1.042 -4.061 -0.595 -0.443
-0.051 0.139 1.048 -4.779 0.214 -0.351
-0.056 0.125 1.04 -5.099 0.916 0.168
-0.067 0.111 1.057 -4.672 0.611 0.412
-0.052 0.117 1.046 -4.366 0.84 -0.031
-0.056 0.104 1.054 -4.229 0.885 0.397
-0.048 0.112 1.044 -3.679 2.015 0.366
-0.061 0.11 1.053 -3.389 0.794 1.237
-0.043 0.117 1.031 -3.145 -0.305 -0.672
-0.062 0.122 1.055 -3.42 -1.313 -0.534
-0.063 0.133 1.049 -4.031 -0.779 -1.038
-0.064 0.125 1.047 -4.763 -0.84 -1.328
-0.057 0.125 1.042 -5.038 -0.885 -1.573
-0.058 0.124 1.044 -5.206 -0.397 -1.756
-0.056 0.13 1.042 -5.252 -0.244 -1.115
-0.053 0.118 1.051 -4.947 0.153 -0.58
-0.055 0.109 1.048 -3.954 0.656 0.031
-0.058 0.122 1.051 -3.893 0.397 -0.092
-0.054 0.122 1.049 -3.786 0.656 0.26
-0.057 0.116 1.048 -3.542 1.557 0.519
-0.061 0.117 1.042 -3.634 0.794 0.412
-0.065 0.116 1.044 -3.725 -0.687 0.153
-0.056 0.127 1.044 -3.725 -1.084 -1.008
-0.053 0.135 1.037 -4.29 -1.099 -0.779
-0.06 0.135 1.037 -4.382 0.031 -0.366
-0.072 0.125 1.051 -4.87 0.641 -1.069
-0.085 0.124 1.048 -5.298 -1.221 -1.221
-0.068 0.11 1.033 -4.26 -2.794 -1.45
-0.056 0.122 1.044 -3.145 -2.382 -0.58
-0.051 0.128 1.045 -3.099 -1.908 -0.031
-0.045 0.145 1.045 -3.908 -0.626 -0.336
-0.051 0.14 1.034 -4.366 0.519 -0.107
-0.045 0.139 1.035 -4.809 1.008 0.55
-0.042 0.138 1.037 -4.763 1.603 0.198
-0.054 0.136 1.045 -4.809 1.985 1.588
-0.058 0.132 1.042 -4.824 2.824 1.878
-0.069 0.125 1.055 -4.763 3.435 1.756
-0.091 0.103 1.065 -4.855 1.267 2.779
-0.069 0.098 1.047 -3.557 -0.687 0.26
-0.075 0.112 1.055 -3.191 -1.802 0.351
-0.072 0.116 1.065 -2.962 -1.817 0.656
-0.067 0.112 1.056 -3.328 -1.328 -0.168
-0.052 0.114 1.057 -3.496 -0.748 -0.351
-0.059 0.12 1.047 -3.344 -0.26 -0.427
-0.056 0.13 1.04 -3.603 0.824 0.473
-0.061 0.114 1.051 -3.74 -0.076 -0.153
-0.055 0.123 1.038 -3.786 0.076 -0.489
-0.052 0.129 1.032 -3.557 0.931 -0.733
-0.064 0.124 1.035 -4.153 0.26 -0.84
-0.065 0.126 1.046 -3.634 -0.443 -1.191
-0.062 0.142 1.042 -3.786 -0.168 -1.389
-0.058 0.142 1.044 -4.565 0.58 -1.176
-0.073 0.137 1.054 -5.115 0.214 -1.191
-0.079 0.122 1.061 -5.008 -0.183 -0.58
-0.067 0.12 1.058 -4.534 -0.092 -0.366
-0.079 0.114 1.06 -4.519 -0.763 0.061
-0.086 0.112 1.065 -3.878 -1.344 0.015
-0.08 0.112 1.059 -3.481 -2.244 -0.718
-0.067 0.123 1.059 -3.359 -1.557 -0.397
-0.062 0.133 1.051 -3.725 -0.382 0.061
-0.067 0.125 1.048 -4.107 -0.718 0.031
-0.067 0.12 1.044 -4.198 -1.374 -0.84
-0.061 0.127 1.043 -3.969 -1.878 -1.16
-0.057 0.132 1.038 -3.817 -0.519 -1.023
-0.06 0.136 1.045 -4.382 0.305 -0.595
-0.076 0.138 1.043 -4.672 0.061 -0.947
-0.06 0.125 1.041 -4.611 -2.031 -2.504
-0.055 0.136 1.036 -4.275 -4.076 -2.412
-0.061 0.151 1.045 -4.595 -3.634 -1.893
-0.06 0.136 1.041 -5.466 -3.008 -1.939
-0.059 0.138 1.04 -5.969 -2.351 -1.863
-0.053 0.122 1.034 -5.603 -1.863 -1.573
-0.06 0.125 1.034 -5.313 -0.397 -1.466
-0.067 0.11 1.037 -4.504 0.046 -0.931
-0.058 0.107 1.033 -3.359 0.0 -0.733
-0.058 0.114 1.036 -2.275 -0.382 -1.71
-0.053 0.139 1.037 -2.656 -0.183 -1.069
-0.055 0.149 1.046 -3.267 0.992 -0.58
-0.078 0.142 1.05 -4.397 -0.137 0.031
-0.062 0.132 1.033 -4.595 -1.16 -0.504
-0.063 0.135 1.037 -4.183 -1.16 -0.427
-0.064 0.14 1.041 -4.55 -0.931 0.137
-0.061 0.141 1.052 -4.656 0.412 0.198
-0.071 0.134 1.052 -4.977 1.13 0.046
-0.071 0.135 1.055 -5.191 1.679 0.473
-0.066 0.121 1.048 -5.313 -0.061 -0.29
-0.067 0.12 1.058 -4.656 -0.595 -0.214
-0.068 0.116 1.05 -4.55 -0.595 -0.153
-0.069 0.12 1.055 -4.305 0.031 -0.519
-0.072 0.113 1.051 -4.504 0.55 -1.053
-0.083 0.116 1.062 -4.076 0.641 -0.489
-0.08 0.097 1.05 -3.008 -1.511 -0.656
-0.079 0.118 1.047 -2.29 -2.229 -1.664
-0.073 0.14 1.042 -2.824 -1.649 -1.374
-0.069 0.131 1.042 -3.527 -1.542 -1.817
-0.057 0.14 1.041 -3.863 -0.748 -1.557
-0.073 0.138 1.044 -4.29 0.26 -0.565
-0.067 0.147 1.045 -4.718 0.977 -0.443
-0.059 0.138 1.032 -5.359 0.885 -0.275
-0.062 0.123 1.035 -5.13 1.176 -0.107
-0.068 0.122 1.041 -4.977 1.328 -0.931
-0.073 0.125 1.047 -5.328 1.16 -1.053
-0.069 0.13 1.044 -5.053 1.344 -0.336
-0.083 0.123 1.051 -4.809 0.29 -0.443
-0.084 0.115 1.05 -4.443 -0.885 -1.023
-0.088 0.114 1.058 -3.725 -1.405 -1.069
-0.073 0.116 1.047 -3.466 -1.71 -0.901
-0.071 0.122 1.052 -3.481 -1.313 -1.008
-0.071 0.133 1.049 -3.023 -0.992 -0.931
-0.063 0.137 1.04 -3.176 -0.519 -0.718
-0.042 0.128 1.036 -0.824 2.931 4.534
-0.029 0.15 1.024 -3.756 1.359 0.718
-0.073 0.121 1.045 -3.359 -0.092 -0.412
-0.056 0.137 1.049 -3.542 -0.107 -0.458
-0.07 0.141 1.051 -3.924 -0.168 -0.214
-0.072 0.137 1.038 -4.794 -1.008 -0.702
-0.078 0.13 1.049 -5.008 -0.977 -0.672
-0.069 0.136 1.05 -5.191 -0.809 -0.443
-0.072 0.133 1.04 -5.176 -0.565 -0.672
-0.073 0.121 1.041 -5.374 -0.947 -0.443
-0.065 0.114 1.037 -4.489 -0.443 -0.214
-0.061 0.108 1.031 -3.756 -0.305 -0.198
-0.062 0.114 1.028 -2.916 0.076 -0.275
-0.071 0.124 1.043 -2.718 0.458 -0.443
-0.065 0.131 1.04 -2.412 -0.153 -0.595
-0.063 0.14 1.043 -2.809 -0.489 -1.023
-0.076 0.143 1.04 -3.695 -1.13 -1.832
-0.074 0.152 1.049 -4.641 -0.794 -1.42
-0.078 0.151 1.04 -5.13 -0.275 -1.374
-0.077 0.141 1.046 -5.74 -0.046 -0.947
-0.081 0.132 1.047 -5.893 -0.641 -1.374
-0.087 0.136 1.061 -5.924 -0.336 -1.313
-0.08 0.14 1.056 -6.397 -0.122 -1.298
-0.082 0.125 1.06 -6.061 -1.008 -0.107
-0.07 0.119 1.05 -5.542 -1.802 -0.611
-0.07 0.119 1.048 -6.061 -2.321 -1.679
-0.073 0.118 1.057 -6.504 -2.382 -2.412