-0.116 -0.251 1.048 0.107 -44.0 -17.527
-0.061 -0.226 1.016 0.321 -33.069 -13.603
-0.104 -0.234 1.004 1.252 -39.084 -14.565
-0.066 -0.202 1.035 -1.099 -38.092 -9.908
-0.089 -0.207 1.025 -3.267 -34.763 -14.015
0.328 -0.467 0.779 3.924 83.191 -23.725
-0.334 -0.255 1.225 9.42 15.038 -17.847
-0.169 -0.191 1.091 3.099 -24.076 -14.473
-0.058 -0.245 1.021 -1.679 -4.137 -12.656
-0.101 -0.288 1.082 -1.496 -14.366 -14.733
-0.211 0.003 1.1 -7.466 -21.313 5.038
-0.063 -0.211 1.033 -5.695 -45.038 -20.321
-0.048 -0.24 0.99 -7.481 -48.626 -20.443
-0.01 -0.226 0.984 -8.641 -39.344 -23.252
0.007 -0.227 0.997 -5.282 -30.229 -22.137
-0.015 -0.226 0.992 -3.298 -25.42 -23.71
-0.013 -0.221 1.0 -3.74 -22.336 -23.817
0.01 -0.211 1.006 -3.618 -17.298 -22.382
0.035 -0.182 0.993 -5.969 -6.641 -18.305
0.04 -0.193 0.99 -8.229 6.0 -12.29
-0.043 -0.188 1.025 4.351 13.969 7.13
-0.04 -0.236 1.07 -2.489 10.427 -0.427
-0.032 -0.226 1.043 -5.115 6.992 -0.962
0.007 -0.228 1.015 -5.16 7.115 9.313
0.036 -0.235 1.005 -8.641 11.756 23.634
0.049 -0.251 1.018 -10.687 16.458 36.824
0.008 -0.267 1.013 -13.13 19.969 39.038
0.012 -0.242 1.01 -11.191 16.122 36.366
0.013 -0.211 1.01 -11.176 20.076 31.725
-0.052 -0.247 1.005 -9.588 15.939 25.145
-0.039 -0.175 0.989 -0.885 3.893 23.084
-0.092 -0.198 1.031 -2.473 -2.916 29.511
-0.122 -0.218 1.058 2.168 -7.374 32.321
-0.05 -0.174 1.007 13.496 15.573 47.237
-0.029 -0.2 1.062 26.916 25.008 60.55
-0.047 -0.263 1.073 25.893 40.641 57.649
-0.066 -0.245 1.11 38.916 51.237 59.221
-0.105 -0.228 0.977 38.061 48.687 56.351
-0.07 -0.23 1.019 45.679 49.725 37.344
-0.053 -0.217 0.952 48.168 55.924 32.229
-0.214 -0.358 1.16 39.435 61.099 15.71
-0.183 -0.228 1.079 42.107 41.985 22.855
-0.168 -0.176 1.034 36.84 22.855 22.366
-0.147 -0.157 1.065 37.863 7.42 19.908
-0.176 -0.124 1.056 32.626 1.954 30.061
-0.146 -0.131 1.072 29.481 1.588 27.038
-0.113 -0.123 1.035 24.916 3.832 29.099
-0.104 -0.099 1.005 25.969 8.947 29.16
-0.111 -0.141 1.023 26.656 19.206 31.42
-0.137 -0.134 1.026 28.061 22.55 35.405
-0.115 -0.105 1.044 28.763 26.87 41.359
-0.119 -0.097 1.041 24.565 24.718 40.824
-0.18 -0.176 1.049 23.435 23.527 32.763
-0.124 -0.09 1.017 23.191 24.061 38.718
-0.192 -0.109 1.016 20.916 18.687 31.45
-0.175 -0.093 1.025 21.221 19.908 27.374
-0.227 -0.104 1.025 21.969 21.298 20.275
-0.179 -0.052 1.022 20.092 14.702 16.427
-0.164 -0.059 1.015 19.42 17.069 18.0
-0.188 -0.065 1.023 16.824 22.656 7.237
-0.226 -0.082 1.063 14.305 24.137 3.053
-0.226 -0.049 1.07 12.122 20.168 -3.45
-0.229 -0.054 1.065 5.603 16.824 -6.137
-0.244 -0.086 1.085 0.076 15.038 -16.305
-0.243 -0.037 1.056 -22.229 15.878 -62.366
-0.249 -0.112 1.094 -73.206 28.275 -147.908
-0.185 -0.135 0.992 -73.878 14.351 -167.435
-0.154 -0.089 1.055 -89.267 16.718 -172.0
-0.211 -0.185 1.096 -83.298 3.71 -133.252
-0.209 -0.231 1.095 -75.237 -17.786 -89.588
-0.139 -0.219 1.071 -70.565 -16.626 -45.847
-0.178 -0.223 1.083 -72.122 -27.786 -37.282
-0.254 -0.19 1.067 -66.58 -33.069 -31.481
-0.184 -0.217 1.019 -57.069 -35.435 -17.282
-0.279 -0.301 1.06 -40.611 -55.191 -42.137
-0.241 -0.156 1.068 -25.115 -93.267 2.702
0.015 -0.017 1.03 5.053 -60.489 33.267
-0.115 -0.247 1.058 13.847 -44.931 43.954
-0.085 -0.277 1.037 13.405 -38.321 41.359
-0.078 -0.336 1.029 14.153 -28.29 31.282
-0.07 -0.345 1.035 12.519 -24.153 21.084
-0.068 -0.368 1.047 10.046 -21.649 11.405
-0.05 -0.389 1.045 10.122 -17.405 5.634
-0.067 -0.403 1.08 11.389 -16.626 5.756
-0.048 -0.422 1.092 15.893 -12.84 11.13
-0.059 -0.361 1.077 14.519 -6.137 16.107
-0.134 -0.341 1.122 8.427 -6.137 22.916
-0.149 -0.335 1.131 -1.695 -6.076 28.305
-0.15 -0.434 1.116 -9.893 -8.916 25.71
-0.146 -0.551 1.136 -12.962 -10.351 15.985
-0.079 -0.594 1.094 -12.458 -6.611 8.87
-0.039 -0.611 1.056 -8.046 3.42 1.084
-0.014 -0.617 1.004 -1.71 11.74 -5.756
-0.018 -0.628 0.984 7.618 18.901 -11.191
-0.058 -0.607 0.994 17.969 22.702 -12.26
-0.103 -0.578 0.992 27.954 22.992 -14.809
-0.091 -0.579 0.983 38.244 24.458 -17.405
-0.13 -0.584 0.982 48.763 23.481 -24.748
-0.169 -0.518 0.975 55.237 22.733 -33.634
-0.191 -0.435 0.979 56.58 20.87 -47.145
-0.238 -0.332 0.975 52.855 20.84 -54.55
-0.263 -0.313 0.968 52.336 19.588 -52.84
-0.284 -0.275 0.982 52.763 19.053 -56.916
-0.324 -0.226 0.983 49.817 16.061 -60.901
-0.368 -0.281 1.017 51.298 9.71 -61.71
-0.329 -0.276 0.995 52.931 5.725 -67.863
-0.319 -0.228 0.971 55.069 2.366 -71.145
-0.261 -0.239 0.922 59.389 4.321 -74.763
-0.292 -0.183 0.936 63.359 6.229 -77.084
-0.292 -0.096 0.92 64.947 7.878 -75.511
-0.31 -0.135 0.955 70.977 4.351 -70.183
-0.332 -0.054 0.96 78.58 -0.168 -63.985
-0.291 0.028 0.957 79.466 -1.588 -62.824
-0.312 0.105 1.017 75.924 -5.405 -57.603
-0.258 0.135 0.985 68.855 -11.557 -64.931
-0.223 0.191 0.967 56.198 -13.847 -71.145
-0.177 0.153 0.94 45.847 -17.13 -82.26
-0.115 0.154 0.91 39.939 -14.321 -85.893
-0.08 0.12 0.884 39.588 -7.466 -86.824
-0.112 0.142 0.924 42.824 -5.557 -76.626
-0.126 0.141 0.945 48.55 3.206 -66.687
-0.204 0.146 0.962 53.847 3.42 -59.832
-0.232 0.232 0.99 53.176 5.542 -59.481
-0.276 0.227 1.013 46.336 2.015 -61.954
-0.251 0.231 0.957 43.939 -3.511 -69.588
-0.251 0.257 0.971 41.389 -1.511 -68.992
-0.249 0.245 0.967 43.206 0.305 -69.802
-0.256 0.393 0.996 44.321 0.183 -69.771
-0.243 0.34 0.942 42.229 2.87 -66.412
-0.267 0.264 0.948 48.687 -2.351 -64.901
-0.314 0.272 1.01 31.664 -4.153 -60.55
-0.282 0.292 0.997 27.573 -10.321 -65.954
-0.209 0.283 0.947 26.443 -7.206 -63.786
-0.208 0.28 0.947 29.053 -7.725 -59.405
-0.21 0.255 0.966 35.389 -3.649 -48.244
-0.227 0.265 0.971 41.893 -5.557 -39.374
-0.154 0.323 0.932 45.618 -4.015 -33.115
-0.133 0.371 0.906 44.183 0.137 -26.076
-0.157 0.37 0.921 39.511 0.473 -19.679
-0.158 0.318 0.939 35.13 0.672 -18.443
-0.156 0.272 0.928 29.847 -3.389 -24.214
-0.143 0.233 0.924 26.931 -5.084 -32.702
-0.083 0.247 0.894 23.969 -2.305 -40.763
-0.1 0.245 0.915 21.954 -0.137 -42.29
-0.146 0.246 0.919 23.206 4.748 -43.557
-0.198 0.292 0.951 22.351 2.733 -42.748
-0.196 0.324 0.951 20.336 3.038 -41.664
-0.186 0.343 0.941 16.137 1.481 -41.618
-0.2 0.335 0.957 12.55 2.672 -39.695
-0.167 0.308 0.951 11.099 3.435 -39.71
-0.168 0.309 0.951 10.427 6.061 -37.115
-0.155 0.293 0.934 10.107 6.84 -34.748
-0.193 0.3 0.946 10.641 8.534 -30.901
-0.185 0.285 0.961 11.481 7.542 -26.168
-0.151 0.281 0.938 13.313 10.122 -23.359
-0.199 0.29 0.958 12.092 8.351 -23.328
-0.199 0.283 0.96 9.282 6.321 -27.42
-0.153 0.279 0.936 7.145 6.519 -28.84
-0.16 0.25 0.944 8.061 8.046 -27.405
-0.177 0.246 0.95 11.16 9.176 -25.389
-0.182 0.273 0.949 12.168 11.206 -23.42
-0.212 0.292 0.961 12.122 10.061 -19.405
-0.193 0.278 0.957 10.885 10.962 -18.427
-0.221 0.267 0.965 9.023 9.573 -20.092
-0.193 0.269 0.966 8.244 9.756 -20.305
-0.199 0.284 0.956 8.137 11.664 -18.977
-0.215 0.278 0.979 8.168 13.16 -15.649
-0.222 0.278 0.981 7.695 14.153 -14.534
-0.256 0.291 1.0 5.771 13.008 -14.656
-0.261 0.264 1.0 4.168 11.099 -15.847
-0.249 0.256 1.004 4.015 9.374 -17.023
-0.26 0.285 1.002 4.244 9.863 -16.214
-0.253 0.304 1.009 3.115 9.985 -14.565
-0.261 0.287 1.018 2.0 8.351 -14.031
-0.273 0.278 1.032 1.634 7.893 -13.084
-0.265 0.268 1.021 0.473 6.473 -12.534
-0.277 0.258 1.023 -0.733 5.405 -12.427
-0.28 0.257 1.032 -1.221 4.702 -12.198
-0.269 0.247 1.031 -1.16 3.069 -11.695
-0.262 0.248 1.018 -1.466 3.756 -10.595
-0.256 0.238 1.019 -1.603 2.351 -10.153
-0.25 0.232 1.007 -1.084 1.496 -8.504
-0.228 0.231 0.986 0.076 3.13 -7.42
-0.233 0.244 0.986 0.489 4.382 -6.382
-0.234 0.232 0.979 0.458 2.595 -7.13
-0.266 0.271 0.991 0.656 3.389 -6.84
-0.245 0.269 0.976 -1.45 2.687 -5.71
-0.276 0.252 1.003 -1.42 3.344 -5.328
-0.274 0.259 1.0 -0.916 2.427 -4.092
-0.276 0.244 0.992 0.122 1.237 -2.885
-0.269 0.249 1.003 0.672 0.519 -1.679
-0.26 0.25 0.997 0.458 1.237 -0.519
-0.263 0.254 0.996 -0.321 1.298 -1.069
-0.263 0.247 1.001 -0.962 0.519 -1.527
-0.253 0.246 1.01 -0.992 -0.061 -0.962
-0.245 0.258 1.0 -2.244 -0.29 -2.305
-0.246 0.256 0.99 -3.496 -0.534 -2.412
-0.239 0.261 0.986 -4.763 0.595 -2.779
-0.248 0.255 1.0 -6.366 0.458 -2.382
-0.237 0.23 1.0 -6.244 0.382 -0.321
-0.236 0.2 0.989 -4.595 -0.718 -1.176
-0.237 0.231 0.982 -3.771 -0.534 -1.618
-0.221 0.249 0.963 -4.855 0.916 -2.794
-0.23 0.243 0.968 -6.702 1.649 -3.74
-0.248 0.233 0.979 -7.45 2.931 -3.649
-0.249 0.23 0.985 -7.069 3.16 -2.214
-0.253 0.211 0.988 -6.366 1.969 -0.351
-0.258 0.212 0.987 -5.191 2.244 0.504
-0.242 0.219 0.978 -5.008 1.252 -1.206
-0.261 0.222 0.981 -4.87 0.992 -0.947
-0.245 0.23 0.978 -5.267 1.771 -1.878
-0.256 0.24 0.972 -6.076 2.641 -1.863
-0.256 0.229 0.981 -5.878 3.053 -0.55
-0.244 0.224 0.978 -4.992 1.542 0.26
-0.236 0.228 0.972 -4.641 1.603 1.069
-0.248 0.233 0.967 -4.412 2.0 1.008
-0.249 0.233 0.977 -5.634 3.511 -0.229
-0.274 0.224 1.002 -6.351 2.947 0.229
-0.272 0.198 1.0 -5.45 1.527 -0.916
-0.262 0.203 0.99 -4.611 0.58 -1.634
-0.27 0.199 0.996 -4.015 0.534 -0.809
-0.265 0.206 0.991 -3.695 0.901 -1.908
-0.264 0.211 0.998 -4.55 1.924 -2.641
-0.268 0.221 1.005 -5.481 1.481 -3.328
-0.275 0.212 1.0 -5.817 1.954 -1.237
-0.26 0.204 1.0 -5.099 0.855 -2.336
-0.258 0.206 0.995 -4.947 0.29 -2.427
-0.257 0.21 0.985 -4.855 0.534 -2.962
-0.259 0.223 0.991 -5.252 1.756 -3.099
-0.272 0.216 1.001 -5.267 -0.473 -3.13
-0.261 0.229 0.986 -4.504 0.855 -2.947
-0.269 0.234 0.977 -4.321 0.794 -2.336
-0.268 0.232 0.984 -4.794 1.221 -3.237
-0.27 0.254 0.982 -6.733 1.344 -4.214
-0.269 0.239 0.979 -7.71 2.031 -2.992
-0.265 0.21 0.967 -7.832 1.206 -3.481
-0.273 0.212 0.984 -7.359 1.282 -3.969
-0.265 0.214 0.986 -7.634 1.221 -3.802
-0.27 0.209 0.985 -7.832 1.573 -3.771
-0.276 0.19 0.986 -7.542 0.046 -3.786
-0.263 0.19 0.979 -6.763 0.137 -4.061
-0.256 0.189 0.984 -6.107 -0.595 -3.985
-0.255 0.187 0.98 -5.221 0.214 -4.092
-0.25 0.197 0.977 -4.763 0.763 -3.527
-0.268 0.203 0.985 -4.229 2.534 -2.641
-0.265 0.222 0.979 -5.359 1.13 -3.115
-0.267 0.214 0.991 -5.557 0.015 -2.565
-0.277 0.208 0.983 -5.557 0.458 -2.046
-0.278 0.208 0.983 -5.16 1.328 -0.595
-0.278 0.201 0.988 -4.733 0.351 -1.008
-0.279 0.21 0.984 -4.427 0.901 -0.29
-0.275 0.208 0.986 -4.366 0.046 -0.504
-0.282 0.204 0.982 -4.122 0.061 -0.305
-0.283 0.211 0.991 -4.305 0.55 -0.977
-0.29 0.217 0.993 -4.855 0.046 -1.847
-0.276 0.219 0.983 -5.191 0.763 -1.496
-0.275 0.208 0.986 -5.13 -1.069 -0.55
-0.279 0.204 0.989 -3.863 -2.55 0.153
-0.273 0.209 0.976 -3.374 -2.046 0.87
-0.268 0.216 0.968 -4.015 -1.573 -0.336
-0.27 0.22 0.974 -4.748 -0.351 -1.206
-0.274 0.202 0.967 -5.145 0.473 -1.603
-0.284 0.199 0.989 -5.42 0.076 -2.122
-0.283 0.181 0.977 -4.366 -0.305 -2.229
-0.285 0.191 0.998 -3.466 -0.458 -2.229
-0.272 0.197 0.987 -2.733 -0.122 -2.366
-0.268 0.21 0.983 -3.099 0.29 -2.794
-0.264 0.209 0.98 -3.069 0.534 -2.519
-0.261 0.208 0.968 -3.038 0.092 -3.695
-0.247 0.226 0.971 -3.053 2.107 -3.786
-0.253 0.231 0.968 -4.321 2.824 -3.954
-0.271 0.237 0.985 -6.214 3.557 -4.824
-0.285 0.24 0.981 -7.496 3.786 -3.679
-0.292 0.223 0.993 -8.168 2.58 -3.618
-0.305 0.212 1.005 -8.076 2.916 -3.176
-0.296 0.205 0.991 -7.725 2.931 -1.084
-0.3 0.208 0.998 -8.092 2.702 -0.901
-0.312 0.199 1.007 -8.198 1.008 -0.443
-0.301 0.189 0.99 -6.092 -0.153 -0.214
-0.29 0.186 0.996 -4.382 -0.885 -0.855
-0.29 0.206 0.992 -3.954 -0.855 -0.931
-0.29 0.209 0.99 -3.74 -1.252 -0.427
-0.283 0.212 0.981 -4.046 -1.374 -0.885
-0.277 0.223 0.98 -4.443 -1.466 -0.382
-0.273 0.226 0.972 -4.947 -0.733 -0.901
-0.275 0.224 0.969 -6.168 -0.733 -0.885
-0.263 0.225 0.965 -7.359 -0.733 -0.504
-0.266 0.214 0.971 -7.573 0.351 -0.076
-0.26 0.214 0.972 -7.863 1.954 0.183
-0.284 0.19 0.985 -7.344 1.969 1.252
-0.279 0.174 0.975 -6.122 -0.519 -2.0
-0.277 0.198 0.969 -5.634 -0.122 -1.573
-0.282 0.207 0.977 -5.099 1.237 -0.992
-0.283 0.201 0.983 -5.481 1.71 -0.641
-0.31 0.194 0.985 -5.496 0.275 0.885
-0.302 0.201 0.981 -4.626 -1.389 -0.046
-0.292 0.2 0.985 -4.244 -2.092 1.084
-0.274 0.196 0.982 -3.985 -0.794 1.298
-0.29 0.201 0.98 -4.962 -1.191 -0.916
-0.283 0.208 0.974 -5.817 -0.214 -1.725
-0.28 0.219 0.973 -6.931 0.351 -2.107
-0.29 0.205 0.984 -8.443 1.099 -4.076
-0.264 0.197 0.982 -7.45 3.252 -0.809
-0.294 0.201 0.986 -7.344 0.458 -1.878
-0.282 0.178 0.985 -5.786 0.504 0.366
-0.281 0.18 0.975 -4.489 0.351 0.473
-0.282 0.175 0.975 -3.817 0.656 0.733
-0.286 0.196 0.989 -3.939 0.58 -0.519
-0.299 0.196 0.981 -4.55 0.718 -1.267
-0.293 0.199 0.985 -4.84 0.489 -1.817
-0.297 0.203 0.983 -4.84 0.626 -1.511
-0.299 0.195 0.982 -4.824 0.122 -0.046
-0.298 0.197 0.979 -4.595 0.0 -0.687
-0.299 0.199 0.972 -5.359 -0.351 -0.947
-0.295 0.195 0.98 -5.908 0.061 -1.893
-0.283 0.184 0.973 -6.473 0.107 -1.603
-0.289 0.177 0.98 -5.206 -0.718 -1.664
-0.286 0.177 0.979 -4.382 0.092 -1.13
-0.29 0.193 0.973 -4.153 -0.092 -1.221
-0.278 0.192 0.97 -4.244 0.534 -0.855
-0.295 0.194 0.974 -4.656 1.13 -1.267
-0.291 0.188 0.978 -4.718 0.061 -1.863
-0.286 0.186 0.978 -4.382 -0.412 -2.26
-0.282 0.192 0.973 -4.107 0.366 -2.397
-0.296 0.2 0.977 -4.244 0.229 -2.0
-0.287 0.207 0.964 -4.076 0.046 -1.924
-0.293 0.208 0.968 -4.214 0.855 -0.412
-0.29 0.201 0.99 -4.229 0.641 -0.565
-0.297 0.207 0.985 -4.748 0.565 -0.504
-0.294 0.198 0.979 -4.702 0.168 -1.221
-0.303 0.193 0.978 -4.366 -0.718 -1.511
-0.288 0.209 0.986 -3.832 0.611 -1.084
-0.29 0.216 0.98 -4.519 0.992 -1.511
-0.3 0.222 0.983 -5.389 0.458 -1.817
-0.301 0.207 0.986 -5.16 0.473 -0.412
-0.28 0.199 0.977 -4.382 -0.519 -0.947
-0.283 0.202 0.976 -4.0 -1.084 -0.519
-0.289 0.21 0.975 -3.954 -0.611 0.0
-0.289 0.217 0.982 -4.183 -0.321 -0.015
-0.286 0.204 0.97 -4.137 -0.153 0.55
-0.281 0.216 0.971 -4.305 0.275 0.031
-0.293 0.206 0.979 -5.053 0.382 -0.198
-0.288 0.212 0.98 -5.603 0.489 -1.176
-0.285 0.208 0.973 -5.405 0.641 -1.389
-0.298 0.205 0.977 -5.145 0.427 -1.053
-0.297 0.217 0.978 -4.718 1.603 0.397
-0.297 0.211 0.968 -4.824 1.481 0.748
-0.294 0.218 0.974 -5.221 2.733 0.794
-0.314 0.217 0.982 -6.748 0.824 -0.992
-0.304 0.202 0.98 -6.901 1.45 0.519
-0.31 0.196 0.989 -7.603 1.13 -0.076
-0.301 0.184 0.984 -7.282 0.382 -0.809
-0.308 0.187 0.989 -6.427 0.0 -0.656
-0.296 0.182 0.984 -5.954 -0.183 -0.397
-0.31 0.187 0.986 -5.511 0.244 -0.183
-0.313 0.183 0.982 -5.71 0.061 0.183
-0.316 0.187 0.982 -5.618 -1.206 -0.763
-0.302 0.194 0.984 -5.618 -0.87 -0.534
-0.3 0.193 0.977 -5.603 -1.099 -0.321
-0.294 0.204 0.97 -6.153 -0.29 -0.55
-0.297 0.192 0.965 -6.519 0.458 0.061
-0.315 0.174 0.98 -5.435 -0.992 -0.092
-0.285 0.176 0.972 -4.107 -1.603 -0.504
-0.289 0.193 0.973 -3.45 -1.344 -0.015
-0.29 0.211 0.957 -4.076 -1.084 0.061
-0.29 0.204 0.967 -4.58 -0.198 0.26
-0.3 0.209 0.965 -5.405 0.183 -0.198
-0.293 0.2 0.974 -5.649 -0.153 -0.26
-0.293 0.198 0.967 -5.389 -1.115 -0.443
-0.291 0.206 0.961 -5.618 -0.672 0.107
-0.294 0.206 0.971 -5.664 -0.244 -0.443
-0.301 0.207 0.974 -6.366 0.336 -1.038
-0.306 0.205 0.977 -6.962 1.282 -0.977
-0.306 0.171 0.975 -6.611 0.504 -0.015
-0.297 0.171 0.97 -5.282 -0.427 -0.198
-0.301 0.187 0.985 -4.733 -1.069 0.229
-0.307 0.189 0.986 -4.473 -1.435 -0.809
-0.301 0.191 0.977 -4.901 -1.023 -1.679
-0.299 0.192 0.977 -5.191 -0.122 -2.412
-0.307 0.189 0.981 -5.374 -0.137 -2.336
-0.317 0.196 0.989 -5.939 -0.076 -5.405
-0.303 0.198 0.972 -7.237 -1.405 -6.214
-0.314 0.198 0.993 -7.237 -0.26 -5.145
-0.292 0.199 0.968 -6.779 0.198 -3.023
-0.303 0.2 0.98 -6.733 -0.901 -3.206
-0.294 0.198 0.966 -7.42 -1.634 -2.763
-0.299 0.199 0.97 -8.107 -1.756 -3.298
-0.287 0.186 0.964 -7.847 -1.221 -2.29
-0.299 0.176 0.965 -7.45 -2.168 -2.656
-0.296 0.181 0.969 -7.038 -1.374 -2.565
-0.299 0.185 0.971 -6.931 -1.771 -3.45
-0.292 0.186 0.974 -6.794 -0.656 -2.672
-0.306 0.19 0.977 -6.672 -0.382 -1.939
-0.306 0.192 0.976 -6.855 -0.321 -1.374
-0.292 0.182 0.97 -6.336 -0.855 -1.084
-0.3 0.19 0.974 -6.366 -0.534 -0.565
-0.301 0.177 0.974 -6.198 -1.42 -1.084
-0.303 0.173 0.964 -5.634 -0.489 -1.084
-0.301 0.192 0.973 -5.573 -0.504 -1.237
-0.308 0.191 0.978 -5.557 -0.321 -0.733