-0.17 -0.247 1.013 -3.969 2.305 2.565
-0.17 -0.261 1.005 -3.481 2.061 2.931
-0.17 -0.242 1.011 -3.298 1.71 2.473
-0.176 -0.239 1.013 -3.679 2.26 2.901
-0.18 -0.245 1.013 -4.153 0.855 1.771
-0.173 -0.239 1.001 -4.137 -1.435 0.641
-0.171 -0.243 1.0 -4.809 -2.0 0.55
-0.175 -0.247 0.996 -4.641 -2.229 -0.321
-0.167 -0.238 1.01 -5.023 -1.557 -0.779
-0.157 -0.231 0.988 -4.931 -0.443 -0.244
-0.166 -0.249 0.984 -3.847 0.412 0.137
-0.179 -0.25 0.994 -2.885 0.26 0.382
-0.176 -0.236 1.004 -2.336 1.023 1.42
-0.179 -0.229 1.008 -2.015 1.863 1.847
-0.181 -0.232 1.005 -2.473 1.359 2.931
-0.19 -0.233 1.008 -3.405 0.137 2.382
-0.183 -0.235 1.01 -3.954 -1.664 0.489
-0.173 -0.23 1.011 -4.733 -0.855 -0.031
-0.174 -0.241 1.001 -5.099 0.137 0.153
-0.174 -0.243 0.999 -4.55 0.687 0.595
-0.175 -0.242 0.991 -3.985 0.427 0.794
-0.169 -0.25 0.995 -3.145 0.122 0.611
-0.171 -0.239 0.999 -3.252 0.58 0.992
-0.17 -0.239 0.992 -2.901 1.802 1.954
-0.175 -0.249 0.996 -1.74 3.496 2.595
-0.168 -0.257 0.984 -0.733 4.092 2.962
-0.181 -0.245 1.0 -0.672 3.664 2.107
-0.178 -0.236 1.011 -0.534 4.092 1.817
-0.18 -0.222 1.009 -0.992 5.45 2.55
-0.186 -0.215 1.01 -1.924 5.13 2.962
-0.192 -0.225 1.009 -2.427 4.412 3.74
-0.191 -0.232 1.008 -2.794 4.153 3.115
-0.181 -0.212 0.995 -3.435 4.626 3.023
-0.174 -0.225 0.99 -3.695 5.237 3.695
-0.179 -0.221 0.999 -3.237 6.092 4.321
-0.183 -0.221 0.993 -2.427 7.099 5.374
-0.194 -0.227 1.008 -1.893 6.061 4.153
-0.204 -0.226 1.006 -2.824 3.45 2.718
-0.188 -0.229 0.993 -3.084 3.496 2.351
-0.199 -0.228 1.007 -3.542 1.176 1.588
-0.196 -0.221 0.992 -4.137 0.641 2.412
-0.194 -0.228 1.001 -4.031 -0.214 2.931
-0.194 -0.225 1.01 -4.107 -0.092 2.58
-0.197 -0.229 1.0 -4.702 -0.275 1.802
-0.199 -0.229 0.998 -5.038 -0.58 0.611
-0.2 -0.245 0.994 -4.473 -1.542 0.763
-0.204 -0.231 1.0 -4.0 -1.817 0.992
-0.213 -0.237 1.001 -3.328 -2.122 1.511
-0.197 -0.216 0.999 -3.542 -2.092 2.076
-0.2 -0.228 0.999 -3.817 -2.29 2.382
-0.185 -0.233 0.987 -3.725 -1.771 1.924
-0.178 -0.245 0.992 -3.282 -1.756 2.763
-0.172 -0.24 0.982 -2.931 -0.565 2.901
-0.187 -0.235 0.98 -3.16 -1.282 3.084
-0.201 -0.253 0.99 -3.893 -2.962 2.824
-0.197 -0.288 0.985 -2.855 -2.29 1.176
-0.202 -0.282 0.993 -2.015 -0.977 0.031
-0.213 -0.29 0.999 -1.588 -0.168 0.992
-0.208 -0.31 0.991 -0.168 0.046 1.542
-0.213 -0.315 1.0 1.405 0.824 2.305
-0.21 -0.32 0.986 2.779 0.779 1.725
-0.209 -0.313 1.0 2.473 1.603 -0.015
-0.214 -0.313 0.996 0.809 1.374 -2.061
-0.211 -0.322 1.013 -0.733 2.534 -6.29
-0.212 -0.328 1.01 -4.0 2.809 -10.29
-0.23 -0.361 1.02 -6.55 2.534 -14.229
-0.224 -0.425 1.007 -6.763 1.221 -17.099
-0.22 -0.436 1.003 -4.702 1.206 -20.763
-0.212 -0.422 1.003 -2.305 0.275 -22.901
-0.2 -0.427 0.986 1.16 1.206 -23.221
-0.202 -0.413 0.987 5.42 0.87 -23.084
-0.196 -0.365 0.981 9.221 2.153 -22.809
-0.194 -0.319 0.978 10.702 3.664 -23.16
-0.198 -0.293 0.991 10.427 3.863 -24.26
-0.195 -0.272 0.969 10.336 4.275 -25.084
-0.195 -0.249 0.981 10.275 5.374 -24.29
-0.199 -0.231 0.987 11.74 6.641 -23.985
-0.205 -0.2 0.986 13.664 6.519 -22.382
-0.213 -0.141 0.991 15.328 8.061 -20.473
-0.223 -0.145 1.009 15.45 7.405 -17.573
-0.219 -0.116 1.015 15.053 7.359 -17.313
-0.236 -0.081 1.019 12.885 7.053 -18.58
-0.238 -0.076 1.034 7.832 5.771 -18.672
-0.236 -0.109 1.039 3.13 4.382 -20.595
-0.234 -0.157 1.036 -0.855 3.221 -24.229
-0.216 -0.183 1.03 -3.969 2.779 -27.313
-0.211 -0.21 1.034 -5.405 2.519 -27.893
-0.199 -0.261 1.021 -3.725 1.099 -26.565
-0.194 -0.295 1.01 0.107 2.366 -23.817
-0.212 -0.352 1.029 3.817 0.901 -21.588
-0.242 -0.401 1.052 7.267 -1.435 -22.58
-0.235 -0.42 1.055 7.771 -2.061 -24.885
-0.262 -0.468 1.091 7.084 -5.481 -27.511
-0.271 -0.514 1.082 7.084 -7.969 -30.046
-0.272 -0.565 1.092 6.351 -9.985 -34.214
-0.278 -0.599 1.092 4.58 -11.405 -42.153
-0.266 -0.628 1.084 3.847 -12.58 -49.771
-0.256 -0.667 1.074 5.496 -12.885 -54.489
-0.247 -0.65 1.044 7.664 -11.954 -59.237
-0.265 -0.682 1.034 10.29 -12.015 -61.191
-0.267 -0.714 1.013 14.916 -12.122 -69.42
-0.266 -0.7 1.004 18.55 -11.924 -76.092
-0.247 -0.679 0.966 23.679 -9.924 -82.58
-0.245 -0.618 0.958 28.565 -6.489 -88.336
-0.281 -0.533 0.966 32.519 -3.969 -91.618
-0.273 -0.461 0.967 37.481 -1.893 -90.794
-0.312 -0.364 1.017 38.733 -0.687 -90.718
-0.309 -0.299 1.018 37.679 -1.771 -87.282
-0.318 -0.215 1.035 31.649 -4.29 -83.42
-0.268 -0.193 1.017 29.344 -6.046 -77.71
-0.235 -0.159 0.963 26.855 -6.855 -69.496
-0.239 -0.264 0.942 28.305 -7.282 -62.137
-0.231 -0.269 0.924 31.511 -6.702 -64.702
-0.253 -0.341 0.91 36.611 -7.084 -67.588
-0.272 -0.356 0.913 41.557 -8.748 -81.847
-0.225 -0.271 0.896 45.878 -6.305 -97.496
-0.199 -0.12 0.9 46.885 -1.038 -103.679
-0.22 -0.021 0.946 46.382 1.863 -100.656
-0.238 0.021 0.989 47.985 -0.275 -91.527
-0.223 0.059 0.98 50.153 -1.74 -76.458
-0.211 -0.011 0.966 56.107 -3.985 -64.595
-0.205 -0.001 0.938 60.031 -8.214 -58.519
-0.213 -0.063 0.926 64.733 -11.298 -57.038
-0.204 -0.056 0.935 65.557 -13.74 -71.405
-0.143 0.05 0.898 60.977 -12.489 -84.718
-0.091 0.119 0.88 57.74 -6.794 -87.969
-0.104 0.194 0.907 55.42 -2.855 -86.885
-0.109 0.22 0.938 52.504 -0.855 -82.779
-0.114 0.284 0.952 48.305 -0.962 -77.649
-0.087 0.297 0.931 44.855 -1.496 -67.267
-0.081 0.229 0.923 45.802 -1.053 -55.893
-0.101 0.156 0.929 48.809 -3.252 -50.977
-0.113 0.171 0.938 49.328 -2.458 -52.702
-0.102 0.143 0.944 45.328 -4.29 -61.496
-0.094 0.189 0.944 39.206 -4.153 -71.252
-0.026 0.177 0.899 35.573 -0.733 -77.405
-0.051 0.231 0.913 35.664 3.969 -73.664
-0.05 0.268 0.914 38.84 7.664 -62.229
-0.066 0.283 0.946 42.672 8.901 -48.305
-0.03 0.332 0.961 44.321 11.832 -34.641
-0.023 0.343 0.941 44.275 15.115 -16.336
-0.139 0.178 0.987 44.031 8.962 -12.748
-0.203 0.082 1.023 39.099 3.344 -29.038
-0.149 0.068 0.98 33.908 1.313 -54.107
-0.069 0.209 0.947 29.053 9.313 -67.206
-0.136 0.284 1.003 24.275 12.443 -66.229
-0.164 0.318 1.042 22.626 13.099 -59.252
-0.187 0.326 1.062 23.13 11.252 -47.847
-0.199 0.325 1.059 23.542 8.351 -35.115
-0.181 0.29 1.057 22.534 5.985 -26.931
-0.145 0.269 1.033 20.87 4.763 -23.634
-0.128 0.239 1.022 19.008 5.634 -22.824
-0.149 0.199 1.015 16.489 4.763 -25.313
-0.121 0.185 0.993 14.779 4.382 -30.015
-0.139 0.185 1.001 13.084 6.397 -31.389
-0.145 0.159 1.014 13.725 5.42 -30.947
-0.131 0.157 1.013 16.412 5.053 -31.13
-0.137 0.162 1.011 20.137 5.603 -27.954
-0.147 0.208 1.025 22.748 5.496 -25.924
-0.144 0.252 1.034 22.885 5.252 -23.435
-0.152 0.269 1.042 20.275 4.26 -22.046
-0.152 0.295 1.041 17.42 5.084 -21.481
-0.136 0.308 1.037 13.221 5.099 -18.397
-0.139 0.318 1.039 8.885 5.237 -15.221
-0.159 0.254 1.05 5.863 4.718 -12.611
-0.162 0.23 1.061 4.611 4.687 -12.962
-0.149 0.217 1.049 3.603 4.397 -11.344
-0.161 0.188 1.056 3.908 3.328 -10.366
-0.156 0.18 1.058 4.107 2.366 -12.397
-0.133 0.204 1.051 3.374 3.756 -12.305
-0.144 0.228 1.066 1.618 4.366 -10.55
-0.141 0.229 1.056 -0.168 4.244 -8.229
-0.146 0.226 1.057 -1.603 4.412 -6.122
-0.15 0.203 1.05 -3.557 3.344 -4.29
-0.146 0.184 1.045 -4.885 3.344 -4.595
-0.139 0.162 1.036 -5.13 3.893 -2.931
-0.153 0.148 1.054 -4.916 3.527 -2.931
-0.156 0.136 1.05 -4.183 3.374 -4.382
-0.171 0.125 1.059 -4.489 2.275 -6.107
-0.151 0.147 1.054 -4.321 2.244 -7.496
-0.15 0.173 1.056 -5.298 3.42 -5.985
-0.176 0.164 1.062 -6.412 2.992 -4.748
-0.177 0.16 1.064 -8.198 1.557 -3.817
-0.17 0.148 1.064 -8.626 1.237 -2.198
-0.164 0.128 1.067 -8.962 -0.489 -1.282
-0.163 0.108 1.06 -9.145 -1.45 -1.618
-0.165 0.092 1.055 -8.015 -1.924 -2.26
-0.158 0.097 1.05 -7.008 -1.267 -2.565
-0.164 0.067 1.046 -5.328 -2.565 -4.58
-0.13 0.108 1.023 -3.664 -2.076 -4.992
-0.139 0.133 1.032 -3.298 -1.74 -3.588
-0.132 0.143 1.039 -4.137 -1.771 -2.244
-0.141 0.13 1.04 -4.519 -1.313 -0.931
-0.161 0.107 1.037 -4.015 -1.115 -0.87
-0.151 0.095 1.033 -3.282 -2.641 -3.084
-0.149 0.116 1.035 -2.809 -1.924 -3.771
-0.153 0.13 1.034 -2.672 -1.985 -3.405
-0.147 0.137 1.028 -2.55 -1.313 -2.168
-0.15 0.128 1.02 -2.504 -0.992 -2.366
-0.144 0.15 1.029 -3.16 -1.832 -2.87
-0.141 0.162 1.022 -3.969 -1.74 -1.496
-0.138 0.157 1.016 -4.611 -1.313 -0.122
-0.142 0.151 1.015 -5.099 -1.832 0.244
-0.13 0.151 1.017 -6.244 -2.076 -0.015
-0.137 0.138 1.017 -6.656 -1.603 -0.183
-0.133 0.125 1.017 -6.489 -0.672 -0.061
-0.142 0.115 1.022 -5.832 0.137 -0.565
-0.133 0.115 1.016 -5.527 -0.412 -0.641
-0.144 0.116 1.023 -5.038 -0.183 0.504
-0.143 0.1 1.017 -4.122 -0.748 -0.137
-0.158 0.096 1.034 -2.962 -1.191 -2.336
-0.138 0.12 1.031 -3.069 -0.977 -3.344
-0.146 0.139 1.038 -3.191 -0.519 -2.244
-0.148 0.146 1.037 -3.237 0.29 -0.824
-0.154 0.143 1.038 -3.527 0.183 0.656
-0.153 0.133 1.041 -3.618 0.397 0.031
-0.156 0.127 1.037 -4.29 -0.046 -0.153
-0.151 0.121 1.032 -4.305 0.122 -0.443
-0.176 0.109 1.042 -3.45 -1.725 -0.244
-0.149 0.12 1.041 -2.916 -2.107 -0.458
-0.15 0.131 1.024 -2.977 -1.939 0.214
-0.143 0.141 1.038 -3.603 -1.725 0.504
-0.146 0.141 1.036 -4.412 -1.237 1.084
-0.155 0.126 1.04 -4.992 -1.618 1.267
-0.149 0.11 1.039 -4.672 -1.649 0.656
-0.146 0.101 1.033 -4.443 -1.771 -0.229
-0.142 0.101 1.039 -4.244 -2.061 -1.252
-0.144 0.108 1.022 -4.092 -1.511 -1.221
-0.148 0.115 1.031 -3.786 -1.42 -1.725
-0.144 0.131 1.034 -3.74 -1.573 -1.542
-0.152 0.13 1.037 -3.557 -0.504 -0.87
-0.148 0.133 1.042 -3.893 -0.366 -0.687
-0.148 0.128 1.029 -3.924 -0.595 0.489
-0.152 0.117 1.034 -3.893 -1.313 0.87
-0.159 0.101 1.025 -3.344 -1.573 -0.153
-0.155 0.097 1.033 -2.656 -1.74 -2.504
-0.15 0.112 1.027 -2.565 -2.137 -3.42
-0.14 0.133 1.024 -2.336 -1.939 -3.206
-0.149 0.136 1.036 -2.382 -2.0 -2.397
-0.153 0.126 1.037 -1.878 -2.29 -0.015
-0.14 0.135 1.039 -1.802 -1.893 0.321
-0.154 0.127 1.038 -2.305 -2.58 0.55
-0.14 0.132 1.031 -2.855 -1.817 -1.084
-0.141 0.13 1.03 -3.237 -1.405 -1.405
-0.149 0.124 1.034 -2.901 -1.267 -2.046
-0.147 0.129 1.039 -2.779 -0.809 -1.725
-0.149 0.118 1.033 -2.702 -0.672 -1.359
-0.148 0.134 1.038 -2.305 -1.405 -1.145
-0.152 0.142 1.026 -2.565 -1.847 -0.748
-0.152 0.134 1.042 -2.809 -2.565 -0.824
-0.141 0.144 1.028 -2.672 -2.275 -0.565
-0.144 0.14 1.028 -3.298 -2.137 -1.008
-0.139 0.15 1.031 -3.771 -2.0 -0.489
-0.141 0.153 1.023 -4.427 -1.374 0.214
-0.135 0.153 1.041 -4.641 -0.336 0.702
-0.14 0.151 1.028 -5.481 0.168 1.527
-0.139 0.14 1.025 -5.481 0.58 1.435
-0.145 0.123 1.035 -5.282 0.855 0.947
-0.157 0.127 1.038 -5.603 0.321 0.076
-0.157 0.124 1.041 -5.42 -0.489 -0.58
-0.157 0.128 1.041 -5.237 -0.672 -0.397
-0.156 0.128 1.044 -5.053 -0.855 0.0
-0.155 0.124 1.04 -4.748 -1.573 0.779
-0.156 0.134 1.05 -4.656 -1.511 1.191
-0.152 0.13 1.045 -4.702 -1.298 1.267
-0.155 0.123 1.039 -4.656 -2.122 1.985
-0.148 0.126 1.039 -4.321 -1.847 1.282
-0.145 0.112 1.027 -4.397 -2.061 1.466
-0.146 0.112 1.029 -3.664 -2.153 -0.153
-0.148 0.12 1.038 -3.466 -1.786 -0.702
-0.159 0.115 1.031 -3.298 -2.565 -0.901
-0.15 0.13 1.028 -2.779 -2.397 -1.573
-0.145 0.146 1.033 -3.069 -2.153 -1.115
-0.149 0.158 1.03 -3.832 -1.573 -0.397
-0.146 0.158 1.027 -4.504 -1.191 0.031
-0.138 0.154 1.023 -5.191 -0.992 0.29
-0.145 0.149 1.023 -5.954 -0.855 0.672
-0.139 0.135 1.028 -6.29 -1.237 0.702
-0.138 0.12 1.024 -5.985 -1.176 0.504
-0.138 0.13 1.023 -5.481 -0.229 0.916
-0.148 0.125 1.017 -5.313 -0.763 0.962
-0.153 0.128 1.031 -4.55 -1.328 1.221
-0.135 0.129 1.017 -4.412 -1.023 0.947
-0.138 0.141 1.021 -4.855 -0.229 1.435
-0.135 0.122 1.023 -4.84 -0.076 0.947
-0.145 0.108 1.024 -4.0 0.122 0.473
-0.143 0.117 1.029 -3.511 0.351 -0.244
-0.143 0.132 1.03 -3.282 0.763 0.229
-0.138 0.134 1.028 -3.206 0.611 1.267
-0.141 0.13 1.026 -2.534 0.427 1.389
-0.15 0.127 1.028 -2.412 1.13 0.962
-0.153 0.128 1.029 -2.534 0.809 0.55
-0.157 0.143 1.043 -1.924 0.855 1.145
-0.171 0.133 1.048 -1.664 -0.031 0.687
-0.156 0.151 1.063 -2.015 -0.458 0.977
-0.164 0.164 1.046 -2.153 -1.038 1.176
-0.138 0.191 1.041 -4.55 -1.084 1.542
-0.158 0.156 1.047 -5.511 -1.053 2.55
-0.136 0.146 1.039 -5.603 -1.71 2.641
-0.148 0.132 1.048 -5.817 -1.481 3.053
-0.138 0.114 1.037 -5.542 -1.313 3.634
-0.153 0.103 1.039 -4.824 -2.748 2.55
-0.154 0.095 1.035 -4.824 -2.748 1.069
-0.143 0.113 1.038 -4.672 -2.153 -0.611
-0.148 0.12 1.037 -4.687 -1.893 -0.076
-0.152 0.129 1.042 -4.275 -1.786 0.382
-0.152 0.128 1.03 -4.122 -1.496 0.87
-0.141 0.139 1.025 -4.351 -1.573 1.084
-0.15 0.136 1.031 -5.069 -1.557 1.053
-0.139 0.134 1.019 -5.115 -1.573 1.13
-0.141 0.14 1.018 -4.992 -1.313 0.58
-0.142 0.142 1.014 -5.344 -1.573 0.29
-0.131 0.147 1.023 -5.679 -0.58 -0.137
-0.135 0.135 1.015 -5.557 0.137 -0.336
-0.143 0.152 1.022 -5.603 0.595 0.26
-0.146 0.14 1.022 -5.954 0.336 0.748
-0.156 0.13 1.037 -5.649 0.489 1.145
-0.149 0.127 1.029 -5.969 0.473 0.58
-0.157 0.131 1.029 -5.679 0.061 0.443
-0.152 0.107 1.024 -5.008 0.183 0.519
-0.159 0.113 1.032 -4.55 -0.046 0.198
-0.154 0.122 1.028 -4.55 -0.153 0.076
-0.147 0.126 1.037 -4.336 -0.565 0.153
-0.149 0.116 1.035 -3.954 -0.519 -0.275
-0.152 0.12 1.028 -3.649 -1.023 -1.359
-0.139 0.146 1.033 -3.725 -0.351 -0.962
-0.136 0.15 1.023 -4.061 -0.092 -0.473
-0.137 0.156 1.034 -4.076 0.687 0.092
-0.155 0.145 1.037 -4.183 -0.641 0.366
-0.16 0.144 1.042 -4.672 -1.13 0.076
-0.163 0.148 1.043 -5.405 -0.901 -0.382
-0.161 0.148 1.047 -5.893 -1.13 -0.595
-0.163 0.146 1.036 -5.573 -0.733 0.366
-0.165 0.134 1.048 -4.962 -1.008 1.115
-0.156 0.136 1.031 -4.992 -1.145 1.466
-0.152 0.134 1.034 -4.885 -1.405 1.618
-0.142 0.141 1.028 -5.023 -1.573 1.038
-0.148 0.133 1.025 -4.947 -1.206 0.84
-0.136 0.133 1.03 -4.885 -0.87 -0.473
-0.134 0.148 1.03 -5.45 -0.977 -0.275
-0.14 0.151 1.031 -6.046 -0.718 -0.198
-0.138 0.144 1.042 -6.397 -0.504 1.038
-0.142 0.135 1.03 -6.473 0.031 1.618
-0.143 0.123 1.031 -5.832 0.687 1.237
-0.146 0.126 1.036 -5.863 0.916 1.221
-0.157 0.12 1.038 -5.802 0.153 1.282
-0.155 0.118 1.04 -4.962 -0.076 1.191
-0.168 0.118 1.048 -5.038 -1.145 0.977
-0.161 0.121 1.04 -4.534 -2.076 -0.26
-0.151 0.126 1.036 -4.763 -2.076 -0.779
-0.16 0.127 1.033 -4.55 -1.817 -0.153
-0.148 0.136 1.028 -4.092 -1.618 0.092
-0.153 0.141 1.033 -3.725 -0.809 0.626
-0.155 0.152 1.037 -3.786 -1.13 1.42
-0.147 0.154 1.028 -4.046 -1.038 2.107
-0.15 0.152 1.036 -4.427 -1.328 2.397
-0.133 0.152 1.013 -4.656 -0.489 1.969
-0.136 0.151 1.019 -5.542 -0.351 1.496
-0.146 0.153 1.009 -6.855 -0.305 1.099
-0.139 0.156 1.016 -6.87 0.229 0.977
-0.151 0.139 1.025 -7.221 0.58 1.42
-0.14 0.115 1.019 -6.489 0.244 2.015
-0.138 0.12 1.013 -6.183 0.901 1.542
-0.143 0.119 1.021 -5.664 1.038 1.344
-0.15 0.114 1.028 -5.481 1.023 0.611
-0.145 0.118 1.029 -5.038 1.16 0.855
-0.154 0.118 1.036 -4.763 0.855 0.779
-0.152 0.107 1.043 -4.122 0.229 0.397
-0.155 0.103 1.038 -3.618 -0.092 -0.916
-0.154 0.104 1.028 -2.794 -0.397 -0.595
-0.164 0.128 1.035 -2.382 -1.038 -0.58
-0.171 0.14 1.042 -2.58 -1.252 0.092
-0.164 0.143 1.038 -2.641 -1.237 0.015
-0.16 0.137 1.038 -2.885 -1.298 0.321
-0.154 0.146 1.038 -3.359 -1.13 -0.458
-0.146 0.139 1.037 -4.046 -1.084 -0.779
-0.155 0.136 1.04 -4.443 -0.87 -0.656
-0.141 0.13 1.043 -4.565 -0.901 -0.855
-0.148 0.14 1.025 -4.733 -0.458 -0.214
-0.149 0.131 1.03 -4.855 -0.26 0.092
-0.144 0.144 1.023 -4.855 0.168 0.198
-0.145 0.129 1.022 -5.053 0.504 0.702
-0.166 0.121 1.031 -4.595 0.626 0.351
-0.148 0.127 1.031 -4.321 0.718 -0.809
-0.15 0.144 1.028 -4.198 0.977 -0.809
-0.141 0.149 1.025 -4.733 0.763 -0.489
-0.14 0.149 1.024 -4.885 1.542 0.168
-0.159 0.148 1.021 -5.099 2.473 0.489
-0.154 0.13 1.023 -4.824 2.229 -0.565
-0.15 0.139 1.02 -4.336 2.718 -0.214
-0.163 0.141 1.027 -3.695 2.397 -0.458
-0.153 0.156 1.018 -3.863 3.038 -1.115
-0.158 0.155 1.031 -4.595 2.855 -1.267
-0.143 0.16 1.019 -5.069 3.496 -1.191
-0.153 0.165 1.014 -5.435 3.573 -1.008
-0.147 0.163 1.022 -5.985 4.305 -0.427
-0.151 0.164 1.021 -6.351 4.305 0.092
-0.147 0.159 1.022 -6.519 4.916 0.58
-0.161 0.163 1.009 -6.855 5.969 1.206
-0.156 0.196 1.051 -11.023 10.244 -2.992