-0.255 -0.297 0.992 -1.908 3.573 6.656
-0.226 -0.284 0.98 -2.336 4.656 6.427
-0.237 -0.281 0.992 -3.344 3.771 7.023
-0.237 -0.264 0.973 -5.359 3.252 6.412
-0.244 -0.274 0.974 -6.443 0.611 6.153
-0.231 -0.316 0.989 -6.092 -0.107 6.824
-0.238 -0.31 1.01 -4.366 -0.748 9.389
-0.194 -0.286 0.953 -6.595 -2.748 7.573
-0.217 -0.316 0.976 -5.969 2.962 6.427
-0.214 -0.301 0.966 -5.206 4.122 5.328
-0.218 -0.284 0.961 -5.374 6.092 5.206
-0.218 -0.272 0.96 -6.382 5.496 4.779
-0.225 -0.262 0.968 -7.344 5.023 5.863
-0.237 -0.288 0.967 -6.092 4.58 6.641
-0.245 -0.282 0.968 -6.473 5.924 8.733
-0.251 -0.28 0.965 -7.008 3.16 5.252
-0.251 -0.291 0.97 -6.656 5.679 3.16
-0.248 -0.286 0.968 -6.611 5.145 1.084
-0.245 -0.286 0.961 -6.275 5.344 1.573
-0.235 -0.284 0.967 -5.176 5.771 2.489
-0.233 -0.286 0.946 -4.336 5.847 4.275
-0.25 -0.288 0.974 -4.718 3.878 4.031
-0.27 -0.274 0.981 -7.008 -1.969 2.382
-0.252 -0.281 0.977 -8.0 -4.565 2.458
-0.245 -0.305 0.97 -7.435 -4.244 3.252
-0.245 -0.296 0.972 -6.336 -3.908 3.511
-0.248 -0.292 0.966 -6.198 -3.71 3.328
-0.25 -0.297 0.962 -6.29 -4.534 3.313
-0.251 -0.276 0.97 -7.466 -5.557 2.656
-0.239 -0.276 0.969 -8.855 -6.0 3.954
-0.242 -0.288 0.967 -10.55 -7.237 4.885
-0.232 -0.299 0.958 -10.641 -8.137 5.832
-0.207 -0.311 0.957 -9.634 -6.504 9.313
-0.208 -0.321 0.947 -7.695 -5.74 12.55
-0.197 -0.329 0.941 -4.794 -3.649 17.603
-0.187 -0.349 0.935 -1.664 -0.718 21.924
-0.208 -0.363 0.938 1.481 2.687 26.687
-0.214 -0.38 0.938 2.824 2.412 27.466
-0.224 -0.418 0.948 6.137 5.053 28.504
-0.226 -0.428 0.942 7.908 5.618 26.107
-0.246 -0.417 0.954 9.16 6.489 25.908
-0.266 -0.417 0.979 11.557 6.397 22.275
-0.258 -0.396 0.974 13.969 5.023 21.588
-0.256 -0.384 0.977 14.992 4.458 19.405
-0.253 -0.361 0.974 16.794 5.802 17.634
-0.241 -0.321 0.962 17.298 7.74 15.924
-0.271 -0.294 0.986 16.107 5.771 12.427
-0.261 -0.262 0.965 14.137 6.214 9.084
-0.275 -0.238 0.982 12.321 6.947 6.519
-0.295 -0.225 0.994 10.748 6.183 3.115
-0.31 -0.199 0.996 8.137 5.023 -2.061
-0.31 -0.162 1.002 3.237 4.0 -5.847
-0.305 -0.17 0.989 -0.595 1.771 -8.122
-0.291 -0.167 0.984 -2.198 0.901 -7.298
-0.272 -0.169 0.967 -0.977 1.542 -3.389
-0.27 -0.163 0.963 0.718 1.863 2.534
-0.272 -0.205 0.957 3.557 3.42 6.809
-0.283 -0.205 0.983 6.168 3.969 9.573
-0.295 -0.206 0.988 6.702 4.382 10.718
-0.311 -0.24 0.986 6.061 3.328 8.901
-0.31 -0.236 0.982 5.053 2.84 6.58
-0.298 -0.257 0.98 4.336 3.542 3.573
-0.302 -0.252 0.987 2.702 2.962 1.924
-0.303 -0.274 0.992 1.802 3.45 0.26
-0.316 -0.304 1.005 0.733 3.344 0.733
-0.325 -0.375 1.027 1.847 2.214 1.695
-0.301 -0.439 1.01 4.458 0.916 1.954
-0.292 -0.459 1.008 7.603 0.397 1.573
-0.286 -0.47 1.004 10.427 0.061 0.229
-0.265 -0.47 0.979 13.511 2.015 -2.794
-0.285 -0.482 0.988 14.931 0.885 -3.496
-0.283 -0.491 0.995 17.435 3.16 -7.191
-0.321 -0.482 1.02 16.504 0.305 -12.565
-0.366 -0.514 1.056 14.763 -1.664 -16.275
-0.389 -0.559 1.077 11.679 -5.267 -22.992
-0.417 -0.613 1.087 7.74 -10.214 -29.359
-0.386 -0.646 1.072 4.809 -16.397 -34.611
-0.321 -0.693 1.007 6.901 -15.954 -40.061
-0.333 -0.707 0.987 11.878 -10.931 -49.817
-0.312 -0.684 0.988 16.046 -8.366 -53.573
-0.324 -0.697 0.996 19.74 -4.427 -59.221
-0.343 -0.683 1.022 21.42 -2.397 -64.412
-0.373 -0.681 1.042 20.305 -4.809 -69.405
-0.379 -0.672 1.023 17.588 -9.115 -77.221
-0.286 -0.685 1.03 13.908 -10.779 -74.824
-0.349 -0.637 1.029 14.779 -11.099 -78.656
-0.279 -0.551 0.996 14.565 -10.87 -78.122
-0.276 -0.508 0.999 14.092 -6.458 -74.794
-0.292 -0.502 0.994 14.901 0.061 -75.878
-0.341 -0.517 1.006 11.878 -1.863 -77.832
-0.375 -0.561 1.038 10.718 -1.298 -87.725
-0.425 -0.604 1.074 9.328 -5.374 -100.931
-0.412 -0.688 1.037 16.947 -4.763 -117.725
-0.357 -0.649 0.968 24.382 -6.901 -133.313
-0.279 -0.511 0.91 32.55 -3.588 -137.359
-0.208 -0.439 0.867 41.924 1.71 -130.58
-0.196 -0.311 0.874 51.939 11.893 -114.901
-0.177 -0.223 0.857 60.931 19.176 -92.229
-0.3 -0.192 0.866 69.603 17.389 -60.794
-0.28 -0.308 0.836 80.824 14.321 -41.924
-0.427 -0.311 0.853 89.298 11.099 -40.366
-0.567 -0.419 0.921 94.366 -2.427 -56.336
-0.534 -0.343 0.894 90.26 -15.725 -102.947
-0.39 -0.06 0.808 79.893 -13.802 -141.328
-0.357 0.159 0.826 64.351 -10.901 -150.58
-0.364 0.126 0.861 62.748 -2.809 -143.16
-0.404 0.151 0.915 68.733 1.191 -130.626
-0.33 0.198 0.884 79.069 5.847 -109.359
-0.265 0.268 0.813 82.198 1.618 -79.252
-0.25 0.258 0.796 89.374 8.962 -53.878
-0.29 0.176 0.798 92.397 2.397 -36.458
-0.303 0.078 0.756 93.786 -0.29 -46.855
-0.313 0.083 0.745 86.718 -11.16 -71.74
-0.237 0.097 0.657 80.84 -16.183 -97.817
-0.202 0.174 0.625 80.885 -6.412 -114.351
-0.213 0.367 0.657 83.374 1.985 -118.672
-0.213 0.559 0.712 82.55 9.71 -107.084
-0.251 0.698 0.794 81.16 20.336 -86.84
-0.273 0.802 0.842 73.42 25.023 -63.893
-0.32 0.799 0.928 59.42 23.435 -43.45
-0.365 0.663 0.944 49.771 15.389 -27.847
-0.279 0.523 0.878 44.489 13.618 -21.847
-0.342 0.353 0.914 39.496 6.412 -26.061
-0.275 0.292 0.901 35.542 1.42 -46.534
-0.175 0.365 0.827 31.725 6.397 -53.511
-0.206 0.336 0.877 29.832 9.145 -56.382
-0.205 0.396 0.894 28.244 13.664 -56.153
-0.24 0.465 0.956 23.649 15.695 -50.107
-0.265 0.473 0.99 19.405 15.939 -40.0
-0.263 0.396 0.987 18.84 14.992 -28.824
-0.269 0.312 0.988 22.321 14.687 -17.649
-0.266 0.264 0.984 24.809 14.809 -16.427
-0.271 0.291 0.99 24.198 12.672 -17.313
-0.244 0.317 0.985 21.252 13.74 -16.977
-0.253 0.323 0.994 18.122 13.756 -16.458
-0.247 0.342 0.991 15.16 14.58 -14.458
-0.261 0.333 1.01 12.84 15.023 -9.237
-0.274 0.292 1.023 10.656 13.618 -6.366
-0.301 0.269 1.045 8.733 9.374 -3.435
-0.266 0.229 1.028 7.511 6.473 -3.649
-0.265 0.228 1.027 6.382 5.664 -3.481
-0.276 0.184 1.032 7.053 4.809 -1.939
-0.256 0.172 1.006 8.29 5.252 -2.809
-0.268 0.18 1.027 8.336 5.267 -2.061
-0.268 0.181 1.031 7.954 6.015 -0.87
-0.271 0.159 1.037 7.511 5.344 0.076
-0.255 0.183 1.032 6.519 4.763 -0.824
-0.264 0.174 1.042 4.534 4.29 -1.405
-0.251 0.177 1.037 4.336 5.588 -0.26
-0.244 0.183 1.028 3.527 7.038 0.504
-0.271 0.17 1.053 1.893 5.557 1.115
-0.285 0.163 1.053 1.115 4.87 0.076
-0.284 0.148 1.051 0.977 3.679 0.519
-0.29 0.15 1.058 1.435 2.26 0.977
-0.29 0.168 1.042 1.405 1.008 1.405
-0.29 0.151 1.047 1.008 0.565 1.344
-0.27 0.176 1.03 0.015 -1.023 0.977
-0.274 0.179 1.028 -0.702 -0.351 3.252
-0.271 0.169 1.039 -1.176 -0.641 4.412
-0.258 0.176 1.028 -2.595 -0.061 3.664
-0.261 0.167 1.029 -3.511 0.29 4.321
-0.25 0.155 1.03 -4.092 0.977 4.962
-0.244 0.153 1.01 -4.672 2.351 4.855
-0.252 0.153 1.015 -6.977 1.985 3.756
-0.255 0.142 1.011 -8.656 1.42 3.328
-0.264 0.114 1.018 -8.733 1.023 2.061
-0.258 0.106 1.014 -9.099 0.183 1.649
-0.264 0.097 1.012 -8.763 -0.763 0.519
-0.252 0.081 0.999 -8.061 -1.908 -1.618
-0.255 0.093 0.993 -6.229 -1.588 -1.527
-0.24 0.118 0.998 -4.794 -1.191 0.015
-0.233 0.139 0.981 -4.656 -0.473 0.382
-0.233 0.148 0.998 -5.573 -0.29 1.466
-0.264 0.119 0.999 -6.611 -0.794 2.031
-0.24 0.108 0.992 -5.939 -0.321 1.374
-0.26 0.091 1.002 -5.908 -1.74 -0.153
-0.25 0.091 0.999 -4.641 -0.901 -2.489
-0.249 0.101 0.996 -3.13 -1.496 -3.374
-0.24 0.13 0.979 -2.687 -0.779 -3.71
-0.234 0.146 0.99 -2.611 0.092 -2.718
-0.242 0.156 0.996 -3.191 1.099 -0.931
-0.24 0.165 0.994 -4.092 1.084 -0.382
-0.235 0.162 0.996 -4.901 1.435 0.534
-0.237 0.153 0.983 -5.634 1.252 1.008
-0.24 0.132 0.99 -5.557 1.16 1.466
-0.256 0.095 0.988 -4.947 -0.809 -0.748
-0.243 0.1 0.989 -4.015 -1.008 -2.824
-0.243 0.125 0.997 -3.435 0.076 -3.344
-0.246 0.128 0.988 -3.023 1.511 -3.084
-0.26 0.15 1.013 -4.031 -0.748 -4.244
-0.265 0.16 1.023 -5.191 -0.076 -2.397
-0.259 0.124 1.029 -5.969 -2.015 -1.282
-0.26 0.138 1.01 -5.267 -0.885 -1.496
-0.267 0.106 1.013 -4.962 -1.908 -0.412
-0.271 0.093 1.023 -3.939 -3.695 -2.198
-0.26 0.108 1.018 -2.947 -3.557 -2.55
-0.252 0.132 1.016 -2.489 -3.221 -2.489
-0.237 0.146 1.007 -2.198 -1.328 -0.87
-0.249 0.162 1.012 -2.656 -0.519 0.26
-0.257 0.147 1.013 -3.13 -0.718 0.977
-0.247 0.141 0.994 -3.924 -3.267 -0.977
-0.237 0.153 0.998 -4.397 -3.435 -0.427
-0.228 0.15 0.999 -3.969 -1.924 0.702
-0.259 0.154 1.005 -4.702 -1.74 0.901
-0.267 0.116 1.017 -4.763 -1.924 -1.374
-0.255 0.14 1.002 -4.443 -1.832 -2.183
-0.247 0.141 0.999 -4.58 -2.305 -1.618
-0.245 0.143 1.009 -3.939 -1.924 -0.382
-0.229 0.173 0.992 -3.969 -0.168 0.382
-0.247 0.166 1.005 -4.931 1.573 1.695
-0.243 0.145 1.008 -5.389 2.351 3.191
-0.255 0.115 1.008 -5.313 -0.122 2.0
-0.25 0.112 0.998 -5.053 -1.115 1.481
-0.244 0.132 0.997 -4.733 -0.382 1.084
-0.251 0.135 1.011 -5.221 -0.656 0.565
-0.259 0.122 1.014 -5.481 0.0 0.153
-0.271 0.109 1.031 -5.16 -0.641 -0.336
-0.275 0.102 1.02 -4.473 -0.885 -0.84
-0.266 0.112 1.017 -3.71 -0.84 -0.534
-0.256 0.126 1.012 -3.099 -0.244 -0.015
-0.256 0.124 1.006 -2.779 0.305 0.107
-0.253 0.125 0.998 -3.13 -0.366 0.412
-0.255 0.109 1.004 -2.458 -1.893 0.076
-0.246 0.127 1.005 -1.863 -2.061 -0.183
-0.238 0.137 1.003 -2.046 -1.786 -0.061
-0.25 0.147 1.002 -2.748 -2.366 -0.901
-0.243 0.147 0.994 -2.855 -2.107 -1.924
-0.233 0.16 0.983 -3.435 -0.977 -1.832
-0.23 0.157 0.995 -4.137 -0.26 -1.359
-0.231 0.16 0.988 -4.321 0.733 -0.702
-0.243 0.155 1.002 -4.87 1.099 0.687
-0.252 0.146 1.002 -4.718 1.359 1.374
-0.252 0.14 1.0 -4.611 1.542 1.649
-0.264 0.132 1.0 -4.26 1.115 0.718
-0.256 0.146 0.998 -4.748 0.443 -0.977
-0.264 0.151 0.991 -4.977 0.672 -0.687
-0.252 0.138 0.997 -5.511 0.137 -0.824
-0.265 0.139 1.007 -5.328 -0.229 -0.595
-0.265 0.127 1.013 -4.87 -1.023 -0.595
-0.264 0.137 1.009 -4.611 -1.282 -1.084
-0.26 0.137 1.001 -4.733 -1.16 -0.595
-0.255 0.135 1.003 -4.321 -1.313 -0.519
-0.252 0.146 1.005 -4.183 -1.71 -0.84
-0.254 0.145 1.011 -4.427 -1.511 -0.046
-0.253 0.144 1.008 -4.382 -1.053 0.779
-0.249 0.134 1.002 -3.924 -0.321 1.466
-0.247 0.12 0.997 -3.527 -1.237 -0.015
-0.247 0.131 0.999 -3.496 -1.695 -0.992
-0.24 0.14 0.988 -3.634 -0.626 -1.42
-0.24 0.154 0.99 -3.511 -0.092 -0.626
-0.246 0.157 1.0 -3.74 -0.26 0.244
-0.252 0.154 1.001 -4.611 -0.763 0.122
-0.26 0.15 1.006 -4.87 -0.687 0.321
-0.257 0.136 1.007 -4.504 -0.076 0.26
-0.266 0.128 1.013 -4.885 -1.237 -0.183
-0.258 0.135 1.014 -4.29 -0.611 0.229
-0.26 0.143 1.013 -4.305 -0.397 0.336
-0.255 0.134 1.017 -4.55 0.137 0.763
-0.262 0.134 1.019 -4.122 0.58 0.824
-0.248 0.131 1.006 -3.786 -1.038 0.015
-0.25 0.137 1.005 -3.908 -0.702 0.26
-0.245 0.141 1.01 -3.832 -0.55 0.534
-0.263 0.14 1.012 -4.183 -0.366 -0.031
-0.264 0.135 1.01 -4.336 -0.84 -0.473
-0.264 0.129 1.0 -4.565 -1.496 -1.359
-0.275 0.12 1.014 -4.092 -2.29 -0.962
-0.271 0.125 1.003 -3.237 -1.649 -1.282
-0.264 0.132 1.004 -2.779 -1.191 -0.763
-0.259 0.139 0.997 -2.87 -2.443 -1.023
-0.265 0.146 1.012 -3.069 -2.382 -0.87
-0.246 0.148 0.993 -3.344 -2.29 -0.443
-0.25 0.155 1.002 -3.71 -1.924 -0.351
-0.254 0.144 0.995 -4.0 -2.458 -1.267
-0.25 0.141 0.996 -4.107 -2.092 -1.649
-0.246 0.138 0.999 -3.832 -1.435 -1.298
-0.259 0.141 0.995 -3.573 -1.084 -1.389
-0.251 0.153 0.988 -3.527 -1.527 -2.153
-0.249 0.164 0.995 -4.153 -0.718 -1.985
-0.249 0.165 0.99 -4.26 -0.458 -1.069
-0.253 0.163 0.992 -4.58 -1.16 -0.504
-0.247 0.162 1.001 -5.145 -0.962 -0.137
-0.242 0.161 1.002 -5.969 -0.656 0.244
-0.238 0.15 0.996 -6.458 -0.214 0.809
-0.26 0.134 1.002 -6.275 -0.107 1.053
-0.271 0.124 1.012 -5.756 -0.87 0.0
-0.266 0.114 1.0 -4.779 -1.573 -1.13
-0.259 0.113 1.006 -4.031 -1.618 -1.985
-0.258 0.131 1.0 -3.466 -0.901 -1.588
-0.258 0.14 1.009 -3.328 -1.115 -1.496
-0.25 0.155 1.001 -4.031 -1.802 -1.618
-0.248 0.146 0.999 -4.427 -2.153 -1.328
-0.248 0.148 0.996 -4.641 -1.924 -0.626
-0.265 0.144 1.01 -4.977 -2.412 -1.023
-0.246 0.137 0.998 -4.443 -1.771 -0.824
-0.245 0.139 0.99 -4.55 -1.115 -0.809
-0.242 0.133 0.992 -4.321 -0.718 -0.519
-0.244 0.137 0.997 -4.0 -0.061 0.0
-0.263 0.124 0.998 -3.206 0.26 0.061
-0.26 0.127 0.99 -2.611 0.122 -0.122
-0.272 0.131 1.002 -2.153 0.137 0.244
-0.273 0.117 0.995 -1.405 -1.023 -0.55
-0.27 0.124 0.994 -0.992 -1.893 -1.008
-0.27 0.12 0.997 -0.336 -1.893 -0.809
-0.261 0.127 1.0 0.061 -1.863 -1.328
-0.252 0.129 0.993 -0.076 -3.557 -2.931
-0.24 0.156 1.0 0.015 -3.344 -3.176
-0.228 0.177 0.987 -0.718 -1.924 -2.458
-0.223 0.19 0.986 -1.924 -0.824 -1.557
-0.233 0.19 0.984 -3.069 0.656 -0.061
-0.24 0.171 0.989 -3.924 -0.198 -1.099
-0.24 0.179 0.982 -5.176 -0.397 -1.145
-0.245 0.164 0.996 -6.229 0.153 -1.282
-0.262 0.159 1.002 -6.397 0.824 -2.168
-0.272 0.153 1.023 -7.023 1.206 -1.786
-0.275 0.134 1.023 -6.626 -0.061 -1.115
-0.266 0.131 1.021 -5.802 -0.351 -1.115
-0.265 0.131 1.026 -5.237 -0.229 -0.336
-0.26 0.135 1.023 -5.053 -0.214 -0.244
-0.249 0.139 1.001 -4.748 0.229 -0.214
-0.249 0.128 0.996 -4.641 -0.672 -0.275
-0.251 0.126 0.997 -3.878 -0.412 -0.87
-0.251 0.132 0.989 -3.695 -0.504 -1.771
-0.249 0.136 0.999 -3.145 -0.214 -2.321
-0.251 0.148 0.991 -2.656 -0.046 -2.611
-0.249 0.152 1.005 -2.0 -0.473 -1.542
-0.248 0.167 1.005 -1.725 -0.29 -1.802
-0.253 0.18 1.003 -2.473 -0.473 -1.145
-0.261 0.181 1.003 -4.137 -1.374 -2.763
-0.264 0.183 1.014 -4.046 0.137 -0.794
-0.246 0.183 1.007 -4.702 0.656 -0.26
-0.252 0.182 1.015 -5.344 0.656 0.351
-0.24 0.187 0.996 -5.832 1.16 1.252
-0.25 0.172 1.003 -6.534 1.221 1.466
-0.268 0.159 1.015 -6.84 0.794 1.359
-0.27 0.153 1.015 -7.389 0.534 0.473
-0.269 0.138 1.017 -7.282 0.183 -0.214
-0.276 0.138 1.013 -7.252 -0.305 0.153
-0.279 0.117 1.021 -6.55 -0.427 0.534
-0.276 0.135 1.017 -6.489 -1.267 0.153
-0.267 0.126 1.023 -6.214 -1.466 0.061
-0.265 0.119 1.008 -6.031 -2.183 -0.198
-0.265 0.11 0.997 -5.16 -2.076 -0.214
-0.257 0.121 0.999 -4.382 -2.092 -0.489
-0.252 0.138 0.986 -4.107 -1.282 -0.26
-0.255 0.137 0.983 -3.573 -1.313 -0.351
-0.249 0.148 0.99 -3.374 -1.573 -0.916
-0.259 0.163 0.99 -3.832 -1.328 -0.779
-0.263 0.156 0.992 -4.092 -0.87 -0.748
-0.262 0.151 0.994 -4.336 -0.656 -0.962
-0.26 0.158 0.992 -5.176 -1.45 -0.947
-0.26 0.158 0.992 -5.527 -0.855 -0.351
-0.254 0.153 0.992 -5.588 -0.412 -0.076
-0.254 0.151 0.988 -5.878 -0.412 0.015
-0.254 0.142 1.0 -6.168 -1.16 -0.687
-0.253 0.152 0.986 -6.244 -1.221 -0.489
-0.257 0.138 0.997 -6.122 -0.824 -0.061
-0.256 0.136 1.0 -5.481 -0.443 -0.183
-0.257 0.149 1.006 -5.878 -0.779 -0.107
-0.263 0.142 1.003 -6.275 -1.176 -0.122
-0.25 0.143 1.004 -6.137 -0.198 -0.031
-0.25 0.142 1.002 -6.122 0.229 0.198
-0.259 0.139 0.995 -6.718 -0.977 0.061
-0.26 0.12 0.998 -6.031 -1.359 -0.672
-0.265 0.128 1.002 -5.863 -1.664 -0.931
-0.256 0.129 1.005 -5.344 -1.069 -0.947
-0.262 0.119 0.994 -4.397 -0.214 -0.611
-0.256 0.126 0.985 -3.115 -0.153 -0.824
-0.253 0.139 0.987 -2.916 -0.214 -1.588
-0.242 0.162 0.983 -3.435 -0.107 -1.42
-0.256 0.182 0.989 -4.214 0.153 -1.053
-0.249 0.178 0.989 -4.534 0.916 -0.595
-0.253 0.181 0.997 -5.74 0.809 0.122
-0.244 0.17 0.988 -6.84 0.092 0.366
-0.245 0.169 0.99 -7.42 0.244 0.641
-0.247 0.154 0.996 -6.962 1.695 1.145
-0.255 0.143 0.997 -6.611 2.229 0.87
-0.271 0.137 1.015 -6.427 1.985 0.29
-0.27 0.126 1.018 -6.229 1.847 -0.473
-0.282 0.115 1.012 -5.252 2.076 -1.084
-0.267 0.138 1.021 -4.473 1.954 -1.252
-0.279 0.135 1.015 -4.84 1.588 -0.611
-0.279 0.139 1.025 -5.13 1.053 -0.519
-0.272 0.122 1.01 -5.405 -0.183 -0.275
-0.278 0.121 1.008 -4.977 -0.748 -0.092
-0.278 0.116 1.002 -3.893 -0.916 -0.107
-0.277 0.126 1.005 -3.328 -0.84 -0.702
-0.273 0.138 1.0 -3.649 -1.817 -1.16
-0.27 0.149 0.997 -3.374 -2.0 -0.916
-0.26 0.158 0.999 -3.924 -1.603 -0.26
-0.268 0.15 0.995 -3.847 -2.382 0.763
-0.262 0.154 0.991 -4.046 -2.092 0.382
-0.247 0.148 0.988 -4.702 -1.542 0.519
-0.255 0.153 0.989 -4.534 -0.382 0.412
-0.254 0.147 0.983 -5.008 -0.153 -0.015
-0.255 0.161 0.986 -5.084 0.076 -0.626
-0.258 0.162 0.998 -5.679 0.412 0.504
-0.263 0.154 0.996 -6.092 0.595 1.298
-0.274 0.143 1.007 -6.015 0.55 1.695
-0.271 0.143 1.013 -7.008 -0.092 0.321
-0.288 0.122 1.026 -7.023 -0.611 0.702