-0.192 -0.078 1.04 -0.962 0.351 1.725
-0.2 -0.077 1.04 -1.206 0.321 2.748
-0.202 -0.069 1.035 -2.244 -0.321 2.733
-0.195 -0.085 1.041 -3.786 -1.573 1.786
-0.193 -0.078 1.02 -4.687 -2.076 1.023
-0.198 -0.088 1.028 -5.16 -2.641 1.176
-0.197 -0.091 1.042 -5.42 -3.038 0.412
-0.184 -0.097 1.028 -4.916 -2.855 0.122
-0.186 -0.087 1.026 -3.985 -1.817 0.763
-0.185 -0.089 1.032 -3.252 -0.794 2.275
-0.187 -0.086 1.028 -2.168 0.687 1.954
-0.19 -0.082 1.017 -1.847 0.916 2.58
-0.183 -0.085 1.023 -1.221 1.588 3.206
-0.199 -0.08 1.018 -1.084 1.45 3.481
-0.197 -0.076 1.022 -1.237 0.931 2.916
-0.183 -0.062 1.009 -2.244 1.053 2.183
-0.185 -0.062 1.004 -3.573 0.656 1.969
-0.18 -0.066 1.004 -4.061 1.786 1.847
-0.172 -0.076 0.996 -4.168 2.916 1.802
-0.176 -0.067 0.998 -4.229 4.229 2.412
-0.185 -0.065 1.012 -4.595 3.588 2.718
-0.195 -0.071 1.012 -4.092 3.74 3.74
-0.2 -0.057 1.026 -3.908 4.336 5.252
-0.213 -0.078 1.026 -3.313 2.656 6.061
-0.214 -0.087 1.036 -2.214 1.664 4.992
-0.21 -0.085 1.028 -2.336 1.267 4.473
-0.217 -0.07 1.032 -2.656 0.443 3.42
-0.216 -0.057 1.029 -3.557 -0.046 3.481
-0.22 -0.07 1.035 -3.954 -1.084 3.023
-0.218 -0.061 1.046 -4.809 -1.786 1.939
-0.211 -0.068 1.039 -5.802 -2.107 1.969
-0.203 -0.065 1.026 -6.305 -1.695 2.0
-0.198 -0.089 1.024 -5.267 -1.771 3.191
-0.199 -0.081 1.025 -4.107 -1.023 4.122
-0.199 -0.068 1.026 -3.45 -0.885 5.023
-0.205 -0.068 1.019 -3.267 -0.718 6.733
-0.195 -0.087 1.035 -2.565 -0.58 8.397
-0.198 -0.093 1.033 -1.679 -0.046 8.916
-0.205 -0.086 1.032 -2.29 0.275 9.145
-0.206 -0.088 1.029 -3.496 -0.092 9.405
-0.21 -0.112 1.044 -4.702 0.015 9.817
-0.222 -0.139 1.054 -5.771 0.0 10.855
-0.229 -0.183 1.053 -6.244 0.076 11.969
-0.253 -0.215 1.065 -6.382 -0.672 11.145
-0.24 -0.233 1.065 -6.87 -2.534 8.733
-0.239 -0.265 1.068 -7.359 -4.321 5.832
-0.227 -0.273 1.066 -7.893 -4.534 1.832
-0.236 -0.296 1.094 -8.824 -4.672 -1.771
-0.232 -0.317 1.096 -9.405 -6.412 -5.71
-0.225 -0.34 1.104 -8.382 -6.763 -8.229
-0.226 -0.344 1.11 -7.435 -7.756 -10.977
-0.221 -0.342 1.105 -6.305 -10.962 -13.573
-0.213 -0.359 1.113 -4.84 -12.565 -15.817
-0.196 -0.371 1.101 -1.71 -13.527 -18.748
-0.178 -0.346 1.047 1.145 -12.458 -22.794
-0.184 -0.326 1.051 3.282 -12.0 -27.115
-0.189 -0.297 1.041 3.298 -10.992 -33.267
-0.233 -0.255 1.068 1.557 -13.16 -38.55
-0.233 -0.234 1.062 -2.26 -13.847 -40.718
-0.24 -0.255 1.079 -4.275 -16.565 -41.74
-0.221 -0.263 1.067 -4.687 -17.115 -42.26
-0.212 -0.261 1.065 -5.939 -17.313 -42.427
-0.209 -0.29 1.071 -5.511 -18.046 -42.015
-0.2 -0.319 1.053 -3.603 -17.679 -43.389
-0.182 -0.308 1.032 -1.969 -15.45 -46.55
-0.191 -0.327 1.042 -0.214 -15.176 -50.015
-0.205 -0.341 1.065 1.573 -16.076 -54.183
-0.183 -0.327 1.044 3.802 -15.725 -60.397
-0.174 -0.286 1.045 5.679 -14.427 -64.244
-0.178 -0.259 1.031 8.641 -15.435 -64.183
-0.14 -0.233 1.006 14.55 -16.504 -60.122
-0.081 -0.17 0.96 20.779 -11.191 -52.901
-0.073 -0.108 0.962 24.809 -6.29 -44.107
-0.048 -0.061 0.923 26.366 -2.656 -36.076
-0.087 -0.048 0.958 23.634 -1.496 -31.145
-0.119 -0.139 0.97 20.443 -3.42 -32.244
-0.113 -0.166 0.966 15.176 -6.427 -47.771
-0.088 -0.233 0.978 11.267 -9.374 -62.931
-0.046 -0.226 0.94 15.634 -3.328 -68.412
-0.094 -0.144 0.953 21.618 4.947 -66.198
-0.158 -0.069 0.991 26.718 8.824 -58.748
-0.205 0.014 1.029 31.237 10.26 -45.42
-0.209 0.059 1.015 35.298 10.519 -27.084
-0.205 0.084 1.02 39.191 13.893 -8.489
-0.26 0.033 1.053 40.122 9.893 2.931
-0.339 -0.099 1.1 37.221 0.519 -8.015
-0.276 -0.054 1.068 28.977 -9.588 -31.16
-0.185 0.031 1.015 19.359 -7.557 -44.275
-0.182 0.056 1.015 11.053 -5.008 -48.443
-0.193 0.068 1.01 5.878 -5.496 -47.466
-0.183 0.101 1.002 4.55 -1.176 -36.901
-0.143 0.139 0.981 5.252 3.618 -19.969
-0.191 0.12 0.987 6.794 4.84 0.748
-0.281 0.017 1.048 5.252 -0.916 7.756
-0.236 -0.072 1.065 1.267 -9.267 -4.336
-0.294 -0.231 1.09 6.275 -16.718 -17.435
-0.211 -0.265 1.06 6.351 -24.87 -52.916
-0.126 -0.146 0.983 5.725 -22.748 -81.481
-0.068 0.014 0.946 8.626 -12.656 -83.939
-0.138 0.15 0.972 9.13 -6.351 -78.412
-0.173 0.288 0.988 6.443 -4.0 -64.595
-0.181 0.371 0.982 -0.015 -3.221 -44.565
-0.16 0.356 0.968 -5.588 -2.901 -21.557
-0.174 0.225 0.973 -7.756 -3.008 -1.679
-0.185 -0.022 1.005 -4.763 -7.069 0.748
-0.14 -0.17 0.997 1.725 -10.87 -16.565
-0.111 -0.266 0.986 6.626 -13.374 -47.588
-0.031 -0.113 0.926 10.061 -7.985 -69.252
-0.03 0.016 0.921 11.618 1.756 -78.214
-0.131 0.135 0.974 11.511 8.275 -75.16
-0.192 0.187 1.006 9.038 8.916 -68.015
-0.209 0.229 1.016 8.168 8.29 -54.718
-0.164 0.231 0.99 9.359 8.458 -34.183
-0.156 0.233 0.971 11.053 10.443 -13.084
-0.179 0.125 0.984 11.252 8.015 1.145
-0.173 -0.028 0.995 13.374 3.817 -0.427
-0.112 -0.142 0.968 15.374 2.183 -19.817
-0.064 -0.109 0.946 18.214 5.206 -39.252
-0.063 0.002 0.917 21.008 11.649 -49.756
-0.089 0.085 0.943 24.931 15.756 -46.901
-0.127 0.143 0.939 28.137 16.397 -39.908
-0.146 0.174 0.968 30.382 17.298 -30.626
-0.143 0.136 0.966 30.305 15.573 -26.305
-0.149 0.101 0.983 27.618 12.489 -31.74
-0.123 0.035 0.968 25.542 10.214 -43.221
-0.078 0.042 0.946 26.137 11.756 -54.351
-0.088 0.072 0.933 28.595 16.565 -57.786
-0.139 0.132 0.98 31.435 19.71 -58.885
-0.148 0.224 0.969 31.023 21.695 -57.023
-0.222 0.354 1.007 25.679 22.092 -52.519
-0.207 0.414 0.998 18.763 20.122 -40.305
-0.201 0.365 1.004 13.359 20.0 -29.13
-0.205 0.271 1.022 10.565 18.351 -24.031
-0.181 0.205 1.019 8.519 15.74 -27.863
-0.167 0.165 1.006 7.298 15.328 -35.282
-0.165 0.199 1.009 6.443 17.405 -42.321
-0.208 0.223 1.032 4.275 17.405 -43.389
-0.23 0.263 1.042 3.74 18.397 -42.137
-0.25 0.266 1.051 3.053 17.466 -35.069
-0.262 0.264 1.062 3.939 15.603 -26.565
-0.254 0.264 1.057 4.656 14.351 -17.023
-0.253 0.216 1.064 5.817 13.023 -9.13
-0.236 0.175 1.062 7.328 12.382 -4.916
-0.229 0.164 1.054 7.603 11.237 -3.985
-0.234 0.135 1.06 7.344 11.725 -3.267
-0.237 0.124 1.067 5.847 10.046 -7.328
-0.231 0.115 1.054 4.977 9.344 -9.45
-0.238 0.14 1.055 4.366 10.763 -9.008
-0.265 0.168 1.085 2.29 8.824 -5.176
-0.259 0.169 1.079 1.145 7.13 -1.74
-0.26 0.161 1.063 -0.611 5.405 0.947
-0.247 0.144 1.067 -2.595 4.26 2.321
-0.256 0.12 1.06 -3.649 4.397 4.031
-0.252 0.083 1.058 -4.702 3.13 1.832
-0.25 0.076 1.065 -5.71 2.183 -0.885
-0.246 0.065 1.065 -5.817 2.061 -2.809
-0.256 0.076 1.062 -5.053 2.198 -1.847
-0.263 0.074 1.062 -4.427 0.656 -0.611
-0.245 0.069 1.047 -3.191 -0.702 1.069
-0.239 0.073 1.044 -2.748 -0.29 2.198
-0.238 0.072 1.039 -2.916 -0.55 2.473
-0.23 0.077 1.029 -3.328 -2.809 1.405
-0.219 0.102 1.022 -4.58 -1.511 1.679
-0.219 0.104 1.02 -5.954 -1.191 1.237
-0.217 0.099 1.005 -7.832 -0.321 0.473
-0.218 0.108 1.002 -9.908 0.687 -0.641
-0.222 0.106 1.003 -11.985 0.916 -0.153
-0.214 0.1 1.004 -13.099 2.076 0.321
-0.236 0.093 1.011 -14.031 1.908 1.145
-0.215 0.08 1.006 -13.893 3.053 2.565
-0.231 0.063 1.014 -13.573 3.038 4.275
-0.253 0.039 1.029 -12.916 1.725 4.641
-0.252 0.021 1.032 -11.985 1.176 5.496
-0.248 0.012 1.035 -10.565 0.626 5.023
-0.252 0.005 1.035 -9.053 -0.26 4.458
-0.254 0.016 1.04 -8.137 -0.595 3.863
-0.238 0.003 1.022 -7.099 -1.405 3.13
-0.22 0.024 1.017 -6.473 -1.206 2.275
-0.219 0.016 0.999 -5.74 -0.611 1.252
-0.214 0.031 1.006 -5.328 -0.183 -0.122
-0.216 0.025 1.021 -4.641 -0.718 -0.641
-0.219 0.026 1.008 -3.664 -1.511 -2.412
-0.214 0.053 1.014 -2.901 -1.466 -2.336
-0.226 0.057 1.013 -3.145 -1.252 -2.092
-0.239 0.062 1.015 -3.786 -0.214 -1.496
-0.236 0.059 1.01 -4.565 -1.679 -1.939
-0.238 0.066 1.02 -4.443 -2.336 -1.099
-0.229 0.058 1.008 -4.733 -1.969 -1.023
-0.233 0.047 1.023 -4.931 -2.733 -0.626
-0.238 0.042 1.025 -4.305 -1.527 -1.16
-0.231 0.048 1.02 -4.198 -1.573 -1.42
-0.231 0.052 1.015 -3.802 -0.672 -0.382
-0.224 0.06 1.001 -3.588 -0.718 -0.061
-0.224 0.067 1.01 -3.924 -0.534 0.351
-0.224 0.065 1.012 -4.687 -0.641 0.458
-0.22 0.055 1.015 -4.794 -0.366 0.031
-0.225 0.044 1.015 -4.656 -0.153 -0.351
-0.231 0.041 1.018 -4.046 -0.458 -1.527
-0.236 0.047 1.02 -3.557 -0.305 -1.893
-0.236 0.053 1.019 -3.863 -0.809 -1.466
-0.225 0.044 1.009 -3.084 -0.565 -1.237
-0.227 0.047 1.011 -2.366 -1.008 -0.611
-0.224 0.058 1.012 -1.42 -0.565 0.046
-0.229 0.072 1.01 -2.29 -1.267 0.489
-0.225 0.075 1.011 -2.58 -0.809 0.58
-0.212 0.072 1.007 -2.565 -0.809 0.84
-0.216 0.073 1.01 -2.87 -0.122 0.504
-0.227 0.051 1.011 -3.023 0.046 -0.183
-0.226 0.051 1.011 -2.305 -0.504 -3.191
-0.215 0.075 1.009 -2.26 0.55 -3.191
-0.221 0.075 1.012 -2.305 1.588 -2.794
-0.239 0.082 1.018 -2.977 1.313 -2.061
-0.244 0.061 1.033 -2.748 -0.443 -1.191
-0.234 0.067 1.016 -2.183 0.168 -0.427
-0.231 0.079 1.021 -2.84 0.321 -0.427
-0.234 0.072 1.024 -3.71 -0.534 0.595
-0.235 0.05 1.027 -3.786 -0.015 -0.611
-0.223 0.042 1.027 -3.603 -0.26 -0.855
-0.23 0.029 1.029 -2.473 -0.26 -0.885
-0.241 0.03 1.036 -1.344 -0.458 -2.046
-0.23 0.056 1.026 -1.313 -1.298 -2.565
-0.232 0.067 1.023 -1.634 -0.611 -2.046
-0.233 0.079 1.031 -2.58 -0.351 -2.366
-0.239 0.069 1.037 -3.252 -0.794 -1.588
-0.228 0.066 1.024 -2.58 -0.672 -2.031
-0.24 0.078 1.019 -3.053 0.092 -2.092
-0.24 0.084 1.029 -3.435 -0.702 -2.061
-0.24 0.087 1.021 -3.374 -1.313 -1.45
-0.254 0.085 1.021 -3.481 -1.496 -1.115
-0.232 0.095 1.02 -3.847 -0.855 -1.16
-0.253 0.08 1.025 -4.183 -2.275 -0.443
-0.247 0.076 1.022 -4.305 -3.389 -0.427
-0.24 0.073 1.021 -3.847 -2.427 -0.504
-0.224 0.075 1.014 -4.137 -1.985 -0.55
-0.224 0.077 1.018 -4.366 -0.534 -0.076
-0.228 0.078 1.014 -4.55 -2.076 0.427
-0.223 0.062 1.005 -4.168 -2.305 -0.076
-0.215 0.069 0.998 -4.015 -1.435 0.244
-0.216 0.071 1.01 -4.244 -1.344 0.229
-0.223 0.068 1.012 -4.122 -0.763 0.519
-0.209 0.074 0.997 -3.649 -0.977 0.076
-0.202 0.08 0.998 -3.145 0.153 1.298
-0.219 0.088 1.011 -3.74 0.366 0.901
-0.222 0.08 1.009 -4.427 1.802 1.328
-0.225 0.078 1.011 -5.359 1.634 0.458
-0.227 0.064 1.015 -5.695 0.412 0.26
-0.227 0.055 1.013 -5.084 1.344 -0.397
-0.235 0.06 1.021 -5.084 0.977 -0.611
-0.238 0.049 1.025 -4.336 1.16 -0.84
-0.232 0.05 1.021 -3.221 0.092 0.397
-0.247 0.064 1.033 -2.092 0.534 1.298
-0.238 0.066 1.021 -1.939 -0.58 0.55
-0.228 0.061 1.023 -1.13 0.519 1.527
-0.232 0.077 1.016 -1.466 0.656 1.206
-0.214 0.083 0.995 -2.26 0.687 0.321
-0.221 0.091 1.012 -3.282 0.87 0.015
-0.227 0.088 1.008 -4.565 1.16 -1.481
-0.235 0.076 1.02 -5.542 0.031 -1.191
-0.239 0.047 1.027 -4.656 -0.58 -1.618
-0.248 0.055 1.028 -3.542 -0.794 -2.153
-0.245 0.069 1.024 -2.962 -1.13 -1.969
-0.249 0.089 1.032 -3.298 -1.344 -1.817
-0.253 0.083 1.023 -4.031 -1.237 -1.389
-0.238 0.083 1.021 -4.168 -1.053 -1.679
-0.242 0.081 1.014 -4.26 -1.298 -1.634
-0.242 0.081 1.016 -4.55 -1.634 -0.687
-0.234 0.076 1.006 -4.214 -1.267 0.153
-0.228 0.075 1.009 -3.542 -0.702 0.84
-0.238 0.077 1.01 -3.405 -1.099 0.794
-0.234 0.088 1.009 -3.863 -0.412 1.206
-0.23 0.086 1.008 -4.931 -0.046 1.069
-0.233 0.07 1.0 -5.863 -0.153 0.84
-0.237 0.044 1.01 -5.603 -1.313 -1.145
-0.22 0.049 0.997 -4.534 -1.618 -1.496
-0.225 0.074 1.002 -3.832 -0.229 -0.84
-0.226 0.075 0.998 -3.832 0.29 -0.29
-0.238 0.078 1.011 -4.412 1.344 -0.107
-0.237 0.064 1.017 -4.885 -2.031 -1.374
-0.226 0.069 1.01 -3.969 -2.855 -1.298
-0.231 0.075 0.999 -4.137 -1.16 -0.565
-0.23 0.074 1.007 -4.122 -0.092 -0.305
-0.236 0.084 1.009 -4.153 0.611 -0.595
-0.241 0.073 1.021 -3.847 1.038 0.031
-0.229 0.056 1.012 -1.924 1.13 2.168
-0.218 0.082 0.996 -0.565 2.29 2.702
-0.222 0.093 1.002 -0.107 3.145 5.435
-0.24 0.114 1.011 -2.824 2.58 3.374
-0.243 0.062 1.018 -2.29 2.84 6.29
-0.233 0.049 1.007 0.198 1.023 7.435
-0.246 0.064 1.015 2.046 1.298 8.611
-0.247 0.089 1.018 0.733 0.504 5.359
-0.248 0.094 1.008 -1.282 0.473 2.351
-0.241 0.104 1.022 -3.664 1.084 0.168
-0.244 0.096 1.03 -5.298 0.824 -1.237
-0.24 0.082 1.022 -5.924 0.794 -1.511
-0.242 0.087 1.024 -6.198 0.214 -2.626
-0.246 0.081 1.015 -5.786 -0.015 -1.679
-0.247 0.087 1.018 -4.885 0.473 -0.29
-0.251 0.081 1.019 -4.427 -0.885 0.55
-0.23 0.09 1.019 -4.366 -0.672 0.748
-0.232 0.091 1.013 -5.191 0.015 0.382
-0.239 0.082 1.014 -6.168 0.931 -0.214
-0.255 0.075 1.023 -6.733 1.42 -0.565
-0.254 0.065 1.013 -6.824 -0.153 -0.809
-0.247 0.057 1.022 -5.618 0.092 -0.244
-0.265 0.045 1.026 -4.626 -1.115 0.336
-0.25 0.055 1.017 -3.191 -1.115 0.473
-0.257 0.072 1.023 -3.374 -1.954 -0.87
-0.247 0.084 1.002 -3.817 -1.481 -0.702
-0.24 0.09 1.009 -4.26 -1.13 -0.901
-0.242 0.091 1.011 -4.977 -1.817 -0.809
-0.235 0.08 1.01 -4.718 -1.573 -0.458
-0.245 0.08 1.01 -4.687 -1.206 -0.565
-0.245 0.077 1.01 -4.565 -1.313 -0.779
-0.245 0.084 1.013 -4.473 -0.321 -0.382
-0.245 0.081 1.01 -4.824 -0.26 -0.107
-0.24 0.084 1.011 -4.84 0.26 0.092
-0.243 0.077 1.01 -4.611 0.382 -0.107
-0.236 0.076 1.006 -4.29 0.611 0.198
-0.25 0.077 1.019 -4.107 0.901 0.504
-0.245 0.078 1.011 -3.679 1.435 0.718
-0.254 0.079 1.023 -3.084 0.718 1.511
-0.265 0.077 1.032 -2.748 0.29 1.573
-0.265 0.077 1.038 -1.954 -0.26 2.229
-0.243 0.084 1.027 0.107 1.817 6.565
-0.229 0.12 1.009 -2.397 -0.137 4.26
-0.247 0.089 1.019 -2.092 -0.84 4.656
-0.223 0.103 0.999 -3.069 -0.641 3.756
-0.229 0.074 0.997 -2.885 -1.069 3.145
-0.221 0.105 0.99 -4.198 -0.336 1.374
-0.231 0.091 1.0 -4.947 -1.221 0.382
-0.234 0.097 0.996 -5.542 1.053 0.534
-0.228 0.089 0.998 -4.885 1.954 1.664
-0.229 0.095 0.993 -5.847 0.733 0.137
-0.247 0.093 0.996 -6.122 0.824 -0.595
-0.231 0.103 1.006 -6.366 1.481 -0.534
-0.239 0.086 0.999 -6.733 1.74 -0.351
-0.239 0.084 1.005 -6.015 1.267 -0.855
-0.256 0.087 1.019 -6.0 -0.931 -1.252
-0.257 0.078 1.012 -5.435 -0.733 -0.962
-0.255 0.076 1.015 -4.733 -0.687 -0.397
-0.241 0.073 1.004 -4.244 -0.473 -0.321
-0.267 0.084 1.03 -4.061 -1.374 -0.229
-0.242 0.082 1.009 -3.618 -1.221 -0.901
-0.257 0.095 1.011 -4.0 -0.336 -0.519
-0.25 0.103 1.002 -4.611 0.718 0.198
-0.245 0.072 1.002 -4.534 -1.435 0.412
-0.253 0.085 1.006 -4.412 -2.229 0.046
-0.236 0.086 1.005 -4.122 -2.031 0.061
-0.242 0.097 1.007 -4.611 -0.962 -0.015
-0.249 0.095 1.004 -4.931 -0.137 0.366
-0.253 0.084 1.017 -4.901 0.122 -0.321
-0.253 0.081 1.018 -4.229 1.435 0.519
-0.243 0.073 1.005 -3.206 2.641 0.244
-0.261 0.078 1.03 -2.885 3.13 0.855
-0.257 0.09 1.021 -3.481 2.29 0.092
-0.26 0.091 1.017 -4.519 0.305 0.504
-0.258 0.079 1.02 -4.611 0.0 0.397
-0.262 0.081 1.027 -5.069 -0.458 -0.214
-0.264 0.08 1.016 -5.588 -1.511 -1.389
-0.249 0.083 1.018 -5.115 -1.588 -0.687
-0.245 0.068 1.002 -4.397 -1.847 -0.397
-0.248 0.077 1.005 -4.076 -1.527 -0.489
-0.245 0.087 1.003 -4.0 -2.076 -0.305
-0.246 0.092 1.007 -4.366 -1.969 -0.29
-0.238 0.083 0.998 -4.397 -1.008 -0.046
-0.246 0.079 0.997 -4.397 -0.733 -0.122
-0.242 0.079 0.996 -4.183 -0.947 -0.84
-0.247 0.083 1.0 -4.076 -0.718 -1.176
-0.246 0.083 0.995 -4.412 -1.389 -1.557
-0.267 0.097 1.012 -4.397 -0.916 -1.893
-0.252 0.09 1.0 -4.351 -1.053 -1.481
-0.255 0.096 1.002 -4.641 -0.992 -1.145
-0.255 0.095 1.004 -4.84 -0.687 -0.626
-0.257 0.095 1.013 -5.038 -0.962 -0.534
-0.245 0.099 1.0 -4.947 -0.626 -0.382
-0.246 0.083 0.997 -4.412 -1.359 -0.031
-0.248 0.091 0.991 -3.863 -0.122 0.626
-0.259 0.076 1.003 -3.42 -0.641 0.153
-0.249 0.077 1.001 -3.481 -0.397 -0.565
-0.249 0.091 1.005 -3.618 -0.412 -0.214
-0.254 0.094 1.01 -3.847 0.656 0.061
-0.257 0.099 1.009 -4.702 -0.855 -0.504
-0.253 0.095 1.011 -5.053 -0.458 -0.931
-0.258 0.085 1.006 -5.298 -0.626 -0.916
-0.254 0.068 1.015 -4.901 0.046 -0.641
-0.254 0.077 1.007 -4.565 0.366 -0.229
-0.259 0.061 1.022 -4.046 -0.412 -0.26
-0.248 0.071 1.02 -3.328 -1.115 -0.626
-0.246 0.083 1.003 -3.038 -0.962 -0.992
-0.245 0.095 1.009 -3.344 -0.29 -1.115
-0.248 0.103 1.002 -4.076 0.198 -1.176
-0.246 0.097 1.007 -4.565 0.198 -1.603
-0.25 0.098 1.016 -4.885 -0.015 -1.084
-0.259 0.097 1.023 -4.947 0.137 -0.29
-0.253 0.094 1.013 -4.58 -0.473 0.397
-0.253 0.091 1.021 -4.244 0.473 1.221
-0.256 0.094 1.009 -3.878 -1.099 1.817
-0.239 0.082 1.015 -2.214 0.382 3.786
-0.241 0.098 1.012 -2.244 0.015 2.824