0.538 -0.858 0.171 -4.443 -1.252 -0.534
0.541 -0.86 0.17 -4.58 -1.435 -0.733
0.53 -0.852 0.171 -4.458 -1.282 -0.58
0.539 -0.851 0.162 -4.595 -1.282 -0.656
0.532 -0.852 0.162 -4.58 -1.13 -0.397
0.539 -0.863 0.164 -4.595 -1.069 -0.656
0.539 -0.855 0.164 -4.748 -1.282 -0.443
0.538 -0.861 0.169 -4.672 -0.901 -0.519
0.531 -0.861 0.162 -4.626 -0.962 -0.427
0.533 -0.859 0.16 -4.626 -1.191 -0.595
0.535 -0.857 0.167 -4.366 -1.435 -0.412
0.54 -0.855 0.176 -4.473 -1.145 -0.489
0.54 -0.863 0.161 -4.519 -1.13 -0.641
0.539 -0.855 0.17 -4.565 -1.328 -0.519
0.528 -0.855 0.163 -4.473 -1.237 -0.427
0.539 -0.857 0.165 -4.611 -1.115 -0.336
0.543 -0.864 0.167 -4.504 -0.947 -0.519
0.538 -0.854 0.171 -4.412 -1.359 -0.061
0.53 -0.857 0.17 -4.534 -1.237 -0.595
0.537 -0.855 0.161 -4.641 -0.931 -0.748
0.536 -0.864 0.169 -4.397 -1.298 -0.672
0.529 -0.864 0.165 -4.626 -1.313 -0.443
0.537 -0.857 0.165 -4.58 -1.252 -0.672
0.533 -0.854 0.166 -4.84 -1.191 -0.702
0.538 -0.863 0.166 -4.687 -1.16 -0.656
0.537 -0.856 0.159 -4.458 -1.206 -0.427
0.534 -0.856 0.167 -4.336 -1.115 -0.427
0.531 -0.858 0.169 -4.534 -0.977 -0.519
0.543 -0.857 0.174 -4.58 -0.977 -0.641
0.532 -0.859 0.164 -4.519 -1.084 -0.366
0.533 -0.857 0.168 -4.641 -1.069 -0.595
0.536 -0.854 0.171 -4.473 -1.115 -0.916
0.537 -0.859 0.168 -4.534 -1.481 -0.87
0.532 -0.858 0.163 -4.412 -1.359 -0.504
0.534 -0.855 0.167 -4.412 -1.405 -0.458
0.534 -0.858 0.177 -4.611 -1.084 -0.672
0.531 -0.863 0.157 -4.458 -1.221 -0.534
0.531 -0.859 0.174 -4.427 -1.16 -0.397
0.534 -0.859 0.174 -4.473 -1.023 -0.473
0.537 -0.855 0.175 -4.473 -1.008 -0.397
0.533 -0.857 0.172 -4.672 -1.053 -0.748
0.537 -0.855 0.161 -4.412 -1.145 -0.733
0.53 -0.855 0.172 -4.534 -1.527 -0.107
0.537 -0.854 0.163 -4.779 -0.855 -0.626
0.537 -0.864 0.168 -4.382 -0.947 -0.687
0.539 -0.859 0.16 -4.351 -1.405 -0.58
0.534 -0.858 0.167 -4.412 -1.282 -0.427
0.539 -0.861 0.171 -4.58 -0.947 -0.656
0.542 -0.851 0.161 -4.763 -0.824 -0.641
0.532 -0.859 0.171 -4.412 -1.13 -0.183
0.543 -0.859 0.156 -4.351 -1.359 -0.275
0.533 -0.858 0.169 -4.656 -1.16 -0.641
0.542 -0.856 0.168 -4.855 -0.962 -1.069
0.539 -0.857 0.169 -4.611 -1.389 -1.099
0.548 -0.856 0.167 -4.443 -1.71 -0.855
0.534 -0.849 0.17 -4.565 -1.237 -0.58
0.537 -0.856 0.169 -4.656 -0.977 -0.275
0.533 -0.856 0.162 -4.473 -0.779 -0.305
0.539 -0.857 0.173 -4.183 -1.053 -0.351
0.533 -0.858 0.176 -4.168 -1.038 -0.626
0.536 -0.855 0.168 -4.489 -0.977 -0.489
0.532 -0.855 0.17 -4.489 -1.252 -0.443
0.533 -0.852 0.168 -4.534 -1.374 -0.397
0.534 -0.857 0.166 -4.58 -1.359 -0.611
0.541 -0.859 0.167 -4.595 -0.992 -0.595
0.532 -0.858 0.163 -4.55 -0.962 -0.427
0.538 -0.862 0.173 -4.412 -1.084 -0.244
0.535 -0.858 0.166 -4.55 -1.023 -0.321
0.537 -0.86 0.165 -4.58 -1.023 -1.038
0.536 -0.857 0.165 -4.55 -1.252 -1.099
0.541 -0.859 0.172 -4.427 -1.374 -0.489
0.529 -0.857 0.16 -4.611 -1.313 -0.534
0.53 -0.856 0.171 -4.672 -1.145 -0.794
0.538 -0.856 0.158 -4.382 -1.16 -0.519
0.54 -0.856 0.163 -4.321 -1.221 -0.412
0.531 -0.861 0.175 -4.565 -0.977 -0.366
0.534 -0.858 0.171 -4.687 -0.779 -0.366
0.532 -0.856 0.175 -4.473 -1.206 -0.366
0.536 -0.852 0.167 -4.504 -1.298 -0.473
0.541 -0.859 0.164 -4.443 -1.313 -0.534
0.533 -0.858 0.166 -4.672 -0.901 -0.641
0.538 -0.85 0.165 -4.565 -1.221 -0.412
0.533 -0.857 0.172 -4.595 -1.298 -0.672
0.535 -0.857 0.169 -4.595 -1.069 -0.733
0.531 -0.86 0.164 -4.443 -1.374 -0.931
0.54 -0.856 0.173 -4.779 -1.282 -0.87
0.533 -0.86 0.16 -4.656 -1.206 -0.672
0.535 -0.858 0.175 -4.611 -1.237 -0.305
0.54 -0.856 0.172 -4.641 -1.313 -0.626
0.531 -0.858 0.169 -4.489 -1.237 -0.412
0.539 -0.858 0.175 -4.382 -1.053 -0.061
0.542 -0.862 0.174 -4.519 -0.947 0.107
0.533 -0.864 0.17 -4.626 -0.794 -0.305
0.534 -0.864 0.167 -4.458 -1.099 -0.763
0.537 -0.856 0.17 -4.504 -1.298 -0.672
0.54 -0.854 0.168 -4.809 -1.405 -0.58
0.534 -0.857 0.166 -4.687 -1.328 -0.702
0.532 -0.854 0.161 -4.58 -1.328 -0.824
0.54 -0.858 0.161 -4.611 -1.344 -0.794
0.536 -0.855 0.171 -4.397 -1.206 -0.504
0.531 -0.855 0.168 -4.534 -0.931 -0.244
0.53 -0.86 0.169 -4.504 -0.794 -0.412
0.535 -0.861 0.172 -4.443 -1.008 -0.611
0.531 -0.86 0.175 -4.443 -1.13 -0.687
0.531 -0.855 0.174 -4.519 -1.221 -0.718
0.535 -0.856 0.179 -4.534 -1.344 -0.55
0.537 -0.86 0.171 -4.641 -1.282 -0.702
0.54 -0.85 0.17 -4.611 -1.267 -0.779
0.537 -0.854 0.168 -4.489 -1.053 -0.336
0.537 -0.852 0.168 -4.458 -0.962 -0.29
0.539 -0.858 0.165 -4.473 -1.176 -0.473
0.536 -0.852 0.167 -4.489 -1.237 -0.611
0.534 -0.857 0.166 -4.641 -1.191 -0.473
0.538 -0.859 0.168 -4.595 -1.084 -0.458
0.535 -0.854 0.156 -4.397 -1.221 -0.565
0.536 -0.856 0.172 -4.626 -1.252 -0.855
0.54 -0.868 0.168 -4.412 -0.901 -0.763
0.536 -0.857 0.176 -4.656 -1.237 -0.809
0.54 -0.866 0.172 -4.733 -0.885 -0.885
0.538 -0.855 0.164 -4.565 -1.466 -0.473
0.537 -0.855 0.169 -4.214 -1.435 -0.382
0.526 -0.852 0.162 -4.748 -1.099 -0.458
0.538 -0.854 0.173 -4.626 -1.084 -0.534
0.534 -0.856 0.168 -4.412 -1.237 -0.214
0.537 -0.855 0.164 -4.473 -0.962 -0.366
0.539 -0.854 0.162 -4.55 -0.84 -0.672
0.539 -0.856 0.165 -4.473 -1.16 -0.611
0.541 -0.864 0.167 -4.382 -1.359 -0.29
0.539 -0.861 0.175 -4.473 -1.145 -0.473
0.531 -0.857 0.163 -4.565 -1.008 -0.992
0.536 -0.86 0.179 -4.763 -1.191 -0.779
0.535 -0.854 0.182 -4.366 -1.374 -0.198
0.542 -0.854 0.161 -4.443 -1.282 -0.244
0.539 -0.862 0.173 -4.473 -1.267 -0.641
0.535 -0.861 0.165 -4.351 -1.191 -0.611
0.536 -0.854 0.176 -4.55 -0.992 -0.321
0.533 -0.859 0.169 -4.687 -0.809 -0.168
0.535 -0.864 0.165 -4.702 -1.008 -0.214
0.535 -0.858 0.17 -4.611 -1.435 -0.473
0.535 -0.853 0.173 -4.229 -1.45 -0.763
0.536 -0.855 0.168 -4.427 -1.328 -0.58
0.547 -0.867 0.162 -4.504 -1.023 -0.656
0.54 -0.856 0.16 -4.443 -1.557 -0.443
0.534 -0.861 0.165 -4.992 -0.87 -1.176
0.541 -0.86 0.173 -4.58 -1.344 -0.565
0.533 -0.858 0.167 -4.412 -1.695 -0.107
0.534 -0.856 0.164 -4.122 -1.374 -0.611
0.532 -0.856 0.162 -4.687 -1.023 -0.794
0.538 -0.854 0.17 -4.519 -0.611 -0.107
0.538 -0.857 0.169 -4.519 -0.748 0.275
0.533 -0.85 0.16 -4.504 -0.641 -0.382
0.536 -0.857 0.177 -4.412 -1.115 -0.748
0.536 -0.855 0.174 -4.489 -1.695 -0.947
0.533 -0.858 0.169 -4.275 -1.649 -0.931
0.54 -0.856 0.179 -4.763 -1.389 -1.053
0.535 -0.857 0.167 -4.779 -1.008 -0.687
0.54 -0.857 0.168 -4.748 -0.87 -0.153
0.531 -0.862 0.174 -4.641 -0.901 0.183
0.542 -0.853 0.169 -4.458 -0.977 -0.321
0.54 -0.853 0.174 -4.519 -1.084 -0.702
0.534 -0.863 0.165 -4.412 -1.344 -0.718
0.54 -0.859 0.171 -4.351 -1.42 -0.626
0.537 -0.856 0.162 -4.718 -1.069 -0.763
0.534 -0.857 0.166 -4.519 -1.099 -0.687
0.536 -0.853 0.165 -4.565 -1.282 -0.656
0.538 -0.859 0.163 -4.397 -1.282 -0.947
0.539 -0.86 0.167 -4.275 -1.328 -0.534
0.541 -0.855 0.173 -4.198 -1.099 -0.107
0.542 -0.849 0.161 -4.656 -0.595 -0.015
0.533 -0.853 0.172 -4.595 -0.733 0.427
0.543 -0.856 0.178 -4.321 -0.366 0.061
0.532 -0.851 0.173 -4.885 -0.824 -0.687
0.533 -0.856 0.173 -4.397 -1.573 -0.992
0.538 -0.856 0.158 -4.153 -2.198 -0.885
0.533 -0.858 0.164 -4.641 -1.863 -1.298
0.549 -0.857 0.165 -5.008 -1.176 -1.588
0.535 -0.856 0.169 -4.947 -0.87 -0.595
0.544 -0.856 0.162 -4.397 -0.84 0.382
0.544 -0.869 0.162 -4.275 -0.718 0.336
0.535 -0.857 0.172 -4.321 -0.748 -0.214
0.536 -0.86 0.164 -4.351 -1.053 -0.443
0.539 -0.848 0.171 -4.275 -1.221 -0.748
0.536 -0.856 0.162 -4.824 -1.282 -1.023
0.538 -0.858 0.173 -4.962 -1.099 -1.069
0.539 -0.861 0.16 -4.855 -1.435 -0.351
0.532 -0.86 0.171 -4.489 -1.267 -0.305
0.534 -0.863 0.177 -4.519 -1.344 -0.412
0.536 -0.862 0.172 -4.29 -0.992 -0.412
0.535 -0.855 0.166 -4.336 -0.733 -0.397
0.537 -0.853 0.171 -4.702 -0.687 -0.305
0.535 -0.855 0.168 -4.824 -0.809 -0.565
0.536 -0.858 0.17 -4.702 -1.359 -0.626
0.539 -0.855 0.167 -4.275 -1.756 -0.947
0.533 -0.853 0.167 -4.443 -1.817 -0.824
0.538 -0.855 0.166 -4.458 -1.435 -0.992
0.538 -0.86 0.158 -4.443 -0.931 -0.534
0.539 -0.86 0.17 -4.504 -0.718 -0.122
0.533 -0.857 0.173 -4.595 -0.718 0.031
0.53 -0.858 0.168 -4.58 -0.855 -0.061
0.532 -0.858 0.163 -4.427 -1.344 -0.427
0.539 -0.851 0.169 -4.366 -1.557 -0.824
0.537 -0.861 0.17 -4.626 -1.313 -0.962
0.536 -0.856 0.172 -4.626 -1.038 -0.824
0.534 -0.857 0.17 -4.718 -1.115 -0.397
0.535 -0.852 0.168 -4.534 -1.191 -0.137
0.532 -0.859 0.174 -4.534 -1.099 -0.519
0.537 -0.852 0.164 -4.366 -1.221 -0.611
0.542 -0.856 0.167 -4.427 -1.237 -0.687
0.53 -0.844 0.16 -4.672 -1.71 -0.214
0.532 -0.859 0.168 -4.412 -1.145 -0.183
0.538 -0.857 0.16 -4.702 -0.779 -0.458
0.54 -0.868 0.172 -4.748 -0.885 -0.962
0.542 -0.859 0.167 -4.336 -1.634 -0.794
0.542 -0.858 0.163 -4.305 -1.527 -0.473
0.535 -0.855 0.174 -4.504 -1.252 -0.29
0.535 -0.855 0.165 -4.916 -0.656 -0.733
0.536 -0.854 0.17 -4.565 -0.992 -0.473
0.537 -0.862 0.175 -4.244 -1.374 -0.107
0.538 -0.856 0.167 -4.412 -1.13 -0.244
0.538 -0.865 0.17 -4.901 -1.038 -0.672
0.538 -0.857 0.165 -4.55 -1.221 -0.84
0.539 -0.854 0.167 -4.382 -1.42 -0.672
0.537 -0.86 0.166 -4.763 -1.053 -0.626
0.537 -0.858 0.171 -4.901 -0.931 -0.565
0.537 -0.862 0.176 -4.443 -1.16 -0.672
0.543 -0.858 0.174 -4.244 -1.481 -0.626
0.532 -0.86 0.165 -4.427 -1.267 -0.611
0.533 -0.859 0.171 -4.565 -0.962 -0.366
0.535 -0.854 0.165 -4.443 -1.053 -0.26
0.541 -0.856 0.172 -4.611 -1.145 -0.29
0.541 -0.861 0.168 -4.672 -1.008 -0.397
0.537 -0.864 0.165 -4.427 -1.115 -0.473
0.537 -0.864 0.16 -4.412 -1.176 -0.702
0.543 -0.853 0.17 -4.656 -1.405 -1.16
0.54 -0.847 0.163 -4.641 -1.298 -0.809
0.538 -0.85 0.161 -4.626 -1.71 -0.443
0.527 -0.855 0.151 -4.305 -1.832 -0.092
0.542 -0.863 0.163 -4.748 -0.824 -0.809
0.543 -0.859 0.166 -4.641 -0.947 -0.855
0.54 -0.862 0.164 -4.122 -1.45 -0.092
0.536 -0.855 0.166 -4.061 -1.267 -0.153
0.534 -0.852 0.181 -4.519 -0.672 -0.458
0.535 -0.856 0.174 -4.702 -0.824 -0.473
0.535 -0.858 0.168 -4.672 -1.115 -0.076
0.538 -0.858 0.171 -4.458 -1.298 -0.55
0.54 -0.851 0.17 -4.504 -1.389 -0.84
0.532 -0.854 0.173 -4.55 -1.481 -0.702
0.535 -0.857 0.17 -4.489 -1.298 -0.534
0.535 -0.854 0.165 -4.351 -1.237 -0.504
0.539 -0.852 0.172 -4.58 -0.687 -0.489
0.534 -0.86 0.167 -4.656 -0.977 -0.29
0.536 -0.859 0.169 -4.595 -1.206 -0.366
0.537 -0.86 0.168 -4.275 -1.374 -0.702
0.536 -0.859 0.17 -4.489 -1.359 -0.824
0.534 -0.847 0.172 -4.595 -1.405 -0.794
0.54 -0.854 0.169 -4.611 -1.145 -0.87
0.541 -0.862 0.169 -4.626 -1.038 -0.489
0.534 -0.859 0.172 -4.565 -1.008 -0.244
0.534 -0.863 0.169 -4.458 -1.328 -0.107
0.535 -0.854 0.171 -4.397 -1.099 -0.458
0.535 -0.854 0.166 -4.473 -1.053 -0.687
0.542 -0.85 0.161 -4.626 -0.916 -0.458
0.537 -0.861 0.163 -4.656 -1.038 -0.382
0.537 -0.854 0.165 -4.473 -1.221 -0.656
0.532 -0.856 0.171 -4.702 -1.542 -0.641
0.532 -0.856 0.163 -4.443 -1.756 -0.626
0.537 -0.854 0.157 -4.687 -1.328 -1.099
0.537 -0.86 0.165 -4.458 -1.084 -0.947
0.538 -0.858 0.172 -4.427 -1.069 -0.504
0.539 -0.857 0.163 -4.58 -0.779 -0.137
0.535 -0.855 0.164 -4.58 -0.962 -0.26
0.533 -0.857 0.164 -4.565 -1.145 -0.534
0.539 -0.853 0.16 -4.427 -1.435 -0.611
0.542 -0.861 0.167 -4.504 -1.176 -0.916
0.537 -0.854 0.169 -4.656 -1.206 -0.611
0.539 -0.855 0.168 -4.565 -1.221 -0.351
0.536 -0.858 0.167 -4.275 -1.191 -0.107
0.536 -0.859 0.159 -4.733 -1.038 -0.519
0.54 -0.86 0.172 -4.565 -1.084 -0.901
0.537 -0.86 0.17 -4.382 -1.42 -0.779
0.543 -0.857 0.174 -4.336 -1.603 -0.519
0.534 -0.853 0.165 -4.55 -0.992 -0.427
0.539 -0.857 0.163 -4.58 -1.053 -0.55
0.536 -0.864 0.164 -4.427 -1.008 -0.427
0.535 -0.859 0.168 -4.366 -1.389 -0.275
0.534 -0.861 0.166 -4.611 -1.145 -0.321
0.534 -0.858 0.169 -4.565 -1.008 -0.656
0.534 -0.857 0.162 -4.519 -1.252 -0.519
0.532 -0.855 0.167 -4.504 -1.221 -0.519
0.54 -0.847 0.167 -4.626 -1.313 -0.458
0.537 -0.849 0.168 -4.824 -1.405 -0.458
0.532 -0.854 0.167 -4.137 -1.221 -0.565
0.54 -0.858 0.162 -4.885 -0.947 -1.038
0.543 -0.861 0.167 -4.595 -0.947 -0.87
0.531 -0.851 0.175 -4.519 -1.664 -0.092
0.536 -0.856 0.163 -4.076 -1.344 -0.489
0.542 -0.857 0.169 -4.855 -0.855 -0.779
0.536 -0.862 0.162 -4.641 -0.641 -0.321
0.539 -0.861 0.169 -4.55 -0.916 0.321
0.533 -0.855 0.171 -4.595 -1.115 -0.55
0.532 -0.849 0.164 -4.351 -1.42 -1.099
0.541 -0.854 0.175 -4.687 -1.374 -1.008
0.536 -0.858 0.168 -4.382 -1.466 -0.626
0.54 -0.852 0.163 -4.641 -1.206 -0.397
0.541 -0.853 0.163 -4.611 -0.855 -0.458
0.541 -0.856 0.166 -4.565 -1.038 -0.366
0.536 -0.86 0.161 -4.565 -0.855 -0.427
0.54 -0.858 0.162 -4.641 -1.038 -0.351
0.534 -0.86 0.172 -4.305 -1.389 -0.534
0.543 -0.858 0.167 -4.412 -1.374 -0.733
0.54 -0.857 0.17 -4.519 -1.435 -0.962
0.54 -0.866 0.172 -4.809 -1.145 -0.565
0.541 -0.86 0.165 -4.626 -1.206 -0.321
0.531 -0.86 0.172 -4.489 -1.221 -0.427
0.527 -0.859 0.165 -4.366 -1.176 -0.626
0.541 -0.855 0.167 -4.519 -1.221 -0.519
0.537 -0.862 0.165 -4.305 -1.023 -0.29
0.537 -0.851 0.164 -4.504 -0.977 -0.412
0.534 -0.856 0.167 -4.794 -0.931 -0.595
0.535 -0.852 0.166 -4.763 -1.13 -0.58
0.533 -0.858 0.173 -4.595 -1.191 -0.718
0.541 -0.857 0.167 -4.504 -1.374 -0.84
0.541 -0.857 0.178 -4.641 -1.16 -0.931
0.541 -0.853 0.169 -4.55 -1.008 -0.611
0.54 -0.858 0.164 -4.58 -0.809 -0.336
0.54 -0.862 0.165 -4.473 -0.916 -0.031
0.538 -0.861 0.169 -4.351 -1.13 -0.107
0.534 -0.86 0.164 -4.26 -1.084 -0.427
0.533 -0.86 0.169 -4.305 -1.069 -0.779
0.534 -0.852 0.162 -4.672 -1.069 -0.794
0.535 -0.858 0.165 -4.763 -1.313 -0.901
0.534 -0.854 0.164 -4.733 -1.221 -0.687
0.533 -0.85 0.161 -4.58 -1.435 -0.626
0.541 -0.856 0.161 -4.687 -1.267 -0.794
0.534 -0.857 0.177 -4.366 -1.71 0.031
0.541 -0.856 0.177 -4.29 -0.641 -0.275
0.533 -0.852 0.171 -5.053 -0.595 -0.656
0.54 -0.853 0.172 -4.458 -0.809 -0.427
0.529 -0.857 0.165 -4.153 -1.344 0.015
0.534 -0.859 0.167 -4.443 -1.542 -0.504
0.54 -0.863 0.169 -4.565 -0.916 -1.191
0.536 -0.859 0.16 -4.733 -1.115 -0.58
0.538 -0.858 0.166 -4.55 -1.298 -0.107
0.538 -0.859 0.164 -4.794 -1.069 -0.397
0.534 -0.858 0.159 -4.641 -1.115 -0.824
0.537 -0.858 0.162 -4.626 -1.405 -0.962
0.537 -0.855 0.171 -4.26 -1.511 -0.611
0.535 -0.853 0.168 -4.611 -1.16 -0.412
0.537 -0.858 0.172 -4.794 -0.901 -0.489
0.536 -0.856 0.168 -4.718 -0.962 -0.443
0.534 -0.858 0.171 -4.519 -1.069 -0.397
0.539 -0.86 0.168 -4.443 -1.282 -0.412
0.537 -0.857 0.168 -4.519 -1.252 -0.687
0.538 -0.856 0.173 -4.397 -1.084 -0.626
0.54 -0.858 0.165 -4.55 -0.962 -0.595
0.537 -0.857 0.166 -4.763 -1.206 -0.443
0.54 -0.852 0.168 -4.534 -1.099 -0.565
0.536 -0.86 0.168 -4.351 -1.344 -0.458
0.537 -0.862 0.174 -4.427 -1.328 -0.687
0.541 -0.856 0.173 -4.275 -1.221 -0.427
0.54 -0.854 0.169 -4.534 -1.023 -0.412
0.532 -0.849 0.172 -4.809 -1.282 -0.137
0.536 -0.859 0.167 -4.656 -0.87 -0.641
0.538 -0.857 0.165 -4.794 -1.13 -0.855
0.539 -0.862 0.159 -4.504 -1.313 -0.992
0.539 -0.859 0.17 -4.321 -1.573 -0.626
0.533 -0.859 0.157 -4.229 -1.481 -0.412
0.537 -0.86 0.167 -4.611 -1.053 -0.366
0.535 -0.851 0.164 -4.87 -0.473 -0.473
0.536 -0.858 0.171 -4.55 -0.947 -0.489
0.539 -0.859 0.174 -4.427 -1.344 -0.366
0.535 -0.859 0.166 -4.305 -1.695 -0.611
0.533 -0.856 0.167 -4.489 -1.481 -0.748
0.532 -0.863 0.166 -4.641 -1.084 -0.779
0.535 -0.859 0.172 -4.626 -1.191 -0.489
0.542 -0.853 0.171 -4.702 -0.977 -0.504
0.54 -0.857 0.164 -4.733 -0.947 -0.229
0.538 -0.859 0.169 -4.397 -0.977 -0.092
0.538 -0.857 0.166 -4.397 -0.931 -0.427
0.538 -0.857 0.169 -4.229 -0.992 -0.855
0.542 -0.857 0.162 -4.58 -1.16 -0.947
0.543 -0.857 0.169 -4.733 -1.221 -0.809
0.542 -0.853 0.167 -4.626 -1.313 -0.702
0.541 -0.858 0.175 -4.519 -1.511 -0.412
0.538 -0.857 0.171 -4.427 -1.252 -0.519
0.538 -0.857 0.176 -4.412 -1.16 -0.748
0.544 -0.851 0.164 -4.489 -0.458 -0.107
0.542 -0.856 0.158 -4.275 -0.534 0.244
0.537 -0.859 0.163 -5.115 -0.595 -0.443
0.531 -0.853 0.167 -4.748 -1.008 -0.947
0.535 -0.857 0.172 -4.29 -1.893 -0.794
0.532 -0.863 0.159 -4.168 -1.985 -0.687
0.544 -0.855 0.164 -4.702 -1.008 -1.084
0.537 -0.854 0.167 -4.733 -0.794 -0.901
0.536 -0.852 0.17 -4.29 -1.16 0.092
0.54 -0.857 0.169 -4.489 -0.87 0.076
0.537 -0.855 0.164 -4.534 -0.947 -0.229
0.535 -0.864 0.164 -4.458 -1.099 -0.458
0.534 -0.855 0.164 -4.168 -1.435 -0.672
0.539 -0.857 0.165 -4.534 -1.45 -0.779