0.543 -0.854 0.164 -4.443 -1.145 -0.443
0.539 -0.861 0.168 -4.641 -0.992 -0.641
0.539 -0.854 0.172 -4.534 -1.176 -0.824
0.542 -0.857 0.167 -4.397 -1.374 -0.824
0.539 -0.856 0.162 -4.641 -1.252 -0.489
0.541 -0.859 0.172 -4.611 -1.13 -0.275
0.536 -0.862 0.172 -4.427 -1.069 -0.382
0.536 -0.856 0.154 -4.534 -1.13 -0.351
0.538 -0.864 0.169 -4.29 -0.992 -0.321
0.539 -0.856 0.169 -4.504 -0.885 -0.305
0.539 -0.854 0.164 -4.565 -0.977 -0.641
0.542 -0.857 0.163 -4.687 -1.13 -1.084
0.537 -0.859 0.176 -4.779 -1.267 -0.763
0.541 -0.854 0.168 -4.55 -1.634 -0.534
0.532 -0.852 0.17 -4.55 -1.359 -0.534
0.533 -0.855 0.174 -4.382 -1.252 -0.824
0.536 -0.855 0.166 -4.427 -0.977 -0.55
0.54 -0.85 0.162 -4.641 -0.718 -0.198
0.535 -0.859 0.167 -4.427 -0.748 0.031
0.535 -0.855 0.164 -4.427 -1.145 -0.244
0.537 -0.857 0.165 -4.489 -1.45 -0.504
0.544 -0.854 0.168 -4.718 -1.252 -0.962
0.546 -0.859 0.165 -4.473 -1.13 -0.748
0.533 -0.854 0.168 -4.519 -1.237 -0.336
0.544 -0.862 0.167 -4.534 -1.267 -0.565
0.538 -0.85 0.168 -4.779 -0.977 -0.733
0.539 -0.855 0.167 -4.489 -1.252 -0.458
0.529 -0.85 0.165 -4.458 -1.847 -0.076
0.546 -0.86 0.165 -4.473 -0.84 -0.595
0.535 -0.857 0.173 -5.053 -0.763 -0.947
0.536 -0.844 0.175 -4.595 -1.069 -0.489
0.538 -0.861 0.161 -4.275 -1.588 -0.153
0.543 -0.856 0.164 -4.58 -1.359 -0.443
0.534 -0.862 0.171 -4.748 -1.038 -0.992
0.538 -0.853 0.166 -4.458 -1.16 -0.84
0.541 -0.858 0.167 -4.229 -1.298 -0.168
0.535 -0.857 0.163 -4.382 -1.008 -0.046
0.538 -0.859 0.172 -4.687 -0.84 -0.214
0.543 -0.856 0.169 -4.565 -0.916 -0.733
0.541 -0.854 0.167 -4.153 -1.45 -0.351
0.536 -0.851 0.163 -4.687 -1.16 -0.412
0.536 -0.856 0.17 -4.947 -1.053 -0.962
0.541 -0.856 0.17 -4.595 -1.252 -1.008
0.545 -0.859 0.16 -4.397 -1.405 -0.687
0.541 -0.854 0.166 -4.58 -1.389 -0.168
0.543 -0.851 0.174 -4.794 -0.947 -0.427
0.534 -0.857 0.17 -4.595 -0.962 -0.656
0.538 -0.849 0.169 -4.336 -1.069 -0.565
0.535 -0.859 0.169 -4.427 -0.931 -0.198
0.535 -0.858 0.164 -4.595 -0.824 -0.137
0.543 -0.856 0.172 -4.305 -1.084 -0.489
0.535 -0.862 0.167 -4.275 -1.267 -0.641
0.537 -0.859 0.157 -4.55 -1.038 -0.641
0.536 -0.859 0.161 -4.656 -1.344 -0.534
0.536 -0.854 0.165 -4.595 -1.344 -0.489
0.538 -0.859 0.166 -4.489 -0.794 -0.733
0.537 -0.857 0.171 -4.626 -1.221 -0.885
0.538 -0.851 0.164 -4.641 -1.542 -0.473
0.535 -0.861 0.165 -4.092 -1.527 -0.229
0.532 -0.859 0.165 -4.504 -1.221 -0.382
0.54 -0.863 0.17 -4.824 -0.718 -0.656
0.542 -0.851 0.169 -4.84 -0.824 -0.504
0.536 -0.858 0.167 -4.351 -1.282 -0.504
0.543 -0.855 0.171 -4.382 -1.298 -0.321
0.533 -0.856 0.173 -4.611 -1.16 -0.626
0.54 -0.857 0.16 -4.534 -1.023 -0.824
0.541 -0.859 0.169 -4.733 -1.115 -0.809
0.533 -0.855 0.159 -4.595 -1.115 -0.336
0.532 -0.86 0.163 -4.443 -1.115 -0.092
0.542 -0.86 0.168 -4.534 -1.053 -0.305
0.538 -0.858 0.169 -4.504 -0.992 -0.672
0.539 -0.86 0.163 -4.351 -1.053 -0.748
0.531 -0.855 0.164 -4.519 -1.023 -0.565
0.539 -0.859 0.171 -4.672 -1.145 -0.687
0.534 -0.857 0.162 -4.656 -1.511 -0.534
0.542 -0.854 0.169 -4.458 -1.588 -0.519
0.532 -0.853 0.163 -4.397 -1.359 -0.931
0.529 -0.861 0.166 -4.336 -1.237 -0.397
0.54 -0.843 0.165 -4.855 -0.916 -0.397
0.531 -0.854 0.165 -4.855 -0.687 -0.519
0.534 -0.854 0.169 -4.26 -1.374 0.229
0.533 -0.857 0.168 -4.336 -1.344 -0.489
0.537 -0.855 0.172 -4.763 -1.221 -1.405
0.548 -0.855 0.165 -4.504 -1.099 -1.038
0.536 -0.856 0.166 -4.473 -1.542 -0.229
0.542 -0.857 0.17 -4.595 -1.099 -0.122
0.535 -0.86 0.171 -4.55 -1.084 -0.55
0.538 -0.855 0.168 -4.519 -1.053 -0.321
0.538 -0.859 0.171 -4.275 -1.053 -0.336
0.537 -0.856 0.175 -4.336 -0.962 -0.122
0.54 -0.862 0.169 -4.656 -0.763 -0.626
0.536 -0.853 0.168 -4.641 -1.221 -0.718
0.537 -0.853 0.168 -4.702 -1.267 -0.656
0.537 -0.853 0.167 -4.779 -1.42 -0.687
0.542 -0.856 0.171 -4.641 -1.603 -1.115
0.54 -0.859 0.162 -4.412 -1.527 -0.84
0.541 -0.859 0.173 -4.076 -1.282 -0.595
0.538 -0.851 0.169 -4.656 -0.687 -0.122
0.541 -0.852 0.171 -4.687 -0.504 -0.092
0.531 -0.86 0.169 -4.504 -0.947 0.015
0.535 -0.855 0.164 -4.397 -1.298 -0.244
0.534 -0.864 0.165 -4.473 -1.328 -0.809
0.535 -0.855 0.16 -4.656 -1.374 -0.916
0.541 -0.852 0.165 -4.489 -1.328 -0.855
0.538 -0.861 0.177 -4.534 -1.084 -0.275
0.538 -0.852 0.163 -4.687 -0.992 -0.122
0.532 -0.859 0.168 -4.473 -1.069 -0.275
0.537 -0.857 0.166 -4.214 -1.298 -0.779
0.535 -0.853 0.165 -4.397 -1.389 -0.824
0.543 -0.851 0.162 -4.55 -1.176 -0.718
0.538 -0.855 0.161 -4.672 -1.221 -0.58
0.541 -0.854 0.161 -4.885 -1.328 -0.519
0.535 -0.854 0.17 -4.748 -1.313 -0.55
0.534 -0.86 0.169 -4.473 -1.344 -0.611
0.536 -0.847 0.166 -4.29 -1.374 -0.672
0.54 -0.854 0.172 -4.275 -1.115 -0.534
0.537 -0.858 0.173 -4.443 -0.763 -0.26
0.538 -0.857 0.172 -4.534 -0.901 0.0
0.54 -0.857 0.169 -4.595 -0.977 -0.183
0.538 -0.852 0.166 -4.489 -1.389 -0.55
0.538 -0.856 0.172 -4.443 -1.344 -0.794
0.542 -0.86 0.158 -4.275 -1.359 -0.641
0.535 -0.854 0.162 -4.55 -1.267 -0.427
0.529 -0.853 0.178 -4.519 -0.916 -0.595
0.532 -0.854 0.171 -4.489 -1.679 -0.107
0.541 -0.86 0.175 -4.626 -0.916 -0.611
0.539 -0.858 0.168 -5.13 -0.962 -1.221
0.531 -0.849 0.169 -4.565 -1.557 -0.824
0.539 -0.851 0.162 -4.031 -1.985 -0.244
0.538 -0.859 0.172 -4.275 -1.282 -0.29
0.541 -0.856 0.16 -4.855 -0.427 -0.366
0.539 -0.858 0.177 -4.656 -0.473 -0.153
0.538 -0.857 0.167 -4.183 -1.16 0.031
0.539 -0.858 0.166 -4.26 -1.145 -0.427
0.54 -0.853 0.171 -4.641 -0.962 -0.748
0.533 -0.856 0.163 -4.58 -0.947 -0.87
0.538 -0.86 0.158 -4.382 -1.542 -0.763
0.541 -0.851 0.167 -4.626 -1.282 -0.443
0.541 -0.854 0.168 -4.84 -0.992 -0.443
0.538 -0.858 0.168 -4.565 -1.13 -0.687
0.539 -0.863 0.168 -4.397 -1.069 -0.366
0.543 -0.862 0.167 -4.366 -1.053 -0.443
0.539 -0.86 0.166 -4.427 -1.206 -0.565
0.535 -0.859 0.17 -4.55 -0.977 -0.672
0.539 -0.858 0.169 -4.565 -1.038 -0.779
0.539 -0.858 0.166 -4.504 -1.13 -0.733
0.535 -0.859 0.163 -4.595 -1.374 -0.672
0.538 -0.863 0.166 -4.565 -1.298 -0.58
0.532 -0.854 0.156 -4.427 -1.115 -0.26
0.533 -0.844 0.165 -4.015 -1.802 0.427
0.541 -0.852 0.163 -4.748 -0.305 -0.58
0.539 -0.854 0.158 -4.473 -0.504 -0.656
0.534 -0.859 0.159 -4.519 -1.374 -0.214
0.534 -0.857 0.165 -4.565 -1.588 -0.244
0.536 -0.862 0.167 -4.87 -1.206 -1.038
0.54 -0.86 0.16 -4.87 -1.069 -1.145
0.539 -0.857 0.164 -4.427 -1.328 -0.473
0.539 -0.855 0.165 -4.641 -1.191 -0.382
0.542 -0.856 0.159 -4.687 -0.809 -0.595
0.533 -0.853 0.165 -4.656 -1.221 -0.718
0.534 -0.854 0.174 -4.031 -1.664 -0.29
0.543 -0.859 0.171 -4.366 -1.344 -0.336
0.538 -0.854 0.167 -4.87 -0.687 -0.702
0.54 -0.857 0.166 -4.641 -0.672 -0.534
0.54 -0.857 0.171 -4.504 -1.115 -0.29
0.535 -0.859 0.164 -4.473 -1.038 -0.443
0.537 -0.852 0.168 -4.611 -1.313 -0.687
0.539 -0.846 0.161 -4.321 -1.359 -0.84
0.544 -0.854 0.17 -4.55 -1.252 -0.794
0.54 -0.856 0.167 -4.962 -0.87 -0.565
0.538 -0.855 0.167 -4.626 -1.145 -0.321
0.535 -0.853 0.171 -4.534 -1.206 -0.305
0.54 -0.863 0.165 -4.305 -1.191 -0.672
0.537 -0.858 0.168 -4.321 -1.038 -0.458
0.536 -0.855 0.166 -4.504 -1.45 -0.046
0.527 -0.856 0.167 -4.29 -1.191 -0.092
0.534 -0.86 0.163 -4.748 -0.565 -0.931
0.542 -0.86 0.168 -4.733 -0.641 -0.977
0.542 -0.861 0.161 -4.336 -1.573 -0.443
0.536 -0.847 0.171 -4.305 -1.71 -0.473
0.539 -0.85 0.163 -4.641 -1.344 -1.023
0.538 -0.853 0.165 -4.779 -0.718 -0.672
0.536 -0.849 0.174 -4.443 -0.901 0.092
0.537 -0.86 0.164 -4.565 -0.916 0.015
0.536 -0.855 0.167 -4.565 -0.977 -0.656
0.538 -0.858 0.167 -4.427 -1.237 -1.023
0.54 -0.856 0.16 -4.214 -1.664 -0.977
0.538 -0.856 0.162 -4.595 -1.603 -0.733
0.542 -0.855 0.161 -4.901 -0.992 -0.672
0.542 -0.856 0.161 -4.702 -1.099 -0.412
0.536 -0.855 0.167 -4.443 -0.794 -0.122
0.543 -0.861 0.156 -4.397 -1.053 -0.321
0.533 -0.855 0.172 -4.382 -1.13 -0.443
0.536 -0.856 0.167 -4.382 -1.069 -0.58
0.539 -0.856 0.17 -4.351 -1.237 -0.595
0.536 -0.855 0.167 -4.565 -0.962 -0.427
0.537 -0.858 0.165 -4.916 -0.855 -0.504
0.541 -0.861 0.156 -4.641 -1.42 -0.702
0.538 -0.859 0.16 -4.366 -1.542 -0.779
0.539 -0.857 0.166 -4.26 -1.603 -0.58
0.547 -0.849 0.166 -4.58 -1.069 -0.366
0.541 -0.854 0.163 -4.55 -0.702 -0.244
0.536 -0.855 0.156 -4.779 -0.824 -0.244
0.537 -0.856 0.168 -4.626 -1.099 -0.702
0.54 -0.855 0.166 -4.443 -1.435 -0.84
0.537 -0.856 0.167 -4.702 -1.542 -1.023
0.542 -0.852 0.167 -4.412 -1.71 -0.901
0.543 -0.852 0.161 -4.504 -1.206 -0.702
0.537 -0.864 0.168 -4.595 -0.901 -0.244
0.539 -0.856 0.152 -4.458 -0.885 -0.046
0.546 -0.852 0.167 -4.305 -1.023 0.015
0.539 -0.858 0.169 -4.427 -0.992 -0.489
0.534 -0.857 0.169 -4.504 -1.344 -0.687
0.542 -0.855 0.17 -4.427 -1.267 -0.794
0.538 -0.853 0.174 -4.656 -1.328 -0.626
0.544 -0.856 0.165 -4.702 -1.237 -0.565
0.539 -0.856 0.169 -4.809 -1.237 -0.473
0.537 -0.85 0.16 -4.275 -1.237 -0.763
0.532 -0.849 0.168 -4.168 -2.519 -0.046
0.54 -0.854 0.168 -4.366 -0.779 -0.55
0.536 -0.852 0.172 -5.267 -0.534 -0.977
0.537 -0.848 0.162 -4.763 -1.344 -0.718
0.534 -0.852 0.176 -4.214 -1.832 -0.061
0.544 -0.861 0.158 -4.443 -1.817 -0.473
0.546 -0.86 0.174 -4.794 -0.931 -0.885
0.537 -0.854 0.158 -4.733 -0.931 -0.656
0.534 -0.856 0.168 -4.183 -1.282 -0.107
0.54 -0.857 0.171 -4.397 -0.87 -0.183
0.536 -0.855 0.159 -4.931 -0.458 -0.504
0.534 -0.857 0.165 -4.427 -0.885 -0.55
0.539 -0.856 0.165 -4.076 -1.695 -0.58
0.543 -0.857 0.169 -4.656 -1.511 -0.656
0.531 -0.862 0.157 -5.084 -0.947 -1.13
0.536 -0.853 0.167 -4.58 -1.42 -0.84
0.531 -0.852 0.163 -4.412 -1.466 -0.611
0.537 -0.859 0.162 -4.397 -1.282 -0.214
0.538 -0.859 0.166 -4.763 -0.855 -0.244
0.542 -0.864 0.164 -4.595 -0.962 -0.641
0.541 -0.854 0.169 -4.214 -0.947 -0.412
0.538 -0.854 0.16 -4.672 -0.779 -0.29
0.544 -0.856 0.161 -4.656 -0.611 -0.412
0.537 -0.852 0.168 -4.305 -1.527 -0.412
0.535 -0.852 0.163 -4.977 -1.45 -1.099
0.533 -0.844 0.177 -4.55 -1.42 -0.916
0.542 -0.856 0.159 -4.321 -1.618 -0.458
0.538 -0.851 0.17 -4.611 -1.389 -0.29
0.548 -0.861 0.159 -4.626 -0.672 -0.382
0.541 -0.856 0.163 -4.641 -0.916 0.0
0.538 -0.854 0.171 -4.458 -0.901 -0.366
0.539 -0.857 0.171 -4.534 -0.992 -0.672
0.54 -0.852 0.164 -4.504 -1.389 -0.824
0.541 -0.853 0.173 -4.733 -1.206 -0.718
0.538 -0.858 0.178 -4.55 -1.466 -0.718
0.535 -0.859 0.159 -4.641 -1.328 -0.534
0.535 -0.858 0.17 -4.733 -1.298 -0.656
0.539 -0.857 0.172 -4.504 -1.115 -0.519
0.541 -0.854 0.168 -4.382 -1.298 -0.565
0.538 -0.852 0.172 -4.321 -0.672 -0.26
0.537 -0.856 0.167 -4.473 -0.87 -0.076
0.539 -0.859 0.159 -4.595 -1.099 -0.351
0.536 -0.855 0.17 -4.58 -1.16 -0.794
0.535 -0.862 0.167 -4.702 -1.389 -1.053
0.539 -0.856 0.171 -4.748 -1.725 -0.84
0.536 -0.857 0.17 -4.443 -1.634 -0.55
0.545 -0.853 0.163 -4.702 -1.221 -0.244
0.54 -0.854 0.171 -4.458 -0.794 -0.275
0.54 -0.859 0.167 -4.504 -0.718 -0.26
0.534 -0.855 0.163 -4.58 -0.656 -0.26
0.538 -0.857 0.171 -4.565 -1.099 -0.366
0.54 -0.857 0.171 -4.824 -1.252 -0.733
0.533 -0.861 0.169 -4.58 -1.481 -0.962
0.538 -0.852 0.169 -4.58 -1.282 -0.947
0.538 -0.853 0.166 -4.626 -1.13 -0.748
0.539 -0.857 0.167 -4.489 -1.176 -0.443
0.549 -0.858 0.174 -4.534 -1.13 -0.168
0.537 -0.854 0.165 -4.534 -1.038 -0.382
0.541 -0.86 0.168 -4.382 -0.977 -0.275
0.538 -0.852 0.164 -4.611 -1.099 -0.687
0.537 -0.857 0.169 -4.55 -1.069 -0.626
0.538 -0.856 0.169 -4.504 -1.237 -0.061
0.542 -0.857 0.164 -4.641 -1.237 -0.229
0.54 -0.859 0.168 -4.763 -0.931 -0.855
0.541 -0.858 0.163 -4.443 -1.282 -1.053
0.539 -0.856 0.173 -4.55 -1.344 -0.672
0.544 -0.856 0.167 -4.382 -1.267 -0.427
0.54 -0.861 0.169 -4.641 -1.069 -0.366
0.538 -0.854 0.162 -4.565 -1.176 -0.58
0.538 -0.857 0.16 -4.595 -1.344 -0.748
0.541 -0.854 0.169 -4.504 -1.191 -0.656
0.543 -0.855 0.164 -4.626 -1.405 -0.214
0.542 -0.859 0.168 -4.336 -1.405 -0.168
0.537 -0.853 0.168 -4.397 -1.511 0.0
0.534 -0.85 0.166 -4.046 -1.084 -0.382
0.541 -0.862 0.169 -5.145 -0.244 -0.992
0.544 -0.862 0.166 -4.916 -0.672 -0.855
0.538 -0.846 0.165 -4.321 -2.168 -0.321
0.537 -0.86 0.163 -4.107 -1.985 -0.702
0.534 -0.85 0.161 -5.038 -1.282 -1.496
0.542 -0.851 0.162 -4.916 -0.718 -0.779
0.539 -0.854 0.164 -4.489 -0.931 0.305
0.541 -0.862 0.16 -4.397 -0.855 0.092
0.537 -0.857 0.171 -4.458 -0.763 -0.321
0.534 -0.858 0.165 -4.611 -0.885 -0.656
0.538 -0.853 0.164 -4.031 -1.817 -0.626
0.535 -0.848 0.165 -4.504 -1.649 -0.916
0.535 -0.853 0.171 -4.977 -0.84 -0.855
0.533 -0.859 0.169 -4.763 -0.855 -0.336
0.54 -0.864 0.163 -4.718 -1.115 -0.122
0.531 -0.859 0.167 -4.443 -1.557 -0.504
0.542 -0.858 0.16 -4.366 -1.252 -1.053
0.533 -0.857 0.167 -4.489 -1.206 -0.901
0.538 -0.852 0.16 -4.29 -1.145 -0.519
0.541 -0.857 0.163 -4.473 -0.779 -0.046
0.539 -0.856 0.161 -4.656 -0.794 -0.443
0.538 -0.858 0.164 -4.641 -1.237 -0.718
0.545 -0.857 0.165 -4.366 -1.634 -0.992
0.542 -0.854 0.162 -4.427 -1.664 -0.763
0.538 -0.848 0.174 -4.779 -1.008 -0.412
0.549 -0.866 0.165 -4.122 -0.29 -0.092
0.539 -0.859 0.176 -4.473 -0.626 -0.244
0.546 -0.869 0.171 -4.763 -0.244 -0.947
0.539 -0.844 0.173 -4.595 -1.344 -0.504
0.538 -0.851 0.168 -4.076 -1.985 -0.229
0.538 -0.852 0.165 -4.763 -1.863 -0.824
0.539 -0.853 0.163 -4.977 -0.901 -1.374
0.539 -0.86 0.165 -4.489 -1.191 -0.382
0.536 -0.862 0.167 -4.443 -0.977 0.183
0.538 -0.855 0.169 -4.519 -1.008 -0.214
0.532 -0.857 0.165 -4.809 -1.13 -1.206
0.539 -0.852 0.167 -4.122 -1.588 -1.206
0.539 -0.853 0.159 -4.076 -1.725 -0.458
0.546 -0.857 0.156 -4.718 -1.008 -0.214
0.54 -0.858 0.17 -4.901 -0.504 -0.198
0.535 -0.86 0.159 -4.687 -1.008 -0.382
0.538 -0.858 0.165 -4.244 -1.359 -0.412
0.536 -0.854 0.171 -4.229 -1.771 -0.565
0.538 -0.853 0.163 -4.504 -1.298 -0.947
0.541 -0.858 0.161 -4.611 -1.038 -0.626
0.544 -0.85 0.168 -4.824 -0.901 -0.26
0.54 -0.857 0.165 -4.916 -0.916 -0.275
0.538 -0.855 0.164 -4.504 -1.466 -0.229
0.534 -0.855 0.164 -4.351 -1.313 -1.237
0.533 -0.852 0.165 -4.153 -2.183 -0.702
0.542 -0.85 0.174 -4.382 -1.084 -0.656
0.545 -0.844 0.169 -5.191 -0.611 -0.763
0.534 -0.851 0.178 -4.687 -1.053 -0.214
0.538 -0.856 0.163 -4.366 -1.511 -0.061
0.537 -0.853 0.166 -4.534 -1.466 -0.519
0.543 -0.86 0.162 -4.534 -1.435 -0.809
0.542 -0.851 0.164 -4.29 -1.16 -0.611
0.54 -0.853 0.176 -4.29 -0.916 -0.305
0.539 -0.858 0.169 -4.489 -0.611 -0.092
0.536 -0.853 0.171 -4.916 -0.565 -0.305
0.543 -0.854 0.176 -4.443 -1.481 -0.718
0.538 -0.856 0.165 -4.107 -2.061 -1.099
0.542 -0.854 0.168 -4.168 -1.71 -1.16
0.55 -0.858 0.156 -4.656 -0.916 -0.718
0.538 -0.853 0.167 -4.855 -0.656 0.076
0.543 -0.864 0.163 -4.595 -0.641 0.29
0.531 -0.867 0.163 -4.504 -0.931 -0.229
0.535 -0.858 0.169 -4.534 -1.359 -1.13
0.544 -0.86 0.164 -4.336 -1.481 -1.053
0.538 -0.859 0.166 -4.412 -1.267 -0.26
0.535 -0.852 0.168 -5.084 -1.038 0.214
0.538 -0.856 0.176 -4.58 -0.611 -0.29
0.529 -0.856 0.174 -4.794 -0.779 -0.656
0.536 -0.858 0.178 -4.626 -1.45 -0.336
0.539 -0.859 0.165 -4.748 -1.145 -0.702
0.534 -0.854 0.172 -4.931 -0.855 -1.191
0.539 -0.854 0.167 -4.885 -0.595 -1.145
0.54 -0.854 0.167 -5.099 -0.336 -0.626
0.541 -0.846 0.172 -5.053 -0.84 -0.733
0.552 -0.863 0.17 -4.916 -1.405 -1.053
0.536 -0.85 0.172 -4.275 -2.29 -0.137
0.543 -0.863 0.159 -4.137 -2.244 -0.366
0.543 -0.855 0.163 -4.779 -1.267 -1.115
0.546 -0.859 0.155 -4.641 -0.641 -1.099
0.541 -0.854 0.166 -5.038 -0.916 -0.366
0.537 -0.852 0.162 -4.519 -1.374 -0.443
0.537 -0.846 0.166 -4.519 -1.802 -1.466
0.537 -0.848 0.162 -4.229 -1.756 -1.267
0.548 -0.857 0.167 -4.504 -1.023 -0.168
0.541 -0.854 0.164 -4.443 -0.321 0.794
0.543 -0.859 0.171 -4.366 0.122 1.221
0.535 -0.857 0.167 -4.519 -0.351 0.397
0.534 -0.851 0.167 -4.031 -1.313 0.122
0.534 -0.858 0.171 -3.725 -2.58 -0.015
0.535 -0.86 0.155 -4.153 -1.954 -1.267
0.535 -0.857 0.161 -4.733 -0.794 -1.649
0.543 -0.856 0.171 -4.901 -0.153 -0.427
0.539 -0.86 0.173 -4.794 -0.473 0.198
0.535 -0.859 0.171 -4.641 -1.176 -0.519
0.537 -0.856 0.174 -4.244 -1.939 -1.145
0.535 -0.85 0.17 -4.198 -1.832 -1.115
0.543 -0.86 0.168 -4.748 -1.298 -0.87
0.546 -0.858 0.166 -4.885 -0.504 -0.687
0.544 -0.857 0.164 -4.992 -0.672 -0.015
0.539 -0.857 0.163 -4.611 -1.496 -0.473
0.539 -0.855 0.167 -4.641 -2.168 -2.031
0.538 -0.854 0.16 -4.382 -2.382 -2.412