0.532 -0.858 0.166 -4.656 -1.145 -0.55
0.534 -0.852 0.169 -4.443 -1.405 -0.763
0.539 -0.855 0.166 -4.366 -1.603 -0.901
0.534 -0.858 0.164 -4.687 -1.145 -0.748
0.538 -0.861 0.169 -4.504 -0.748 -0.275
0.533 -0.869 0.161 -4.458 -0.916 -0.29
0.534 -0.862 0.169 -4.641 -0.885 -0.473
0.533 -0.863 0.167 -4.641 -1.313 -0.824
0.535 -0.857 0.17 -4.687 -1.542 -1.13
0.536 -0.853 0.169 -4.733 -1.389 -1.023
0.541 -0.859 0.167 -4.565 -1.267 -0.305
0.537 -0.859 0.167 -4.702 -0.855 0.076
0.537 -0.857 0.167 -4.443 -0.718 0.107
0.534 -0.858 0.17 -4.321 -0.672 -0.366
0.533 -0.863 0.158 -4.214 -1.023 -0.382
0.528 -0.856 0.161 -4.29 -1.145 -0.534
0.537 -0.861 0.173 -4.733 -0.855 -1.008
0.534 -0.86 0.167 -4.718 -1.252 -0.58
0.526 -0.855 0.171 -4.519 -1.481 -0.244
0.534 -0.863 0.165 -4.733 -1.344 -0.595
0.528 -0.854 0.166 -4.458 -1.389 -1.038
0.537 -0.858 0.172 -4.489 -1.191 -0.992
0.537 -0.859 0.165 -4.443 -1.16 -0.29
0.53 -0.855 0.181 -4.565 -0.901 0.015
0.534 -0.866 0.166 -4.733 -0.748 -0.183
0.537 -0.858 0.167 -4.702 -1.099 -1.008
0.528 -0.854 0.176 -4.58 -1.557 -1.038
0.529 -0.864 0.167 -4.412 -1.649 -0.58
0.531 -0.86 0.174 -4.519 -1.099 -0.611
0.531 -0.854 0.171 -4.534 -0.962 -0.443
0.539 -0.853 0.175 -4.55 -0.87 -0.29
0.535 -0.852 0.154 -4.26 -0.885 0.015
0.533 -0.854 0.161 -4.382 -0.84 -0.412
0.533 -0.86 0.162 -4.595 -1.328 -0.809
0.53 -0.859 0.171 -4.458 -1.664 -0.885
0.533 -0.857 0.168 -4.519 -1.435 -0.519
0.534 -0.864 0.171 -4.641 -1.221 -0.366
0.523 -0.86 0.176 -4.595 -1.176 -0.55
0.527 -0.863 0.165 -4.443 -0.977 -0.534
0.532 -0.86 0.176 -4.443 -1.176 -0.702
0.531 -0.856 0.166 -4.473 -1.084 -0.397
0.527 -0.852 0.173 -4.458 -1.344 0.107
0.53 -0.851 0.17 -4.718 -1.038 -0.519
0.535 -0.856 0.173 -4.58 -0.962 -0.992
0.531 -0.859 0.172 -4.351 -1.435 -0.489
0.532 -0.862 0.17 -4.473 -1.42 -0.473
0.533 -0.861 0.162 -4.595 -1.313 -0.794
0.535 -0.86 0.173 -4.504 -1.145 -0.489
0.534 -0.866 0.171 -4.382 -1.008 0.046
0.536 -0.858 0.17 -4.519 -0.824 -0.137
0.528 -0.858 0.167 -4.702 -1.053 -0.351
0.534 -0.858 0.173 -4.626 -1.328 -0.794
0.532 -0.862 0.175 -4.473 -1.573 -1.069
0.53 -0.855 0.163 -4.55 -1.557 -0.702
0.54 -0.854 0.175 -4.885 -1.206 -0.855
0.531 -0.863 0.171 -4.58 -1.13 -0.55
0.534 -0.863 0.174 -4.397 -1.084 -0.122
0.529 -0.866 0.174 -4.443 -0.992 -0.092
0.542 -0.853 0.174 -4.397 -1.191 -0.412
0.535 -0.857 0.161 -4.565 -1.099 -0.626
0.532 -0.861 0.165 -4.565 -1.038 -0.458
0.531 -0.858 0.171 -4.641 -1.176 -0.351
0.532 -0.858 0.16 -4.58 -1.053 -0.58
0.54 -0.859 0.17 -4.748 -1.328 -0.901
0.534 -0.86 0.167 -4.565 -1.221 -0.809
0.531 -0.854 0.161 -4.489 -1.344 -0.687
0.534 -0.856 0.168 -4.595 -1.252 -0.321
0.534 -0.854 0.167 -4.641 -0.931 -0.29
0.532 -0.858 0.171 -4.504 -0.992 -0.137
0.529 -0.859 0.167 -4.473 -1.038 -0.458
0.529 -0.855 0.163 -4.489 -1.237 -0.733
0.538 -0.854 0.163 -4.565 -1.481 -0.824
0.531 -0.853 0.165 -4.595 -1.298 -0.763
0.539 -0.855 0.17 -4.412 -1.313 -0.473
0.538 -0.853 0.165 -4.565 -1.176 -0.137
0.532 -0.865 0.17 -4.382 -1.038 -0.366
0.532 -0.857 0.168 -4.595 -0.855 -0.473
0.529 -0.862 0.173 -4.565 -0.916 -0.641
0.528 -0.856 0.164 -4.473 -1.252 -0.641
0.531 -0.859 0.162 -4.641 -1.328 -0.702
0.538 -0.864 0.164 -4.611 -1.282 -0.611
0.529 -0.863 0.164 -4.519 -1.328 -0.687
0.528 -0.863 0.169 -4.656 -1.313 -0.55
0.538 -0.863 0.163 -4.397 -1.16 -0.595
0.535 -0.859 0.17 -4.595 -0.901 -0.366
0.533 -0.854 0.169 -4.718 -0.58 -0.137
0.539 -0.859 0.169 -4.168 -1.13 0.015
0.533 -0.851 0.158 -4.977 -1.069 -0.718
0.537 -0.854 0.164 -4.901 -1.069 -1.191
0.537 -0.86 0.168 -4.504 -1.756 -0.489
0.53 -0.862 0.156 -4.275 -2.046 -0.58
0.54 -0.857 0.173 -4.824 -0.84 -0.931
0.537 -0.86 0.167 -4.656 -0.718 -0.611
0.535 -0.86 0.169 -4.305 -0.855 0.198
0.536 -0.859 0.171 -4.198 -0.779 0.076
0.534 -0.859 0.172 -4.382 -0.824 -0.076
0.529 -0.855 0.167 -4.656 -0.855 -0.397
0.536 -0.854 0.173 -4.412 -1.557 -0.824
0.536 -0.854 0.173 -4.626 -1.511 -1.084
0.538 -0.855 0.163 -4.916 -1.267 -1.252
0.533 -0.857 0.174 -4.794 -1.313 -0.794
0.531 -0.859 0.172 -4.519 -1.466 -0.427
0.527 -0.856 0.172 -4.473 -1.344 -0.534
0.534 -0.866 0.168 -4.58 -0.992 -0.534
0.534 -0.854 0.172 -4.351 -0.824 -0.412
0.534 -0.863 0.174 -4.351 -0.87 -0.183
0.535 -0.859 0.175 -4.626 -0.87 -0.336
0.534 -0.857 0.164 -4.687 -0.977 -0.595
0.53 -0.865 0.172 -4.382 -1.359 -0.626
0.531 -0.858 0.156 -4.397 -1.725 -0.733
0.535 -0.86 0.153 -4.351 -1.237 -0.779
0.537 -0.849 0.166 -4.687 -0.962 -0.473
0.533 -0.863 0.165 -4.626 -1.008 -0.244
0.526 -0.859 0.172 -4.519 -1.053 -0.061
0.537 -0.865 0.171 -4.641 -1.053 -0.366
0.529 -0.86 0.162 -4.595 -1.328 -0.611
0.531 -0.857 0.167 -4.366 -1.42 -0.779
0.53 -0.86 0.166 -4.504 -1.389 -0.992
0.538 -0.858 0.17 -4.718 -1.084 -0.901
0.535 -0.86 0.166 -4.519 -0.977 -0.611
0.535 -0.86 0.174 -4.55 -1.16 -0.489
0.536 -0.857 0.172 -4.504 -1.176 -0.321
0.536 -0.855 0.167 -4.397 -1.008 -0.489
0.538 -0.857 0.173 -4.519 -1.069 -0.595
0.535 -0.855 0.172 -4.366 -1.053 -0.321
0.539 -0.856 0.169 -4.427 -0.947 -0.382
0.534 -0.86 0.162 -4.626 -1.099 -0.427
0.535 -0.858 0.179 -4.656 -1.176 -0.702
0.535 -0.86 0.175 -4.504 -1.389 -0.611
0.533 -0.862 0.171 -4.321 -1.496 -0.824
0.531 -0.858 0.166 -4.718 -1.145 -0.656
0.54 -0.862 0.174 -4.641 -0.855 -0.656
0.536 -0.858 0.174 -4.809 -0.885 -0.565
0.534 -0.861 0.177 -4.611 -1.237 -0.351
0.538 -0.859 0.168 -4.397 -1.344 -0.534
0.534 -0.859 0.166 -4.504 -1.038 -1.053
0.528 -0.86 0.169 -4.855 -0.855 -1.099
0.535 -0.853 0.166 -4.382 -1.359 -0.443
0.536 -0.858 0.163 -4.168 -1.252 0.168
0.529 -0.85 0.166 -4.672 -0.901 -0.351
0.532 -0.863 0.166 -4.687 -0.87 -0.626
0.533 -0.857 0.17 -4.534 -1.176 -0.504
0.532 -0.863 0.17 -4.244 -1.16 -0.427
0.533 -0.861 0.16 -4.55 -1.038 -0.885
0.532 -0.854 0.17 -4.733 -1.298 -0.901
0.536 -0.859 0.171 -4.519 -1.389 -0.718
0.539 -0.86 0.17 -4.58 -1.496 -0.55
0.537 -0.861 0.175 -4.733 -1.16 -1.023
0.535 -0.862 0.173 -4.718 -1.13 -0.84
0.531 -0.861 0.17 -4.397 -1.115 -0.198
0.536 -0.858 0.178 -4.382 -0.962 -0.046
0.533 -0.857 0.164 -4.534 -0.916 -0.382
0.53 -0.856 0.172 -4.504 -1.023 -0.794
0.537 -0.859 0.176 -4.489 -1.374 -0.687
0.53 -0.854 0.173 -4.458 -1.252 -0.443
0.531 -0.86 0.171 -4.748 -1.298 -0.321
0.531 -0.859 0.167 -4.443 -1.313 -0.656
0.532 -0.856 0.173 -4.397 -1.145 -0.824
0.534 -0.857 0.175 -4.458 -1.084 -0.718
0.531 -0.853 0.165 -4.641 -1.191 -0.504
0.535 -0.86 0.159 -4.443 -1.298 -0.382
0.535 -0.86 0.173 -4.473 -1.252 -0.458
0.537 -0.856 0.171 -4.672 -1.13 -0.565
0.532 -0.856 0.165 -4.718 -1.252 -0.55
0.531 -0.853 0.173 -4.504 -1.298 -0.412
0.54 -0.86 0.161 -4.443 -1.206 -0.55
0.536 -0.86 0.161 -4.29 -1.115 -0.595
0.531 -0.862 0.168 -4.519 -1.176 -0.718
0.54 -0.859 0.166 -4.672 -1.023 -0.809
0.531 -0.864 0.167 -4.473 -1.237 -0.656
0.533 -0.857 0.166 -4.351 -1.496 -0.534
0.534 -0.863 0.169 -4.473 -1.221 -0.427
0.531 -0.861 0.168 -4.443 -1.115 -0.336
0.533 -0.857 0.175 -4.458 -1.176 -0.366
0.53 -0.854 0.167 -4.672 -1.145 -0.55
0.531 -0.855 0.169 -4.611 -0.947 -0.489
0.538 -0.86 0.173 -4.611 -1.053 -0.244
0.532 -0.86 0.167 -4.595 -1.13 -0.412
0.533 -0.861 0.169 -4.672 -1.16 -0.824
0.534 -0.858 0.174 -4.595 -1.221 -0.885
0.532 -0.855 0.171 -4.55 -1.45 -0.595
0.54 -0.861 0.175 -4.58 -1.099 -1.053
0.538 -0.868 0.172 -3.969 -1.252 -0.214
0.536 -0.86 0.178 -4.855 -1.038 -0.779
0.534 -0.861 0.171 -5.069 -0.626 -1.099
0.532 -0.852 0.171 -4.0 -1.969 0.092
0.537 -0.858 0.168 -4.076 -1.634 0.137
0.532 -0.855 0.161 -4.901 -0.87 -0.809
0.539 -0.861 0.171 -5.069 -0.351 -0.916
0.533 -0.859 0.166 -4.504 -1.237 0.458
0.537 -0.862 0.166 -4.336 -1.145 -0.015
0.538 -0.862 0.163 -4.489 -0.977 -0.962
0.54 -0.863 0.177 -4.733 -1.13 -1.267
0.53 -0.856 0.171 -4.366 -1.786 -0.718
0.534 -0.859 0.172 -4.397 -1.679 -0.412
0.534 -0.859 0.173 -4.931 -0.733 -0.611
0.533 -0.856 0.167 -4.702 -0.962 -0.473
0.532 -0.861 0.167 -4.397 -1.053 -0.305
0.531 -0.856 0.158 -4.305 -1.038 -0.336
0.533 -0.856 0.164 -4.489 -1.191 -0.443
0.534 -0.861 0.165 -4.519 -1.252 -0.901
0.53 -0.856 0.166 -4.382 -1.313 -0.779
0.533 -0.858 0.17 -4.626 -1.176 -0.305
0.533 -0.857 0.174 -4.779 -0.992 -0.29
0.534 -0.858 0.164 -4.443 -1.069 -0.275
0.535 -0.86 0.171 -4.427 -1.328 -0.504
0.531 -0.86 0.163 -4.214 -1.099 -0.565
0.534 -0.85 0.166 -4.565 -0.962 -0.595
0.524 -0.856 0.164 -4.58 -0.901 -0.244
0.535 -0.86 0.175 -4.626 -1.13 -0.382
0.524 -0.856 0.165 -4.84 -1.634 -0.382
0.528 -0.862 0.165 -4.122 -1.802 -0.321
0.541 -0.861 0.166 -4.565 -1.13 -1.206
0.537 -0.861 0.164 -4.656 -0.824 -1.405
0.534 -0.863 0.172 -4.321 -1.344 -0.336
0.539 -0.863 0.168 -3.893 -1.328 0.244
0.539 -0.855 0.166 -4.779 -0.824 -0.611
0.522 -0.85 0.181 -4.931 -0.641 -0.885
0.537 -0.861 0.166 -4.458 -1.206 -0.458
0.533 -0.86 0.167 -4.397 -1.435 -0.427
0.533 -0.857 0.163 -4.244 -1.252 -0.763
0.537 -0.857 0.167 -4.489 -0.962 -0.58
0.535 -0.863 0.172 -4.321 -1.16 0.015
0.533 -0.864 0.165 -4.366 -1.16 -0.26
0.529 -0.859 0.168 -4.733 -1.16 -0.748
0.53 -0.861 0.165 -4.55 -1.145 -0.947
0.537 -0.857 0.164 -4.565 -1.389 -0.55
0.532 -0.856 0.162 -4.427 -1.481 -0.565
0.532 -0.854 0.18 -4.58 -1.252 -0.779
0.537 -0.86 0.163 -4.626 -1.237 -0.809
0.535 -0.858 0.16 -4.382 -1.191 -0.305
0.541 -0.861 0.169 -4.626 -0.931 -0.214
0.544 -0.861 0.167 -4.672 -0.824 -0.107
0.53 -0.863 0.172 -4.58 -1.053 -0.412
0.531 -0.857 0.171 -4.397 -1.023 -0.26
0.535 -0.856 0.169 -4.458 -1.16 -0.458
0.537 -0.848 0.172 -4.611 -0.977 -0.702
0.523 -0.863 0.177 -4.55 -1.328 -0.718
0.535 -0.862 0.167 -4.565 -1.511 -0.641
0.53 -0.857 0.171 -4.611 -1.298 -0.748
0.538 -0.862 0.167 -4.748 -1.099 -0.748
0.527 -0.86 0.17 -4.519 -1.42 -0.412
0.537 -0.858 0.167 -4.29 -1.206 -0.305
0.531 -0.862 0.166 -4.519 -1.053 -0.443
0.535 -0.86 0.172 -4.611 -0.794 -0.321
0.535 -0.862 0.165 -4.641 -0.947 -0.672
0.532 -0.852 0.169 -4.55 -1.344 -0.595
0.532 -0.854 0.175 -4.336 -1.466 -0.733
0.534 -0.859 0.162 -4.565 -1.359 -0.779
0.54 -0.856 0.164 -4.55 -1.389 -0.672
0.536 -0.858 0.165 -4.489 -1.191 -0.504
0.538 -0.862 0.164 -4.672 -1.023 -0.26
0.53 -0.858 0.163 -4.656 -0.855 -0.26
0.532 -0.858 0.169 -4.656 -0.931 -0.336
0.535 -0.859 0.163 -4.58 -1.16 -0.443
0.534 -0.856 0.171 -4.427 -1.359 -0.779
0.533 -0.857 0.172 -4.611 -1.313 -0.702
0.53 -0.867 0.167 -4.55 -1.298 -0.672
0.532 -0.859 0.161 -4.595 -1.237 -0.565
0.534 -0.861 0.166 -4.626 -1.099 -0.427
0.533 -0.855 0.172 -4.565 -1.115 -0.565
0.533 -0.856 0.169 -4.397 -1.115 -0.702
0.533 -0.857 0.165 -4.321 -1.008 -0.534
0.542 -0.859 0.166 -4.351 -1.053 -0.55
0.531 -0.853 0.167 -4.687 -1.191 -0.229
0.533 -0.853 0.166 -4.489 -1.206 -0.046
0.529 -0.86 0.169 -4.748 -0.84 -0.87
0.536 -0.855 0.159 -4.565 -1.115 -0.84
0.535 -0.859 0.169 -4.443 -1.557 -0.366
0.535 -0.861 0.161 -4.366 -1.099 -0.718
0.534 -0.861 0.174 -4.779 -1.084 -0.901
0.536 -0.854 0.164 -4.687 -1.099 -0.489
0.531 -0.851 0.164 -4.489 -1.16 -0.305
0.539 -0.86 0.163 -4.473 -1.191 -0.58
0.535 -0.859 0.169 -4.412 -1.099 -0.611
0.53 -0.858 0.164 -4.702 -1.267 -0.58
0.539 -0.863 0.172 -4.473 -1.13 -0.534
0.538 -0.858 0.161 -4.733 -1.191 -0.366
0.534 -0.853 0.171 -4.687 -0.931 -0.534
0.539 -0.861 0.18 -4.641 -1.008 -0.611
0.534 -0.859 0.166 -4.595 -1.069 -0.458
0.538 -0.863 0.17 -4.412 -1.252 -0.519
0.525 -0.854 0.174 -4.443 -1.42 -0.519
0.533 -0.856 0.172 -4.641 -1.237 -0.672
0.536 -0.858 0.17 -4.489 -1.252 -0.55
0.534 -0.862 0.163 -4.58 -1.13 -0.366
0.535 -0.86 0.164 -4.565 -1.252 -0.626
0.538 -0.863 0.162 -4.458 -0.885 -1.023
0.534 -0.853 0.165 -4.397 -1.313 -0.595
0.534 -0.855 0.163 -4.489 -1.237 -0.351
0.536 -0.854 0.169 -4.763 -0.87 -0.489
0.537 -0.863 0.166 -4.611 -1.099 -0.519
0.537 -0.853 0.174 -4.473 -1.221 -0.534
0.537 -0.859 0.169 -4.473 -1.099 -0.519
0.536 -0.857 0.17 -4.718 -1.115 -0.473
0.535 -0.861 0.163 -4.473 -1.282 -0.412
0.527 -0.855 0.169 -4.397 -1.374 -0.611
0.54 -0.854 0.164 -4.412 -0.84 -0.534
0.539 -0.855 0.169 -4.687 -1.008 -0.229
0.53 -0.858 0.162 -4.55 -1.008 -0.29
0.537 -0.862 0.178 -4.595 -1.206 -0.733
0.53 -0.857 0.167 -4.641 -1.328 -0.977
0.536 -0.853 0.162 -4.58 -1.527 -0.763
0.535 -0.853 0.167 -4.351 -1.527 -0.443
0.533 -0.859 0.169 -4.55 -1.176 -0.672
0.531 -0.858 0.166 -4.702 -0.702 -0.794
0.537 -0.854 0.171 -4.55 -0.916 -0.153
0.535 -0.859 0.165 -4.183 -1.252 -0.046
0.531 -0.861 0.168 -4.427 -0.901 -0.366
0.533 -0.86 0.164 -4.656 -1.023 -0.58
0.528 -0.858 0.164 -4.58 -1.176 -0.611
0.537 -0.856 0.165 -4.55 -1.328 -0.458
0.536 -0.864 0.168 -4.565 -1.313 -0.58
0.536 -0.859 0.165 -4.718 -0.901 -0.641
0.537 -0.858 0.169 -4.473 -0.855 -0.489
0.531 -0.861 0.167 -4.214 -1.16 -0.366
0.536 -0.858 0.166 -4.443 -1.176 -0.55
0.539 -0.86 0.169 -4.733 -1.038 -0.733
0.528 -0.854 0.169 -4.779 -1.344 -0.58
0.534 -0.86 0.167 -4.489 -1.282 -0.29
0.534 -0.864 0.167 -4.702 -1.221 -0.504
0.53 -0.864 0.16 -4.656 -1.084 -0.779
0.541 -0.861 0.175 -4.412 -0.992 -0.504
0.538 -0.863 0.17 -4.412 -1.16 -0.366
0.531 -0.865 0.172 -4.473 -0.885 -0.473
0.538 -0.854 0.17 -4.809 -0.885 -0.595
0.531 -0.855 0.172 -4.504 -1.313 -0.702
0.533 -0.863 0.165 -4.489 -1.42 -0.382
0.535 -0.862 0.172 -4.473 -1.191 -0.305
0.536 -0.859 0.167 -4.55 -0.84 -0.595
0.537 -0.855 0.172 -4.412 -1.038 -0.534
0.535 -0.856 0.162 -4.443 -1.298 -0.366
0.534 -0.857 0.164 -4.565 -1.145 -0.351
0.539 -0.863 0.168 -4.656 -1.145 -0.443
0.528 -0.856 0.166 -4.305 -1.573 -0.473
0.53 -0.859 0.169 -4.733 -0.916 -1.145
0.539 -0.859 0.169 -4.397 -1.176 -0.473
0.538 -0.864 0.164 -4.412 -1.359 0.031
0.535 -0.862 0.17 -4.55 -1.023 -0.504
0.535 -0.862 0.17 -4.656 -0.931 -0.901
0.534 -0.858 0.172 -4.336 -1.237 -0.473
0.537 -0.858 0.175 -4.534 -1.359 -0.031
0.541 -0.858 0.167 -4.718 -0.962 -0.687
0.532 -0.858 0.163 -4.626 -1.328 -0.916
0.538 -0.853 0.171 -4.55 -1.542 -0.534
0.538 -0.854 0.164 -4.412 -1.328 -0.351
0.539 -0.859 0.167 -4.626 -1.069 -0.672
0.539 -0.851 0.165 -4.672 -1.099 -0.748
0.538 -0.858 0.172 -4.275 -1.16 -0.107
0.538 -0.858 0.157 -4.473 -1.053 -0.198
0.533 -0.857 0.166 -4.58 -0.779 -0.672
0.534 -0.855 0.169 -4.656 -1.038 -0.763
0.537 -0.857 0.174 -4.443 -1.405 -0.611
0.53 -0.86 0.166 -4.534 -1.16 -0.321
0.533 -0.864 0.165 -4.855 -1.282 -0.656
0.538 -0.863 0.163 -4.489 -1.237 -0.855
0.534 -0.86 0.173 -4.534 -1.344 -0.763
0.535 -0.856 0.174 -4.427 -1.16 -0.626
0.528 -0.854 0.17 -4.427 -1.618 0.031
0.534 -0.863 0.16 -4.275 -1.115 -0.473
0.541 -0.859 0.164 -4.779 -0.931 -0.885
0.53 -0.855 0.171 -4.611 -1.16 -0.489
0.531 -0.856 0.168 -4.397 -1.466 -0.031
0.537 -0.865 0.168 -4.458 -1.237 -0.473
0.527 -0.854 0.169 -4.748 -0.855 -0.733
0.532 -0.857 0.168 -4.489 -1.13 -0.565
0.53 -0.859 0.168 -4.382 -1.359 -0.366
0.537 -0.858 0.166 -4.58 -1.069 -0.489
0.538 -0.86 0.172 -4.733 -1.13 -0.626
0.534 -0.862 0.166 -4.443 -1.16 -0.489
0.539 -0.859 0.165 -4.198 -1.328 -0.397
0.534 -0.86 0.167 -4.458 -1.191 -0.595
0.531 -0.861 0.17 -4.779 -0.977 -0.58
0.533 -0.861 0.17 -4.534 -1.237 -0.366
0.53 -0.862 0.164 -4.534 -1.145 -0.565
0.53 -0.86 0.164 -4.779 -1.038 -0.87
0.537 -0.863 0.167 -4.718 -1.099 -0.641
0.536 -0.859 0.169 -4.443 -1.176 -0.641
0.534 -0.861 0.163 -4.595 -1.282 -0.672
0.535 -0.858 0.16 -4.84 -1.313 -0.931
0.535 -0.854 0.168 -4.504 -1.481 -0.565
0.535 -0.854 0.169 -4.244 -1.267 -0.214
0.535 -0.857 0.159 -4.595 -0.809 -0.244
0.532 -0.853 0.166 -4.565 -0.656 -0.336
0.532 -0.856 0.172 -4.321 -0.962 0.214
0.54 -0.859 0.177 -4.473 -1.008 -0.107
0.532 -0.862 0.166 -4.687 -1.496 -0.595
0.531 -0.856 0.155 -4.092 -1.679 -0.443
0.543 -0.873 0.178 -5.344 -0.87 -1.359
0.542 -0.872 0.178 -4.55 -1.45 -1.069
0.533 -0.849 0.161 -4.626 -2.198 -0.382
0.533 -0.86 0.169 -3.908 -1.725 -0.733
0.533 -0.856 0.169 -4.977 -0.809 -1.267
0.543 -0.857 0.17 -4.519 -0.305 0.0
0.535 -0.859 0.167 -4.336 -0.931 0.87
0.526 -0.859 0.174 -4.275 -0.87 -0.122
0.529 -0.864 0.171 -4.565 -1.206 -1.206
0.536 -0.858 0.169 -5.053 -1.45 -1.588
0.539 -0.857 0.162 -4.336 -1.878 -0.794
0.537 -0.855 0.166 -4.672 -1.542 -0.397