0.214 -0.198 1.026 -4.29 -1.328 -1.832
0.21 -0.199 1.011 -4.55 -1.679 -1.893
0.205 -0.2 1.017 -4.885 -1.344 -1.527
0.208 -0.195 1.016 -5.176 -1.069 -0.947
0.205 -0.204 1.023 -5.053 -0.656 -0.244
0.204 -0.198 1.009 -5.115 -0.458 0.183
0.214 -0.201 1.003 -5.573 -0.427 -0.26
0.21 -0.198 1.006 -6.305 -1.557 -0.427
0.214 -0.203 1.008 -7.008 -2.84 -0.626
0.209 -0.198 1.021 -7.664 -3.603 -0.626
0.217 -0.201 1.035 -7.115 -3.42 -0.214
0.227 -0.205 1.052 -5.679 -1.985 -0.26
0.229 -0.205 1.049 -4.534 -1.603 -0.473
0.23 -0.205 1.044 -3.71 -1.145 -0.58
0.229 -0.216 1.039 -3.405 -1.206 -0.916
0.226 -0.205 1.03 -3.405 -0.626 -1.053
0.21 -0.202 1.012 -3.618 -0.351 -0.84
0.209 -0.198 1.015 -4.031 -0.84 -0.275
0.21 -0.193 1.014 -4.366 -1.069 0.275
0.215 -0.198 1.029 -5.206 -0.779 0.397
0.219 -0.206 1.027 -5.282 -0.351 0.305
0.221 -0.21 1.042 -5.038 -0.534 0.321
0.219 -0.212 1.038 -4.55 -0.58 0.29
0.217 -0.212 1.047 -3.71 -0.687 0.061
0.215 -0.214 1.038 -3.053 -0.427 0.061
0.214 -0.214 1.035 -2.58 -0.718 -0.076
0.21 -0.218 1.035 -2.702 -0.962 0.122
0.219 -0.224 1.031 -3.267 -0.748 0.427
0.226 -0.226 1.042 -3.344 0.733 0.382
0.222 -0.233 1.047 -2.977 1.42 0.962
0.227 -0.229 1.057 -2.214 2.718 0.626
0.222 -0.229 1.063 -1.069 2.519 1.023
0.212 -0.233 1.05 -0.092 1.634 1.115
0.22 -0.245 1.032 0.0 0.977 1.603
0.211 -0.253 1.034 -0.443 1.221 2.229
0.21 -0.271 1.042 -1.008 0.031 2.855
0.208 -0.291 1.054 -0.87 0.977 2.733
0.175 -0.323 1.085 0.534 0.779 3.511
0.174 -0.344 1.1 2.901 0.275 4.611
0.144 -0.359 1.11 6.427 -0.321 5.389
0.13 -0.368 1.106 10.137 -3.176 7.145
0.157 -0.374 1.089 14.015 -4.489 7.252
0.219 -0.391 1.074 16.626 -5.298 5.16
0.223 -0.386 1.061 18.26 -4.794 2.58
0.265 -0.401 1.044 19.023 -4.412 -0.168
0.321 -0.409 1.033 20.321 0.229 -6.29
0.253 -0.389 1.041 22.58 2.977 -10.168
0.172 -0.35 1.021 24.885 2.473 -8.366
0.108 -0.346 0.993 25.634 -1.511 -1.237
0.121 -0.381 0.943 28.779 -15.649 11.115
0.276 -0.321 0.954 25.481 5.939 6.611
0.243 -0.354 0.937 22.763 12.992 5.908
0.294 -0.353 0.93 19.206 17.832 3.389
0.26 -0.348 0.934 17.985 20.763 1.588
0.219 -0.312 0.938 13.282 17.298 0.382
0.191 -0.291 0.939 8.947 12.916 -1.069
0.187 -0.299 0.967 11.679 10.794 0.702
0.125 -0.266 0.969 9.618 3.969 3.115
0.144 -0.275 0.984 9.634 0.992 6.336
0.156 -0.289 0.991 9.771 -0.992 9.435
0.157 -0.26 0.988 9.878 -1.786 12.992
0.158 -0.249 0.971 10.107 -2.229 17.008
0.179 -0.206 0.934 5.42 -1.786 17.863
0.191 -0.186 0.931 4.489 -1.588 18.931
0.146 -0.138 0.943 0.626 -5.16 21.802
0.158 -0.125 0.969 -1.374 -8.061 24.901
0.186 -0.131 0.988 -2.305 -8.076 27.176
0.252 -0.127 0.995 -3.053 -6.351 27.313
0.231 -0.122 1.017 -3.557 -7.954 26.519
0.217 -0.113 1.015 -2.763 -12.626 27.023
0.235 -0.108 1.018 -2.0 -16.992 26.977
0.282 -0.116 1.002 -2.565 -18.321 25.359
0.301 -0.095 0.989 -2.015 -17.893 23.878
0.28 -0.046 0.993 -2.992 -18.183 22.29
0.309 -0.05 0.978 -4.29 -14.458 21.359
0.326 -0.054 1.007 -6.626 -9.817 18.733
0.408 -0.036 1.125 -11.496 -4.076 12.122
0.354 -0.044 1.101 -7.267 -7.008 16.977
0.351 -0.044 1.107 -3.206 -3.725 12.26
0.336 -0.039 1.111 0.26 -6.183 9.878
0.344 -0.066 1.116 5.191 -8.168 6.046
0.301 -0.042 1.077 8.031 -9.359 4.443
0.268 -0.051 1.079 10.748 -9.511 3.023
0.285 -0.053 1.04 12.122 -7.13 2.595
0.262 -0.041 1.028 12.092 -4.031 2.443
0.266 -0.022 0.997 10.702 -0.382 3.053
0.248 0.015 0.987 7.618 5.237 3.359
0.241 0.013 0.99 4.321 8.992 3.618
0.201 0.028 1.001 1.634 11.282 3.023
0.207 0.011 1.006 -0.763 10.076 2.595
0.212 -0.007 1.036 -2.519 8.718 0.26
0.199 -0.019 1.072 -2.565 4.855 -1.115
0.252 -0.026 1.087 -0.244 13.008 -8.458
0.149 -0.027 1.118 0.809 0.351 -4.55
0.208 -0.052 1.088 4.473 -0.198 -5.74
0.191 -0.056 1.074 5.679 -1.176 -5.603
0.19 -0.061 1.081 8.26 0.595 -7.511
0.15 -0.051 1.062 9.527 -0.046 -7.42
0.115 -0.011 1.045 8.962 1.679 -7.115
0.084 0.018 1.031 7.832 3.252 -4.366
0.062 0.052 1.026 7.603 5.099 -0.336
0.09 0.053 1.016 5.313 3.45 2.275
0.103 0.067 1.021 2.489 1.405 3.221
0.15 0.053 1.018 -0.962 -1.71 2.947
0.175 0.029 1.056 -3.756 -5.405 1.817
0.159 0.027 1.094 -4.427 -8.534 1.16
0.176 0.017 1.128 -2.015 -9.588 1.374
0.19 0.005 1.148 1.603 -10.168 1.191
0.209 -0.006 1.138 5.176 -10.244 -0.061
0.212 -0.004 1.119 8.412 -10.504 -1.527
0.227 0.001 1.083 10.611 -12.137 -2.885
0.223 0.005 1.046 10.84 -12.824 -5.038
0.206 0.01 1.019 9.328 -13.42 -5.511
0.195 0.015 0.99 6.977 -11.74 -4.763
0.177 0.016 0.994 3.786 -9.359 -3.206
0.177 0.014 0.993 1.206 -7.328 -0.84
0.171 0.012 1.005 -0.672 -5.557 1.679
0.196 0.007 1.019 -1.74 -2.962 3.756
0.211 0.003 1.021 -2.397 -1.313 4.26
0.211 -0.006 1.039 -2.824 -1.313 3.969
0.237 -0.019 1.025 -2.397 -1.435 2.504
0.233 -0.021 1.035 -2.183 -2.137 0.702
0.217 -0.017 1.029 -2.153 -3.603 -0.229
0.209 -0.017 1.031 -2.107 -4.107 -0.458
0.207 -0.015 1.042 -2.366 -4.824 -0.718
0.219 -0.017 1.03 -2.84 -4.718 -0.275
0.215 -0.013 1.027 -3.069 -4.061 0.229
0.221 -0.003 1.028 -3.786 -3.588 0.992
0.248 -0.004 1.02 -4.901 -2.626 0.84
0.254 -0.004 1.021 -6.122 -2.672 -0.351
0.262 -0.006 1.018 -6.656 -2.382 -1.16
0.245 -0.006 1.033 -7.466 -3.267 -1.863
0.239 0.002 1.033 -7.634 -3.16 -2.275
0.236 -0.01 1.034 -7.695 -3.252 -2.534
0.233 0.003 1.022 -8.198 -2.962 -2.58
0.237 -0.003 1.038 -9.008 -3.985 -2.397
0.251 -0.004 1.017 -10.321 -3.45 -2.275
0.251 -0.007 1.037 -11.908 -3.405 -1.542
0.26 -0.008 1.045 -12.84 -2.046 -0.824
0.254 -0.005 1.046 -14.076 -0.458 0.183
0.25 -0.02 1.061 -13.817 1.618 0.855
0.242 -0.022 1.061 -13.695 0.58 0.809
0.243 -0.02 1.06 -13.145 -0.153 0.351
0.23 -0.039 1.052 -12.824 -2.427 -0.611
0.227 -0.041 1.048 -13.237 -4.58 -1.221
0.223 -0.045 1.048 -13.634 -4.962 -2.031
0.229 -0.054 1.052 -14.244 -4.107 -2.122
0.215 -0.058 1.063 -14.55 -2.626 -1.145
0.215 -0.063 1.069 -14.718 -1.053 -0.092
0.204 -0.066 1.084 -14.321 1.069 1.221
0.207 -0.073 1.074 -13.649 1.74 2.061
0.208 -0.082 1.075 -13.053 1.344 2.214
0.23 -0.094 1.082 -12.473 0.153 1.282
0.225 -0.09 1.081 -12.107 -1.221 0.0
0.229 -0.109 1.086 -11.053 -2.855 -0.779
0.227 -0.111 1.104 -9.924 -3.267 -1.328
0.216 -0.112 1.1 -8.397 -2.55 -1.145
0.209 -0.114 1.111 -6.336 -1.344 -0.718
0.207 -0.114 1.091 -4.656 -0.29 0.046
0.203 -0.109 1.08 -3.557 0.275 0.763
0.198 -0.104 1.054 -3.084 0.26 0.84
0.187 -0.094 1.049 -3.023 -0.672 1.008
0.192 -0.096 1.035 -3.145 -2.336 1.695
0.199 -0.094 1.033 -3.618 -2.809 1.664
0.208 -0.09 1.023 -4.229 -2.794 2.122
0.197 -0.087 1.017 -4.87 -2.214 2.473
0.208 -0.08 1.024 -5.649 -2.229 3.664
0.213 -0.078 1.021 -6.214 -1.527 4.443
0.225 -0.082 1.019 -7.008 -1.359 5.099
0.225 -0.085 1.017 -7.664 -0.901 5.237
0.235 -0.091 1.022 -8.824 -1.191 5.176
0.248 -0.094 1.034 -9.527 -1.145 4.595
0.251 -0.096 1.058 -9.374 -1.084 4.122
0.248 -0.104 1.047 -8.763 -1.084 3.466
0.252 -0.1 1.063 -8.214 -0.916 2.626
0.238 -0.108 1.059 -6.992 -1.237 2.458
0.254 -0.104 1.053 -6.153 -0.687 1.557
0.234 -0.104 1.067 -5.374 -0.29 0.672
0.241 -0.108 1.064 -4.733 -0.015 0.214
0.239 -0.103 1.061 -4.718 0.046 0.0
0.236 -0.097 1.054 -4.595 0.198 -0.107
0.238 -0.093 1.058 -4.397 0.229 -0.244
0.228 -0.093 1.043 -4.275 0.504 -0.092
0.226 -0.098 1.057 -3.878 0.565 -0.015
0.221 -0.097 1.049 -3.649 0.076 -0.382
0.224 -0.089 1.038 -3.74 -0.595 -0.55
0.227 -0.096 1.019 -3.908 -1.206 -1.267
0.22 -0.1 1.032 -4.519 -2.122 -1.634
0.201 -0.095 1.026 -5.13 -2.504 -1.267
0.203 -0.099 1.023 -5.74 -2.0 -0.687
0.202 -0.102 1.023 -6.565 -1.313 0.321
0.198 -0.108 1.033 -7.115 -0.214 1.298
0.204 -0.108 1.042 -7.313 -0.611 2.397
0.205 -0.104 1.045 -7.496 -0.824 3.023
0.216 -0.118 1.048 -7.74 -1.496 3.435
0.226 -0.116 1.042 -7.221 -1.878 2.962
0.235 -0.118 1.06 -6.718 -1.771 2.153
0.226 -0.108 1.052 -6.076 -1.695 1.435
0.233 -0.104 1.047 -5.603 -2.031 1.099
0.237 -0.109 1.041 -5.405 -1.756 0.84
0.228 -0.106 1.034 -5.389 -1.435 0.718
0.228 -0.105 1.047 -5.511 -1.374 0.595
0.221 -0.104 1.034 -5.832 -1.496 0.382
0.22 -0.104 1.029 -6.382 -1.817 0.595
0.219 -0.103 1.021 -6.947 -1.817 1.069
0.224 -0.104 1.044 -7.313 -1.481 1.298
0.221 -0.111 1.027 -7.481 -1.511 1.679
0.219 -0.106 1.043 -7.099 -1.603 1.863
0.225 -0.108 1.042 -6.458 -1.588 1.863
0.222 -0.104 1.041 -5.817 -1.115 1.221
0.217 -0.106 1.038 -4.824 -0.26 0.931
0.206 -0.102 1.036 -4.55 -0.992 0.641
0.199 -0.108 1.02 -4.641 -1.634 0.885
0.204 -0.095 1.013 -5.511 -2.321 1.313
0.202 -0.097 1.001 -6.931 -2.305 1.908
0.211 -0.098 1.005 -8.748 -1.939 2.656
0.2 -0.093 1.024 -9.924 -1.481 3.802
0.217 -0.114 1.03 -10.901 -0.779 4.183
0.22 -0.115 1.052 -11.084 -0.901 4.779
0.22 -0.118 1.062 -10.489 -0.809 4.489
0.226 -0.122 1.072 -9.481 -0.855 3.893
0.233 -0.124 1.078 -7.863 -0.779 2.534
0.238 -0.13 1.072 -6.519 -1.176 1.206
0.228 -0.128 1.082 -5.313 -2.275 0.351
0.228 -0.126 1.061 -4.702 -2.916 -0.183
0.231 -0.12 1.041 -4.58 -2.794 -0.427
0.223 -0.115 1.048 -4.656 -2.473 -0.092
0.226 -0.118 1.048 -4.58 -1.954 0.595
0.235 -0.118 1.05 -5.069 -1.603 0.489
0.226 -0.122 1.051 -5.206 -1.603 0.611
0.227 -0.122 1.045 -5.099 -1.771 0.412
0.222 -0.123 1.037 -4.702 -2.214 0.168
0.217 -0.121 1.04 -4.489 -3.145 0.305
0.213 -0.12 1.029 -4.183 -3.344 0.55
0.217 -0.11 1.024 -4.427 -2.565 0.794
0.211 -0.111 1.03 -4.87 -2.641 1.496
0.221 -0.114 1.018 -5.618 -2.595 1.756
0.221 -0.12 1.026 -6.168 -2.779 1.847
0.234 -0.117 1.042 -6.061 -2.931 1.634
0.233 -0.119 1.038 -5.863 -3.069 1.588
0.239 -0.111 1.048 -5.374 -2.687 0.748
0.228 -0.123 1.041 -5.115 -2.702 0.336
0.226 -0.114 1.037 -4.718 -2.947 0.397
0.226 -0.115 1.038 -4.84 -2.244 0.26
0.226 -0.121 1.023 -5.344 -1.924 0.672
0.229 -0.118 1.036 -5.878 -1.588 0.595
0.234 -0.114 1.031 -6.244 -1.221 0.29
0.223 -0.121 1.037 -6.305 -1.221 0.244
0.224 -0.116 1.041 -6.26 -1.405 0.244
0.228 -0.121 1.046 -5.863 -1.511 0.244
0.22 -0.113 1.043 -5.969 -1.878 0.473
0.225 -0.114 1.037 -5.42 -1.725 0.687
0.222 -0.126 1.038 -5.389 -2.0 0.656
0.225 -0.127 1.041 -5.45 -1.496 0.198
0.226 -0.121 1.036 -5.74 -1.985 0.153
0.225 -0.124 1.039 -5.817 -1.924 0.015
0.218 -0.127 1.042 -6.015 -2.336 0.046
0.224 -0.127 1.047 -5.893 -2.061 0.214
0.225 -0.129 1.048 -5.893 -1.832 0.397
0.238 -0.125 1.04 -5.664 -1.038 0.397
0.223 -0.13 1.063 -5.405 -1.649 0.504
0.227 -0.131 1.049 -4.947 -1.344 0.183
0.237 -0.13 1.06 -4.504 -1.298 -0.092
0.24 -0.13 1.057 -4.107 -1.42 -0.443
0.235 -0.128 1.045 -3.634 -1.237 -0.855
0.232 -0.123 1.044 -3.191 -1.328 -1.13
0.233 -0.121 1.038 -2.916 -1.038 -1.084
0.228 -0.113 1.015 -3.099 -1.008 -0.794
0.229 -0.111 1.02 -3.328 -0.672 -0.901
0.225 -0.104 1.007 -4.0 -0.885 -0.916
0.222 -0.105 1.006 -4.855 -1.435 -0.824
0.219 -0.111 1.011 -5.786 -1.664 -0.809
0.223 -0.115 1.018 -6.427 -1.405 -1.038
0.221 -0.122 1.038 -6.626 -1.16 -0.916
0.221 -0.122 1.047 -6.244 -0.977 -0.763
0.224 -0.132 1.057 -6.031 -1.374 -0.84
0.236 -0.126 1.054 -5.481 -1.42 -1.084
0.218 -0.129 1.044 -5.267 -1.664 -0.87
0.227 -0.129 1.036 -5.069 -1.588 -0.901
0.234 -0.121 1.041 -5.069 -0.992 -0.656
0.227 -0.129 1.043 -5.069 -0.611 -0.214
0.228 -0.121 1.041 -5.099 -0.55 0.061
0.229 -0.127 1.049 -4.687 -0.687 -0.107
0.23 -0.131 1.054 -4.458 -0.779 -0.168
0.233 -0.124 1.053 -4.153 -0.794 -0.947
0.221 -0.125 1.046 -3.496 -0.962 -1.542
0.219 -0.122 1.042 -3.053 -1.405 -1.664
0.208 -0.116 1.032 -2.992 -2.229 -1.954
0.208 -0.112 1.018 -3.496 -2.87 -1.786
0.197 -0.11 1.009 -4.305 -2.947 -1.313
0.194 -0.098 1.017 -5.267 -2.443 -0.718
0.165 -0.067 1.023 -6.076 -2.153 0.046
0.162 -0.039 1.031 -6.87 -1.725 0.702
0.166 0.0 1.029 -8.427 -2.122 0.656
0.17 0.035 1.037 -10.611 -2.779 0.702
0.178 0.074 1.052 -13.267 -2.351 2.107
0.189 0.126 1.091 -16.336 -0.855 3.145
0.196 0.161 1.136 -17.542 0.519 5.191
0.196 0.202 1.187 -16.305 1.069 5.496
0.17 0.236 1.245 -14.504 -1.954 4.351
0.166 0.285 1.277 -10.718 -4.565 4.168
0.162 0.314 1.299 -6.092 -7.389 4.153
0.209 0.315 1.3 0.046 -8.962 3.13
0.267 0.327 1.257 5.191 -10.519 1.542
0.303 0.338 1.198 9.924 -10.58 -0.321
0.342 0.35 1.138 12.504 -11.542 -2.702
0.349 0.341 1.069 13.191 -12.458 -5.42
0.355 0.316 1.019 11.954 -12.153 -8.473
0.348 0.29 0.975 8.565 -9.954 -10.885
0.305 0.241 0.962 5.603 -7.176 -10.321
0.296 0.156 0.93 1.542 -9.115 -6.931
0.266 0.124 0.951 -2.351 7.542 -10.489
0.249 0.061 0.945 -9.191 13.679 -9.649
0.238 0.008 0.97 -13.924 19.985 -9.802
0.225 -0.034 0.992 -18.84 20.718 -10.84
0.217 -0.068 1.011 -21.313 19.298 -12.58
0.226 -0.093 1.029 -22.305 17.328 -14.885
0.232 -0.112 1.042 -22.122 14.779 -17.359
0.235 -0.143 1.045 -20.626 12.183 -19.466
0.26 -0.171 1.045 -19.206 11.252 -21.725
0.239 -0.206 1.03 -18.168 12.473 -23.16
0.12 -0.317 1.187 -19.359 6.656 -19.435
0.16 -0.166 0.965 -22.321 14.26 -22.382
0.3 -0.235 0.882 -25.344 17.511 -24.58
0.235 -0.245 0.888 -28.366 20.519 -22.885
0.25 -0.295 0.916 -27.618 19.527 -22.763
0.21 -0.333 1.028 -30.794 14.58 -23.527
0.281 -0.32 0.981 -29.924 14.58 -27.206
0.256 -0.354 1.051 -27.237 8.046 -29.206
0.247 -0.318 0.921 -22.489 6.87 -32.687
0.245 -0.312 1.008 -19.176 0.947 -33.588
0.241 -0.318 1.004 -13.221 -0.107 -32.626
0.209 -0.324 0.986 -9.008 -0.153 -30.427
0.186 -0.314 0.97 -3.725 0.931 -26.458
0.185 -0.301 0.955 -0.275 1.771 -21.008
0.166 -0.287 0.946 3.664 3.481 -14.855
0.18 -0.31 0.92 5.725 4.015 -9.298
0.198 -0.3 0.891 5.939 2.779 -6.061
0.217 -0.315 0.889 4.809 -2.321 -4.641
0.247 -0.353 0.921 7.542 -5.023 -5.237
0.38 -0.343 0.854 -0.046 -10.336 -11.42
0.41 -0.357 0.855 -1.328 -5.313 -20.824
0.342 -0.345 0.879 -4.183 -8.229 -27.679
0.269 -0.353 0.885 -6.168 -9.542 -31.893
0.227 -0.328 0.929 -6.779 -20.26 -32.397
0.18 -0.327 0.909 -7.786 -26.107 -28.489
0.187 -0.339 0.891 -11.878 -26.672 -25.069
0.163 -0.344 0.889 -16.336 -23.939 -17.145
0.186 -0.361 0.915 -21.771 -17.74 -8.55
0.172 -0.378 0.959 -26.962 -9.45 -1.267
0.192 -0.38 1.015 -29.588 -1.145 4.55
0.219 -0.397 1.074 -29.282 4.168 7.893
0.23 -0.404 1.112 -26.977 6.168 9.344
0.215 -0.401 1.146 -20.656 7.221 9.252
0.331 -0.41 1.143 -21.71 -2.58 2.504
0.304 -0.386 1.168 -17.42 -4.244 -4.473
0.305 -0.37 1.147 -13.42 -4.916 -9.527
0.238 -0.326 1.157 -11.634 -1.969 -12.015
0.223 -0.323 1.125 -4.336 -3.588 -12.351
0.191 -0.292 1.088 -1.969 0.611 -10.962
0.169 -0.272 1.046 1.053 4.855 -8.275
0.157 -0.244 1.005 0.626 7.71 -5.053
0.143 -0.22 0.977 -1.237 8.168 -0.885
0.145 -0.207 0.965 -3.573 8.275 2.855
0.166 -0.199 0.969 -7.267 6.015 5.802
0.204 -0.206 0.979 -10.58 5.466 6.305
0.228 -0.203 1.002 -13.634 4.519 5.679
0.238 -0.205 1.032 -14.901 4.26 4.275
0.245 -0.215 1.077 -14.214 3.16 3.313
0.24 -0.22 1.093 -12.305 1.847 2.412
0.248 -0.217 1.097 -9.435 1.313 1.786
0.235 -0.21 1.089 -6.794 0.473 1.618
0.238 -0.201 1.071 -4.931 0.0 1.344
0.233 -0.188 1.058 -4.321 -1.832 1.389
0.238 -0.181 1.032 -5.45 -3.42 1.649
0.235 -0.181 1.021 -6.351 -3.588 2.076
0.257 -0.177 1.019 -8.0 -3.374 2.198
0.256 -0.178 1.027 -8.885 -2.641 1.786
0.271 -0.175 1.03 -9.191 -1.664 0.55
0.267 -0.182 1.042 -9.176 -1.527 -0.473
0.271 -0.185 1.057 -8.641 -1.863 -1.71
0.262 -0.185 1.061 -7.206 0.198 -2.916
0.265 -0.185 1.042 -6.458 0.87 -3.771
0.259 -0.189 1.039 -6.137 1.878 -4.244
0.248 -0.188 1.047 -5.893 2.763 -4.779
0.236 -0.187 1.037 -6.336 3.145 -4.687
0.231 -0.199 1.035 -6.473 3.542 -4.702
0.218 -0.203 1.052 -5.985 4.183 -4.427
0.208 -0.213 1.042 -5.069 4.641 -4.0
0.205 -0.21 1.045 -4.733 4.0 -4.107
0.191 -0.205 1.032 -4.687 2.427 -3.863
0.195 -0.204 1.009 -4.58 2.015 -3.664
0.183 -0.207 1.013 -5.206 -0.046 -3.481
0.176 -0.206 1.01 -6.107 -1.099 -2.534
0.182 -0.198 1.004 -7.221 -1.206 -1.969
0.193 -0.196 0.995 -7.863 -0.916 -1.45
0.188 -0.201 1.017 -8.046 -0.702 -0.855
0.188 -0.2 1.033 -7.969 -1.405 0.107
0.198 -0.201 1.045 -7.328 -1.145 0.198
0.209 -0.198 1.043 -6.519 -1.649 0.168