0.043 -0.039 1.076 -7.588 -3.939 0.397
0.043 -0.047 1.074 -7.786 -4.046 0.855
0.049 -0.047 1.073 -7.053 -3.74 1.13
0.055 -0.044 1.049 -8.901 -4.641 1.084
0.073 -0.055 1.053 -8.992 -3.786 0.29
0.033 -0.056 1.07 -9.985 -4.885 -0.031
0.036 -0.056 1.081 -9.023 -4.55 0.168
0.035 -0.058 1.08 -7.756 -4.153 0.687
0.037 -0.057 1.073 -6.687 -4.702 1.282
0.042 -0.063 1.074 -5.298 -5.191 1.679
0.054 -0.061 1.062 -4.84 -4.336 1.023
0.042 -0.058 1.064 -4.473 -5.13 0.656
0.049 -0.059 1.057 -4.305 -4.351 0.565
0.046 -0.059 1.064 -4.198 -2.641 0.489
0.038 -0.061 1.066 -3.786 -2.382 1.16
0.038 -0.061 1.053 -2.947 -1.389 1.267
0.042 -0.062 1.052 -2.779 -2.046 1.282
0.049 -0.06 1.047 -2.794 -2.397 0.733
0.045 -0.052 1.047 -2.931 -2.87 0.718
0.052 -0.049 1.051 -2.855 -2.656 1.282
0.048 -0.052 1.051 -3.542 -1.771 1.71
0.049 -0.051 1.039 -4.382 -1.221 2.168
0.062 -0.047 1.041 -5.237 -0.748 2.168
0.05 -0.046 1.049 -5.481 -0.916 1.985
0.063 -0.047 1.047 -5.542 -1.557 1.496
0.064 -0.053 1.055 -5.649 -2.794 1.145
0.048 -0.056 1.056 -5.511 -3.084 0.748
0.056 -0.056 1.056 -5.664 -2.702 0.901
0.067 -0.06 1.066 -5.374 -2.122 0.763
0.06 -0.058 1.065 -5.221 -1.695 0.473
0.059 -0.06 1.067 -5.344 -1.664 0.122
0.052 -0.058 1.065 -5.206 -2.198 0.107
0.057 -0.06 1.079 -4.977 -1.496 -0.366
0.051 -0.062 1.062 -4.779 -0.916 -0.351
0.057 -0.06 1.074 -4.427 -0.336 -0.382
0.048 -0.06 1.07 -3.939 0.137 -0.641
0.051 -0.052 1.064 -3.878 -0.748 -0.611
0.045 -0.05 1.064 -3.817 -1.466 -0.901
0.051 -0.055 1.059 -3.878 -2.198 -1.176
0.046 -0.046 1.051 -3.969 -2.092 -0.916
0.046 -0.049 1.057 -4.351 -2.061 -0.58
0.05 -0.044 1.043 -4.519 -1.664 -0.061
0.054 -0.041 1.055 -5.069 -1.45 0.046
0.051 -0.042 1.055 -5.405 -1.359 0.214
0.05 -0.035 1.062 -5.328 -1.542 0.244
0.053 -0.036 1.064 -4.809 -1.206 0.214
0.047 -0.026 1.058 -4.794 -1.344 0.443
0.048 -0.023 1.051 -4.504 -0.885 0.092
0.05 -0.021 1.052 -4.168 -0.137 -0.153
0.04 -0.017 1.055 -4.015 0.183 -0.443
0.036 -0.016 1.046 -3.969 -0.229 -0.107
0.037 -0.021 1.047 -4.58 0.55 -0.076
0.038 -0.017 1.052 -5.008 0.702 -0.275
0.034 -0.01 1.071 -4.672 -0.061 -0.382
0.031 -0.01 1.082 -3.756 -0.626 -0.84
0.028 -0.002 1.08 -2.534 -1.176 -1.145
0.027 0.008 1.089 -1.374 0.0 -1.221
0.028 0.019 1.069 -0.992 0.687 -0.305
0.023 0.031 1.065 -0.534 2.519 0.885
0.03 0.036 1.054 -1.145 4.458 1.985
0.027 0.054 1.038 -1.878 5.542 3.344
0.038 0.063 1.046 -2.55 5.664 4.29
0.049 0.079 1.035 -4.076 4.84 5.176
0.052 0.096 1.039 -5.634 4.565 5.16
0.068 0.103 1.041 -6.427 3.084 5.359
0.074 0.113 1.057 -7.252 3.206 4.275
0.071 0.108 1.069 -7.878 0.962 3.573
0.077 0.117 1.091 -8.534 0.0 2.748
0.077 0.11 1.109 -8.168 -1.374 1.405
0.087 0.116 1.125 -7.74 -1.588 0.366
0.083 0.111 1.151 -6.595 -1.481 -0.504
0.083 0.117 1.154 -5.038 -1.908 -1.664
0.078 0.119 1.138 -3.252 -2.885 -2.901
0.084 0.137 1.123 -1.786 -3.069 -4.244
0.071 0.129 1.115 -0.687 -4.977 -5.618
0.086 0.145 1.071 -1.16 -6.519 -7.618
0.063 0.139 1.048 -2.076 -7.191 -8.733
0.041 0.147 1.047 -3.954 -7.206 -8.58
0.015 0.159 1.045 -6.198 -7.191 -8.153
0.021 0.158 1.053 -6.382 -6.702 -7.13
0.035 0.164 1.06 -7.084 -6.076 -7.847
0.028 0.161 1.069 -6.962 -8.153 -8.412
0.038 0.149 1.074 -6.107 -11.939 -9.359
0.045 0.147 1.057 -6.0 -15.634 -10.153
0.066 0.132 1.059 -7.176 -16.519 -11.603
0.085 0.12 1.052 -7.985 -16.473 -12.305
0.096 0.113 1.026 -9.695 -13.878 -13.328
0.077 0.107 1.007 -13.298 -9.817 -12.962
0.062 0.095 0.99 -18.458 -4.076 -10.916
0.092 0.048 0.97 -20.275 5.756 -8.275
0.059 0.036 1.037 -26.611 -2.031 -4.794
0.076 -0.001 1.104 -25.863 2.534 -5.817
0.012 -0.009 1.151 -25.084 0.489 -3.542
0.054 -0.046 1.16 -21.252 0.412 -2.504
0.07 -0.065 1.177 -17.634 0.489 -3.573
0.076 -0.066 1.078 -14.794 -1.267 -4.534
0.126 -0.087 1.121 -13.74 -3.679 -7.756
0.126 -0.093 1.098 -15.511 0.137 -9.038
0.128 -0.118 1.085 -17.939 7.771 -9.481
0.101 -0.153 1.111 -19.481 13.359 -9.832
0.108 -0.175 1.125 -19.634 15.206 -12.26
0.082 -0.202 1.146 -16.885 12.076 -14.168
0.092 -0.215 1.163 -13.466 8.794 -16.962
0.093 -0.232 1.167 -6.382 6.87 -18.198
0.073 -0.216 1.195 -2.885 1.893 -20.58
0.062 -0.263 1.209 4.366 1.206 -20.901
0.04 -0.226 1.15 8.611 -0.748 -21.298
0.035 -0.221 1.115 12.626 -0.885 -20.916
0.049 -0.241 1.037 15.496 0.855 -21.053
-0.005 -0.216 1.0 14.305 3.71 -19.298
-0.012 -0.257 0.993 15.802 4.183 -15.863
0.001 -0.249 0.962 11.695 1.893 -14.031
-0.013 -0.24 0.977 10.519 -2.87 -12.092
-0.003 -0.238 0.975 8.534 -5.313 -10.885
0.03 -0.261 0.934 5.45 -5.511 -10.718
0.041 -0.268 0.95 2.885 -1.832 -10.244
0.06 -0.267 0.941 -1.71 -0.443 -10.305
0.06 -0.277 0.963 -3.634 2.656 -10.687
0.054 -0.289 0.984 -4.0 1.359 -10.901
0.056 -0.279 1.006 -2.275 -0.992 -12.565
0.064 -0.276 1.013 -3.237 -9.725 -14.718
0.072 -0.242 1.003 -3.695 -16.168 -16.947
0.075 -0.246 0.994 -3.313 -20.977 -17.084
0.086 -0.224 0.964 -4.809 -23.71 -18.198
0.072 -0.22 0.949 -6.641 -24.26 -17.71
0.089 -0.218 0.94 -10.183 -22.977 -16.901
0.078 -0.213 0.938 -14.107 -18.305 -15.832
0.092 -0.211 0.948 -16.901 -11.573 -14.168
0.086 -0.205 0.972 -19.511 -6.351 -12.687
0.065 -0.2 1.002 -19.634 -2.611 -9.939
0.062 -0.201 1.018 -19.16 -0.962 -7.557
0.067 -0.213 1.035 -17.863 -0.168 -5.863
0.064 -0.219 1.045 -17.282 -3.45 -5.053
0.092 -0.227 1.062 -16.061 -6.397 -5.13
0.103 -0.221 1.073 -14.58 -8.153 -5.786
0.107 -0.21 1.074 -14.031 -12.427 -6.412
0.107 -0.198 1.079 -12.214 -13.023 -7.603
0.106 -0.18 1.066 -10.84 -12.84 -7.74
0.1 -0.172 1.06 -9.985 -11.847 -7.45
0.109 -0.16 1.052 -9.756 -10.366 -6.489
0.119 -0.146 1.057 -9.191 -7.237 -5.282
0.127 -0.137 1.061 -8.427 -3.832 -4.397
0.132 -0.127 1.055 -8.061 -0.702 -3.954
0.122 -0.122 1.036 -8.107 1.008 -3.74
0.107 -0.116 1.038 -8.687 0.168 -3.679
0.109 -0.119 1.047 -8.748 -0.779 -3.695
0.105 -0.111 1.044 -8.977 -2.076 -3.985
0.1 -0.107 1.046 -9.618 -3.145 -3.908
0.096 -0.109 1.054 -10.153 -4.412 -3.511
0.097 -0.11 1.04 -10.153 -5.344 -3.038
0.099 -0.106 1.039 -10.473 -5.45 -2.244
0.091 -0.118 1.042 -10.779 -4.107 -1.191
0.095 -0.132 1.053 -10.29 -2.183 -0.366
0.096 -0.134 1.059 -9.435 0.031 0.198
0.112 -0.125 1.062 -8.687 1.664 -0.015
0.104 -0.121 1.057 -7.969 0.992 -0.55
0.106 -0.115 1.055 -7.786 -0.687 -1.267
0.109 -0.114 1.044 -7.42 -2.382 -1.511
0.106 -0.104 1.031 -7.511 -3.008 -1.863
0.119 -0.107 1.034 -8.092 -2.504 -2.168
0.113 -0.104 1.027 -8.84 -1.206 -2.534
0.11 -0.106 1.023 -9.74 0.061 -2.092
0.093 -0.103 1.043 -9.802 -0.183 -1.527
0.09 -0.109 1.047 -10.412 -0.565 -1.023
0.099 -0.119 1.056 -10.687 -0.809 -0.427
0.116 -0.125 1.071 -10.626 0.168 -0.397
0.113 -0.132 1.075 -9.725 1.588 -0.763
0.115 -0.135 1.083 -8.382 3.023 -1.282
0.125 -0.132 1.076 -7.069 2.916 -2.183
0.12 -0.127 1.074 -6.443 2.473 -3.298
0.1 -0.125 1.07 -6.076 1.298 -3.74
0.083 -0.122 1.063 -6.382 1.206 -3.863
0.082 -0.118 1.053 -6.412 2.0 -3.588
0.076 -0.127 1.059 -6.763 2.26 -3.115
0.07 -0.117 1.066 -6.382 2.565 -2.351
0.077 -0.121 1.056 -6.305 3.16 -1.664
0.089 -0.123 1.06 -6.092 2.565 -1.45
0.084 -0.121 1.056 -6.412 1.71 -2.168
0.079 -0.123 1.061 -6.855 0.504 -2.244
0.082 -0.128 1.05 -6.824 0.504 -2.595
0.084 -0.129 1.059 -6.809 0.29 -2.122
0.084 -0.126 1.063 -6.641 1.756 -2.137
0.06 -0.123 1.068 -6.107 2.809 -1.344
0.077 -0.126 1.074 -5.725 3.496 -1.13
0.075 -0.125 1.064 -4.656 2.565 -0.794
0.075 -0.125 1.068 -4.336 1.603 -0.611
0.072 -0.132 1.064 -4.168 0.397 -0.916
0.072 -0.129 1.06 -3.924 -0.519 -1.282
0.07 -0.129 1.047 -3.756 -1.389 -0.748
0.072 -0.125 1.047 -3.893 -1.359 -0.427
0.068 -0.122 1.04 -4.305 -1.359 0.107
0.068 -0.117 1.043 -4.947 -1.389 0.733
0.08 -0.12 1.04 -5.771 -1.527 1.298
0.083 -0.124 1.056 -6.351 -0.55 1.069
0.087 -0.12 1.065 -5.954 0.351 1.16
0.091 -0.135 1.078 -5.313 1.725 0.809
0.066 -0.132 1.067 -4.168 0.718 1.679
0.111 -0.133 1.059 -3.084 2.153 -0.443
0.083 -0.137 1.053 -2.458 1.023 -0.565
0.063 -0.125 1.053 -2.519 0.015 -0.901
0.065 -0.125 1.042 -2.809 -1.191 -0.26
0.076 -0.121 1.037 -3.496 -1.298 0.473
0.078 -0.126 1.052 -3.847 -0.84 1.023
0.079 -0.12 1.048 -3.847 -0.611 1.878
0.085 -0.117 1.045 -4.031 0.26 1.802
0.089 -0.118 1.042 -4.321 -0.534 1.893
0.099 -0.119 1.045 -4.489 -1.008 1.374
0.104 -0.113 1.047 -4.962 -0.687 0.336
0.087 -0.115 1.062 -4.992 -1.084 -0.397
0.085 -0.115 1.052 -4.702 -1.679 -0.794
0.084 -0.117 1.05 -4.84 -2.305 -0.779
0.077 -0.122 1.047 -4.962 -2.29 -0.824
0.076 -0.12 1.055 -4.992 -1.893 -0.183
0.084 -0.125 1.068 -4.916 -1.084 0.443
0.089 -0.131 1.063 -4.489 -0.58 0.916
0.095 -0.13 1.065 -3.954 -0.519 0.794
0.093 -0.128 1.05 -3.679 -0.901 0.214
0.082 -0.12 1.045 -3.282 -1.496 -0.656
0.07 -0.12 1.032 -3.42 -2.305 -0.763
0.069 -0.115 1.028 -4.26 -2.656 -0.565
0.067 -0.12 1.031 -5.191 -2.229 0.031
0.071 -0.122 1.037 -5.74 -1.954 0.641
0.092 -0.126 1.037 -6.153 -0.977 0.87
0.086 -0.131 1.054 -5.863 -1.069 0.931
0.088 -0.125 1.057 -5.557 -1.634 0.962
0.098 -0.124 1.057 -5.237 -2.473 0.763
0.109 -0.132 1.056 -4.229 -1.221 -0.55
0.102 -0.132 1.063 -3.527 -1.008 -0.901
0.092 -0.128 1.056 -3.206 -1.191 -1.42
0.079 -0.128 1.043 -3.267 -1.618 -1.145
0.078 -0.12 1.055 -3.985 -1.16 -0.672
0.081 -0.115 1.047 -4.183 -0.397 0.015
0.083 -0.113 1.041 -4.611 -0.229 0.061
0.079 -0.116 1.031 -5.557 -0.885 0.519
0.087 -0.115 1.03 -6.489 -1.206 0.687
0.094 -0.121 1.05 -6.809 -1.298 0.427
0.088 -0.126 1.066 -6.641 -0.962 0.305
0.097 -0.135 1.073 -5.771 -0.29 -0.061
0.101 -0.131 1.069 -5.069 0.519 -0.427
0.092 -0.122 1.071 -4.489 0.427 -0.534
0.097 -0.128 1.067 -3.786 1.374 -0.763
0.088 -0.132 1.077 -2.87 1.344 -0.977
0.089 -0.122 1.058 -2.641 1.023 -1.176
0.076 -0.124 1.046 -3.038 0.641 -1.008
0.084 -0.119 1.049 -3.466 0.336 -0.992
0.076 -0.118 1.04 -4.0 0.061 -1.145
0.071 -0.12 1.045 -4.351 -0.244 -1.13
0.078 -0.116 1.047 -4.702 -0.931 -0.885
0.079 -0.12 1.055 -5.053 -0.656 -0.458
0.079 -0.123 1.062 -4.809 -0.427 -0.473
0.08 -0.128 1.062 -4.779 -0.641 -0.702
0.08 -0.122 1.067 -4.443 -0.916 -1.145
0.08 -0.127 1.058 -3.908 -0.748 -1.145
0.072 -0.126 1.057 -3.435 -1.053 -1.298
0.07 -0.126 1.057 -3.359 -0.611 -1.389
0.069 -0.124 1.055 -3.557 -1.038 -0.931
0.062 -0.116 1.058 -3.756 -0.534 -0.992
0.064 -0.114 1.043 -4.137 -0.87 -0.229
0.082 -0.116 1.042 -4.672 -0.733 -0.183
0.084 -0.116 1.036 -5.069 -0.855 -0.351
0.081 -0.118 1.045 -5.053 -1.359 -0.534
0.08 -0.124 1.04 -5.511 -0.87 -0.809
0.075 -0.117 1.056 -5.145 -1.191 -0.565
0.067 -0.128 1.053 -4.916 -0.351 -0.122
0.063 -0.129 1.058 -4.763 -0.779 0.137
0.066 -0.123 1.058 -4.901 -1.328 0.366
0.072 -0.13 1.064 -4.443 -1.695 0.229
0.074 -0.132 1.071 -4.214 -2.122 0.153
0.072 -0.117 1.05 -4.244 -2.733 0.565
0.082 -0.125 1.052 -4.687 -2.931 0.656
0.088 -0.121 1.043 -4.611 -2.061 0.168
0.086 -0.116 1.052 -4.809 -1.374 -0.076
0.075 -0.111 1.054 -4.931 -1.634 0.275
0.08 -0.119 1.054 -5.16 -1.725 0.702
0.088 -0.132 1.063 -4.794 -1.588 0.122
0.094 -0.13 1.072 -3.542 -1.023 -0.718
0.086 -0.125 1.052 -2.504 -2.076 -0.718
0.088 -0.121 1.043 -2.58 -2.916 -1.191
0.078 -0.117 1.022 -3.786 -2.84 -1.099
0.079 -0.112 1.025 -4.916 -2.962 -0.55
0.077 -0.115 1.038 -5.786 -2.198 -0.214
0.082 -0.12 1.05 -6.0 -1.359 -0.122
0.086 -0.123 1.049 -5.924 -1.374 0.092
0.083 -0.122 1.057 -5.969 -2.229 -0.336
0.085 -0.127 1.056 -5.664 -2.412 -0.733
0.087 -0.131 1.061 -5.511 -1.664 -1.481
0.082 -0.137 1.066 -4.962 -1.405 -1.45
0.079 -0.133 1.065 -4.687 -1.115 -1.298
0.073 -0.132 1.063 -4.489 -1.527 -0.733
0.077 -0.123 1.06 -4.321 -1.405 -0.366
0.066 -0.128 1.051 -4.26 -1.679 0.122
0.071 -0.125 1.061 -4.519 -1.817 0.458
0.075 -0.123 1.045 -4.748 -2.168 0.763
0.076 -0.123 1.047 -5.45 -2.473 0.656
0.081 -0.125 1.048 -5.802 -3.16 0.824
0.088 -0.133 1.053 -6.031 -3.344 0.687
0.097 -0.127 1.065 -5.16 -2.443 -0.015
0.087 -0.13 1.074 -4.107 -1.679 -0.504
0.091 -0.123 1.061 -3.588 -2.458 -0.565
0.077 -0.123 1.062 -3.832 -2.656 -0.504
0.087 -0.116 1.055 -4.122 -2.122 -0.412
0.086 -0.124 1.06 -4.443 -0.763 -0.382
0.088 -0.122 1.054 -4.809 -1.206 -0.626
0.078 -0.124 1.066 -4.779 -2.198 -0.58
0.079 -0.127 1.064 -4.885 -2.626 -0.718
0.101 -0.124 1.051 -4.916 -2.382 -1.099
0.069 -0.121 1.065 -3.771 -2.397 -0.565
0.079 -0.118 1.046 -3.863 -2.092 -0.397
0.087 -0.125 1.039 -3.985 -1.954 -0.595
0.092 -0.124 1.032 -4.489 -1.206 -1.069
0.075 -0.124 1.042 -4.809 -1.42 -0.855
0.078 -0.115 1.038 -5.16 -1.863 -0.656
0.086 -0.128 1.047 -5.328 -1.496 -0.458
0.077 -0.127 1.065 -5.069 -1.511 -0.015
0.077 -0.13 1.043 -4.748 -1.588 0.107
0.084 -0.126 1.051 -4.702 -1.786 0.137
0.088 -0.12 1.059 -4.519 -1.863 -0.031
0.093 -0.132 1.06 -4.321 -1.099 -0.321
0.087 -0.124 1.059 -3.878 -1.313 -0.702
0.079 -0.126 1.042 -4.076 -1.695 -0.702
0.078 -0.117 1.04 -4.473 -1.511 -0.901
0.071 -0.119 1.046 -5.206 -1.176 -0.305
0.063 -0.12 1.038 -5.634 -1.252 0.168
0.076 -0.119 1.046 -5.832 -1.435 0.626
0.079 -0.122 1.044 -6.412 -1.786 0.87
0.08 -0.132 1.06 -6.58 -2.351 0.809
0.085 -0.135 1.067 -5.939 -2.87 0.687
0.096 -0.141 1.067 -5.053 -3.069 0.489
0.092 -0.136 1.063 -4.351 -3.13 0.229
0.089 -0.129 1.057 -3.969 -2.87 -0.183
0.088 -0.126 1.052 -4.183 -2.916 0.153
0.089 -0.118 1.046 -4.595 -2.321 0.183
0.097 -0.119 1.052 -5.16 -1.969 0.244
0.098 -0.119 1.047 -5.634 -1.573 0.076
0.084 -0.123 1.058 -5.527 -1.893 -0.122
0.091 -0.129 1.07 -5.298 -1.786 -0.198
0.095 -0.128 1.058 -5.16 -1.359 -0.641
0.083 -0.129 1.067 -4.779 -1.237 -0.305
0.09 -0.132 1.063 -4.153 -1.221 -0.427
0.086 -0.125 1.058 -4.107 -1.435 -0.458
0.088 -0.131 1.051 -4.092 -1.695 -0.565
0.082 -0.125 1.055 -4.214 -2.107 -0.473
0.086 -0.129 1.055 -4.443 -2.061 -0.626
0.08 -0.13 1.061 -4.382 -2.29 -0.473
0.089 -0.127 1.055 -4.076 -1.511 -0.641
0.077 -0.124 1.047 -4.0 -1.511 -0.305
0.076 -0.124 1.054 -3.832 -1.45 0.046
0.087 -0.129 1.047 -4.321 -1.908 0.656
0.087 -0.122 1.053 -4.519 -1.908 0.397
0.09 -0.135 1.051 -4.931 -2.198 0.168
0.087 -0.133 1.059 -4.748 -1.847 0.183
0.087 -0.132 1.057 -4.382 -1.588 0.076
0.085 -0.138 1.054 -3.618 -1.389 0.015
0.079 -0.131 1.051 -3.221 -1.649 -0.122
0.074 -0.129 1.038 -3.466 -2.031 -0.137
0.076 -0.121 1.047 -3.847 -2.336 0.122
0.081 -0.124 1.037 -4.794 -2.092 0.305
0.081 -0.122 1.038 -5.344 -1.542 0.626
0.085 -0.121 1.047 -5.939 -1.405 0.794
0.089 -0.125 1.066 -5.771 -1.176 0.779
0.089 -0.129 1.067 -4.885 -1.191 0.458
0.082 -0.128 1.065 -3.985 -2.122 0.489
0.082 -0.126 1.053 -3.573 -3.099 0.137
0.102 -0.129 1.046 -4.031 -2.947 0.244
0.095 -0.12 1.045 -3.908 -1.863 -0.321
0.093 -0.126 1.047 -4.076 -0.977 -0.305
0.085 -0.129 1.045 -4.153 -0.626 -0.107
0.085 -0.127 1.049 -4.122 -0.748 -0.046
0.076 -0.122 1.053 -4.382 -1.16 0.366
0.078 -0.121 1.042 -4.153 -1.282 0.244
0.083 -0.122 1.044 -4.656 -0.855 0.55
0.088 -0.114 1.033 -5.008 -0.641 0.58
0.087 -0.118 1.04 -5.908 -0.473 0.87
0.092 -0.124 1.055 -5.939 -0.595 0.916
0.096 -0.135 1.057 -5.389 -0.382 0.412
0.094 -0.14 1.069 -4.855 -0.351 -0.565
0.09 -0.136 1.072 -4.122 -1.359 -0.87
0.084 -0.132 1.068 -3.573 -2.336 -0.824
0.088 -0.129 1.052 -3.145 -2.947 -0.611
0.087 -0.125 1.03 -3.328 -3.023 -0.275
0.079 -0.125 1.025 -4.122 -2.595 0.26
0.087 -0.123 1.025 -5.511 -2.183 0.153
0.087 -0.119 1.036 -6.656 -2.046 0.412
0.102 -0.131 1.046 -7.221 -2.504 0.366
0.098 -0.135 1.069 -6.916 -2.901 0.107
0.106 -0.133 1.079 -6.382 -3.527 0.061
0.117 -0.136 1.062 -5.832 -3.344 -0.427
0.095 -0.136 1.074 -4.504 -3.145 -0.183
0.11 -0.129 1.061 -3.756 -1.664 -0.748
0.104 -0.129 1.056 -4.0 -2.504 -1.206
0.102 -0.121 1.041 -4.137 -1.954 -1.679
0.097 -0.125 1.044 -4.519 -1.71 -1.588
0.081 -0.127 1.042 -4.916 -1.588 -1.145
0.084 -0.123 1.055 -4.84 -0.733 -0.87
0.081 -0.134 1.058 -4.641 -1.16 -0.763
0.082 -0.128 1.053 -4.137 -1.588 -0.473
0.085 -0.128 1.043 -4.046 -2.565 -0.458
0.084 -0.125 1.042 -4.26 -2.412 -0.855
0.086 -0.123 1.028 -4.794 -2.565 -0.641
0.091 -0.125 1.034 -5.267 -1.71 -0.656