0.217 -0.067 1.062 -7.176 -0.977 1.511
0.22 -0.06 1.066 -6.427 -0.794 1.618
0.219 -0.068 1.07 -5.344 -1.282 1.344
0.228 -0.061 1.064 -4.718 -1.634 1.099
0.232 -0.062 1.054 -4.351 -2.015 0.198
0.234 -0.056 1.045 -4.275 -1.954 -0.443
0.225 -0.066 1.046 -4.336 -1.344 -1.359
0.216 -0.065 1.058 -4.214 -1.649 -1.267
0.216 -0.062 1.062 -3.802 -1.374 -0.916
0.21 -0.058 1.06 -3.42 -1.13 -0.565
0.221 -0.061 1.056 -2.687 -0.55 -0.672
0.217 -0.063 1.052 -1.786 -1.023 -0.87
0.216 -0.056 1.044 -1.313 -2.137 -1.176
0.219 -0.047 1.031 -1.649 -2.824 -1.496
0.213 -0.049 1.018 -2.137 -2.183 -1.481
0.209 -0.055 1.008 -3.359 -1.099 -1.206
0.208 -0.051 1.018 -5.099 -0.214 -0.397
0.209 -0.058 1.026 -6.168 0.229 0.656
0.215 -0.055 1.041 -6.58 0.702 0.855
0.215 -0.061 1.038 -6.443 0.626 0.748
0.212 -0.059 1.05 -5.527 -0.137 0.656
0.206 -0.052 1.044 -4.855 -0.504 -0.122
0.211 -0.054 1.031 -4.916 -1.511 -0.29
0.214 -0.055 1.035 -5.405 -2.076 -0.534
0.218 -0.056 1.035 -5.985 -2.092 -0.58
0.215 -0.06 1.05 -6.305 -1.908 -0.061
0.214 -0.068 1.058 -6.458 -1.405 0.321
0.219 -0.073 1.059 -6.061 -0.427 0.718
0.219 -0.075 1.069 -5.511 0.763 0.489
0.209 -0.078 1.07 -4.916 -0.168 0.458
0.216 -0.076 1.061 -3.969 -0.702 -0.015
0.218 -0.07 1.054 -3.695 -1.13 -0.718
0.208 -0.066 1.042 -3.328 -1.695 -0.901
0.218 -0.056 1.035 -3.679 -1.573 -1.237
0.21 -0.062 1.042 -3.924 -1.099 -1.16
0.209 -0.055 1.038 -4.458 -1.191 -0.489
0.198 -0.062 1.039 -4.794 -0.931 0.107
0.203 -0.065 1.043 -5.084 -1.053 0.687
0.206 -0.066 1.046 -4.931 -1.725 1.13
0.223 -0.067 1.042 -5.282 -2.244 1.008
0.22 -0.06 1.053 -5.389 -2.427 0.672
0.215 -0.056 1.04 -5.435 -2.992 0.55
0.222 -0.062 1.042 -5.618 -2.992 0.397
0.217 -0.063 1.052 -5.695 -2.443 0.122
0.228 -0.057 1.047 -5.176 -1.664 -0.244
0.218 -0.064 1.05 -4.809 -1.481 -0.29
0.224 -0.062 1.041 -4.626 -1.71 -0.626
0.212 -0.067 1.04 -4.855 -1.374 -0.595
0.212 -0.075 1.043 -5.191 -1.511 -0.29
0.213 -0.079 1.048 -5.481 -1.679 0.015
0.207 -0.069 1.049 -5.374 -1.817 0.366
0.206 -0.07 1.049 -4.962 -1.389 0.443
0.205 -0.059 1.049 -4.87 -1.588 0.382
0.219 -0.062 1.035 -4.809 -1.817 0.229
0.216 -0.061 1.032 -5.053 -2.046 -0.076
0.223 -0.056 1.037 -5.313 -1.695 0.061
0.229 -0.068 1.046 -5.511 -1.023 0.092
0.231 -0.07 1.046 -5.679 -0.672 0.534
0.225 -0.066 1.045 -5.191 -0.443 0.611
0.224 -0.075 1.057 -4.824 -0.656 0.336
0.225 -0.073 1.047 -4.29 -0.763 -0.275
0.217 -0.064 1.043 -4.076 -1.252 -0.87
0.21 -0.069 1.048 -3.71 -0.84 -1.115
0.21 -0.06 1.043 -3.924 -1.954 -0.992
0.211 -0.056 1.038 -4.26 -1.832 -0.733
0.212 -0.056 1.028 -5.115 -2.031 -0.137
0.214 -0.063 1.037 -5.908 -1.924 0.382
0.217 -0.067 1.044 -6.443 -1.176 0.366
0.225 -0.067 1.051 -6.366 -0.687 0.275
0.233 -0.069 1.061 -5.939 -0.061 0.168
0.222 -0.069 1.066 -5.023 0.183 -0.397
0.22 -0.076 1.069 -4.107 -0.092 -0.58
0.215 -0.07 1.065 -3.481 -0.641 -0.84
0.226 -0.067 1.052 -3.71 -1.099 -0.947
0.224 -0.06 1.042 -4.061 -1.115 -1.084
0.208 -0.063 1.042 -4.122 -1.466 -0.87
0.219 -0.064 1.046 -4.412 -1.511 -0.504
0.212 -0.064 1.032 -4.55 -1.435 -0.458
0.211 -0.063 1.032 -4.641 -1.756 -0.656
0.212 -0.066 1.042 -5.038 -1.893 -0.931
0.21 -0.064 1.044 -5.053 -1.954 -1.13
0.216 -0.068 1.044 -4.702 -0.855 -1.267
0.209 -0.061 1.051 -4.076 -0.595 -1.328
0.212 -0.062 1.051 -3.786 -0.901 -0.947
0.207 -0.061 1.036 -4.0 -1.13 -0.748
0.204 -0.058 1.032 -4.382 -1.573 -0.504
0.204 -0.063 1.022 -5.16 -1.802 -0.214
0.216 -0.062 1.031 -5.924 -1.985 0.198
0.214 -0.06 1.043 -6.565 -1.985 0.687
0.219 -0.063 1.044 -6.595 -1.832 0.824
0.219 -0.06 1.035 -6.519 -1.618 0.824
0.22 -0.062 1.057 -5.954 -1.817 0.244
0.218 -0.073 1.046 -5.115 -2.107 -0.229
0.209 -0.069 1.057 -4.595 -2.168 -0.962
0.218 -0.063 1.047 -4.29 -2.076 -0.977
0.215 -0.066 1.041 -4.519 -1.557 -1.176
0.215 -0.06 1.026 -4.824 -1.42 -0.885
0.202 -0.053 1.021 -5.466 -1.023 -0.443
0.206 -0.053 1.031 -6.061 -0.534 -0.168
0.205 -0.049 1.031 -6.565 -0.244 0.229
0.205 -0.048 1.04 -7.023 0.076 0.275
0.206 -0.041 1.04 -7.496 -0.214 0.412
0.215 -0.035 1.047 -7.695 -0.336 -0.107
0.199 -0.031 1.05 -7.939 -0.122 -0.504
0.191 -0.02 1.059 -7.344 -0.168 -0.336
0.185 -0.01 1.056 -6.687 0.26 -0.26
0.169 0.006 1.056 -6.473 0.397 0.29
0.153 0.025 1.062 -6.473 0.702 1.008
0.147 0.037 1.064 -6.702 1.206 2.519
0.133 0.054 1.062 -7.496 2.015 4.366
0.132 0.077 1.068 -8.031 3.252 6.565
0.132 0.1 1.083 -7.679 4.382 8.412
0.138 0.129 1.093 -7.237 3.847 9.588
0.139 0.169 1.09 -6.55 0.84 10.443
0.154 0.207 1.084 -6.885 -2.611 10.534
0.175 0.232 1.062 -7.405 -6.046 10.366
0.197 0.26 1.063 -8.824 -9.221 10.473
0.232 0.272 1.063 -10.183 -10.656 9.695
0.24 0.28 1.076 -11.405 -12.351 9.237
0.253 0.274 1.085 -12.412 -12.122 9.344
0.257 0.268 1.083 -13.023 -11.435 9.679
0.257 0.268 1.083 -12.794 -9.237 10.626
0.252 0.254 1.086 -13.008 -7.13 11.298
0.243 0.252 1.104 -12.809 -5.42 11.802
0.229 0.242 1.108 -12.443 -5.206 11.573
0.226 0.237 1.121 -10.901 -9.053 11.679
0.24 0.218 1.122 -9.191 -7.954 8.947
0.271 0.196 1.103 -8.656 -4.26 4.031
0.253 0.186 1.089 -11.069 -4.962 0.519
0.251 0.179 1.082 -13.771 -6.183 -2.885
0.254 0.164 1.062 -17.023 -7.573 -6.321
0.259 0.168 1.047 -21.084 -8.061 -9.206
0.28 0.146 1.04 -25.374 -6.641 -11.954
0.26 0.127 1.068 -28.458 -6.656 -13.802
0.257 0.115 1.074 -29.832 -4.153 -14.244
0.27 0.083 1.086 -29.939 0.443 -14.58
0.266 0.061 1.088 -29.42 4.641 -15.038
0.25 0.043 1.092 -27.527 8.26 -14.779
0.233 0.016 1.098 -24.58 11.038 -14.779
0.231 -0.006 1.091 -19.802 14.321 -14.885
0.133 0.054 1.111 -14.58 9.74 -12.336
0.277 -0.122 1.09 -18.779 -2.702 -15.328
0.249 -0.097 0.952 -14.855 -0.977 -18.382
0.259 -0.135 0.938 -13.725 -3.756 -19.878
0.185 -0.229 0.987 -9.359 -7.344 -17.389
0.168 -0.229 1.0 -7.099 -7.359 -15.099
0.227 -0.271 0.956 -1.481 -0.443 -12.397
0.246 -0.274 0.932 0.687 1.267 -10.015
0.178 -0.374 0.972 0.733 -6.489 -8.305
0.224 -0.4 0.882 4.107 -13.344 -5.038
0.282 -0.443 0.836 -0.809 -15.038 -4.336
0.288 -0.496 0.849 -5.618 -18.672 -3.435
0.246 -0.546 0.88 -6.779 -11.573 -2.321
0.311 -0.581 0.867 -16.641 -14.489 -4.626
0.313 -0.603 0.896 -20.107 -10.718 -6.916
0.359 -0.62 0.89 -24.977 -8.168 -12.519
0.36 -0.651 0.9 -28.427 -0.947 -20.305
0.331 -0.646 0.971 -30.824 -4.962 -27.023
0.291 -0.629 0.97 -32.137 -11.42 -31.359
0.246 -0.618 1.043 -33.603 -18.107 -33.695
0.271 -0.626 1.004 -37.771 -16.916 -36.763
0.211 -0.586 1.089 -38.107 -21.756 -33.71
0.223 -0.548 1.073 -34.031 -17.328 -31.939
0.208 -0.497 1.056 -30.733 -12.916 -27.145
0.231 -0.467 1.07 -27.252 -3.176 -22.534
0.248 -0.439 1.072 -21.588 7.573 -17.359
0.254 -0.403 1.053 -16.595 15.756 -12.107
0.281 -0.37 1.01 -12.137 21.939 -8.198
0.278 -0.337 0.996 -11.557 23.496 -5.115
0.309 -0.311 0.916 -13.191 24.626 -7.084
0.282 -0.281 0.907 -17.145 21.496 -8.992
0.256 -0.278 0.928 -21.13 18.168 -11.344
0.218 -0.271 0.977 -24.366 10.55 -11.359
0.197 -0.25 1.0 -24.992 4.901 -9.359
0.216 -0.261 1.039 -24.015 -1.099 -6.107
0.257 -0.25 1.06 -21.466 1.267 -4.443
0.28 -0.249 1.075 -16.901 8.031 -3.527
0.299 -0.232 1.079 -12.809 13.557 -3.481
0.296 -0.216 1.063 -9.13 14.84 -3.664
0.283 -0.203 1.049 -7.359 13.817 -4.977
0.258 -0.196 1.013 -7.298 9.053 -6.229
0.237 -0.19 1.003 -8.153 4.641 -6.351
0.227 -0.19 1.01 -9.099 2.427 -5.664
0.22 -0.196 1.007 -9.74 0.336 -4.214
0.212 -0.208 1.016 -10.092 0.412 -2.641
0.211 -0.213 1.026 -9.527 2.168 -1.42
0.206 -0.225 1.042 -8.214 3.237 0.351
0.212 -0.232 1.06 -6.198 5.328 1.115
0.226 -0.234 1.085 -4.321 5.298 1.847
0.249 -0.233 1.073 -2.84 6.214 1.74
0.248 -0.227 1.064 -1.634 6.534 0.885
0.239 -0.227 1.046 -0.718 5.817 1.099
0.24 -0.22 1.043 -0.076 4.305 0.351
0.222 -0.21 1.027 -0.031 1.634 0.427
0.223 -0.207 1.011 -0.962 -1.344 0.595
0.225 -0.203 0.994 -1.985 -2.305 0.519
0.222 -0.209 0.988 -3.176 -2.107 0.931
0.221 -0.203 0.991 -4.55 -1.191 1.588
0.224 -0.209 0.999 -5.298 0.855 2.458
0.243 -0.205 1.006 -5.588 4.519 2.824
0.245 -0.197 1.009 -4.885 8.046 2.763
0.247 -0.191 1.022 -4.168 9.267 2.137
0.235 -0.189 1.001 -4.26 8.931 1.038
0.231 -0.199 0.997 -4.824 5.45 -0.58
0.226 -0.188 0.995 -5.45 0.962 -2.275
0.216 -0.199 1.005 -6.198 -2.458 -3.618
0.212 -0.194 1.01 -6.962 -4.519 -3.832
0.215 -0.195 1.026 -7.099 -3.954 -3.45
0.211 -0.196 1.023 -7.221 -1.649 -3.237
0.209 -0.199 1.038 -6.794 0.092 -2.458
0.219 -0.2 1.029 -6.336 1.908 -2.29
0.218 -0.195 1.032 -5.679 2.076 -2.565
0.221 -0.199 1.02 -5.618 2.046 -3.191
0.211 -0.196 1.038 -5.756 2.137 -4.0
0.195 -0.196 1.031 -5.405 0.366 -3.679
0.188 -0.19 1.024 -5.45 -0.58 -3.435
0.189 -0.197 1.024 -5.74 -1.084 -2.534
0.184 -0.203 1.033 -6.107 -1.542 -1.603
0.188 -0.205 1.026 -5.832 -1.511 -0.458
0.194 -0.206 1.032 -5.771 -0.595 0.504
0.198 -0.213 1.04 -5.176 -0.107 1.038
0.204 -0.215 1.044 -4.519 0.626 0.901
0.195 -0.205 1.031 -3.725 0.519 0.748
0.193 -0.202 1.021 -3.618 -0.824 1.084
0.197 -0.204 1.014 -4.26 -1.527 1.145
0.198 -0.211 1.003 -4.885 -2.809 0.931
0.209 -0.21 1.031 -4.916 -2.687 0.29
0.216 -0.213 1.026 -5.023 -2.427 0.443
0.214 -0.208 1.028 -4.351 -1.985 0.641
0.215 -0.208 1.015 -4.229 -2.0 0.824
0.205 -0.209 1.017 -4.489 -2.183 0.931
0.207 -0.203 1.019 -5.069 -1.42 0.656
0.214 -0.201 1.017 -5.42 -1.42 0.748
0.201 -0.213 1.021 -5.71 -1.71 1.16
0.207 -0.211 1.017 -6.183 -1.863 1.298
0.209 -0.209 1.02 -6.656 -1.679 1.618
0.219 -0.208 1.041 -7.13 -1.115 1.679
0.217 -0.208 1.041 -6.519 -0.977 1.588
0.209 -0.206 1.043 -6.168 -1.954 1.878
0.211 -0.207 1.04 -6.015 -2.519 2.336
0.217 -0.21 1.04 -5.786 -2.183 1.969
0.223 -0.215 1.044 -5.252 -1.618 1.389
0.227 -0.219 1.045 -4.244 -1.328 0.656
0.214 -0.214 1.038 -3.679 -1.618 0.244
0.216 -0.216 1.032 -3.481 -1.924 0.443
0.202 -0.21 1.03 -3.603 -2.534 0.58
0.208 -0.213 1.032 -3.802 -3.45 0.901
0.209 -0.209 1.033 -3.557 -3.344 0.931
0.206 -0.211 1.043 -3.313 -3.466 1.359
0.21 -0.208 1.038 -3.176 -2.763 2.015
0.206 -0.214 1.04 -3.16 -3.023 2.672
0.225 -0.211 1.041 -3.511 -2.55 2.107
0.221 -0.215 1.034 -3.374 -2.305 1.542
0.223 -0.218 1.036 -3.725 -3.389 0.87
0.217 -0.214 1.036 -3.115 -3.282 0.947
0.208 -0.208 1.037 -3.023 -3.679 1.282
0.215 -0.207 1.028 -3.267 -3.786 1.206
0.215 -0.204 1.027 -3.008 -3.573 1.206
0.216 -0.206 1.01 -2.87 -2.168 0.855
0.212 -0.207 1.023 -2.611 -2.336 0.947
0.209 -0.208 1.015 -3.069 -2.84 0.962
0.216 -0.208 1.02 -3.389 -3.71 1.115
0.226 -0.209 1.022 -3.771 -3.481 0.84
0.228 -0.209 1.029 -3.206 -2.931 0.626
0.222 -0.207 1.04 -2.55 -2.473 0.916
0.22 -0.208 1.024 -1.71 -1.756 0.748
0.218 -0.203 1.017 -1.756 -2.122 0.748
0.209 -0.203 0.998 -2.107 -2.595 1.237
0.205 -0.196 0.988 -3.237 -3.221 1.603
0.211 -0.192 0.992 -4.473 -3.511 2.29
0.227 -0.202 1.018 -5.435 -3.038 2.672
0.237 -0.208 1.029 -5.664 -1.45 2.244
0.251 -0.208 1.034 -5.344 -0.397 1.344
0.245 -0.21 1.043 -4.473 -0.885 0.473
0.238 -0.209 1.04 -3.847 -1.771 -0.336
0.23 -0.209 1.031 -3.466 -1.863 -0.412
0.236 -0.2 1.032 -2.977 0.076 -0.397
0.234 -0.205 1.027 -2.718 2.351 -0.183
0.232 -0.204 1.022 -2.336 3.267 0.275
0.224 -0.198 1.005 -2.366 3.71 0.107
0.213 -0.203 1.015 -2.702 2.565 0.076
0.208 -0.199 0.997 -3.328 1.374 -0.305
0.208 -0.19 1.01 -4.198 0.336 -0.366
0.198 -0.199 1.007 -4.687 -0.885 0.122
0.211 -0.196 1.016 -4.84 -0.183 0.489
0.217 -0.202 1.018 -5.023 1.053 0.626
0.215 -0.202 1.02 -4.763 0.687 0.137
0.214 -0.204 1.021 -4.641 0.183 -0.137
0.216 -0.202 1.021 -4.718 -1.237 -0.382
0.214 -0.198 1.025 -4.763 -1.802 -1.16
0.221 -0.201 1.02 -5.069 -2.092 -1.16
0.22 -0.204 1.027 -5.176 -1.969 -1.481
0.214 -0.202 1.03 -5.191 -1.893 -1.42
0.212 -0.203 1.019 -5.282 -1.634 -1.16
0.21 -0.196 1.026 -5.191 -2.0 -0.962
0.206 -0.2 1.023 -5.313 -2.351 -0.718
0.219 -0.205 1.018 -5.573 -2.382 -0.519
0.219 -0.215 1.021 -5.221 -2.107 -0.519
0.219 -0.212 1.022 -5.084 -1.74 -0.733
0.222 -0.209 1.025 -4.855 -1.969 -0.931
0.21 -0.202 1.024 -4.947 -1.878 -1.221
0.201 -0.202 1.018 -4.992 -1.496 -1.084
0.203 -0.198 1.018 -5.542 -1.389 -0.763
0.21 -0.206 1.031 -5.771 -1.16 -0.427
0.212 -0.209 1.026 -5.893 -1.115 -0.076
0.21 -0.215 1.033 -6.046 -2.092 0.275
0.225 -0.21 1.042 -5.16 -2.061 -0.168
0.23 -0.214 1.048 -3.878 -1.954 -0.84
0.221 -0.209 1.041 -3.023 -3.16 -1.16
0.211 -0.2 1.027 -2.916 -3.557 -1.221
0.215 -0.205 1.021 -3.756 -3.435 -1.145
0.224 -0.21 1.016 -4.26 -2.55 -1.359
0.213 -0.205 1.014 -4.672 -1.893 -1.13
0.209 -0.205 1.016 -5.45 -1.649 -0.687
0.203 -0.208 1.02 -5.695 -1.557 0.122
0.219 -0.211 1.041 -5.389 -1.511 0.351
0.217 -0.211 1.043 -4.855 -1.16 -0.244
0.209 -0.221 1.047 -4.214 -1.649 -0.122
0.211 -0.21 1.034 -3.847 -2.397 -0.183
0.213 -0.207 1.036 -3.573 -3.313 -0.076
0.225 -0.211 1.024 -3.679 -2.885 -0.458
0.215 -0.208 1.023 -3.771 -2.534 -0.733
0.21 -0.206 1.021 -4.031 -2.137 -0.29
0.212 -0.194 1.01 -4.351 -1.573 0.107
0.209 -0.202 1.01 -5.115 -0.687 0.931
0.206 -0.209 1.011 -5.771 -0.122 0.931
0.214 -0.205 1.021 -5.42 -0.183 0.641
0.207 -0.21 1.037 -5.191 -1.13 0.275
0.212 -0.208 1.036 -5.099 -2.519 0.26
0.218 -0.208 1.03 -4.519 -2.122 0.855
0.23 -0.205 1.045 -4.153 -0.58 0.962
0.23 -0.203 1.03 -3.695 1.221 0.504
0.221 -0.208 1.021 -3.496 2.0 0.458
0.21 -0.201 1.014 -3.389 1.435 0.305
0.202 -0.206 1.018 -3.985 -0.55 0.275
0.206 -0.196 1.007 -5.008 -1.832 0.489
0.207 -0.206 1.0 -6.122 -2.214 0.336
0.205 -0.197 1.02 -6.58 -1.878 0.916
0.208 -0.205 1.03 -6.092 -1.878 1.389
0.212 -0.205 1.026 -5.496 -2.183 1.557
0.214 -0.206 1.035 -5.191 -3.084 1.481
0.221 -0.206 1.029 -5.74 -4.275 1.252
0.227 -0.209 1.029 -6.061 -4.641 0.672
0.23 -0.213 1.032 -5.893 -4.229 0.305
0.225 -0.218 1.038 -5.496 -4.168 0.366
0.227 -0.219 1.035 -5.328 -3.863 0.382
0.223 -0.21 1.042 -4.443 -2.733 0.351
0.229 -0.219 1.032 -3.649 -2.382 0.489
0.228 -0.21 1.031 -3.496 -1.878 0.336
0.216 -0.208 1.023 -3.634 -2.26 0.366
0.221 -0.205 1.024 -4.229 -2.076 0.29
0.221 -0.207 1.019 -4.718 -1.511 0.229
0.216 -0.206 1.026 -4.901 -1.328 -0.046
0.216 -0.209 1.018 -4.977 -1.069 -0.122
0.214 -0.199 1.015 -4.687 -1.557 0.137
0.217 -0.204 1.012 -4.565 -1.511 0.076
0.219 -0.205 1.009 -4.641 -1.618 0.489
0.214 -0.205 1.013 -4.656 -0.809 0.382
0.225 -0.208 1.027 -4.412 -0.534 0.336
0.22 -0.205 1.023 -4.427 -0.412 -0.076
0.227 -0.21 1.034 -4.443 -0.565 -0.397
0.22 -0.211 1.036 -4.458 -1.023 -0.748
0.217 -0.208 1.032 -4.427 -1.282 -0.626
0.222 -0.208 1.026 -4.458 -0.87 -0.565
0.219 -0.212 1.021 -4.519 -0.595 -0.443
0.216 -0.205 1.018 -4.809 -0.702 -0.031
0.222 -0.208 1.017 -5.191 -0.87 0.29
0.22 -0.205 1.024 -5.252 -0.504 0.504
0.212 -0.207 1.019 -5.267 -0.626 0.489
0.224 -0.209 1.016 -5.206 -0.794 0.229
0.227 -0.212 1.032 -5.191 -1.038 -0.061
0.228 -0.213 1.032 -4.977 -1.237 -0.137
0.233 -0.219 1.04 -4.687 -1.282 -0.595
0.224 -0.219 1.035 -4.763 -1.466 -0.916
0.22 -0.205 1.027 -4.519 -1.832 -0.931
0.225 -0.206 1.033 -4.458 -1.756 -0.962
0.226 -0.21 1.04 -4.29 -1.496 -0.916
0.225 -0.213 1.038 -4.519 -1.252 -0.794
0.225 -0.215 1.026 -4.55 -0.992 -0.794
0.229 -0.211 1.031 -4.672 -0.656 -0.84
0.219 -0.218 1.031 -4.305 -0.458 -0.931
0.223 -0.219 1.024 -3.939 -0.351 -1.008
0.214 -0.209 1.012 -3.969 -1.053 -1.115
0.211 -0.203 1.01 -4.275 -1.71 -0.947
0.218 -0.204 0.997 -4.947 -1.817 -0.901
0.204 -0.208 1.006 -5.542 -1.511 -0.626
0.211 -0.2 1.011 -5.771 -0.595 -0.122
0.217 -0.206 1.023 -5.893 0.397 -0.061
0.211 -0.208 1.027 -5.634 0.748 0.092
0.214 -0.21 1.031 -5.145 0.489 -0.137
0.211 -0.212 1.029 -4.58 -0.611 -0.412
0.224 -0.211 1.027 -4.702 -1.771 -0.855
0.22 -0.207 1.026 -4.885 -2.611 -0.824
0.216 -0.217 1.023 -4.901 -2.931 -0.763
0.215 -0.214 1.025 -4.885 -2.183 -0.779
0.213 -0.207 1.027 -4.947 -1.756 -0.366
0.221 -0.206 1.017 -4.733 -1.115 -0.153
0.21 -0.209 1.016 -4.489 -0.885 -0.107
0.209 -0.207 1.022 -4.656 -1.069 0.107
0.214 -0.216 1.025 -5.084 -0.031 -0.382