0.179 0.0 1.082 -6.641 -1.221 -0.412
0.187 0.003 1.065 -6.153 -2.489 -0.611
0.192 -0.01 1.05 -6.595 -5.282 -1.939
0.188 -0.015 1.054 -7.267 -8.183 -3.649
0.175 -0.027 1.075 -7.588 -9.053 -4.397
0.167 -0.03 1.079 -6.87 -9.008 -4.412
0.162 -0.032 1.073 -5.771 -8.656 -4.122
0.161 -0.028 1.067 -3.969 -8.137 -3.756
0.16 -0.028 1.046 -5.267 -8.275 -2.962
0.151 -0.024 1.047 -6.046 -8.534 -1.771
0.155 -0.026 1.047 -7.206 -7.954 -0.122
0.165 -0.023 1.052 -7.756 -6.397 1.45
0.178 -0.02 1.057 -7.374 -4.947 3.313
0.205 0.028 1.104 -4.351 -4.84 4.305
0.243 0.003 1.043 -6.076 -6.015 3.084
0.235 0.009 1.047 -4.443 -6.473 0.794
0.246 0.007 1.032 -3.847 -7.221 -0.992
0.238 0.01 1.021 -3.71 -7.557 -2.29
0.227 0.012 1.016 -3.893 -8.26 -2.779
0.217 0.005 1.008 -5.099 -8.107 -2.748
0.22 0.004 0.999 -6.244 -7.511 -2.214
0.219 0.004 1.009 -7.573 -6.198 -1.252
0.206 0.01 1.015 -9.023 -5.588 0.137
0.22 0.005 1.015 -10.443 -4.794 1.099
0.226 0.009 1.01 -11.771 -3.038 0.748
0.223 0.003 1.016 -13.344 -3.511 0.58
0.224 0.006 1.048 -14.0 -2.87 -0.58
0.213 0.003 1.057 -14.366 -3.618 -0.809
0.203 -0.006 1.061 -13.771 -4.519 -0.687
0.212 -0.014 1.066 -13.649 -5.603 -0.519
0.21 -0.016 1.07 -13.588 -6.168 -0.336
0.207 -0.018 1.078 -13.237 -6.718 -0.122
0.217 -0.033 1.092 -12.366 -5.313 -0.351
0.205 -0.026 1.089 -11.206 -4.809 -0.305
0.204 -0.029 1.097 -9.863 -5.267 1.206
0.219 -0.032 1.077 -8.443 -3.985 0.534
0.219 -0.025 1.066 -7.374 -4.733 0.84
0.21 -0.018 1.041 -6.916 -5.588 0.901
0.219 -0.005 1.03 -7.725 -6.137 0.58
0.208 -0.009 1.035 -8.519 -5.542 1.359
0.206 -0.006 1.032 -8.962 -5.313 2.305
0.229 -0.016 1.025 -8.076 -3.176 1.756
0.252 -0.024 1.036 -10.137 -4.718 4.153
0.269 -0.033 1.064 -9.985 -4.366 3.221
0.278 -0.026 1.067 -9.084 -4.595 2.214
0.281 -0.036 1.066 -7.573 -4.443 0.626
0.288 -0.03 1.042 -6.183 -4.595 -1.511
0.259 -0.035 1.044 -4.397 -6.977 -1.832
0.189 -0.066 1.06 -3.985 -10.153 -5.069
0.271 -0.034 1.027 -6.183 -6.992 -5.618
0.24 -0.033 1.028 -6.427 -4.992 -6.183
0.245 -0.032 1.026 -5.679 -2.718 -6.458
0.236 -0.041 1.04 -5.374 -1.573 -5.878
0.224 -0.032 1.026 -4.855 -0.947 -5.466
0.218 -0.025 1.02 -4.87 -0.763 -4.947
0.218 -0.02 1.003 -5.908 -0.351 -4.84
0.211 -0.022 1.004 -7.466 -1.038 -4.366
0.207 -0.02 1.008 -9.13 -1.939 -4.076
0.214 -0.019 1.017 -10.412 -2.977 -3.374
0.223 -0.023 1.038 -11.298 -2.962 -2.992
0.23 -0.025 1.049 -11.038 -1.328 -2.641
0.205 -0.035 1.063 -10.366 -1.405 -2.305
0.21 -0.044 1.07 -9.45 -2.092 -1.405
0.21 -0.049 1.068 -8.58 -1.893 -1.115
0.214 -0.062 1.085 -7.389 -1.588 -1.099
0.217 -0.057 1.077 -6.0 -1.939 -1.664
0.222 -0.056 1.078 -5.13 -2.992 -2.0
0.227 -0.058 1.056 -4.397 -3.115 -1.893
0.232 -0.044 1.055 -4.198 -2.366 -1.664
0.235 -0.032 1.044 -3.725 -1.618 -0.977
0.24 -0.029 1.025 -4.275 -0.443 -0.992
0.232 -0.017 1.013 -5.511 -1.282 -1.221
0.225 -0.007 1.01 -7.099 -2.427 -1.42
0.219 0.001 1.01 -8.656 -3.328 -0.931
0.217 -0.007 1.024 -10.244 -3.969 -0.412
0.223 -0.007 1.031 -11.053 -3.756 0.427
0.199 -0.017 1.052 -11.893 -4.87 1.878
0.24 -0.009 1.058 -11.71 -2.611 1.756
0.218 -0.017 1.066 -12.275 -3.435 2.916
0.253 -0.025 1.078 -12.122 -1.206 2.84
0.25 -0.036 1.081 -12.107 -0.336 3.573
0.25 -0.038 1.097 -11.527 0.534 3.282
0.251 -0.044 1.092 -10.565 -0.198 2.809
0.243 -0.036 1.091 -9.176 -1.511 2.076
0.243 -0.041 1.066 -7.756 -2.107 1.237
0.229 -0.042 1.058 -6.58 -2.947 0.779
0.218 -0.036 1.034 -6.29 -3.237 1.435
0.216 -0.052 1.028 -6.656 -3.069 2.443
0.211 -0.052 1.028 -6.611 -1.985 3.557
0.208 -0.067 1.033 -6.55 -1.038 4.366
0.202 -0.07 1.034 -5.557 -1.466 5.176
0.198 -0.075 1.024 -4.534 -1.878 5.863
0.207 -0.074 1.012 -4.137 -2.321 5.847
0.208 -0.075 0.986 -4.0 -2.153 5.405
0.21 -0.073 0.979 -4.55 -1.16 5.573
0.226 -0.073 0.969 -5.313 0.443 5.985
0.243 -0.058 0.967 -6.58 3.634 5.832
0.249 -0.068 0.981 -7.527 5.908 5.924
0.254 -0.053 0.978 -8.412 7.695 5.679
0.273 -0.059 0.998 -8.992 9.191 4.794
0.273 -0.062 0.99 -9.756 9.496 4.061
0.26 -0.055 0.998 -10.443 9.542 2.672
0.251 -0.05 1.01 -11.237 9.511 1.695
0.246 -0.048 1.014 -12.183 9.466 1.71
0.235 -0.042 1.026 -13.191 9.359 1.16
0.24 -0.044 1.042 -13.16 9.115 1.282
0.233 -0.034 1.054 -13.267 9.817 0.473
0.229 -0.038 1.055 -12.718 9.771 0.092
0.218 -0.046 1.069 -12.321 8.672 0.153
0.23 -0.043 1.077 -11.786 7.191 0.107
0.233 -0.058 1.078 -12.122 6.26 0.046
0.234 -0.07 1.087 -12.321 5.588 -0.626
0.226 -0.078 1.112 -12.229 3.176 -0.992
0.221 -0.097 1.126 -10.992 2.321 -1.435
0.211 -0.105 1.137 -8.855 0.992 -1.771
0.213 -0.118 1.128 -6.656 -0.168 -2.473
0.206 -0.122 1.126 -4.87 -1.939 -3.466
0.206 -0.127 1.106 -3.603 -3.282 -4.275
0.208 -0.123 1.115 -2.672 -4.122 -4.214
0.206 -0.117 1.097 -1.679 -3.435 -3.954
0.206 -0.11 1.094 -0.321 -2.031 -3.176
0.207 -0.11 1.062 0.336 -0.534 -2.366
0.197 -0.1 1.044 0.443 0.397 -1.786
0.184 -0.097 1.031 -0.84 -0.107 -1.389
0.182 -0.09 1.017 -2.473 -0.626 -1.084
0.178 -0.087 1.004 -3.695 -1.145 -1.206
0.192 -0.087 1.009 -5.13 -2.046 -1.16
0.196 -0.09 1.029 -5.817 -3.084 -1.069
0.204 -0.09 1.029 -5.817 -3.115 -1.008
0.218 -0.087 1.034 -5.985 -2.611 -0.55
0.214 -0.086 1.044 -5.908 -1.389 -0.061
0.211 -0.083 1.03 -5.969 -3.603 2.336
0.216 -0.066 1.059 -6.305 0.092 1.115
0.216 -0.074 1.029 -6.977 -0.718 1.16
0.236 -0.076 1.049 -7.42 -0.366 0.641
0.232 -0.067 1.048 -7.664 -0.824 -0.794
0.218 -0.046 1.06 -7.282 -2.153 -1.985
0.208 -0.033 1.071 -6.29 -2.336 -3.13
0.196 -0.011 1.074 -5.237 -3.252 -3.313
0.185 0.005 1.06 -4.84 -2.809 -3.313
0.174 0.02 1.044 -5.313 -3.344 -3.176
0.184 0.028 1.043 -6.595 -4.336 -3.13
0.179 0.033 1.06 -7.588 -4.779 -2.885
0.18 0.039 1.071 -8.198 -4.489 -1.496
0.178 0.054 1.091 -8.031 -4.137 0.305
0.179 0.077 1.11 -7.405 -2.687 1.603
0.175 0.118 1.121 -7.313 -1.573 2.977
0.163 0.156 1.12 -7.267 -0.748 5.023
0.164 0.2 1.113 -6.824 1.328 6.901
0.159 0.228 1.109 -6.412 3.16 9.298
0.175 0.228 1.093 -6.046 4.489 11.176
0.173 0.23 1.067 -7.008 4.275 12.443
0.18 0.222 1.056 -8.84 2.687 13.71
0.191 0.224 1.053 -10.214 1.557 14.947
0.203 0.23 1.054 -12.015 0.855 15.511
0.2 0.219 1.049 -13.115 -0.061 16.275
0.201 0.213 1.062 -14.198 -1.252 17.664
0.249 0.208 1.035 -15.511 -1.954 17.954
0.231 0.183 1.065 -17.328 0.794 15.71
0.243 0.173 1.079 -18.336 0.412 13.878
0.249 0.15 1.109 -17.725 -0.458 11.344
0.27 0.14 1.115 -16.26 -1.649 7.603
0.267 0.123 1.112 -15.603 -2.809 3.588
0.255 0.107 1.09 -15.176 -4.076 0.641
0.245 0.087 1.08 -15.053 -3.221 -1.634
0.227 0.046 1.081 -15.42 -1.252 -2.977
0.207 0.021 1.083 -15.45 1.069 -4.0
0.193 -0.008 1.068 -16.015 3.481 -4.305
0.175 -0.018 1.083 -17.053 4.656 -4.855
0.153 -0.03 1.099 -16.733 5.908 -3.71
0.175 -0.048 1.115 -14.718 8.748 -3.099
0.182 -0.061 1.11 -13.649 9.817 -4.305
0.189 -0.064 1.096 -13.176 8.046 -6.809
0.208 -0.074 1.096 -12.321 5.695 -10.336
0.227 -0.082 1.075 -12.794 2.275 -15.298
0.227 -0.094 1.081 -13.084 -0.351 -19.42
0.209 -0.103 1.073 -11.557 -2.29 -21.802
0.185 -0.126 1.05 -12.137 1.099 -22.153
0.19 -0.232 1.034 -10.183 5.252 -19.695
0.126 -0.197 1.059 -14.183 3.756 -17.344
0.181 -0.229 1.086 -13.954 5.695 -16.687
0.135 -0.239 1.109 -14.473 6.107 -14.427
0.2 -0.186 1.049 -15.847 9.252 -16.611
0.253 -0.235 1.032 -12.305 12.229 -17.756
0.202 -0.269 1.133 -15.344 14.779 -19.878
0.249 -0.303 1.026 -12.122 10.214 -23.237
0.15 -0.253 1.145 -11.145 7.389 -22.611
0.188 -0.316 1.018 -8.321 4.855 -22.779
0.195 -0.332 1.01 -10.947 -0.916 -22.55
0.208 -0.302 0.966 -12.794 2.031 -23.603
0.188 -0.29 0.992 -12.015 1.16 -22.015
0.184 -0.288 0.981 -11.679 0.641 -21.038
0.169 -0.3 1.002 -10.672 0.244 -19.13
0.163 -0.304 0.995 -9.771 0.87 -17.511
0.178 -0.3 0.987 -7.527 1.878 -16.779
0.185 -0.307 0.995 -5.756 3.252 -18.489
0.2 -0.316 0.99 -4.733 2.489 -19.618
0.209 -0.323 0.988 -0.366 -2.076 -20.366
0.221 -0.329 0.979 3.267 -5.023 -21.817
0.185 -0.33 0.991 5.496 -11.176 -22.656
0.219 -0.301 0.985 6.84 -21.298 -19.206
0.229 -0.292 0.934 9.832 -16.382 -21.481
0.18 -0.267 0.947 11.969 -20.962 -18.336
0.225 -0.281 0.958 12.458 -22.229 -15.069
0.25 -0.295 0.942 14.183 -20.626 -12.183
0.29 -0.313 0.931 14.229 -17.389 -9.954
0.303 -0.309 0.942 15.878 -8.809 -8.137
0.363 -0.292 0.917 11.74 -5.71 -8.26
0.368 -0.261 0.902 8.122 -3.389 -11.435
0.367 -0.249 0.898 4.641 -3.573 -17.573
0.357 -0.251 0.91 0.718 -10.443 -23.206
0.288 -0.238 0.922 -5.374 -18.977 -27.191
0.31 -0.274 0.935 -10.534 -22.198 -29.237
0.311 -0.279 0.954 -14.321 -15.573 -28.992
0.296 -0.267 0.972 -16.595 -5.13 -25.374
0.262 -0.268 0.973 -18.458 9.389 -21.13
0.225 -0.276 0.985 -18.351 23.298 -16.397
0.183 -0.268 0.984 -18.55 31.282 -11.084
0.168 -0.256 0.968 -18.992 35.954 -6.046
0.167 -0.252 0.964 -19.511 37.802 -2.595
0.166 -0.241 0.975 -20.305 34.718 -1.893
0.17 -0.233 1.001 -20.58 28.489 -3.771
0.173 -0.239 1.026 -20.046 19.649 -6.931
0.16 -0.226 1.039 -19.252 10.702 -9.649
0.147 -0.212 1.057 -17.847 2.885 -10.962
0.153 -0.198 1.09 -16.351 0.672 -10.748
0.142 -0.208 1.108 -12.107 -3.053 -7.237
0.164 -0.194 1.107 -9.527 -2.641 -4.275
0.189 -0.189 1.102 -7.038 -2.412 -2.519
0.193 -0.184 1.086 -5.817 -3.328 -0.947
0.198 -0.175 1.072 -5.756 -4.061 -0.58
0.198 -0.167 1.07 -5.924 -4.061 -0.397
0.191 -0.153 1.057 -6.473 -2.992 -0.015
0.178 -0.156 1.059 -6.595 -1.832 0.824
0.18 -0.156 1.068 -6.092 -0.504 1.695
0.179 -0.14 1.056 -5.542 0.168 3.389
0.195 -0.14 1.059 -4.626 1.695 3.359
0.196 -0.139 1.064 -3.664 1.969 3.115
0.202 -0.137 1.062 -3.115 0.656 2.061
0.198 -0.141 1.063 -2.885 -1.756 1.099
0.196 -0.135 1.052 -2.733 -4.382 0.397
0.21 -0.131 1.039 -3.298 -6.183 -0.244
0.214 -0.125 1.034 -4.763 -6.107 -0.489
0.225 -0.125 1.035 -6.29 -4.687 -0.84
0.22 -0.135 1.051 -7.176 -2.534 -1.206
0.211 -0.14 1.052 -7.16 -0.916 -1.481
0.201 -0.143 1.065 -7.252 -0.626 -1.649
0.177 -0.142 1.073 -7.206 -1.267 -1.359
0.187 -0.143 1.086 -6.153 -0.916 -1.221
0.192 -0.144 1.072 -4.275 -0.733 -1.374
0.193 -0.148 1.06 -3.969 -1.374 -1.527
0.18 -0.149 1.049 -4.351 -2.748 -2.031
0.175 -0.138 1.045 -5.023 -4.656 -1.71
0.186 -0.15 1.047 -5.496 -5.145 -1.786
0.179 -0.146 1.052 -5.985 -4.336 -1.985
0.179 -0.152 1.061 -5.863 -4.351 -1.817
0.174 -0.155 1.062 -4.931 -4.015 -0.87
0.188 -0.155 1.056 -4.336 -2.198 -0.809
0.184 -0.15 1.061 -3.771 -1.328 -0.763
0.182 -0.144 1.054 -3.008 -1.069 -0.641
0.184 -0.143 1.035 -2.885 -1.695 -0.901
0.174 -0.138 1.031 -3.374 -2.748 -0.748
0.177 -0.135 1.032 -3.924 -3.176 -0.321
0.181 -0.14 1.028 -4.198 -3.145 0.198
0.19 -0.137 1.029 -4.244 -1.954 0.168
0.185 -0.139 1.044 -4.336 -1.939 0.153
0.185 -0.139 1.043 -4.031 -2.076 -0.107
0.171 -0.135 1.03 -3.511 -3.344 0.0
0.182 -0.131 1.031 -3.542 -5.053 -0.198
0.179 -0.125 1.026 -4.015 -6.244 -0.305
0.172 -0.127 1.031 -4.687 -6.519 0.061
0.179 -0.129 1.038 -5.206 -6.183 0.855
0.178 -0.127 1.034 -5.313 -5.771 1.389
0.188 -0.128 1.037 -5.344 -5.221 1.878
0.194 -0.131 1.03 -5.176 -5.557 2.214
0.203 -0.137 1.035 -5.191 -5.405 2.092
0.224 -0.136 1.029 -5.252 -3.832 1.679
0.221 -0.139 1.045 -5.313 -2.672 0.962
0.223 -0.14 1.043 -4.84 -1.756 0.366
0.214 -0.142 1.036 -4.489 -2.229 0.092
0.202 -0.138 1.038 -4.336 -2.87 -0.214
0.197 -0.137 1.027 -4.656 -3.74 0.0
0.193 -0.141 1.018 -5.328 -4.046 0.351
0.189 -0.142 1.02 -5.588 -3.756 0.931
0.199 -0.144 1.031 -6.137 -3.435 1.389
0.213 -0.154 1.038 -6.107 -2.458 1.176
0.212 -0.156 1.053 -5.679 -2.595 1.191
0.215 -0.149 1.054 -4.656 -2.397 0.504
0.205 -0.144 1.056 -3.954 -3.298 -0.031
0.21 -0.147 1.044 -3.771 -3.389 -0.168
0.202 -0.137 1.037 -3.802 -3.679 -0.046
0.205 -0.141 1.031 -3.802 -3.695 -0.107
0.207 -0.151 1.031 -4.473 -3.511 0.458
0.202 -0.142 1.032 -4.84 -3.176 0.809
0.2 -0.138 1.038 -4.733 -2.687 1.099
0.2 -0.139 1.041 -4.611 -2.015 1.481
0.206 -0.133 1.03 -4.855 -0.534 1.267
0.212 -0.136 1.042 -4.992 -0.351 1.145
0.213 -0.138 1.04 -5.176 -0.855 0.718
0.211 -0.144 1.05 -5.344 -1.969 0.107
0.21 -0.151 1.059 -5.069 -2.519 0.122
0.216 -0.147 1.065 -4.702 -1.939 -0.031
0.211 -0.143 1.068 -3.878 -0.977 0.107
0.204 -0.135 1.059 -3.389 0.198 0.397
0.203 -0.141 1.052 -2.87 0.916 0.458
0.198 -0.142 1.04 -2.626 0.733 0.198
0.193 -0.141 1.029 -2.84 -0.305 0.183
0.191 -0.134 1.018 -3.664 -1.695 0.29
0.202 -0.139 1.028 -4.275 -2.458 0.427
0.202 -0.143 1.047 -4.809 -2.748 0.504
0.206 -0.139 1.041 -4.672 -3.053 0.626
0.197 -0.137 1.045 -4.397 -3.282 0.977
0.205 -0.139 1.047 -4.321 -3.191 1.282
0.205 -0.142 1.052 -4.641 -2.916 1.527
0.218 -0.146 1.042 -4.748 -2.84 1.466
0.209 -0.148 1.047 -4.55 -2.366 1.786
0.219 -0.15 1.061 -3.664 -1.45 1.206
0.223 -0.143 1.058 -2.809 -1.282 0.718
0.208 -0.147 1.048 -2.244 -2.29 0.473
0.206 -0.143 1.028 -2.122 -2.84 0.519
0.209 -0.138 1.023 -2.595 -2.824 0.443
0.205 -0.143 1.028 -3.191 -2.855 0.687
0.213 -0.139 1.029 -3.817 -2.198 0.901
0.221 -0.142 1.039 -4.275 -1.023 0.489
0.22 -0.144 1.036 -4.153 -1.252 0.55
0.219 -0.136 1.037 -4.092 -1.603 0.351
0.209 -0.135 1.03 -4.122 -2.611 0.519
0.216 -0.138 1.032 -3.893 -2.855 0.55
0.211 -0.14 1.041 -3.511 -1.802 0.489
0.217 -0.142 1.032 -4.29 -1.863 0.885
0.219 -0.142 1.039 -4.55 -1.649 0.916
0.221 -0.149 1.04 -4.473 -1.42 0.534
0.225 -0.139 1.04 -4.443 -0.962 -0.061
0.218 -0.145 1.035 -4.26 -1.176 -0.061
0.208 -0.137 1.042 -4.275 -1.771 -0.183
0.218 -0.142 1.041 -4.153 -3.053 0.214
0.222 -0.138 1.036 -4.229 -3.618 -0.061
0.217 -0.14 1.033 -4.809 -3.908 -0.168
0.219 -0.143 1.031 -5.252 -3.16 -0.275
0.224 -0.141 1.043 -5.557 -2.153 -0.504
0.22 -0.14 1.042 -5.45 -1.45 -0.534
0.211 -0.135 1.031 -5.45 -1.389 -0.351
0.204 -0.129 1.041 -5.588 -1.985 -0.26
0.213 -0.132 1.031 -6.275 -2.26 -0.153
0.205 -0.145 1.037 -6.321 -1.924 -0.565
0.218 -0.146 1.046 -5.756 -1.71 -0.458
0.218 -0.143 1.061 -5.237 -1.527 -0.748
0.208 -0.145 1.064 -4.0 -1.649 -0.916
0.214 -0.139 1.048 -3.359 -2.595 -1.115
0.214 -0.139 1.035 -3.542 -3.16 -1.481
0.206 -0.136 1.022 -4.137 -3.267 -1.084
0.211 -0.141 1.033 -4.687 -2.412 -0.733
0.208 -0.139 1.029 -4.84 -1.756 -0.489
0.211 -0.143 1.031 -4.489 -1.71 -0.748
0.203 -0.134 1.023 -4.351 -1.924 -0.748
0.204 -0.138 1.018 -4.611 -1.908 -1.038
0.204 -0.139 1.013 -5.13 -2.168 -0.809
0.212 -0.135 1.01 -6.061 -2.076 -0.504
0.21 -0.13 1.018 -7.145 -1.725 -0.58
0.22 -0.134 1.021 -7.985 -1.573 -0.443
0.217 -0.143 1.04 -8.153 -1.771 -0.519
0.223 -0.141 1.052 -7.893 -2.412 -0.443
0.22 -0.152 1.043 -7.374 -2.351 -0.641
0.215 -0.145 1.059 -6.901 -2.489 -0.672
0.219 -0.147 1.058 -5.939 -2.183 -0.458
0.209 -0.146 1.052 -5.191 -1.389 -0.565
0.213 -0.15 1.036 -4.748 -0.977 -0.214
0.21 -0.147 1.037 -4.29 -0.733 -0.382
0.208 -0.151 1.034 -4.504 -1.328 -0.229
0.21 -0.146 1.029 -4.641 -1.634 -0.092
0.204 -0.143 1.036 -4.87 -1.832 -0.107
0.207 -0.144 1.034 -4.962 -1.786 0.137
0.206 -0.136 1.022 -4.947 -1.878 0.412
0.216 -0.141 1.013 -5.405 -2.412 0.305
0.22 -0.145 1.017 -5.908 -2.229 -0.031
0.212 -0.145 1.016 -6.26 -1.786 0.26
0.208 -0.148 1.017 -6.763 -1.893 0.397
0.208 -0.146 1.034 -6.733 -0.977 0.733
0.21 -0.155 1.042 -6.29 0.244 0.87
0.206 -0.157 1.046 -5.618 1.405 1.298
0.2 -0.156 1.042 -5.008 1.542 1.954
0.203 -0.151 1.036 -5.069 1.573 2.122
0.198 -0.156 1.033 -5.191 1.42 2.29
0.213 -0.152 1.036 -5.527 1.298 2.076
0.207 -0.149 1.035 -5.481 1.084 2.015
0.211 -0.148 1.035 -5.45 0.183 1.863
0.212 -0.146 1.036 -5.649 -0.824 1.405
0.209 -0.131 1.029 -6.076 -1.802 1.267
0.215 -0.135 1.041 -6.55 -2.412 1.176
0.226 -0.148 1.04 -6.901 -2.122 1.145
0.232 -0.151 1.054 -6.931 -1.496 1.023
0.235 -0.159 1.067 -6.473 -0.962 0.763
0.23 -0.151 1.058 -5.725 -1.252 -0.061
0.232 -0.158 1.05 -5.16 -1.939 -0.489
0.222 -0.162 1.07 -4.595 -1.908 -0.916
0.217 -0.151 1.047 -4.137 -1.924 -0.687
0.216 -0.152 1.057 -3.771 -1.267 -0.489
0.219 -0.159 1.048 -3.527 -0.55 -0.733
0.205 -0.158 1.037 -3.511 -0.885 -0.534
0.211 -0.159 1.034 -3.481 -1.573 -0.153