0.267 0.087 1.041 -4.29 -1.405 0.214
0.271 0.093 1.034 -4.656 -1.939 0.122
0.268 0.095 1.036 -5.206 -3.481 -0.183
0.273 0.086 1.023 -4.885 -3.893 -1.237
0.276 0.085 1.029 -4.504 -3.588 -1.527
0.267 0.089 1.036 -4.763 -3.786 -1.45
0.265 0.088 1.018 -4.55 -3.389 -1.16
0.266 0.088 1.017 -5.542 -3.817 -0.992
0.258 0.093 1.011 -6.58 -3.893 -0.595
0.268 0.096 1.001 -7.679 -2.656 -0.611
0.269 0.091 1.008 -8.122 -1.847 0.046
0.259 0.095 1.021 -8.748 -1.282 -0.076
0.264 0.084 1.026 -8.855 -1.802 0.214
0.258 0.083 1.028 -8.702 -3.008 0.504
0.268 0.081 1.019 -8.107 -4.29 0.168
0.26 0.073 1.025 -8.076 -4.397 -0.061
0.271 0.071 1.027 -7.863 -3.573 0.229
0.278 0.071 1.025 -7.893 -0.244 -0.107
0.274 0.064 1.036 -8.122 0.519 0.611
0.275 0.067 1.029 -8.366 1.008 0.183
0.267 0.061 1.047 -8.412 -0.046 -0.305
0.277 0.062 1.051 -8.397 -1.237 -0.931
0.283 0.058 1.058 -7.817 -0.992 -1.527
0.269 0.068 1.058 -7.008 -1.282 -1.313
0.274 0.063 1.062 -5.74 -0.855 -1.237
0.263 0.061 1.049 -5.023 -0.473 -1.481
0.276 0.066 1.035 -4.687 -1.267 -1.985
0.26 0.066 1.044 -4.763 -1.618 -2.504
0.256 0.077 1.022 -4.565 -2.107 -2.397
0.26 0.084 1.03 -4.656 -0.779 -2.244
0.266 0.084 1.026 -4.992 -0.229 -2.107
0.27 0.087 1.029 -5.328 -0.382 -1.588
0.261 0.086 1.036 -5.527 -0.534 -1.405
0.267 0.086 1.037 -5.267 -0.611 -1.328
0.271 0.088 1.042 -5.008 -0.809 -1.344
0.268 0.082 1.052 -4.244 -1.069 -1.618
0.265 0.082 1.041 -3.786 -1.038 -1.969
0.27 0.092 1.028 -3.557 -1.298 -2.351
0.257 0.085 1.031 -4.061 -1.374 -2.427
0.256 0.09 1.033 -4.489 0.107 -2.153
0.263 0.092 1.032 -4.916 1.282 -1.466
0.259 0.092 1.048 -5.145 1.359 -1.084
0.263 0.092 1.039 -5.221 1.557 -1.023
0.264 0.086 1.057 -5.298 0.733 -0.885
0.261 0.085 1.044 -5.206 -0.718 -0.427
0.261 0.083 1.046 -5.42 -1.481 -0.275
0.269 0.083 1.044 -6.076 -2.718 -0.26
0.276 0.094 1.052 -6.794 -2.687 -0.473
0.273 0.101 1.066 -7.206 -1.695 -0.397
0.269 0.116 1.075 -7.374 -0.046 -0.427
0.249 0.129 1.076 -7.313 1.252 -0.687
0.242 0.131 1.083 -7.603 3.237 -0.718
0.226 0.141 1.094 -7.435 2.702 0.107
0.216 0.149 1.1 -6.885 3.344 1.084
0.235 0.15 1.1 -6.137 2.489 2.275
0.232 0.159 1.091 -5.267 2.183 3.115
0.251 0.162 1.077 -4.977 0.244 3.71
0.272 0.181 1.057 -4.962 -0.885 3.069
0.28 0.199 1.048 -5.573 -3.252 2.947
0.288 0.239 1.037 -6.534 -3.237 2.229
0.281 0.271 1.025 -8.519 -2.55 2.397
0.288 0.289 1.006 -10.565 -1.206 3.328
0.304 0.311 0.993 -13.603 0.916 3.74
0.304 0.32 1.002 -17.145 2.672 5.084
0.324 0.303 1.014 -20.198 6.214 6.336
0.334 0.299 1.037 -22.29 10.733 7.786
0.346 0.302 1.047 -23.588 13.878 8.748
0.359 0.308 1.063 -24.473 18.443 6.565
0.318 0.312 1.099 -22.855 10.687 5.649
0.346 0.318 1.103 -23.466 13.084 3.924
0.324 0.307 1.174 -22.229 9.328 3.42
0.311 0.312 1.13 -20.412 10.534 2.687
0.282 0.305 1.11 -20.0 12.84 2.55
0.259 0.298 1.107 -21.191 18.366 2.885
0.244 0.293 1.113 -21.985 25.099 4.489
0.234 0.27 1.116 -22.489 32.366 5.603
0.202 0.256 1.133 -21.939 36.977 6.321
0.167 0.228 1.131 -21.267 36.565 7.771
0.181 0.213 1.158 -17.206 33.145 6.626
0.183 0.168 1.16 -12.26 26.031 2.672
0.208 0.141 1.142 -6.992 14.153 -4.015
0.191 0.128 1.127 -2.672 0.321 -11.557
0.175 0.126 1.092 0.336 -10.87 -17.298
0.166 0.138 1.04 2.198 -19.42 -20.244
0.156 0.147 0.994 2.26 -22.962 -20.198
0.155 0.156 0.955 1.16 -22.336 -17.847
0.172 0.157 0.937 -0.107 -17.099 -14.397
0.175 0.141 0.907 -1.435 -10.473 -9.557
0.165 0.114 0.894 -2.641 -4.824 -3.695
0.178 0.083 0.884 -4.718 -2.244 0.992
0.219 0.051 0.862 -7.588 -0.244 4.229
0.261 0.009 0.842 -12.183 4.611 5.069
0.292 -0.035 0.838 -18.244 12.031 4.183
0.273 -0.064 0.848 -24.412 18.779 2.565
0.244 -0.088 0.882 -30.26 25.878 1.42
0.191 -0.118 0.904 -34.473 25.847 0.916
0.152 -0.133 0.956 -35.924 20.718 0.29
0.136 -0.161 0.991 -35.634 9.267 -1.557
0.162 -0.157 0.967 -38.611 0.901 -6.107
0.169 -0.221 0.974 -28.198 -18.076 -7.389
0.188 -0.225 0.951 -25.954 -26.473 -10.305
0.201 -0.253 0.92 -26.0 -26.26 -12.809
0.176 -0.267 0.911 -27.053 -21.328 -13.863
0.15 -0.283 0.896 -28.58 -15.221 -12.351
0.116 -0.312 0.906 -30.763 -9.649 -9.542
0.106 -0.301 0.902 -34.015 -5.832 -5.817
0.113 -0.279 0.927 -36.305 -1.496 -1.573
0.134 -0.274 0.945 -36.076 0.687 2.672
0.149 -0.269 0.957 -35.191 -0.901 5.237
0.205 -0.29 0.963 -36.962 -2.427 2.244
0.228 -0.311 0.969 -36.84 -6.473 -0.733
0.27 -0.302 0.99 -38.366 -12.534 -2.794
0.297 -0.312 1.03 -37.802 -14.305 -6.076
0.296 -0.304 1.033 -36.336 -15.969 -8.336
0.287 -0.283 1.037 -34.504 -14.779 -9.557
0.264 -0.275 1.028 -32.626 -12.473 -10.183
0.236 -0.295 1.034 -31.359 -8.962 -9.13
0.219 -0.296 1.049 -31.008 -7.221 -7.206
0.243 -0.274 1.053 -30.656 -4.733 -5.511
0.28 -0.272 1.057 -29.893 -2.565 -5.389
0.289 -0.273 1.075 -29.542 -0.55 -6.489
0.282 -0.273 1.08 -29.038 0.84 -8.015
0.264 -0.267 1.11 -27.053 2.0 -8.885
0.241 -0.25 1.132 -24.458 0.809 -8.244
0.242 -0.234 1.13 -21.786 0.885 -7.008
0.26 -0.214 1.125 -19.313 0.931 -5.771
0.282 -0.211 1.105 -16.992 1.603 -4.656
0.304 -0.209 1.087 -15.099 4.55 -5.466
0.289 -0.192 1.079 -14.214 6.092 -6.977
0.258 -0.184 1.079 -13.878 5.695 -7.344
0.248 -0.182 1.088 -12.87 4.595 -7.466
0.253 -0.181 1.084 -11.695 1.969 -7.939
0.261 -0.191 1.083 -10.824 0.824 -9.206
0.244 -0.19 1.076 -9.878 -0.397 -10.321
0.21 -0.171 1.083 -9.557 -2.29 -9.924
0.205 -0.165 1.054 -9.298 -2.214 -8.473
0.206 -0.159 1.061 -8.534 -1.328 -7.008
0.193 -0.159 1.057 -7.847 -1.16 -5.42
0.182 -0.168 1.045 -7.267 -0.947 -4.168
0.186 -0.162 1.05 -6.504 -0.748 -3.053
0.18 -0.17 1.061 -6.183 -1.435 -2.015
0.188 -0.165 1.046 -6.076 -1.939 -2.046
0.191 -0.161 1.045 -6.718 -2.824 -2.305
0.198 -0.168 1.042 -7.038 -4.092 -2.244
0.196 -0.168 1.052 -7.023 -5.282 -1.756
0.192 -0.157 1.049 -6.534 -6.031 -0.733
0.21 -0.158 1.048 -6.336 -5.328 0.29
0.213 -0.159 1.035 -6.489 -4.733 1.053
0.223 -0.156 1.05 -6.458 -3.786 1.634
0.237 -0.164 1.064 -5.023 -3.282 1.496
0.239 -0.159 1.054 -3.908 -3.328 1.328
0.244 -0.153 1.054 -2.718 -3.45 1.099
0.246 -0.15 1.052 -2.519 -3.802 0.672
0.235 -0.151 1.031 -2.977 -3.481 0.183
0.236 -0.146 1.028 -3.863 -3.267 0.046
0.229 -0.138 1.027 -4.458 -2.931 0.275
0.223 -0.14 1.026 -5.145 -2.076 0.718
0.237 -0.145 1.038 -5.389 -1.298 0.947
0.228 -0.147 1.046 -5.115 -1.42 0.779
0.224 -0.146 1.059 -4.885 -2.58 0.748
0.224 -0.153 1.054 -4.244 -3.176 0.595
0.23 -0.162 1.065 -3.145 -3.863 0.656
0.234 -0.156 1.066 -2.122 -3.496 0.977
0.245 -0.148 1.062 -1.313 -2.427 1.206
0.259 -0.138 1.047 -1.13 -1.328 1.42
0.254 -0.138 1.041 -0.977 -0.824 0.534
0.247 -0.132 1.035 -1.573 -2.031 0.229
0.261 -0.136 1.018 -2.305 -2.076 -0.107
0.25 -0.124 1.012 -3.221 -2.076 -0.122
0.246 -0.134 1.011 -4.305 -1.13 0.122
0.249 -0.132 1.014 -4.87 0.214 0.137
0.248 -0.134 1.009 -5.221 2.137 0.076
0.239 -0.127 1.013 -5.405 2.519 0.061
0.236 -0.137 1.021 -5.725 2.183 0.183
0.23 -0.136 1.019 -5.908 0.702 -0.137
0.236 -0.14 1.025 -6.046 -1.695 -0.55
0.227 -0.135 1.022 -5.954 -3.725 -0.519
0.23 -0.143 1.034 -5.603 -3.832 -0.443
0.235 -0.143 1.041 -5.099 -3.328 -0.168
0.235 -0.146 1.042 -4.519 -2.687 0.26
0.242 -0.148 1.036 -4.733 -2.015 -0.382
0.242 -0.15 1.033 -4.626 -1.389 -0.977
0.236 -0.146 1.035 -4.275 -2.0 -1.176
0.241 -0.147 1.031 -4.26 -1.878 -1.298
0.243 -0.148 1.018 -4.29 -1.725 -1.634
0.24 -0.137 1.03 -4.443 -1.802 -1.771
0.231 -0.143 1.027 -4.885 -1.939 -1.511
0.226 -0.137 1.027 -5.008 -2.229 -0.885
0.228 -0.137 1.028 -5.863 -2.214 -0.504
0.224 -0.139 1.025 -6.382 -2.061 -0.046
0.23 -0.137 1.018 -6.748 -1.985 0.794
0.24 -0.141 1.023 -6.901 -1.435 1.267
0.241 -0.146 1.04 -6.626 -0.519 1.053
0.246 -0.146 1.041 -6.183 -0.733 1.115
0.243 -0.148 1.042 -5.985 -0.656 0.687
0.236 -0.156 1.042 -5.557 -1.16 0.183
0.24 -0.15 1.04 -5.008 -2.366 -0.26
0.238 -0.154 1.042 -4.565 -2.626 -0.687
0.232 -0.151 1.021 -4.366 -2.794 -0.489
0.236 -0.143 1.02 -4.992 -2.26 -0.122
0.238 -0.137 1.012 -5.45 -1.267 0.244
0.238 -0.14 1.012 -6.366 -0.718 0.366
0.244 -0.144 1.026 -7.298 -0.947 0.275
0.252 -0.152 1.041 -7.42 -0.977 -0.321
0.244 -0.152 1.053 -6.595 -1.038 -0.397
0.239 -0.152 1.068 -5.313 -1.634 -0.366
0.24 -0.145 1.051 -4.779 -1.878 -0.412
0.243 -0.149 1.048 -4.351 -1.115 -0.656
0.245 -0.146 1.041 -4.122 -0.626 -0.84
0.24 -0.141 1.031 -4.153 -0.809 -0.992
0.241 -0.142 1.024 -4.595 -1.542 -1.053
0.24 -0.142 1.02 -5.176 -0.931 -1.298
0.242 -0.149 1.02 -5.573 -0.137 -1.725
0.237 -0.144 1.02 -5.664 -0.076 -1.603
0.224 -0.138 1.029 -6.092 0.092 -1.511
0.217 -0.136 1.021 -6.244 -0.534 -0.626
0.234 -0.138 1.023 -6.489 -0.687 -0.412
0.245 -0.151 1.021 -6.55 -0.672 -0.641
0.233 -0.151 1.03 -6.641 -1.359 -0.565
0.234 -0.153 1.032 -7.099 -2.183 -0.504
0.25 -0.157 1.037 -6.779 -2.26 -1.176
0.237 -0.16 1.048 -5.664 -2.183 -1.924
0.233 -0.164 1.045 -4.901 -2.443 -2.122
0.231 -0.166 1.035 -4.595 -2.351 -1.771
0.234 -0.158 1.031 -4.656 -1.817 -1.389
0.235 -0.153 1.039 -4.855 -1.618 -0.748
0.235 -0.154 1.025 -4.992 -1.588 -0.26
0.24 -0.155 1.034 -5.038 -2.031 -0.122
0.242 -0.159 1.037 -5.344 -1.588 -0.336
0.23 -0.151 1.028 -5.466 -2.885 -0.198
0.243 -0.158 1.033 -5.527 -3.191 -0.031
0.238 -0.158 1.036 -5.115 -2.779 0.031
0.24 -0.152 1.041 -4.87 -1.969 0.076
0.246 -0.155 1.038 -4.275 -1.573 -0.076
0.255 -0.144 1.034 -4.58 -2.153 -0.397
0.257 -0.149 1.033 -5.038 -1.756 -0.962
0.252 -0.148 1.041 -5.405 -1.618 -1.359
0.249 -0.151 1.039 -5.191 -2.015 -1.374
0.245 -0.149 1.037 -5.023 -0.733 -1.603
0.246 -0.15 1.031 -4.687 -0.153 -1.374
0.236 -0.14 1.03 -4.519 0.229 -1.603
0.228 -0.147 1.034 -4.55 -0.382 -1.511
0.23 -0.144 1.028 -4.244 -0.947 -1.344
0.223 -0.147 1.022 -4.763 -1.389 -0.855
0.229 -0.146 1.02 -5.481 -1.191 -0.641
0.235 -0.153 1.033 -6.29 -1.832 -0.275
0.234 -0.149 1.05 -6.031 -2.061 -0.397
0.231 -0.157 1.046 -4.916 -2.58 -0.458
0.231 -0.155 1.049 -4.229 -2.885 -0.473
0.232 -0.149 1.032 -3.893 -2.718 -0.611
0.241 -0.156 1.033 -3.817 -2.198 -0.458
0.243 -0.15 1.021 -4.458 -2.076 -0.855
0.229 -0.157 1.015 -4.351 -2.336 -0.748
0.239 -0.151 1.027 -5.13 -1.847 -0.656
0.239 -0.145 1.012 -5.328 -1.878 -0.519
0.235 -0.15 1.017 -6.0 -1.756 -0.427
0.24 -0.148 1.024 -6.397 -1.588 -0.519
0.238 -0.149 1.03 -6.351 -1.634 -0.153
0.239 -0.157 1.031 -6.321 -1.832 0.29
0.241 -0.155 1.036 -6.153 -1.908 -0.137
0.246 -0.16 1.044 -5.878 -1.74 -0.718
0.24 -0.16 1.044 -5.237 -2.183 -0.748
0.237 -0.162 1.035 -4.931 -2.519 -0.733
0.239 -0.161 1.042 -4.458 -1.435 -0.977
0.239 -0.16 1.038 -4.137 -0.275 -0.916
0.228 -0.154 1.033 -3.817 -0.351 -0.58
0.228 -0.149 1.021 -4.015 -0.611 -0.183
0.23 -0.142 1.009 -5.008 -1.405 0.397
0.245 -0.146 1.008 -6.122 -2.214 0.885
0.249 -0.153 1.008 -6.885 -1.908 0.534
0.254 -0.145 1.016 -7.527 -1.725 0.58
0.255 -0.154 1.03 -7.908 -1.145 0.458
0.249 -0.157 1.037 -7.954 -1.511 0.611
0.256 -0.162 1.055 -7.069 -1.939 0.305
0.27 -0.161 1.05 -5.13 -1.496 -0.855
0.26 -0.161 1.042 -4.29 -2.015 -1.634
0.25 -0.161 1.032 -3.939 -2.931 -1.817
0.247 -0.155 1.023 -4.244 -2.824 -1.832
0.245 -0.147 1.023 -4.992 -1.618 -1.282
0.249 -0.156 1.024 -5.542 0.076 -1.237
0.24 -0.152 1.033 -5.45 0.824 -1.115
0.232 -0.151 1.037 -5.496 -0.046 -0.84
0.234 -0.153 1.036 -5.939 -0.794 -0.672
0.239 -0.157 1.031 -6.198 -0.916 -0.977
0.232 -0.159 1.048 -5.634 -0.656 -1.298
0.231 -0.159 1.048 -4.947 -1.008 -1.13
0.236 -0.164 1.047 -4.885 -1.374 -1.084
0.224 -0.165 1.052 -4.672 -2.046 -0.779
0.226 -0.165 1.043 -4.26 -1.145 -0.702
0.224 -0.165 1.034 -4.183 -1.008 0.153
0.224 -0.158 1.03 -4.519 -1.038 0.824
0.236 -0.159 1.023 -5.527 -0.611 1.267
0.256 -0.159 1.03 -5.863 0.183 0.458
0.254 -0.163 1.044 -5.069 0.076 -0.382
0.24 -0.166 1.049 -4.092 -1.008 -1.13
0.242 -0.16 1.038 -3.588 -2.55 -1.252
0.242 -0.16 1.032 -3.847 -2.641 -1.45
0.232 -0.159 1.027 -3.832 -2.122 -0.885
0.229 -0.161 1.029 -3.71 -1.267 -0.382
0.228 -0.16 1.027 -4.336 -0.962 0.137
0.237 -0.155 1.032 -4.794 -0.733 0.489
0.239 -0.156 1.034 -4.824 -1.466 0.397
0.237 -0.163 1.022 -4.626 -2.092 0.397
0.242 -0.155 1.021 -4.382 -2.595 0.504
0.238 -0.163 1.017 -4.626 -2.229 0.412
0.236 -0.154 1.011 -4.656 -2.519 0.565
0.242 -0.146 1.009 -5.237 -2.595 0.611
0.247 -0.152 1.012 -5.359 -2.824 0.458
0.252 -0.156 1.015 -5.435 -2.779 0.168
0.249 -0.152 1.023 -5.954 -2.763 0.397
0.251 -0.155 1.019 -6.336 -2.718 0.84
0.26 -0.167 1.03 -6.504 -1.695 0.58
0.258 -0.163 1.028 -6.351 -0.885 0.275
0.257 -0.161 1.038 -6.076 -1.221 0.107
0.25 -0.155 1.03 -6.321 -0.992 0.336
0.247 -0.16 1.051 -5.954 -0.87 0.29
0.261 -0.163 1.045 -5.359 -0.351 -0.26
0.253 -0.171 1.047 -4.473 -0.519 -0.931
0.246 -0.168 1.053 -3.695 -0.748 -1.13
0.25 -0.163 1.043 -3.481 -1.191 -1.206
0.239 -0.164 1.033 -3.649 -1.252 -1.466
0.237 -0.159 1.035 -3.71 -0.962 -1.237
0.234 -0.162 1.031 -4.382 -1.252 -0.702
0.234 -0.163 1.023 -4.824 -0.626 -0.412
0.239 -0.165 1.032 -5.328 -0.214 0.137
0.245 -0.162 1.032 -5.053 0.305 -0.168
0.246 -0.168 1.04 -4.382 -0.427 -0.229
0.236 -0.162 1.039 -3.954 -1.45 -0.168
0.241 -0.161 1.043 -4.107 -2.55 0.214
0.246 -0.169 1.043 -4.015 -2.687 0.153
0.256 -0.164 1.035 -3.863 -1.985 -0.122
0.257 -0.17 1.048 -3.298 -1.023 -0.244
0.249 -0.17 1.038 -3.053 -0.702 -0.443
0.239 -0.154 1.04 -2.824 -0.702 -0.473
0.241 -0.159 1.022 -2.962 -0.901 -0.137
0.24 -0.158 1.012 -3.603 -1.221 -0.107
0.235 -0.159 1.014 -4.198 -1.618 -0.107
0.242 -0.153 1.004 -4.55 -1.496 -0.031
0.246 -0.156 1.012 -5.16 -1.466 0.046
0.239 -0.157 1.026 -4.977 -1.695 0.153
0.237 -0.163 1.027 -4.229 -1.908 0.015
0.236 -0.16 1.027 -4.443 -2.504 -0.153
0.245 -0.158 1.017 -4.687 -2.336 -0.137
0.241 -0.156 1.013 -4.733 -2.26 -0.198
0.244 -0.16 1.019 -5.099 -2.015 0.015
0.246 -0.165 1.027 -4.885 -1.099 -0.092
0.248 -0.156 1.02 -4.962 -0.87 -0.168
0.247 -0.163 1.025 -5.084 -1.038 -0.244
0.239 -0.167 1.023 -5.298 -0.992 -0.244
0.235 -0.162 1.026 -5.679 -0.611 -0.626
0.239 -0.166 1.03 -5.893 -1.435 -0.916
0.234 -0.157 1.032 -5.649 -1.863 -0.565
0.239 -0.168 1.026 -5.71 -1.344 -0.382
0.234 -0.162 1.041 -5.557 -1.099 -0.26
0.239 -0.167 1.04 -4.947 -0.244 -0.29
0.234 -0.167 1.032 -4.183 -0.733 -0.397
0.242 -0.161 1.03 -4.076 -0.687 -0.305
0.242 -0.163 1.022 -4.198 -1.45 -0.305
0.245 -0.157 1.022 -4.565 -1.74 -0.412
0.244 -0.154 1.024 -4.901 -2.137 -0.336
0.248 -0.161 1.039 -5.389 -1.771 -0.092
0.249 -0.159 1.046 -5.099 -0.885 0.153
0.26 -0.16 1.042 -4.962 0.061 -0.046
0.256 -0.161 1.042 -4.611 -0.29 -0.366
0.246 -0.154 1.044 -4.275 -0.702 -0.519
0.259 -0.166 1.044 -4.198 -1.053 -0.809
0.258 -0.168 1.04 -4.107 -0.595 -1.176
0.254 -0.164 1.037 -3.634 0.214 -1.832
0.248 -0.16 1.033 -3.588 0.183 -2.092
0.241 -0.158 1.037 -3.42 0.702 -2.58
0.239 -0.155 1.029 -3.405 0.519 -2.55
0.233 -0.155 1.011 -3.695 0.427 -2.305
0.225 -0.154 1.016 -4.382 -0.321 -1.71
0.22 -0.155 1.02 -5.191 -0.885 -0.977
0.233 -0.159 1.01 -5.985 -0.916 -0.229
0.243 -0.158 1.02 -5.756 -1.191 0.061
0.241 -0.159 1.027 -6.244 -2.26 -0.107
0.236 -0.159 1.027 -6.122 -2.87 -0.229
0.234 -0.162 1.027 -6.015 -3.267 -0.244
0.242 -0.173 1.043 -5.573 -2.718 -0.473
0.246 -0.167 1.036 -4.855 -1.282 -0.84
0.239 -0.169 1.038 -4.565 -1.313 -0.595
0.236 -0.163 1.027 -4.809 -2.366 -0.58
0.23 -0.166 1.017 -4.733 -2.794 -0.29
0.235 -0.156 1.031 -5.008 -2.489 -0.519
0.245 -0.156 1.009 -5.069 -2.351 -0.473
0.241 -0.16 1.019 -5.374 -3.053 -0.214
0.229 -0.166 1.018 -5.969 -3.145 0.214
0.237 -0.169 1.029 -6.061 -2.931 0.336
0.251 -0.161 1.029 -5.985 -2.183 0.458
0.25 -0.165 1.039 -6.031 -2.137 0.305
0.252 -0.172 1.044 -5.557 -1.954 -0.061
0.25 -0.17 1.048 -5.069 -1.344 -0.229
0.253 -0.166 1.038 -4.046 -0.962 -0.55
0.263 -0.161 1.028 -3.603 -0.443 -0.84
0.252 -0.158 1.02 -3.481 -0.336 -0.962
0.245 -0.161 1.001 -3.634 0.0 -1.084
0.232 -0.15 1.0 -4.244 0.092 -0.702
0.234 -0.151 0.993 -5.252 0.519 -0.458
0.233 -0.149 1.001 -6.336 0.809 -0.29