0.2 -0.085 1.066 -5.389 -0.137 0.641
0.202 -0.08 1.07 -4.58 0.58 1.13
0.208 -0.086 1.058 -3.969 1.176 1.145
0.215 -0.077 1.044 -3.573 1.023 0.718
0.212 -0.069 1.043 -3.634 0.397 -0.168
0.205 -0.073 1.035 -3.496 -0.321 -0.046
0.205 -0.072 1.031 -3.771 -0.427 -0.244
0.203 -0.071 1.028 -4.229 -0.824 0.275
0.202 -0.077 1.028 -4.763 -0.992 0.962
0.204 -0.074 1.026 -5.282 -1.038 1.817
0.213 -0.074 1.032 -5.939 -0.809 2.107
0.219 -0.078 1.039 -6.687 -0.824 2.412
0.229 -0.077 1.038 -7.13 -0.275 2.29
0.225 -0.076 1.039 -7.542 -0.015 2.336
0.225 -0.079 1.043 -7.74 0.366 2.336
0.224 -0.085 1.038 -7.802 0.595 2.153
0.225 -0.085 1.035 -7.832 0.824 1.405
0.216 -0.086 1.037 -8.519 0.153 1.008
0.205 -0.088 1.032 -9.023 -0.061 0.595
0.207 -0.096 1.048 -8.656 0.473 0.626
0.205 -0.107 1.062 -8.137 0.595 0.947
0.204 -0.106 1.056 -7.45 0.626 0.931
0.21 -0.111 1.062 -6.763 0.565 0.855
0.205 -0.109 1.07 -6.214 0.153 0.458
0.213 -0.111 1.072 -5.435 0.107 0.229
0.205 -0.104 1.073 -4.718 -0.214 0.137
0.209 -0.106 1.064 -4.336 -0.519 0.031
0.208 -0.101 1.061 -4.0 -0.901 -0.122
0.206 -0.092 1.051 -3.969 -0.885 0.031
0.198 -0.095 1.053 -4.137 -1.298 0.473
0.205 -0.098 1.048 -4.275 -0.855 0.458
0.198 -0.087 1.05 -4.504 -0.687 0.794
0.197 -0.093 1.046 -4.473 -0.443 1.206
0.2 -0.087 1.042 -4.275 -0.321 1.359
0.205 -0.088 1.049 -3.893 -0.519 0.901
0.196 -0.087 1.046 -3.878 -0.84 0.305
0.203 -0.08 1.048 -3.969 -2.244 0.168
0.198 -0.081 1.036 -3.817 -2.779 0.076
0.197 -0.082 1.021 -4.305 -2.321 0.611
0.199 -0.081 1.025 -5.145 -2.061 1.053
0.202 -0.083 1.025 -6.107 -1.71 1.435
0.203 -0.088 1.032 -6.595 -1.664 1.664
0.209 -0.084 1.039 -6.611 -1.267 1.771
0.206 -0.094 1.036 -6.366 -1.221 1.359
0.211 -0.089 1.033 -5.954 -1.725 0.855
0.208 -0.089 1.045 -5.405 -2.458 0.718
0.209 -0.09 1.021 -5.42 -3.16 0.855
0.218 -0.088 1.021 -6.061 -2.473 1.023
0.221 -0.089 1.015 -6.794 -1.817 1.069
0.213 -0.091 1.025 -7.557 -1.832 1.267
0.225 -0.097 1.031 -7.908 -0.519 0.901
0.209 -0.097 1.031 -7.679 0.107 0.779
0.21 -0.102 1.043 -7.634 -0.183 1.237
0.217 -0.102 1.044 -7.649 0.046 0.901
0.21 -0.103 1.056 -7.405 -0.321 0.611
0.216 -0.108 1.063 -6.641 0.0 0.046
0.213 -0.096 1.068 -5.42 0.565 -0.702
0.211 -0.097 1.061 -4.382 0.153 -1.008
0.216 -0.096 1.048 -3.893 -0.031 -1.328
0.216 -0.097 1.047 -3.985 0.046 -2.046
0.199 -0.094 1.045 -4.55 -0.183 -2.092
0.194 -0.088 1.039 -4.763 0.061 -1.786
0.193 -0.09 1.045 -4.947 0.031 -1.557
0.189 -0.092 1.035 -5.176 0.122 -1.084
0.188 -0.084 1.042 -5.573 -0.137 -0.779
0.191 -0.087 1.05 -5.969 -0.962 -0.611
0.191 -0.089 1.042 -6.092 -1.267 -0.58
0.189 -0.076 1.043 -6.076 -1.695 -0.29
0.2 -0.075 1.038 -6.366 -1.664 -0.565
0.186 -0.07 1.048 -6.534 -2.626 -0.611
0.183 -0.058 1.047 -6.58 -3.16 -0.214
0.18 -0.038 1.031 -7.191 -3.466 -0.336
0.158 -0.03 1.006 -7.649 -3.344 0.397
0.152 -0.017 1.001 -9.099 -2.977 1.634
0.152 -0.008 0.993 -11.42 -2.458 3.313
0.141 0.0 1.025 -13.588 -2.26 5.588
0.151 0.003 1.054 -15.267 -1.832 7.664
0.155 0.022 1.075 -16.046 -2.061 9.45
0.182 0.037 1.096 -16.565 -1.115 10.427
0.188 0.053 1.122 -16.336 -1.328 10.962
0.205 0.064 1.139 -15.038 -1.008 10.885
0.221 0.073 1.147 -13.282 -0.733 10.702
0.23 0.074 1.157 -10.794 0.031 10.015
0.235 0.075 1.149 -8.84 1.099 9.466
0.224 0.074 1.138 -6.947 1.847 9.145
0.221 0.077 1.131 -5.695 2.107 9.405
0.223 0.086 1.11 -4.809 2.504 9.542
0.216 0.08 1.109 -3.954 2.947 9.053
0.219 0.084 1.093 -3.42 2.916 7.527
0.205 0.089 1.071 -3.42 1.328 6.076
0.199 0.095 1.057 -3.954 -0.87 4.046
0.202 0.099 1.052 -4.366 -3.542 2.122
0.219 0.105 1.05 -5.756 -4.092 -0.672
0.216 0.096 1.051 -6.046 -6.931 -2.763
0.221 0.095 1.058 -6.092 -8.611 -4.748
0.224 0.111 1.046 -5.802 -11.725 -6.534
0.229 0.102 1.051 -4.733 -13.084 -7.267
0.236 0.106 1.041 -3.74 -13.664 -7.099
0.222 0.1 1.029 -3.756 -9.908 -7.298
0.234 0.089 1.017 -4.305 -4.321 -7.191
0.222 0.074 1.027 -5.16 2.489 -8.748
0.224 0.042 1.034 -6.733 3.069 -9.527
0.228 0.018 1.036 -8.84 5.618 -12.58
0.199 0.0 1.066 -11.389 5.695 -14.214
0.199 -0.037 1.104 -12.779 7.069 -16.611
0.213 -0.035 1.137 -12.809 7.756 -17.756
0.281 -0.062 1.151 -10.29 -11.832 -17.679
0.309 -0.072 1.15 -6.687 2.901 -29.389
0.243 -0.094 1.14 -4.305 -1.878 -30.397
0.228 -0.097 1.106 -3.405 5.954 -32.321
0.183 -0.09 1.094 -3.771 7.496 -30.489
0.271 -0.165 1.017 0.015 14.046 -28.321
0.262 -0.115 1.045 -8.107 6.443 -29.527
0.281 -0.091 1.035 -7.099 10.885 -33.878
0.285 -0.115 1.023 -4.748 7.344 -35.069
0.262 -0.121 1.065 -6.87 2.84 -39.252
0.235 -0.083 1.059 -6.626 -1.389 -42.244
0.255 -0.058 1.058 -8.351 -5.176 -45.176
0.217 -0.019 1.081 -10.122 -7.893 -44.901
0.202 -0.007 1.085 -11.298 -7.252 -41.023
0.165 -0.048 1.127 -9.084 -2.336 -33.023
0.166 -0.09 1.123 -5.542 1.618 -24.748
0.169 -0.146 1.108 0.351 2.137 -18.87
0.152 -0.175 1.061 4.473 -5.115 -14.931
0.175 -0.218 0.976 7.924 -12.092 -12.626
0.184 -0.234 0.915 5.74 -22.015 -11.649
0.232 -0.305 0.821 3.74 -22.809 -14.015
0.201 -0.324 0.743 -4.198 -25.511 -15.634
0.193 -0.344 0.717 -11.038 -24.687 -15.878
0.17 -0.372 0.725 -17.985 -23.832 -12.733
0.184 -0.394 0.74 -23.985 -20.046 -8.626
0.197 -0.419 0.775 -28.962 -15.328 -3.45
0.237 -0.455 0.809 -32.321 -8.519 0.458
0.297 -0.476 0.828 -35.176 -0.397 1.145
0.29 -0.5 0.868 -37.985 6.137 -1.786
0.344 -0.515 0.874 -47.389 2.733 -7.267
0.338 -0.52 0.923 -49.969 3.145 -14.626
0.293 -0.489 0.964 -51.038 2.702 -20.611
0.306 -0.509 1.027 -53.176 -2.061 -23.527
0.27 -0.485 1.059 -46.794 -0.305 -25.802
0.227 -0.455 1.113 -40.198 -3.084 -24.427
0.197 -0.427 1.108 -32.916 -4.656 -20.626
0.188 -0.427 1.12 -26.092 -4.061 -14.687
0.199 -0.401 1.115 -18.84 -1.71 -9.252
0.213 -0.38 1.084 -14.412 -1.481 -3.115
0.262 -0.361 1.067 -11.527 0.595 0.794
0.303 -0.336 1.044 -10.29 0.244 2.382
0.335 -0.325 1.011 -11.405 -0.076 1.74
0.357 -0.318 1.012 -12.382 -0.489 -0.595
0.36 -0.312 1.024 -11.908 -1.802 -1.771
0.37 -0.273 1.023 -13.344 -3.588 -4.122
0.356 -0.253 1.047 -9.878 -1.878 -6.351
0.329 -0.227 1.033 -7.71 0.214 -7.16
0.297 -0.209 1.02 -6.641 0.916 -6.046
0.306 -0.203 1.01 -6.626 1.756 -5.389
0.309 -0.199 1.019 -6.947 2.29 -4.916
0.311 -0.206 1.018 -6.748 2.947 -5.282
0.293 -0.192 1.023 -5.389 4.382 -5.878
0.276 -0.188 1.018 -3.939 4.244 -6.534
0.264 -0.189 1.007 -3.053 5.221 -6.763
0.254 -0.185 1.012 -2.916 6.076 -7.053
0.236 -0.171 1.02 -3.053 6.427 -6.183
0.234 -0.172 1.004 -3.359 7.328 -5.344
0.232 -0.171 1.005 -4.183 7.511 -4.0
0.227 -0.175 1.017 -5.588 7.344 -3.084
0.223 -0.177 1.046 -5.603 5.634 -1.771
0.231 -0.194 1.044 -5.298 5.13 -1.817
0.239 -0.199 1.067 -3.954 5.16 -1.603
0.234 -0.202 1.06 -2.84 5.817 -1.71
0.224 -0.208 1.057 -1.481 7.038 -1.954
0.203 -0.203 1.037 -0.901 6.718 -1.252
0.198 -0.198 1.027 -1.053 7.328 -1.313
0.183 -0.199 1.027 -1.908 7.267 -0.214
0.184 -0.2 1.023 -2.84 7.481 0.901
0.19 -0.198 1.032 -2.534 8.153 2.061
0.2 -0.199 1.046 -2.137 8.947 2.168
0.214 -0.203 1.036 -1.954 9.16 1.603
0.222 -0.206 1.04 -2.183 9.435 0.076
0.201 -0.214 1.05 -2.153 7.466 -0.947
0.191 -0.207 1.047 -1.588 5.313 -1.008
0.194 -0.205 1.038 -1.557 4.168 -0.733
0.184 -0.197 1.025 -1.649 3.939 -0.229
0.18 -0.191 1.016 -2.153 4.061 0.061
0.183 -0.183 1.021 -3.252 2.733 1.038
0.198 -0.177 1.021 -4.076 3.573 0.901
0.196 -0.183 1.031 -4.901 3.511 1.282
0.201 -0.187 1.032 -4.794 3.71 1.359
0.206 -0.18 1.04 -4.779 3.679 0.718
0.195 -0.176 1.046 -4.29 3.13 1.008
0.197 -0.177 1.048 -3.527 2.992 1.16
0.203 -0.18 1.051 -3.374 1.969 0.687
0.188 -0.173 1.038 -3.985 0.779 0.733
0.192 -0.178 1.034 -4.763 0.168 0.84
0.187 -0.172 1.035 -5.649 -0.504 1.298
0.184 -0.179 1.045 -6.122 -0.107 1.863
0.192 -0.181 1.064 -5.603 0.458 2.565
0.196 -0.188 1.06 -4.595 2.031 2.885
0.194 -0.182 1.063 -3.634 2.519 3.176
0.201 -0.189 1.048 -2.84 3.542 2.702
0.185 -0.19 1.047 -2.153 2.885 2.244
0.192 -0.189 1.041 -2.26 2.0 1.725
0.194 -0.186 1.033 -2.473 0.626 0.794
0.193 -0.189 1.031 -2.519 -0.672 0.718
0.184 -0.183 1.036 -3.069 -1.802 0.458
0.176 -0.176 1.015 -3.679 -2.412 0.931
0.169 -0.184 1.019 -4.046 -2.122 1.924
0.178 -0.188 1.012 -4.656 -2.031 2.611
0.187 -0.183 1.01 -5.542 -1.405 3.511
0.202 -0.193 1.013 -5.45 -0.107 3.695
0.215 -0.19 1.027 -5.298 1.374 2.885
0.217 -0.192 1.048 -4.351 1.573 1.786
0.213 -0.19 1.042 -3.42 0.015 1.145
0.206 -0.182 1.046 -2.931 -1.725 0.489
0.206 -0.191 1.026 -2.504 -2.427 0.046
0.199 -0.19 1.029 -2.855 -3.008 -0.183
0.189 -0.191 1.026 -3.252 -3.084 0.29
0.198 -0.184 1.019 -3.679 -2.107 0.931
0.21 -0.184 1.017 -4.031 -1.053 1.511
0.215 -0.187 1.017 -4.397 0.26 1.878
0.209 -0.179 1.01 -5.099 1.267 1.71
0.2 -0.177 1.02 -5.679 1.298 1.542
0.201 -0.181 1.033 -5.359 1.13 1.206
0.19 -0.181 1.039 -4.84 0.595 0.824
0.188 -0.181 1.051 -3.969 -0.366 0.809
0.184 -0.182 1.029 -3.878 -1.084 0.641
0.19 -0.18 1.029 -3.527 -0.687 0.489
0.186 -0.183 1.014 -3.954 -0.626 0.229
0.182 -0.179 1.022 -4.458 -0.962 0.962
0.183 -0.177 1.022 -4.84 -0.977 1.389
0.195 -0.179 1.034 -5.282 -0.412 1.313
0.199 -0.186 1.044 -4.885 -0.244 1.313
0.192 -0.184 1.049 -4.58 -0.321 1.13
0.196 -0.186 1.049 -4.076 -1.069 0.931
0.197 -0.185 1.046 -3.664 -1.206 0.87
0.198 -0.179 1.043 -3.13 -1.115 0.748
0.202 -0.184 1.028 -3.374 -1.099 0.519
0.197 -0.183 1.027 -3.649 -1.084 0.443
0.193 -0.18 1.021 -4.534 -1.359 0.366
0.196 -0.184 1.02 -5.496 -1.221 0.534
0.203 -0.181 1.027 -5.74 -1.084 0.733
0.202 -0.189 1.033 -5.603 -0.305 0.336
0.193 -0.19 1.042 -5.634 -1.084 0.504
0.21 -0.197 1.049 -4.794 -1.145 0.092
0.207 -0.198 1.058 -4.122 -0.641 -0.641
0.21 -0.199 1.051 -3.603 -0.992 -1.099
0.209 -0.195 1.045 -2.901 -1.298 -1.542
0.199 -0.196 1.034 -2.58 -1.099 -1.695
0.194 -0.192 1.027 -2.489 -1.344 -1.496
0.187 -0.187 1.011 -3.038 -1.649 -1.527
0.184 -0.18 0.998 -4.458 -1.603 -0.947
0.182 -0.18 1.013 -5.359 -1.527 -0.198
0.195 -0.185 1.023 -5.969 -1.115 0.565
0.199 -0.19 1.04 -5.771 -1.282 0.779
0.208 -0.189 1.035 -5.359 -0.718 0.305
0.197 -0.191 1.047 -4.626 -1.298 -0.305
0.197 -0.191 1.041 -4.0 -2.351 -0.534
0.2 -0.186 1.034 -3.359 -2.626 -0.87
0.196 -0.185 1.025 -3.008 -1.496 -1.557
0.18 -0.183 1.015 -3.603 -1.71 -1.13
0.187 -0.183 1.01 -4.168 -1.588 -0.641
0.189 -0.18 1.016 -5.221 -1.344 -0.168
0.194 -0.175 1.01 -5.588 -0.962 0.046
0.188 -0.182 1.022 -6.244 -0.87 0.092
0.183 -0.175 1.019 -6.611 -1.313 0.382
0.195 -0.185 1.039 -6.672 -1.16 0.29
0.186 -0.184 1.039 -6.351 -1.176 0.015
0.192 -0.181 1.041 -6.336 -1.679 -0.122
0.19 -0.187 1.046 -6.153 -1.878 -0.489
0.198 -0.182 1.058 -5.344 -1.725 -0.58
0.203 -0.188 1.063 -4.626 -1.267 -0.87
0.163 -0.15 0.997 -4.458 -2.122 4.321
0.283 -0.259 0.957 -2.153 3.176 -1.679
0.203 -0.194 1.034 -4.412 -1.42 -1.191
0.186 -0.179 1.026 -4.198 -1.756 -1.13
0.179 -0.182 1.024 -4.87 -2.305 -1.374
0.174 -0.188 1.021 -5.191 -2.214 -0.992
0.179 -0.187 1.03 -5.618 -1.71 -0.779
0.178 -0.193 1.033 -5.802 -1.771 -0.107
0.186 -0.194 1.045 -5.771 -1.313 0.534
0.19 -0.199 1.039 -5.069 -1.359 0.901
0.198 -0.196 1.055 -4.076 -1.496 0.565
0.196 -0.193 1.049 -3.42 -1.405 -0.153
0.202 -0.189 1.042 -2.809 -0.534 -1.008
0.186 -0.188 1.028 -2.87 -1.542 -1.237
0.182 -0.182 1.03 -3.084 -1.725 -0.855
0.181 -0.178 1.017 -3.618 -1.191 -0.198
0.191 -0.187 1.033 -4.214 -0.534 0.214
0.195 -0.182 1.035 -4.595 -0.473 0.26
0.199 -0.183 1.044 -4.229 -0.87 0.26
0.201 -0.19 1.04 -3.679 -1.71 0.168
0.201 -0.189 1.034 -3.42 -2.641 -0.153
0.203 -0.19 1.032 -3.45 -3.435 -0.412
0.2 -0.182 1.009 -3.786 -3.328 -0.382
0.196 -0.185 1.024 -3.969 -1.802 -0.763
0.19 -0.182 1.031 -4.305 -1.069 -0.29
0.199 -0.186 1.025 -4.779 -0.565 -0.046
0.193 -0.183 1.034 -5.176 -0.794 0.061
0.198 -0.191 1.031 -5.237 -1.084 0.046
0.194 -0.194 1.03 -5.13 -1.313 -0.366
0.198 -0.19 1.039 -4.855 -1.099 -0.366
0.201 -0.186 1.044 -4.489 -1.13 -0.26
0.207 -0.185 1.038 -4.397 -0.718 -0.412
0.204 -0.185 1.038 -4.534 -0.901 -0.473
0.217 -0.186 1.039 -4.641 -0.672 -1.176
0.208 -0.192 1.043 -3.985 -0.534 -1.573
0.207 -0.19 1.038 -3.481 -0.931 -1.847
0.2 -0.188 1.025 -3.252 -1.435 -1.939
0.191 -0.191 1.019 -3.588 -1.298 -1.924
0.182 -0.182 1.012 -4.458 -0.977 -1.481
0.175 -0.181 1.017 -5.191 -1.115 -0.443
0.186 -0.184 1.024 -5.771 -0.656 0.046
0.19 -0.197 1.035 -5.878 0.015 -0.015
0.186 -0.182 1.032 -5.206 -0.061 1.679
0.237 -0.229 1.01 -3.191 2.092 -1.176
0.191 -0.198 1.044 -3.878 -2.229 -0.901
0.185 -0.184 1.028 -3.221 -2.885 -1.084
0.181 -0.183 1.018 -3.42 -2.947 -0.947
0.194 -0.186 1.012 -4.061 -1.817 -1.359
0.19 -0.189 1.02 -4.702 -0.931 -1.45
0.191 -0.189 1.041 -4.794 -0.58 -1.405
0.189 -0.182 1.032 -4.718 -0.565 -1.603
0.196 -0.186 1.049 -4.076 0.885 -1.832
0.189 -0.182 1.045 -3.237 1.45 -1.924
0.19 -0.188 1.034 -3.038 1.664 -1.649
0.185 -0.184 1.039 -2.733 1.496 -1.649
0.185 -0.179 1.031 -2.992 0.84 -1.221
0.189 -0.177 1.026 -3.344 -0.336 -0.687
0.182 -0.18 1.028 -3.74 -1.252 -0.595
0.176 -0.175 1.026 -4.473 -2.168 -0.137
0.183 -0.181 1.021 -4.901 -2.718 0.458
0.182 -0.178 1.026 -5.115 -2.229 1.053
0.182 -0.18 1.024 -5.374 -1.908 0.84
0.188 -0.181 1.036 -5.527 -2.183 1.16
0.198 -0.181 1.039 -5.45 -1.847 0.718
0.203 -0.183 1.04 -5.221 -1.374 0.458
0.196 -0.188 1.039 -4.672 -1.527 0.275
0.194 -0.188 1.037 -4.244 -0.779 0.061
0.193 -0.184 1.031 -4.122 -0.901 0.076
0.192 -0.18 1.021 -4.137 -0.504 -0.183
0.177 -0.185 1.022 -4.702 -2.275 0.611
0.183 -0.178 1.024 -4.977 -2.153 0.58
0.186 -0.185 1.032 -5.267 -1.359 0.901
0.193 -0.179 1.038 -5.145 -1.359 0.931
0.206 -0.192 1.035 -4.809 -0.947 0.947
0.204 -0.183 1.038 -4.763 -0.702 0.489
0.201 -0.186 1.031 -4.565 -1.313 -0.015
0.201 -0.187 1.028 -4.672 -1.679 -0.611
0.184 -0.185 1.027 -4.992 -2.626 -0.412
0.196 -0.188 1.025 -5.481 -3.023 0.031
0.191 -0.188 1.02 -5.985 -2.534 0.412
0.199 -0.194 1.036 -6.015 -1.863 0.885
0.203 -0.191 1.044 -5.832 -0.489 0.55
0.208 -0.193 1.046 -5.252 -0.229 0.137
0.195 -0.192 1.043 -4.672 -0.733 0.321
0.199 -0.185 1.046 -3.939 -0.641 -0.244
0.197 -0.182 1.032 -3.954 -0.763 -0.611
0.19 -0.19 1.031 -4.076 -1.252 -0.87
0.195 -0.187 1.032 -4.626 -2.046 -0.931
0.193 -0.186 1.036 -5.069 -1.649 -1.221
0.201 -0.2 1.041 -5.221 -2.153 -0.977
0.196 -0.195 1.05 -4.794 -2.244 -0.885
0.199 -0.195 1.052 -4.611 -2.565 -0.794
0.189 -0.189 1.046 -4.427 -2.229 -0.84
0.197 -0.198 1.05 -3.649 -2.214 -1.115
0.184 -0.185 1.045 -2.916 -2.031 -1.069
0.185 -0.191 1.038 -2.534 -2.031 -1.313
0.177 -0.19 1.03 -2.397 -2.809 -1.252
0.184 -0.191 1.025 -2.336 -3.313 -1.298
0.175 -0.183 1.015 -2.58 -4.046 -1.115
0.169 -0.176 1.008 -3.542 -4.382 -0.458
0.185 -0.175 1.013 -4.595 -4.473 0.031
0.195 -0.179 1.02 -5.618 -3.649 0.519
0.195 -0.175 1.035 -5.863 -2.321 0.58
0.201 -0.181 1.053 -5.328 -1.893 0.779
0.208 -0.189 1.054 -4.336 -0.244 0.504
0.199 -0.188 1.062 -3.237 0.427 0.107
0.201 -0.187 1.05 -2.0 0.87 -0.305
0.195 -0.184 1.044 -1.573 0.29 -0.244
0.195 -0.181 1.032 -1.969 -0.198 -0.641
0.194 -0.178 1.031 -2.855 -1.069 -0.748
0.186 -0.178 1.025 -3.802 -1.908 -0.565
0.183 -0.182 1.03 -4.29 -2.168 -0.26
0.176 -0.178 1.027 -4.412 -2.595 0.183
0.184 -0.189 1.033 -4.672 -3.099 0.336
0.188 -0.181 1.033 -4.656 -3.084 0.687
0.193 -0.193 1.04 -4.366 -2.794 0.824
0.2 -0.19 1.047 -3.74 -2.916 0.809
0.205 -0.195 1.043 -3.115 -2.458 0.412
0.209 -0.19 1.042 -2.611 -1.832 0.092
0.195 -0.186 1.029 -2.489 -1.756 -0.092
0.195 -0.18 1.03 -2.519 -1.939 0.015
0.186 -0.178 1.026 -2.885 -2.168 0.412
0.191 -0.18 1.015 -3.389 -2.046 0.397
0.187 -0.178 1.019 -3.634 -2.015 0.656
0.192 -0.18 1.024 -4.168 -1.252 0.672
0.194 -0.18 1.026 -4.351 -1.527 0.718
0.206 -0.177 1.016 -4.046 -1.389 0.626
0.205 -0.188 1.03 -3.878 -1.16 0.382
0.209 -0.184 1.021 -3.267 -0.901 -0.031
0.194 -0.18 1.028 -2.901 -1.069 -0.519