0.135 0.002 1.073 -7.542 -3.359 3.191
0.133 -0.0 1.073 -6.84 -3.74 3.313
0.148 -0.001 1.058 -6.168 -4.626 2.702
0.121 0.003 1.069 -6.107 -6.397 2.0
0.139 -0.002 1.054 -6.305 -6.29 1.267
0.137 -0.001 1.051 -6.382 -6.794 1.252
0.134 0.002 1.043 -6.885 -6.061 1.954
0.135 0.002 1.055 -7.542 -4.336 2.672
0.135 0.004 1.051 -7.802 -2.885 3.817
0.144 -0.002 1.06 -7.817 -1.221 4.244
0.151 -0.01 1.066 -7.618 -0.947 4.275
0.15 -0.005 1.056 -7.176 -1.359 3.969
0.166 -0.008 1.073 -6.672 -1.527 2.977
0.168 -0.01 1.064 -6.168 -2.122 1.817
0.158 -0.002 1.072 -5.389 -3.023 0.779
0.155 -0.008 1.052 -4.611 -4.092 -0.092
0.154 -0.001 1.053 -4.656 -5.344 -0.519
0.145 -0.004 1.048 -4.809 -4.901 -0.153
0.147 -0.009 1.052 -5.542 -3.832 0.275
0.143 -0.016 1.058 -6.076 -2.84 0.809
0.158 -0.014 1.076 -5.588 -1.45 0.931
0.14 -0.01 1.096 -3.74 -2.443 1.16
0.165 -0.019 1.088 -3.496 -1.634 0.0
0.145 -0.021 1.083 -2.87 -3.557 -0.107
0.133 -0.011 1.074 -1.985 -3.466 -0.244
0.141 -0.015 1.063 -1.847 -3.924 -0.183
0.152 -0.008 1.049 -1.985 -3.206 0.321
0.151 0.001 1.046 -2.427 -3.099 0.504
0.151 -0.001 1.035 -2.977 -3.13 0.26
0.155 0.004 1.039 -3.374 -3.527 0.183
0.15 0.008 1.041 -4.092 -3.45 0.275
0.147 0.008 1.033 -4.733 -3.679 0.595
0.151 0.005 1.035 -5.481 -2.794 1.069
0.158 -0.001 1.04 -6.046 -1.679 1.649
0.147 -0.007 1.052 -6.107 -1.115 1.588
0.146 -0.011 1.061 -5.954 -0.992 1.71
0.142 -0.018 1.06 -5.557 -1.74 1.756
0.143 -0.009 1.055 -5.435 -2.168 1.679
0.141 -0.008 1.064 -5.359 -3.191 1.695
0.149 -0.004 1.063 -5.038 -2.809 1.588
0.16 -0.01 1.073 -4.29 -2.534 1.374
0.174 -0.005 1.069 -3.756 -2.061 0.672
0.168 -0.004 1.061 -3.053 -2.427 0.107
0.155 -0.001 1.044 -2.87 -3.145 0.061
0.159 0.007 1.045 -3.023 -2.962 -0.076
0.159 0.004 1.034 -3.771 -2.504 -0.015
0.152 0.006 1.032 -4.595 -1.252 0.275
0.154 0.006 1.03 -5.252 -0.809 0.458
0.16 0.0 1.047 -5.878 -0.916 0.458
0.16 -0.004 1.052 -5.725 -1.099 0.443
0.154 0.008 1.058 -5.45 -1.221 0.275
0.157 0.002 1.056 -5.13 -1.863 0.092
0.15 0.002 1.044 -5.191 -2.122 -0.412
0.147 0.004 1.045 -5.16 -2.962 -0.901
0.153 -0.001 1.048 -5.634 -2.534 -1.008
0.146 -0.008 1.051 -5.847 -2.061 -1.053
0.149 -0.003 1.069 -5.802 -1.863 -0.244
0.153 -0.006 1.066 -5.618 -1.298 0.458
0.154 -0.009 1.061 -5.359 -0.931 0.947
0.165 -0.013 1.06 -5.374 -1.313 0.565
0.162 -0.004 1.046 -5.282 -1.74 -0.244
0.154 -0.003 1.053 -5.527 -2.794 -0.412
0.16 -0.004 1.041 -5.664 -2.595 -0.779
0.154 -0.008 1.041 -6.015 -2.718 -0.504
0.153 -0.001 1.034 -6.794 -2.412 0.137
0.159 -0.008 1.052 -7.344 -1.542 0.687
0.161 -0.013 1.06 -7.405 -1.084 0.916
0.161 -0.014 1.066 -7.298 -0.626 0.824
0.16 -0.011 1.067 -6.794 -0.626 0.58
0.16 -0.015 1.074 -5.939 -1.542 -0.015
0.162 -0.019 1.059 -5.664 -2.153 -0.351
0.166 -0.016 1.059 -5.359 -1.893 -0.626
0.162 -0.01 1.051 -5.374 -1.481 -0.321
0.166 -0.009 1.065 -5.496 -1.557 -0.412
0.166 -0.006 1.061 -5.618 -1.313 -0.351
0.16 -0.007 1.063 -5.466 -0.626 -0.183
0.169 -0.006 1.054 -5.267 -0.427 -0.321
0.166 -0.001 1.056 -5.13 -0.443 -0.397
0.171 -0.002 1.045 -5.221 -1.16 -0.763
0.16 -0.003 1.041 -5.71 -1.634 -1.267
0.157 -0.0 1.052 -5.878 -1.878 -1.405
0.152 0.0 1.047 -6.092 -1.893 -0.962
0.153 -0.003 1.047 -5.969 -1.542 -0.748
0.154 0.002 1.042 -5.802 -0.748 -0.534
0.155 0.006 1.049 -5.511 -0.076 -0.321
0.161 0.005 1.049 -5.573 0.336 -0.29
0.157 0.011 1.045 -5.908 0.763 -0.015
0.158 0.017 1.049 -6.122 1.756 0.321
0.16 0.022 1.058 -6.366 2.458 0.656
0.159 0.027 1.057 -6.107 2.931 0.763
0.166 0.041 1.055 -5.893 3.45 1.099
0.177 0.043 1.059 -6.198 3.939 0.931
0.165 0.047 1.046 -6.489 4.809 0.962
0.169 0.056 1.04 -6.443 5.389 1.344
0.162 0.054 1.034 -6.702 5.832 1.603
0.15 0.061 1.021 -7.374 6.336 2.183
0.137 0.048 1.025 -8.58 3.679 3.374
0.169 0.05 1.013 -9.069 0.809 3.359
0.155 0.065 1.022 -10.336 5.481 1.603
0.162 0.071 1.025 -11.008 4.29 1.786
0.145 0.082 1.034 -11.374 5.313 1.42
0.142 0.096 1.039 -11.985 6.443 2.29
0.127 0.099 1.048 -12.443 7.74 3.13
0.122 0.11 1.068 -12.84 9.176 4.931
0.119 0.11 1.06 -13.13 11.359 6.458
0.124 0.118 1.075 -13.649 12.489 7.496
0.124 0.123 1.085 -13.786 12.824 7.725
0.127 0.132 1.091 -13.679 11.817 7.466
0.124 0.129 1.096 -12.366 10.672 6.733
0.121 0.132 1.107 -11.282 8.519 6.015
0.127 0.143 1.092 -9.45 6.901 4.992
0.128 0.16 1.086 -8.87 4.84 4.031
0.129 0.175 1.089 -8.473 2.916 3.664
0.148 0.185 1.084 -7.374 1.74 3.267
0.092 0.192 1.094 -6.565 -5.42 5.038
0.187 0.205 1.071 -4.87 -6.763 2.489
0.172 0.209 1.057 -4.427 -6.168 -2.321
0.148 0.197 1.036 -4.718 -11.221 -4.305
0.118 0.198 1.0 -7.191 -12.031 -4.611
0.073 0.19 1.005 -11.42 -11.328 -1.588
0.1 0.179 1.009 -16.122 -7.969 2.443
0.07 0.155 1.055 -19.359 0.87 5.13
0.085 0.129 1.091 -21.252 4.519 8.412
0.084 0.124 1.13 -21.252 8.29 8.931
0.105 0.105 1.152 -19.817 6.733 8.794
0.152 0.096 1.17 -16.901 5.664 6.031
0.189 0.081 1.168 -13.786 2.84 1.954
0.188 0.063 1.156 -11.053 -0.748 -3.145
0.169 0.052 1.151 -8.061 -2.947 -7.145
0.123 0.04 1.161 -4.901 -10.382 -6.595
0.206 0.045 1.103 -1.405 -5.527 -10.885
0.119 0.042 1.113 0.336 0.0 -14.076
0.132 0.039 1.057 -0.321 4.183 -13.664
0.1 0.021 1.057 -3.405 12.015 -13.282
0.094 -0.001 1.038 -6.519 11.756 -11.038
0.131 -0.016 1.06 -10.015 19.16 -13.74
0.107 -0.036 1.102 -11.053 18.672 -15.389
0.158 -0.015 1.095 -8.626 18.305 -19.695
0.076 0.06 1.18 -6.672 10.443 -21.511
0.188 -0.081 1.153 -10.0 -2.901 -26.046
0.099 -0.078 1.184 -4.305 0.779 -29.496
0.133 -0.14 1.047 1.527 0.412 -27.435
0.04 -0.108 1.097 -3.573 8.092 -26.443
0.066 -0.17 1.001 -2.031 15.435 -21.038
0.024 -0.151 1.034 -8.794 15.374 -21.008
-0.008 -0.175 1.14 -9.084 8.427 -15.481
0.075 -0.234 1.042 -5.832 6.321 -19.481
0.055 -0.23 1.115 -4.55 -6.412 -20.641
0.115 -0.245 1.07 -1.176 -15.557 -25.542
0.107 -0.211 1.08 1.16 -25.878 -27.817
0.1 -0.186 1.07 2.992 -31.359 -28.916
0.114 -0.157 1.052 3.863 -33.756 -28.336
0.138 -0.157 1.012 4.061 -31.924 -27.237
0.134 -0.175 0.97 2.061 -27.389 -25.252
0.136 -0.174 0.937 -1.45 -20.992 -22.916
0.108 -0.167 0.918 -6.595 -17.405 -20.321
0.1 -0.159 0.923 -11.115 -17.924 -17.756
0.093 -0.154 0.949 -15.115 -20.794 -14.244
0.135 -0.173 0.975 -16.092 -20.672 -11.573
0.16 -0.18 0.981 -15.45 -20.061 -8.885
0.194 -0.185 0.983 -13.954 -18.153 -7.679
0.208 -0.19 0.965 -13.985 -18.427 -7.42
0.243 -0.199 0.95 -12.244 -15.252 -8.046
0.217 -0.179 0.921 -17.191 -19.725 -8.977
0.29 -0.217 0.918 -18.198 -20.718 -11.481
0.272 -0.217 0.937 -21.115 -19.42 -14.0
0.302 -0.223 0.917 -22.443 -18.885 -17.237
0.292 -0.224 0.926 -25.878 -17.16 -20.718
0.264 -0.232 0.937 -27.527 -16.061 -23.725
0.251 -0.237 0.954 -29.756 -12.397 -24.473
0.237 -0.245 0.979 -28.397 -1.664 -22.26
0.206 -0.267 1.01 -30.473 -0.977 -19.664
0.166 -0.264 1.042 -28.183 10.031 -15.42
0.204 -0.285 1.042 -27.008 17.786 -12.321
0.184 -0.297 1.056 -26.305 22.611 -11.481
0.183 -0.293 1.061 -25.313 22.153 -11.527
0.171 -0.281 1.061 -23.908 18.275 -13.374
0.114 -0.271 1.083 -22.855 8.779 -14.397
0.151 -0.278 1.064 -21.679 2.611 -15.908
0.141 -0.273 1.07 -20.534 -2.595 -16.336
0.159 -0.261 1.074 -18.519 -3.344 -17.511
0.149 -0.234 1.061 -17.771 -1.176 -18.489
0.108 -0.212 1.059 -16.275 -1.16 -17.115
0.103 -0.215 1.059 -15.649 0.229 -13.771
0.115 -0.202 1.059 -15.618 2.824 -10.29
0.119 -0.203 1.08 -15.053 4.534 -7.282
0.127 -0.193 1.077 -14.58 6.55 -4.855
0.128 -0.186 1.086 -14.366 5.328 -2.611
0.147 -0.181 1.09 -12.763 4.87 -1.13
0.16 -0.169 1.093 -11.679 1.954 -0.305
0.179 -0.165 1.08 -10.489 0.687 -0.672
0.202 -0.171 1.091 -9.298 -1.786 -1.435
0.202 -0.173 1.09 -7.908 -3.053 -2.672
0.198 -0.163 1.087 -6.458 -3.008 -3.13
0.198 -0.146 1.075 -5.359 -2.321 -2.595
0.193 -0.149 1.048 -4.977 -0.656 -2.29
0.187 -0.147 1.036 -5.053 0.427 -1.618
0.188 -0.146 1.043 -4.794 2.076 -1.374
0.184 -0.148 1.034 -4.962 2.061 -1.221
0.184 -0.146 1.043 -5.557 1.191 -1.13
0.191 -0.147 1.049 -6.137 0.763 -1.252
0.213 -0.147 1.064 -6.168 1.405 -1.725
0.205 -0.152 1.078 -4.977 2.015 -2.855
0.183 -0.149 1.08 -3.542 1.725 -3.206
0.17 -0.146 1.072 -1.649 1.389 -3.115
0.161 -0.15 1.051 -0.977 0.214 -2.947
0.15 -0.143 1.032 -1.405 -0.718 -2.305
0.143 -0.14 1.03 -2.229 -1.252 -1.16
0.155 -0.139 1.027 -2.885 -0.855 -0.336
0.16 -0.137 1.025 -3.664 -0.84 0.061
0.154 -0.144 1.029 -4.137 -1.221 0.809
0.164 -0.147 1.028 -4.397 -1.817 0.947
0.166 -0.142 1.042 -4.183 -1.939 0.611
0.174 -0.147 1.057 -3.664 -0.931 -0.076
0.173 -0.141 1.053 -2.885 -0.702 -0.656
0.175 -0.138 1.046 -2.458 -1.069 -1.389
0.167 -0.134 1.041 -2.458 -1.802 -2.0
0.16 -0.133 1.034 -2.87 -2.015 -2.122
0.159 -0.125 1.021 -2.611 -1.16 -2.489
0.135 -0.117 1.032 -3.221 -1.023 -1.908
0.133 -0.117 1.025 -3.679 -0.931 -0.87
0.146 -0.121 1.02 -4.794 -1.038 -0.534
0.153 -0.122 1.017 -5.435 -0.901 -0.855
0.145 -0.122 1.036 -5.802 -0.611 -0.84
0.149 -0.126 1.061 -5.405 -0.183 -0.901
0.147 -0.121 1.055 -4.626 -0.168 -0.931
0.146 -0.121 1.053 -4.366 0.076 -0.992
0.148 -0.12 1.056 -3.908 0.198 -1.435
0.136 -0.124 1.054 -4.183 -0.901 -1.328
0.135 -0.121 1.058 -4.229 -0.763 -0.977
0.14 -0.123 1.051 -4.504 -0.809 -0.137
0.135 -0.129 1.048 -4.565 -0.702 0.565
0.151 -0.132 1.053 -4.809 -1.481 0.672
0.153 -0.128 1.048 -4.885 -2.809 0.58
0.156 -0.132 1.05 -4.885 -2.916 0.336
0.155 -0.135 1.062 -5.053 -3.115 0.565
0.16 -0.136 1.063 -4.55 -2.366 1.023
0.168 -0.137 1.071 -4.412 -1.771 0.977
0.165 -0.135 1.07 -4.076 -1.573 0.626
0.157 -0.141 1.065 -3.511 -1.481 0.504
0.153 -0.136 1.068 -3.191 -2.137 0.992
0.155 -0.139 1.057 -3.038 -2.244 1.42
0.162 -0.136 1.059 -2.84 -1.802 1.191
0.159 -0.136 1.059 -3.191 -1.893 0.855
0.167 -0.136 1.046 -3.45 -1.328 0.412
0.158 -0.135 1.069 -2.885 -1.74 0.626
0.164 -0.139 1.064 -2.275 -1.939 0.626
0.167 -0.137 1.056 -2.031 -1.603 0.427
0.164 -0.125 1.048 -2.321 -1.038 0.321
0.161 -0.123 1.047 -2.244 -0.901 0.275
0.161 -0.122 1.031 -2.427 -1.191 0.244
0.159 -0.128 1.018 -2.534 -0.962 -0.168
0.154 -0.123 1.034 -3.252 -1.481 -0.214
0.157 -0.13 1.038 -3.725 -2.153 0.031
0.151 -0.131 1.042 -3.496 -2.0 -0.229
0.156 -0.128 1.041 -3.389 -1.695 -0.168
0.151 -0.125 1.026 -3.466 -1.695 0.015
0.149 -0.127 1.038 -3.267 -1.695 -0.153
0.157 -0.125 1.046 -3.405 -1.557 -0.076
0.156 -0.123 1.034 -3.603 -1.511 0.122
0.156 -0.119 1.027 -3.802 -2.061 0.382
0.158 -0.122 1.027 -4.824 -2.122 0.504
0.153 -0.126 1.04 -4.992 -1.618 0.519
0.155 -0.129 1.045 -4.84 -1.466 0.656
0.149 -0.123 1.044 -4.672 -0.992 1.176
0.157 -0.118 1.048 -4.748 -1.069 1.344
0.164 -0.131 1.044 -4.718 -1.267 1.389
0.177 -0.12 1.062 -4.412 -0.947 -0.076
0.169 -0.127 1.052 -3.542 -1.939 -0.244
0.177 -0.125 1.044 -3.542 -1.496 -0.824
0.161 -0.123 1.047 -3.603 -1.206 -1.069
0.15 -0.117 1.041 -3.786 -0.58 -0.702
0.143 -0.118 1.045 -4.26 -0.55 -0.092
0.146 -0.127 1.036 -4.656 -0.305 0.565
0.154 -0.127 1.032 -5.435 -0.366 0.977
0.156 -0.131 1.041 -5.588 -0.275 0.901
0.161 -0.124 1.051 -5.634 -1.176 0.733
0.152 -0.127 1.06 -5.481 -1.74 0.58
0.156 -0.129 1.063 -5.374 -2.031 0.809
0.168 -0.131 1.065 -4.534 -1.221 0.29
0.161 -0.132 1.069 -3.557 -1.374 0.168
0.156 -0.127 1.062 -2.947 -1.496 -0.015
0.15 -0.129 1.057 -2.916 -1.496 0.031
0.15 -0.122 1.034 -3.527 -1.45 0.351
0.145 -0.124 1.037 -4.0 -1.649 0.718
0.138 -0.12 1.035 -4.229 -2.473 1.023
0.143 -0.125 1.03 -4.656 -2.351 1.511
0.137 -0.128 1.038 -5.038 -2.244 2.137
0.136 -0.129 1.042 -5.008 -2.58 2.794
0.142 -0.124 1.061 -4.595 -3.176 3.359
0.159 -0.127 1.054 -3.878 -2.351 3.145
0.164 -0.124 1.051 -3.313 -2.626 2.794
0.172 -0.119 1.042 -3.328 -2.748 2.779
0.174 -0.121 1.028 -3.679 -3.206 2.473
0.177 -0.131 1.039 -4.183 -2.947 1.847
0.174 -0.122 1.041 -4.321 -2.336 1.359
0.169 -0.129 1.035 -4.198 -1.71 0.87
0.162 -0.12 1.029 -4.641 -2.626 1.13
0.16 -0.116 1.019 -5.664 -2.824 1.359
0.177 -0.125 1.038 -6.046 -1.908 1.084
0.179 -0.126 1.052 -5.389 -1.695 1.115
0.143 -0.144 1.095 -5.618 -10.916 4.55
0.213 -0.13 1.044 -4.29 -1.069 -0.565
0.158 -0.122 1.047 -5.084 -5.588 0.641
0.176 -0.131 1.048 -5.038 -1.45 -0.672
0.162 -0.127 1.05 -5.206 -1.878 0.0
0.171 -0.139 1.059 -4.992 -0.55 0.153
0.166 -0.133 1.051 -4.947 -0.84 0.458
0.161 -0.135 1.051 -5.084 -1.756 0.366
0.169 -0.132 1.054 -4.794 -2.198 -0.092
0.168 -0.133 1.058 -4.427 -2.656 -0.26
0.171 -0.132 1.051 -4.183 -2.504 -0.58
0.171 -0.129 1.044 -4.214 -2.198 -0.229
0.174 -0.13 1.049 -4.824 -2.504 -0.153
0.171 -0.129 1.049 -4.901 -2.137 -0.046
0.173 -0.135 1.053 -4.84 -2.153 0.321
0.142 -0.131 1.063 -5.084 -6.901 3.374
0.217 -0.112 1.062 -5.298 -3.45 1.435
0.164 -0.134 1.069 -4.382 0.107 -0.168
0.185 -0.131 1.07 -3.573 0.397 -0.244
0.159 -0.121 1.042 -3.053 -0.26 -0.58
0.159 -0.119 1.038 -3.145 -0.656 -0.382
0.155 -0.119 1.028 -3.664 -0.809 -0.443
0.151 -0.116 1.016 -4.427 -1.252 -0.489
0.146 -0.123 1.016 -5.176 -1.557 -0.046
0.146 -0.122 1.029 -5.969 -2.092 0.29
0.143 -0.126 1.045 -6.458 -2.473 0.84
0.147 -0.12 1.052 -6.519 -2.183 0.901
0.156 -0.132 1.068 -5.893 -2.107 1.282
0.156 -0.135 1.071 -5.221 -1.756 1.023
0.17 -0.125 1.054 -4.641 -1.756 1.206
0.175 -0.121 1.051 -4.672 -1.634 1.053
0.172 -0.13 1.057 -4.687 -1.267 0.687
0.176 -0.127 1.057 -4.443 -0.55 0.275
0.162 -0.129 1.064 -3.924 0.229 0.153
0.164 -0.133 1.063 -3.725 0.107 0.229
0.153 -0.138 1.051 -3.603 -0.473 0.397
0.158 -0.135 1.052 -3.328 -0.473 0.504
0.163 -0.136 1.054 -3.099 -0.504 0.397
0.156 -0.135 1.06 -2.87 -0.656 0.443
0.167 -0.131 1.061 -2.702 -0.992 0.443
0.164 -0.13 1.049 -3.069 -1.221 0.565
0.169 -0.13 1.052 -2.992 -0.962 0.214
0.172 -0.134 1.058 -2.718 -1.237 0.321
0.171 -0.132 1.037 -2.855 -1.115 0.397
0.174 -0.133 1.045 -3.252 -0.794 0.382
0.163 -0.135 1.047 -3.374 -1.252 0.168
0.159 -0.129 1.042 -3.481 -1.405 0.214
0.157 -0.126 1.033 -3.588 -0.947 0.046
0.145 -0.115 1.031 -3.847 -0.931 0.397
0.156 -0.122 1.042 -4.382 -0.794 0.947
0.148 -0.116 1.031 -4.702 -0.733 0.763
0.156 -0.111 1.041 -5.252 -0.58 0.931
0.154 -0.118 1.037 -5.954 -0.885 0.916
0.14 -0.125 1.046 -6.321 -1.786 1.115
0.147 -0.124 1.047 -6.198 -1.542 0.779
0.167 -0.132 1.05 -5.817 -0.885 0.992
0.167 -0.132 1.071 -4.87 0.305 0.366
0.159 -0.133 1.07 -3.756 0.351 0.458
0.158 -0.132 1.055 -2.534 -0.412 -0.183
0.148 -0.123 1.046 -2.412 -1.053 -0.656
0.139 -0.112 1.032 -3.115 -2.183 -0.397
0.136 -0.122 1.02 -4.137 -2.565 0.412
0.144 -0.122 1.026 -5.359 -1.389 1.16
0.15 -0.123 1.033 -5.924 -0.702 1.511
0.153 -0.126 1.052 -6.137 -0.824 1.71
0.164 -0.125 1.058 -5.771 -0.977 1.695
0.166 -0.124 1.064 -4.809 -1.786 1.252
0.168 -0.126 1.068 -3.954 -2.702 0.794
0.173 -0.125 1.055 -3.588 -2.901 0.809
0.173 -0.13 1.052 -4.031 -2.061 0.733
0.176 -0.134 1.059 -4.229 -1.374 0.824
0.164 -0.136 1.059 -4.137 -0.641 0.748
0.165 -0.14 1.068 -3.328 -0.58 1.023
0.153 -0.136 1.053 -2.977 -0.458 0.992
0.152 -0.132 1.048 -2.473 -0.458 1.282
0.149 -0.125 1.036 -2.901 -1.038 1.786
0.146 -0.127 1.031 -3.756 -1.435 2.122
0.155 -0.121 1.016 -4.489 -1.481 2.382
0.156 -0.127 1.029 -5.069 -1.527 2.412
0.156 -0.126 1.04 -5.206 -1.634 2.198
0.158 -0.124 1.038 -5.298 -1.954 2.137
0.159 -0.128 1.045 -5.435 -2.275 2.443
0.171 -0.134 1.046 -5.42 -0.992 2.427
0.166 -0.135 1.044 -5.435 -0.947 2.458
0.17 -0.128 1.047 -5.221 -1.237 2.214
0.175 -0.123 1.052 -5.374 -1.756 1.817
0.174 -0.117 1.05 -5.023 -2.504 1.557
0.181 -0.117 1.053 -4.672 -3.023 1.282
0.182 -0.115 1.048 -4.321 -2.748 0.962
0.177 -0.12 1.042 -4.244 -3.267 0.702
0.18 -0.121 1.04 -4.611 -3.405 0.595
0.172 -0.12 1.031 -4.565 -3.115 0.229
0.175 -0.131 1.032 -4.534 -2.473 -0.275
0.176 -0.133 1.031 -4.321 -1.786 0.092
0.174 -0.129 1.04 -3.908 0.137 -0.153
0.185 -0.132 1.035 -3.527 0.473 -0.427
0.162 -0.124 1.029 -3.557 -0.824 -1.099
0.168 -0.128 1.022 -4.183 -2.305 -1.16
0.16 -0.126 1.022 -5.115 -2.901 -1.13