0.226 -0.091 1.069 -6.214 0.092 1.924
0.243 -0.093 1.081 -5.603 0.626 1.756
0.237 -0.094 1.097 -4.473 0.626 1.405
0.239 -0.102 1.09 -2.626 0.382 1.115
0.243 -0.107 1.091 -0.809 0.229 0.321
0.236 -0.097 1.08 0.779 -0.275 -0.397
0.216 -0.099 1.063 1.847 -2.214 -0.885
0.209 -0.092 1.03 1.893 -3.954 -0.84
0.221 -0.087 1.01 1.069 -5.313 -0.504
0.212 -0.075 0.988 -0.794 -4.656 -0.122
0.218 -0.075 0.973 -2.718 -3.542 0.702
0.214 -0.073 0.989 -5.206 -2.855 1.573
0.228 -0.079 1.001 -6.794 -1.603 2.0
0.222 -0.082 1.026 -7.16 -1.71 2.473
0.234 -0.091 1.032 -7.42 -2.489 2.275
0.238 -0.103 1.041 -7.481 -2.26 2.076
0.239 -0.115 1.041 -7.099 -3.084 1.939
0.231 -0.112 1.053 -6.901 -3.511 2.336
0.247 -0.116 1.053 -6.366 -2.84 2.626
0.25 -0.117 1.067 -5.878 -2.183 2.55
0.242 -0.111 1.059 -5.069 -1.847 2.427
0.247 -0.109 1.057 -4.366 -1.786 2.26
0.246 -0.101 1.04 -4.58 -2.382 1.969
0.249 -0.103 1.037 -4.55 -2.519 1.221
0.251 -0.099 1.031 -4.427 -2.687 0.779
0.255 -0.106 1.047 -4.443 -2.641 0.763
0.256 -0.101 1.044 -4.183 -2.718 0.366
0.249 -0.096 1.05 -3.374 -2.916 0.397
0.245 -0.09 1.04 -2.412 -2.733 0.351
0.251 -0.087 1.026 -2.382 -3.45 -0.244
0.239 -0.088 1.015 -2.84 -3.756 -0.565
0.232 -0.09 1.003 -4.061 -5.13 -0.595
0.243 -0.086 1.009 -5.527 -4.702 -0.443
0.249 -0.094 1.025 -6.534 -3.649 -0.382
0.24 -0.096 1.047 -6.687 -3.527 0.0
0.239 -0.094 1.047 -6.366 -3.176 0.061
0.236 -0.095 1.043 -6.061 -3.496 0.076
0.238 -0.095 1.037 -5.71 -3.542 0.137
0.237 -0.089 1.034 -5.496 -3.771 0.168
0.239 -0.095 1.034 -5.71 -3.725 0.382
0.242 -0.089 1.023 -6.29 -3.267 0.55
0.242 -0.1 1.028 -6.672 -2.748 0.489
0.238 -0.092 1.034 -6.763 -2.397 0.824
0.241 -0.09 1.034 -6.824 -1.847 0.595
0.233 -0.1 1.035 -6.718 -2.351 0.779
0.194 -0.104 1.029 -5.573 -5.221 -0.046
0.217 -0.107 1.039 -6.55 -2.687 -0.153
0.238 -0.096 1.051 -5.802 -2.641 1.328
0.244 -0.102 1.042 -5.557 -0.58 0.87
0.242 -0.108 1.033 -5.603 -1.573 0.748
0.25 -0.102 1.028 -5.313 -1.481 0.534
0.251 -0.092 1.039 -5.405 -1.298 0.183
0.247 -0.101 1.031 -5.374 -2.168 0.031
0.245 -0.097 1.02 -5.618 -1.679 -0.122
0.239 -0.093 1.021 -6.061 -1.802 -0.153
0.249 -0.081 1.027 -6.718 -1.786 -0.031
0.24 -0.085 1.039 -7.359 -1.252 0.26
0.252 -0.088 1.035 -7.924 -0.855 0.641
0.247 -0.078 1.051 -8.336 0.031 1.038
0.24 -0.068 1.049 -8.855 0.794 1.42
0.231 -0.043 1.066 -9.542 2.031 1.496
0.237 -0.021 1.059 -9.908 3.084 1.328
0.237 -0.0 1.087 -10.702 3.573 1.313
0.272 0.015 1.105 -10.885 2.962 0.702
0.293 0.023 1.142 -10.351 2.519 -1.252
0.288 0.047 1.162 -8.122 1.588 -3.618
0.27 0.071 1.194 -4.641 -1.069 -5.038
0.227 0.126 1.241 -2.641 -0.214 -5.145
0.249 0.156 1.178 0.656 2.809 -3.282
0.263 0.199 1.162 1.969 11.267 0.122
0.281 0.247 1.105 2.168 16.58 4.977
0.297 0.288 1.051 0.443 25.115 9.16
0.298 0.317 1.0 -3.847 32.29 12.122
0.288 0.333 0.994 -8.214 36.015 14.443
0.291 0.328 1.005 -13.573 36.794 13.695
0.288 0.306 1.038 -17.939 32.107 10.092
0.286 0.29 1.079 -19.481 26.214 4.534
0.268 0.28 1.132 -19.878 19.344 -0.916
0.233 0.247 1.164 -14.489 11.16 -3.908
0.226 0.218 1.176 -8.718 5.282 -6.58
0.231 0.205 1.139 -3.542 3.405 -8.0
0.216 0.183 1.1 -2.351 6.122 -8.29
0.185 0.182 1.078 -3.221 9.206 -7.069
0.158 0.163 1.059 -5.206 10.382 -4.519
0.19 0.148 1.011 -9.542 13.359 -4.763
0.182 0.113 0.991 -15.634 15.603 -6.351
0.217 0.078 0.981 -23.053 16.55 -9.145
0.261 0.039 1.003 -28.626 17.496 -13.756
0.296 0.001 1.028 -32.366 18.763 -20.198
0.28 -0.045 1.078 -33.237 16.55 -25.939
0.25 -0.06 1.066 -31.115 15.924 -29.084
0.22 -0.101 1.046 -29.435 19.206 -30.901
0.196 -0.113 1.012 -29.634 22.626 -29.389
0.204 -0.122 0.973 -30.351 27.45 -27.847
0.206 -0.15 0.96 -32.321 32.473 -26.061
0.205 -0.169 0.94 -34.504 34.137 -25.13
0.212 -0.21 0.952 -36.382 34.794 -25.634
0.188 -0.244 0.999 -35.878 27.878 -28.901
0.2 -0.292 1.054 -32.397 15.527 -34.687
0.217 -0.358 1.059 -26.412 4.855 -41.344
0.195 -0.401 1.055 -20.504 -4.046 -47.008
0.135 -0.425 1.036 -14.702 -11.511 -50.794
0.095 -0.443 1.021 -10.107 -17.573 -49.802
0.077 -0.45 0.973 -7.45 -18.092 -47.573
0.054 -0.442 0.932 -6.443 -14.214 -42.931
0.012 -0.429 0.901 -6.321 -15.344 -34.885
0.032 -0.418 0.856 -7.939 -14.473 -27.771
0.077 -0.404 0.814 -11.267 -7.786 -20.809
0.098 -0.421 0.816 -14.763 -5.847 -17.023
0.119 -0.441 0.866 -18.0 -7.389 -13.74
0.226 -0.472 0.929 -20.626 -3.695 -13.206
0.276 -0.507 0.921 -19.267 -5.618 -14.534
0.249 -0.471 0.976 -16.794 -5.328 -16.153
0.285 -0.482 0.986 -14.794 -1.725 -21.618
0.282 -0.482 0.979 -11.878 -3.328 -25.557
0.233 -0.496 0.934 -11.374 -6.641 -29.13
0.192 -0.48 0.92 -12.885 -11.832 -30.611
0.159 -0.457 0.926 -15.74 -14.076 -29.511
0.152 -0.425 0.946 -16.87 -14.397 -25.374
0.158 -0.396 0.962 -16.687 -11.084 -20.763
0.152 -0.389 0.961 -16.427 -7.634 -15.557
0.166 -0.407 0.965 -17.542 -2.718 -11.16
0.182 -0.415 0.979 -18.229 1.771 -8.397
0.21 -0.426 1.007 -21.344 5.985 -7.634
0.222 -0.437 1.033 -22.244 8.0 -7.557
0.22 -0.407 1.062 -21.954 10.153 -8.824
0.204 -0.394 1.085 -19.863 13.542 -10.26
0.168 -0.389 1.07 -16.244 14.153 -10.046
0.123 -0.37 1.076 -12.427 13.13 -8.84
0.11 -0.356 1.061 -9.573 10.534 -6.427
0.104 -0.345 1.043 -7.74 8.992 -3.802
0.121 -0.327 1.036 -6.702 8.534 -1.466
0.143 -0.305 1.032 -5.771 9.282 -0.122
0.163 -0.285 1.014 -4.885 9.496 0.198
0.176 -0.268 1.012 -4.412 10.763 -0.824
0.153 -0.256 1.024 -3.634 7.817 -0.992
0.151 -0.249 1.025 -3.542 3.237 -0.901
0.163 -0.244 1.01 -4.092 -0.29 -0.962
0.187 -0.242 1.01 -4.977 -1.359 -1.573
0.179 -0.234 1.018 -5.771 -1.053 -2.473
0.162 -0.227 1.025 -7.16 -1.908 -2.0
0.155 -0.229 1.029 -7.008 -2.519 -1.267
0.168 -0.226 1.036 -7.069 -2.595 -0.397
0.195 -0.226 1.047 -6.626 -1.435 -0.168
0.198 -0.234 1.051 -5.939 0.107 -0.382
0.205 -0.234 1.056 -5.237 1.267 -0.962
0.182 -0.232 1.051 -4.489 1.496 -2.046
0.156 -0.231 1.057 -3.634 -0.26 -1.832
0.144 -0.227 1.033 -3.206 -3.084 -1.603
0.141 -0.225 1.027 -3.511 -5.053 -0.748
0.146 -0.217 1.01 -4.687 -4.962 0.626
0.152 -0.23 1.009 -5.588 -3.45 1.939
0.169 -0.219 1.021 -5.344 -1.206 2.947
0.181 -0.225 1.033 -4.656 0.641 2.489
0.177 -0.222 1.027 -4.626 0.779 1.557
0.179 -0.229 1.037 -5.42 0.061 0.29
0.185 -0.231 1.037 -6.046 -0.336 -0.931
0.188 -0.236 1.042 -6.214 -0.427 -1.939
0.176 -0.233 1.057 -5.969 0.214 -2.397
0.16 -0.229 1.051 -5.115 0.595 -2.305
0.16 -0.224 1.05 -4.824 0.519 -1.878
0.153 -0.224 1.046 -4.58 0.076 -1.252
0.166 -0.23 1.041 -4.595 -0.122 -1.374
0.17 -0.233 1.031 -4.107 -0.031 -1.786
0.167 -0.23 1.029 -3.847 0.092 -2.122
0.155 -0.227 1.031 -4.397 -0.916 -2.122
0.156 -0.226 1.028 -5.084 -1.74 -1.695
0.157 -0.228 1.036 -5.359 -0.977 -1.389
0.148 -0.228 1.045 -5.496 0.229 -0.702
0.144 -0.227 1.041 -5.573 0.046 0.061
0.144 -0.219 1.038 -5.557 -1.16 0.626
0.162 -0.228 1.037 -5.603 -1.71 0.992
0.178 -0.238 1.046 -4.992 -1.16 0.015
0.173 -0.239 1.052 -3.893 -1.191 -1.221
0.166 -0.224 1.059 -2.901 -2.336 -2.26
0.146 -0.226 1.044 -2.321 -4.412 -2.229
0.148 -0.221 1.033 -2.779 -5.496 -2.153
0.161 -0.218 1.029 -3.557 -5.298 -1.802
0.157 -0.22 1.03 -3.618 -3.954 -1.099
0.165 -0.229 1.033 -3.496 -1.863 -0.504
0.164 -0.223 1.04 -3.496 -0.504 -0.137
0.161 -0.221 1.033 -3.985 -0.534 0.198
0.161 -0.219 1.034 -4.305 -2.336 -0.229
0.166 -0.214 1.034 -4.198 -3.527 -1.084
0.16 -0.221 1.037 -3.878 -4.656 -1.237
0.168 -0.221 1.042 -3.496 -4.87 -1.13
0.164 -0.225 1.032 -3.496 -4.229 -0.672
0.167 -0.22 1.029 -2.901 -3.954 0.031
0.168 -0.217 1.034 -2.229 -3.267 0.229
0.184 -0.215 1.016 -1.939 -3.008 0.305
0.178 -0.216 1.007 -1.924 -2.29 -0.244
0.157 -0.212 0.992 -2.947 -2.855 -0.26
0.158 -0.221 0.984 -4.427 -3.023 0.092
0.168 -0.217 0.986 -6.275 -3.038 0.0
0.169 -0.226 1.018 -7.16 -2.672 -0.153
0.161 -0.235 1.037 -6.382 -2.672 0.29
0.169 -0.237 1.044 -5.038 -3.267 -0.168
0.166 -0.225 1.04 -4.366 -4.443 -0.641
0.172 -0.215 1.031 -4.29 -5.924 -0.672
0.182 -0.223 1.029 -4.656 -6.427 -0.794
0.188 -0.221 1.019 -5.359 -6.366 -0.855
0.197 -0.226 1.021 -5.389 -4.153 -1.115
0.194 -0.227 1.033 -5.603 -3.252 -1.16
0.195 -0.223 1.029 -5.588 -2.122 -1.206
0.185 -0.216 1.031 -5.542 -1.771 -1.298
0.187 -0.227 1.037 -5.16 -1.908 -1.45
0.176 -0.222 1.031 -4.855 -2.718 -1.725
0.178 -0.229 1.023 -4.748 -3.237 -1.817
0.169 -0.216 1.021 -5.16 -3.786 -1.435
0.167 -0.22 1.03 -5.344 -3.176 -0.855
0.173 -0.226 1.033 -5.313 -2.565 -0.443
0.186 -0.225 1.045 -4.733 -1.893 -0.702
0.181 -0.226 1.041 -4.641 -1.74 -0.672
0.176 -0.22 1.039 -4.489 -1.847 -0.901
0.179 -0.229 1.048 -3.817 -2.168 -1.084
0.179 -0.229 1.034 -3.649 -3.115 -1.221
0.184 -0.226 1.026 -3.45 -2.947 -1.328
0.186 -0.221 1.027 -3.542 -2.855 -1.374
0.182 -0.221 1.024 -3.573 -2.458 -1.344
0.179 -0.224 1.017 -3.496 -2.214 -1.45
0.186 -0.216 1.014 -3.496 -2.214 -1.008
0.189 -0.217 1.001 -3.435 -1.832 -0.992
0.186 -0.222 1.02 -3.313 -1.71 -1.206
0.186 -0.216 1.009 -3.267 -2.443 -1.191
0.174 -0.217 1.018 -3.74 -2.855 -1.069
0.179 -0.208 1.003 -4.351 -2.885 -1.313
0.179 -0.209 1.009 -5.069 -2.824 -0.794
0.184 -0.215 1.015 -5.527 -2.046 -1.038
0.18 -0.215 1.013 -5.695 -2.031 -0.901
0.173 -0.22 1.02 -5.847 -1.954 -0.87
0.174 -0.222 1.02 -5.435 -1.634 -1.038
0.177 -0.227 1.027 -5.008 -1.649 -0.962
0.173 -0.222 1.031 -4.198 -0.885 -0.977
0.173 -0.229 1.035 -3.237 -0.824 -0.794
0.175 -0.215 1.018 -2.794 -0.794 -0.733
0.164 -0.212 1.013 -3.206 -1.237 -0.779
0.171 -0.219 1.005 -3.985 -1.817 -0.672
0.171 -0.216 1.002 -4.794 -2.351 -0.092
0.17 -0.218 1.011 -5.069 -1.969 0.168
0.181 -0.214 1.021 -5.328 -1.344 0.382
0.188 -0.218 1.032 -5.145 -1.496 0.748
0.187 -0.226 1.023 -5.389 -0.931 0.565
0.187 -0.228 1.02 -5.939 -0.794 0.656
0.194 -0.229 1.026 -6.198 -0.656 0.473
0.198 -0.222 1.031 -5.74 -0.992 0.29
0.201 -0.227 1.043 -5.145 -0.656 -0.397
0.197 -0.232 1.039 -4.504 -1.115 -0.992
0.201 -0.229 1.034 -4.489 -1.893 -1.45
0.195 -0.217 1.025 -4.427 -2.137 -1.878
0.183 -0.223 1.02 -4.916 -2.107 -1.71
0.175 -0.222 1.033 -5.328 -2.672 -1.176
0.176 -0.223 1.032 -5.74 -2.366 -0.29
0.193 -0.227 1.035 -6.137 -2.046 -0.046
0.193 -0.235 1.028 -6.137 -1.588 0.061
0.198 -0.233 1.044 -5.664 -1.313 -0.168
0.205 -0.235 1.057 -4.977 -1.008 -0.519
0.205 -0.229 1.043 -3.695 -0.275 -1.649
0.203 -0.228 1.039 -2.962 -0.641 -2.244
0.182 -0.216 1.013 -3.069 -1.145 -2.351
0.182 -0.215 1.0 -3.878 -1.328 -2.137
0.184 -0.218 1.0 -4.992 -1.435 -2.092
0.171 -0.215 1.016 -6.0 -0.702 -1.664
0.177 -0.223 1.016 -5.939 -0.214 -1.099
0.163 -0.23 1.021 -6.031 -0.519 -0.733
0.167 -0.221 1.035 -5.527 -1.13 -0.504
0.168 -0.232 1.046 -5.191 -1.557 -0.26
0.181 -0.225 1.038 -4.763 -2.092 -0.489
0.182 -0.225 1.035 -4.672 -2.55 -0.687
0.179 -0.224 1.033 -4.656 -2.458 -0.931
0.178 -0.225 1.033 -4.794 -2.641 -0.809
0.182 -0.228 1.029 -4.626 -2.718 -0.809
0.187 -0.226 1.028 -4.473 -1.939 -0.687
0.177 -0.216 1.032 -4.321 -1.573 -0.519
0.18 -0.218 1.03 -4.427 -0.611 -0.244
0.173 -0.226 1.026 -4.382 -0.214 0.076
0.181 -0.231 1.024 -4.626 -0.443 0.076
0.18 -0.227 1.029 -4.992 -1.282 -0.168
0.188 -0.229 1.034 -4.504 -1.695 -0.779
0.182 -0.228 1.031 -3.985 -2.061 -0.916
0.174 -0.223 1.022 -3.206 -2.015 -0.916
0.169 -0.219 1.01 -3.221 -1.893 -0.26
0.171 -0.216 1.016 -3.679 -1.13 0.229
0.188 -0.221 1.013 -4.107 0.153 0.0
0.181 -0.221 1.01 -4.443 -0.198 0.015
0.175 -0.222 1.029 -4.84 -1.191 -0.046
0.185 -0.219 1.019 -5.038 -1.939 -0.061
0.185 -0.225 1.027 -5.206 -2.0 -0.275
0.185 -0.228 1.03 -5.313 -2.076 -0.137
0.182 -0.226 1.026 -5.206 -1.863 0.031
0.193 -0.235 1.032 -4.962 -1.786 0.015
0.193 -0.23 1.038 -4.87 -1.359 -0.26
0.19 -0.23 1.042 -4.58 -1.573 -0.336
0.193 -0.227 1.031 -4.153 -1.344 -0.321
0.182 -0.226 1.028 -3.71 -1.634 -0.305
0.183 -0.221 1.032 -3.74 -1.328 -0.58
0.185 -0.219 1.005 -4.137 -1.45 -0.473
0.175 -0.219 1.004 -4.855 -2.0 -0.076
0.184 -0.223 1.008 -5.725 -1.588 0.061
0.181 -0.222 1.021 -5.832 -1.008 0.0
0.187 -0.226 1.024 -5.527 -1.237 -0.137
0.184 -0.228 1.021 -5.298 -1.771 -0.412
0.184 -0.232 1.024 -4.962 -1.832 -0.412
0.187 -0.229 1.029 -4.473 -2.031 -0.168
0.178 -0.229 1.031 -3.908 -1.191 -0.092
0.187 -0.226 1.024 -3.893 -1.008 0.137
0.191 -0.224 1.018 -4.26 -0.489 0.046
0.202 -0.219 1.028 -4.397 -0.366 -0.397
0.195 -0.22 1.021 -4.931 -0.84 -0.855
0.187 -0.217 1.027 -4.947 -1.756 -0.931
0.197 -0.22 1.025 -4.855 -1.511 -0.809
0.19 -0.225 1.025 -4.58 -1.084 -0.58
0.187 -0.224 1.023 -4.336 0.015 -0.794
0.177 -0.227 1.019 -4.443 -0.153 -0.58
0.175 -0.225 1.024 -4.718 -0.794 -0.519
0.181 -0.226 1.025 -4.794 -0.931 -0.931
0.182 -0.234 1.029 -4.504 -1.237 -0.794
0.184 -0.232 1.025 -4.382 -1.725 -0.84
0.185 -0.224 1.019 -4.458 -1.679 -0.779
0.189 -0.224 1.026 -4.656 -1.313 -0.733
0.183 -0.231 1.016 -4.656 -1.527 -0.58
0.175 -0.221 1.013 -5.237 -1.802 -0.031
0.174 -0.224 1.036 -5.435 -1.573 0.0
0.199 -0.231 1.037 -5.786 -0.427 -0.458
0.19 -0.233 1.039 -5.344 -0.031 -0.473
0.195 -0.235 1.053 -4.504 -0.351 -0.672
0.193 -0.231 1.04 -3.847 -0.58 -1.115
0.196 -0.228 1.034 -3.466 -0.947 -1.511
0.155 -0.214 1.025 -3.542 -3.374 -1.084
0.182 -0.216 1.017 -4.092 -0.718 -1.13
0.167 -0.225 1.02 -4.076 -1.221 -0.611
0.174 -0.223 1.02 -4.824 -1.176 -0.183
0.169 -0.226 1.011 -5.069 -1.527 0.168
0.183 -0.23 1.023 -5.16 -1.405 0.198
0.192 -0.231 1.034 -4.748 -1.847 0.031
0.183 -0.227 1.039 -4.015 -1.878 -0.229
0.19 -0.231 1.036 -3.542 -1.267 -0.443
0.179 -0.226 1.018 -3.832 -1.695 -0.809
0.178 -0.219 1.023 -4.565 -2.229 -0.58
0.178 -0.226 1.024 -4.794 -2.137 -0.427
0.177 -0.229 1.031 -4.84 -2.229 0.183
0.179 -0.232 1.036 -4.977 -2.351 0.244
0.182 -0.226 1.029 -4.794 -2.336 0.397
0.184 -0.228 1.026 -4.458 -2.595 0.519
0.173 -0.223 1.027 -3.908 -2.107 0.55
0.183 -0.22 1.036 -3.405 -1.893 0.947
0.202 -0.222 1.029 -3.45 -1.817 0.763
0.195 -0.224 1.029 -3.466 -1.13 0.122
0.198 -0.221 1.03 -3.359 -1.466 -0.366
0.189 -0.226 1.031 -3.252 -1.74 -0.809
0.187 -0.225 1.02 -3.053 -2.107 -0.824
0.188 -0.218 1.014 -3.618 -1.725 -0.611
0.18 -0.22 1.003 -3.771 -1.023 -0.061
0.177 -0.22 1.018 -4.29 -0.427 0.137
0.177 -0.219 1.013 -4.58 -0.229 0.305
0.186 -0.226 1.021 -4.779 -0.244 0.519
0.185 -0.223 1.02 -4.687 -0.473 0.336
0.19 -0.231 1.027 -4.321 -0.718 0.107
0.178 -0.23 1.025 -3.863 -1.405 -0.046
0.189 -0.225 1.022 -3.893 -1.756 -0.153
0.18 -0.226 1.022 -3.985 -1.847 -0.137
0.186 -0.222 1.01 -4.366 -2.214 0.305
0.193 -0.223 1.0 -5.053 -1.71 0.412
0.183 -0.223 1.022 -5.588 -0.87 0.55
0.186 -0.229 1.031 -5.603 -0.611 0.824
0.196 -0.228 1.04 -5.008 -0.061 0.55
0.193 -0.237 1.043 -4.229 0.153 0.0
0.19 -0.227 1.026 -3.71 0.0 -0.046
0.194 -0.22 1.03 -3.786 -0.122 0.046
0.188 -0.227 1.016 -3.954 0.0 -0.244
0.185 -0.22 1.019 -4.382 -0.229 -0.229
0.187 -0.222 1.02 -5.145 -0.244 -0.458
0.188 -0.22 1.035 -5.542 -0.427 -0.611
0.179 -0.222 1.043 -5.374 -0.748 -0.855
0.183 -0.229 1.036 -4.885 -0.748 -1.084
0.181 -0.222 1.037 -4.275 -1.115 -1.069
0.18 -0.226 1.014 -4.214 -0.718 -0.931
0.168 -0.217 1.017 -4.336 -0.87 -0.519
0.176 -0.216 1.011 -5.191 -1.053 -0.244
0.175 -0.223 1.021 -5.496 -1.618 0.183
0.177 -0.229 1.018 -6.473 -1.389 -0.275
0.183 -0.229 1.029 -6.519 -1.344 -0.076
0.179 -0.237 1.043 -6.046 -1.221 0.031
0.181 -0.242 1.04 -4.931 -0.992 -0.061
0.182 -0.232 1.03 -4.275 -0.489 -0.366
0.18 -0.229 1.018 -3.908 -1.069 -0.534
0.17 -0.226 1.018 -4.092 -1.282 -0.168
0.174 -0.225 1.014 -4.382 -1.71 -0.153
0.173 -0.234 1.02 -5.023 -1.527 0.137
0.179 -0.229 1.022 -5.252 -0.962 0.382
0.181 -0.23 1.03 -5.13 0.046 0.992
0.175 -0.235 1.034 -4.687 -0.168 1.099
0.173 -0.226 1.037 -4.214 -0.824 0.87
0.179 -0.227 1.032 -4.336 -1.695 1.176
0.188 -0.227 1.026 -4.473 -1.771 0.84
0.187 -0.225 1.017 -4.565 -2.504 0.763
0.192 -0.231 1.019 -5.16 -2.672 0.672
0.191 -0.232 1.015 -5.511 -2.275 0.931
0.191 -0.228 1.025 -5.267 -2.382 0.611
0.186 -0.229 1.04 -5.252 -2.244 0.427
0.184 -0.237 1.03 -5.206 -3.023 0.275