0.226 -0.054 1.061 -2.427 -0.702 -1.832
0.225 -0.054 1.048 -2.29 -1.542 -1.771
0.227 -0.056 1.05 -2.153 -1.145 -1.542
0.23 -0.047 1.043 -2.641 -1.756 -1.221
0.234 -0.046 1.047 -3.038 -1.435 -1.176
0.244 -0.038 1.051 -3.053 -1.878 -1.023
0.254 -0.036 1.047 -2.977 -0.947 -1.099
0.258 -0.042 1.05 -2.885 -0.992 -1.863
0.254 -0.04 1.034 -3.038 -1.664 -2.763
0.246 -0.035 1.035 -3.069 -1.802 -3.237
0.238 -0.035 1.02 -3.74 -2.351 -3.71
0.228 -0.041 1.025 -4.473 -1.832 -3.725
0.217 -0.037 1.017 -5.267 -1.542 -3.603
0.224 -0.036 1.018 -6.153 -1.664 -3.053
0.224 -0.038 1.016 -7.893 -1.405 -2.901
0.23 -0.036 1.025 -9.13 -1.618 -2.733
0.231 -0.044 1.024 -10.305 -2.107 -3.13
0.229 -0.048 1.025 -10.809 -3.069 -3.725
0.226 -0.046 1.029 -11.237 -3.084 -3.771
0.216 -0.047 1.03 -11.267 -3.252 -3.374
0.211 -0.049 1.039 -11.511 -2.931 -2.901
0.216 -0.052 1.052 -11.42 -2.779 -1.863
0.231 -0.055 1.057 -10.87 -1.969 -1.588
0.241 -0.054 1.055 -10.641 -1.893 -1.618
0.233 -0.056 1.056 -9.924 -2.015 -2.092
0.24 -0.057 1.051 -9.176 -1.588 -2.779
0.227 -0.06 1.053 -8.321 -2.137 -2.641
0.215 -0.06 1.031 -7.969 -2.061 -2.198
0.219 -0.049 1.027 -8.198 -1.71 -1.725
0.203 -0.057 1.017 -9.145 -1.756 -1.023
0.202 -0.065 1.035 -10.015 -1.374 -0.168
0.206 -0.068 1.039 -10.84 -1.359 0.702
0.22 -0.078 1.049 -10.504 -0.519 0.809
0.232 -0.077 1.07 -9.588 -0.87 0.504
0.233 -0.076 1.077 -8.443 -0.611 0.015
0.231 -0.071 1.07 -7.053 -1.42 -0.855
0.234 -0.073 1.056 -5.573 -2.031 -1.618
0.24 -0.071 1.06 -4.672 -2.534 -2.26
0.226 -0.069 1.054 -4.489 -2.427 -2.275
0.224 -0.069 1.052 -4.412 -2.046 -2.153
0.208 -0.061 1.031 -4.779 -1.954 -1.74
0.206 -0.065 1.034 -5.695 -1.832 -0.901
0.198 -0.068 1.041 -6.565 -2.275 -0.336
0.202 -0.072 1.035 -6.809 -2.0 0.198
0.207 -0.067 1.045 -6.626 -2.26 0.687
0.201 -0.072 1.04 -6.382 -2.321 0.947
0.211 -0.072 1.044 -6.397 -2.336 1.206
0.207 -0.072 1.047 -6.489 -1.954 1.405
0.218 -0.074 1.051 -6.626 -1.725 1.603
0.224 -0.075 1.049 -6.58 -1.649 1.71
0.217 -0.075 1.052 -6.366 -1.74 1.985
0.219 -0.073 1.054 -6.183 -2.031 2.076
0.221 -0.083 1.044 -5.786 -2.382 2.214
0.23 -0.076 1.049 -5.191 -2.107 2.076
0.23 -0.083 1.057 -4.702 -2.305 1.405
0.23 -0.078 1.044 -4.076 -2.656 1.084
0.227 -0.076 1.056 -3.496 -3.313 0.611
0.234 -0.072 1.047 -2.901 -2.718 0.107
0.232 -0.061 1.037 -2.931 -3.008 0.076
0.226 -0.063 1.035 -3.038 -3.176 0.58
0.228 -0.057 1.034 -4.046 -2.977 0.55
0.239 -0.068 1.031 -4.397 -2.901 0.702
0.236 -0.057 1.044 -4.443 -2.962 0.55
0.239 -0.065 1.044 -4.687 -3.298 0.382
0.241 -0.064 1.035 -4.366 -3.42 -0.107
0.241 -0.062 1.032 -5.053 -3.527 -0.153
0.231 -0.054 1.026 -5.542 -3.71 0.137
0.242 -0.056 1.026 -5.71 -2.153 0.107
0.242 -0.056 1.029 -6.305 -1.527 0.153
0.234 -0.058 1.032 -6.611 -0.672 -0.153
0.238 -0.061 1.029 -6.702 -1.053 0.061
0.242 -0.065 1.034 -6.947 -0.87 -0.29
0.232 -0.054 1.045 -7.145 -2.015 -0.092
0.243 -0.065 1.04 -6.962 -1.878 0.092
0.235 -0.057 1.039 -6.931 -1.71 0.107
0.234 -0.056 1.046 -6.656 -2.061 0.061
0.234 -0.05 1.036 -6.534 -2.244 0.0
0.232 -0.039 1.027 -6.519 -2.336 -0.443
0.219 -0.026 1.028 -7.069 -1.969 -0.29
0.214 -0.016 1.033 -7.557 -1.344 0.214
0.213 -0.006 1.039 -8.412 -0.214 0.916
0.201 -0.004 1.042 -8.901 0.397 1.817
0.207 0.011 1.051 -9.023 1.511 2.931
0.204 0.011 1.063 -8.977 1.099 4.061
0.218 0.031 1.072 -8.885 1.023 4.824
0.225 0.054 1.071 -9.237 2.0 5.344
0.218 0.086 1.082 -9.374 2.504 5.695
0.208 0.088 1.109 -8.794 3.756 6.26
0.201 0.08 1.129 -7.756 4.504 7.16
0.203 0.073 1.141 -5.603 6.305 7.634
0.196 0.075 1.163 -3.16 6.29 8.687
0.202 0.071 1.153 -0.321 5.542 9.466
0.211 0.087 1.142 1.893 3.298 9.939
0.213 0.099 1.129 3.389 0.977 9.618
0.224 0.125 1.114 4.672 -2.489 8.992
0.237 0.148 1.093 5.023 -4.748 8.305
0.228 0.164 1.08 5.023 -5.038 7.405
0.223 0.179 1.06 4.061 -6.183 6.687
0.219 0.177 1.044 3.084 -6.702 6.656
0.224 0.167 1.049 1.588 -5.969 6.336
0.21 0.158 1.034 -0.458 -5.466 6.412
0.2 0.144 1.013 -2.901 -4.214 7.069
0.195 0.143 1.028 -6.809 -3.344 7.557
0.187 0.136 1.046 -10.198 -2.183 7.969
0.194 0.135 1.051 -12.656 -1.267 8.198
0.195 0.121 1.087 -13.74 -1.863 8.534
0.208 0.11 1.116 -12.305 -4.076 7.985
0.259 0.095 1.113 -10.305 -5.634 6.122
0.281 0.09 1.123 -8.489 -5.618 2.58
0.3 0.068 1.139 -6.0 -5.053 -0.076
0.304 0.065 1.121 -2.702 -4.595 -3.13
0.308 0.055 1.095 -1.435 -5.023 -5.893
0.292 0.072 1.071 -1.725 -4.092 -7.191
0.317 0.058 1.028 -3.252 -5.13 -7.954
0.286 0.038 1.015 -5.115 2.992 -12.183
0.264 0.03 0.986 -9.603 0.84 -12.84
0.252 0.017 0.986 -13.481 2.305 -13.496
0.239 0.0 1.001 -14.901 1.405 -11.832
0.28 -0.047 1.034 -13.695 3.145 -11.802
0.325 -0.07 1.034 -11.725 6.168 -13.74
0.331 -0.098 1.031 -8.458 9.176 -16.611
0.338 -0.123 1.019 -6.366 10.397 -17.969
0.331 -0.182 0.926 -7.13 14.58 -20.26
0.315 -0.244 0.935 -6.84 10.504 -18.855
0.384 -0.311 0.82 -4.733 27.023 -27.725
0.327 -0.296 0.865 -17.053 12.137 -29.863
0.285 -0.27 0.88 -18.107 15.466 -34.794
0.203 -0.333 0.961 -14.168 9.679 -31.74
0.125 -0.354 1.021 -10.641 2.26 -28.076
0.145 -0.387 1.006 -7.71 -0.26 -24.519
0.158 -0.416 0.963 -6.382 2.702 -20.794
0.177 -0.444 0.954 -7.42 6.305 -16.489
0.198 -0.452 0.92 -10.931 12.076 -15.832
0.201 -0.443 0.919 -16.443 16.107 -16.824
0.17 -0.452 0.931 -21.42 17.802 -16.779
0.142 -0.473 0.972 -22.855 15.389 -16.672
0.098 -0.476 1.018 -24.015 9.695 -16.031
0.08 -0.479 1.074 -21.679 2.947 -13.267
0.084 -0.472 1.07 -18.275 -1.756 -10.351
0.1 -0.449 1.071 -15.557 -4.26 -7.466
0.104 -0.414 1.061 -14.107 -5.863 -4.901
0.115 -0.379 1.056 -12.321 -5.695 -2.092
0.145 -0.34 1.062 -10.763 -5.695 0.198
0.159 -0.311 1.066 -9.145 -6.26 2.473
0.192 -0.279 1.048 -7.847 -6.473 4.0
0.225 -0.241 1.05 -7.374 -6.901 4.382
0.247 -0.203 1.029 -7.664 -6.809 4.351
0.255 -0.181 1.032 -7.664 -7.985 3.969
0.267 -0.153 1.035 -8.855 -6.382 2.931
0.263 -0.135 1.048 -9.038 -4.809 3.282
0.27 -0.132 1.054 -9.053 -2.321 3.176
0.264 -0.121 1.065 -8.336 -0.58 3.008
0.258 -0.121 1.071 -7.099 -0.076 2.504
0.256 -0.114 1.072 -5.618 -0.809 2.153
0.25 -0.107 1.064 -4.061 -1.878 1.847
0.242 -0.102 1.048 -2.977 -3.435 1.282
0.245 -0.094 1.023 -2.947 -4.443 0.824
0.246 -0.086 1.016 -4.305 -4.336 0.565
0.234 -0.083 1.018 -5.298 -3.267 0.443
0.226 -0.083 1.009 -6.183 -2.137 0.305
0.222 -0.089 1.018 -6.84 -1.069 0.931
0.225 -0.105 1.005 -7.573 0.504 1.313
0.22 -0.11 1.021 -7.832 1.985 1.588
0.209 -0.118 1.026 -7.221 2.733 1.939
0.209 -0.117 1.021 -7.038 3.282 2.031
0.207 -0.125 1.017 -6.809 2.809 1.969
0.211 -0.118 1.022 -6.473 1.71 1.527
0.215 -0.12 1.018 -6.718 0.656 1.237
0.222 -0.13 1.015 -7.038 0.611 0.809
0.227 -0.135 1.028 -7.313 0.626 0.641
0.224 -0.127 1.02 -7.282 1.023 0.565
0.208 -0.132 1.019 -7.267 1.206 0.626
0.215 -0.126 1.024 -7.389 2.122 0.916
0.207 -0.137 1.021 -7.527 2.595 1.435
0.223 -0.134 1.033 -7.634 3.099 1.695
0.232 -0.139 1.029 -8.168 4.229 1.634
0.237 -0.148 1.037 -7.878 6.458 0.015
0.231 -0.138 1.041 -7.191 6.611 -1.069
0.21 -0.137 1.044 -6.229 5.496 -1.969
0.202 -0.133 1.035 -5.679 3.863 -2.29
0.201 -0.128 1.023 -5.786 2.565 -2.321
0.2 -0.123 1.018 -6.733 1.939 -1.893
0.191 -0.133 1.015 -7.618 2.244 -1.496
0.187 -0.126 1.017 -8.382 2.748 -0.626
0.184 -0.138 1.017 -9.405 3.038 0.321
0.197 -0.131 1.031 -10.351 3.573 0.87
0.207 -0.136 1.046 -10.321 4.305 0.321
0.208 -0.132 1.06 -9.511 4.55 -0.534
0.195 -0.137 1.063 -8.443 4.168 -1.252
0.192 -0.127 1.072 -7.298 3.023 -1.588
0.191 -0.146 1.078 -6.397 2.305 -1.786
0.183 -0.139 1.065 -6.122 1.038 -1.878
0.179 -0.134 1.055 -6.061 0.626 -1.664
0.161 -0.124 1.052 -6.55 0.84 -1.023
0.166 -0.128 1.044 -7.13 0.87 0.137
0.167 -0.128 1.046 -7.496 2.504 1.557
0.166 -0.133 1.052 -7.588 3.969 2.458
0.173 -0.131 1.054 -7.557 5.389 2.58
0.174 -0.14 1.063 -7.115 5.359 2.702
0.178 -0.146 1.067 -6.565 4.595 2.198
0.178 -0.153 1.067 -5.511 3.756 1.298
0.17 -0.149 1.064 -4.58 1.847 0.336
0.168 -0.14 1.054 -3.786 -0.443 0.046
0.165 -0.146 1.044 -3.756 -1.42 0.229
0.172 -0.135 1.038 -4.153 -1.344 0.382
0.173 -0.141 1.039 -4.687 -0.336 0.718
0.176 -0.144 1.035 -4.901 0.656 1.145
0.178 -0.143 1.038 -5.053 1.542 1.466
0.175 -0.141 1.046 -4.84 1.389 1.511
0.176 -0.146 1.045 -4.198 1.664 1.298
0.169 -0.15 1.047 -3.969 0.962 1.313
0.165 -0.145 1.037 -3.878 0.443 1.756
0.172 -0.151 1.023 -4.427 -0.137 2.122
0.185 -0.148 1.025 -4.702 -0.87 1.847
0.184 -0.151 1.026 -5.023 -1.511 1.45
0.185 -0.151 1.034 -4.824 -2.046 1.176
0.188 -0.147 1.031 -5.282 -2.458 1.359
0.192 -0.145 1.025 -5.16 -1.985 1.405
0.18 -0.141 1.035 -5.924 -1.45 1.756
0.189 -0.138 1.028 -6.137 -1.237 1.954
0.201 -0.14 1.028 -6.412 -0.229 1.328
0.19 -0.135 1.034 -6.153 0.214 0.855
0.189 -0.143 1.04 -6.031 -0.534 0.901
0.198 -0.14 1.049 -5.45 -0.305 0.565
0.2 -0.132 1.04 -5.679 0.275 0.351
0.198 -0.133 1.038 -5.634 0.702 0.275
0.192 -0.127 1.036 -6.046 1.344 -0.061
0.182 -0.127 1.038 -6.412 1.618 -0.351
0.177 -0.132 1.047 -6.55 1.298 -0.58
0.176 -0.13 1.048 -6.519 0.382 -0.794
0.177 -0.136 1.049 -6.412 0.458 -1.008
0.177 -0.136 1.055 -6.26 0.153 -1.359
0.168 -0.144 1.06 -6.153 -0.351 -1.496
0.164 -0.148 1.058 -5.695 -0.458 -1.695
0.147 -0.148 1.054 -5.45 -0.58 -1.176
0.146 -0.14 1.059 -5.405 -0.931 -0.702
0.142 -0.153 1.052 -5.74 -1.435 -0.168
0.149 -0.159 1.045 -5.924 -1.908 0.779
0.15 -0.153 1.052 -6.046 -2.046 1.466
0.154 -0.158 1.038 -5.924 -1.695 2.153
0.163 -0.161 1.061 -6.031 -1.481 2.718
0.176 -0.16 1.058 -5.328 -0.153 1.939
0.175 -0.157 1.062 -4.214 0.26 1.481
0.169 -0.152 1.066 -3.191 -0.489 1.13
0.179 -0.147 1.051 -2.977 -1.298 0.779
0.181 -0.136 1.049 -3.206 -1.695 0.443
0.184 -0.143 1.043 -3.756 -2.061 0.244
0.194 -0.141 1.03 -4.641 -1.771 0.366
0.196 -0.14 1.035 -4.779 -0.992 0.382
0.192 -0.142 1.049 -4.443 -1.099 0.107
0.183 -0.149 1.043 -4.061 -1.496 0.015
0.177 -0.143 1.032 -4.153 -1.603 -0.198
0.167 -0.142 1.027 -4.595 -1.496 -0.076
0.176 -0.14 1.036 -4.931 -0.595 -0.137
0.174 -0.14 1.045 -5.237 -0.565 0.061
0.178 -0.144 1.047 -5.649 -0.534 0.137
0.182 -0.151 1.046 -5.695 -0.244 -0.107
0.179 -0.155 1.055 -5.252 -0.931 -0.473
0.174 -0.15 1.06 -4.779 -1.389 -0.611
0.169 -0.143 1.046 -4.397 -2.198 -0.748
0.161 -0.147 1.036 -4.458 -2.565 -0.626
0.162 -0.15 1.032 -4.748 -2.229 -0.489
0.163 -0.147 1.031 -5.176 -1.969 -0.031
0.174 -0.15 1.026 -5.466 -1.298 0.351
0.175 -0.149 1.033 -5.74 -0.931 0.214
0.179 -0.152 1.031 -5.725 -0.29 0.061
0.176 -0.15 1.035 -5.756 -0.244 -0.351
0.173 -0.144 1.042 -5.45 -0.824 -0.611
0.17 -0.135 1.037 -5.71 -1.359 -0.718
0.167 -0.147 1.034 -5.954 -1.954 -0.794
0.167 -0.145 1.041 -6.489 -1.863 -0.198
0.169 -0.148 1.046 -6.443 -1.206 0.321
0.177 -0.152 1.062 -6.0 -0.84 0.641
0.173 -0.154 1.062 -5.542 -1.16 0.641
0.172 -0.154 1.051 -4.809 -1.115 0.214
0.178 -0.151 1.057 -4.504 -1.542 -0.198
0.165 -0.147 1.033 -4.489 -1.939 -0.198
0.168 -0.149 1.028 -4.916 -2.122 0.26
0.173 -0.145 1.04 -5.405 -1.344 0.0
0.173 -0.148 1.028 -6.153 -1.313 0.229
0.163 -0.149 1.039 -6.107 -1.389 0.611
0.165 -0.143 1.041 -6.153 -1.634 0.885
0.183 -0.16 1.052 -6.031 -1.42 0.443
0.186 -0.165 1.052 -5.176 -1.115 -0.305
0.184 -0.162 1.057 -4.702 -1.573 -0.733
0.196 -0.153 1.052 -4.397 0.107 -1.374
0.167 -0.138 1.045 -4.336 -2.076 -0.641
0.18 -0.146 1.038 -4.824 -1.252 -0.214
0.105 -0.147 1.074 -5.115 -7.496 0.733
0.196 -0.154 1.032 -4.87 -0.137 -0.733
0.177 -0.151 1.044 -4.977 -2.29 -0.58
0.18 -0.151 1.048 -4.931 -1.695 -0.504
0.179 -0.157 1.043 -5.069 -1.954 -0.092
0.183 -0.155 1.045 -5.206 -1.634 -0.641
0.177 -0.151 1.059 -4.672 -2.031 -0.779
0.176 -0.165 1.05 -3.817 -1.832 -1.069
0.173 -0.152 1.056 -3.176 -2.107 -1.038
0.17 -0.158 1.05 -2.855 -2.092 -0.885
0.172 -0.158 1.036 -2.779 -1.679 -1.008
0.173 -0.142 1.028 -3.13 -1.771 -0.809
0.171 -0.145 1.022 -3.878 -1.557 -0.656
0.161 -0.144 1.019 -4.427 -1.618 -0.412
0.166 -0.141 1.029 -4.885 -1.786 -0.397
0.169 -0.142 1.02 -5.099 -1.985 -0.366
0.171 -0.146 1.039 -5.252 -2.0 -0.137
0.165 -0.151 1.029 -5.496 -1.924 0.092
0.175 -0.143 1.024 -5.771 -1.237 0.0
0.177 -0.153 1.048 -6.076 -1.038 0.321
0.183 -0.152 1.046 -5.588 -0.794 0.351
0.179 -0.162 1.058 -5.206 -0.824 0.061
0.183 -0.162 1.053 -4.366 -0.489 -0.321
0.176 -0.159 1.053 -3.664 0.061 -0.366
0.176 -0.155 1.048 -3.206 -0.412 -0.534
0.174 -0.157 1.039 -3.16 0.092 -0.519
0.174 -0.153 1.043 -3.435 -0.336 -0.656
0.174 -0.146 1.036 -3.557 -0.687 -0.641
0.17 -0.14 1.031 -3.939 -1.038 -0.321
0.166 -0.145 1.035 -4.626 -0.885 0.0
0.17 -0.15 1.026 -4.885 -0.992 0.519
0.17 -0.145 1.021 -5.328 -1.282 0.58
0.174 -0.14 1.032 -5.908 -1.618 0.885
0.181 -0.151 1.038 -6.321 -1.771 0.534
0.18 -0.156 1.044 -5.786 -2.275 0.443
0.173 -0.154 1.047 -5.405 -2.473 0.061
0.179 -0.151 1.042 -5.45 -2.244 0.076
0.184 -0.155 1.029 -5.695 -2.076 0.275
0.181 -0.156 1.041 -5.893 -1.954 0.092
0.187 -0.151 1.047 -5.42 -1.282 -0.366
0.183 -0.153 1.041 -4.824 -1.374 -0.565
0.18 -0.152 1.047 -4.58 -1.481 -1.115
0.174 -0.146 1.041 -4.901 -1.756 -0.794
0.176 -0.155 1.042 -5.328 -1.603 -0.885
0.171 -0.156 1.044 -5.328 -0.992 -1.206
0.168 -0.154 1.049 -5.267 -0.611 -1.084
0.172 -0.155 1.051 -4.672 -0.504 -0.855
0.172 -0.153 1.044 -4.473 -0.641 -0.855
0.166 -0.156 1.04 -5.008 -1.145 -0.901
0.161 -0.156 1.039 -4.718 -1.863 -0.794
0.165 -0.157 1.031 -4.656 -1.725 -0.58
0.159 -0.159 1.033 -4.977 -1.664 -0.244
0.167 -0.153 1.039 -5.237 -1.679 0.076
0.174 -0.156 1.041 -5.618 -1.649 0.168
0.179 -0.159 1.045 -5.237 -1.099 0.214
0.176 -0.151 1.042 -5.252 -1.176 -0.015
0.183 -0.155 1.039 -5.099 -1.313 -0.076
0.175 -0.153 1.042 -4.962 -2.046 -0.229
0.179 -0.151 1.035 -5.023 -1.939 -0.336
0.177 -0.151 1.052 -4.901 -1.893 -0.183
0.176 -0.161 1.043 -4.504 -1.542 -0.076
0.18 -0.151 1.035 -4.366 -0.504 -0.412
0.174 -0.156 1.041 -4.473 -0.58 -0.366
0.174 -0.153 1.042 -4.595 -0.992 -0.321
0.174 -0.159 1.036 -4.595 -1.221 -0.443
0.173 -0.151 1.048 -4.489 -1.695 -0.626
0.176 -0.157 1.046 -4.443 -2.29 -0.504
0.167 -0.148 1.041 -4.076 -2.366 -0.489
0.175 -0.155 1.038 -3.969 -1.786 -0.092
0.171 -0.156 1.04 -3.618 -1.282 0.015
0.18 -0.154 1.035 -3.618 -0.687 0.107
0.173 -0.154 1.037 -4.031 -0.809 0.046
0.18 -0.151 1.04 -4.198 -0.565 -0.061
0.172 -0.158 1.047 -4.137 -1.084 -0.458
0.174 -0.159 1.043 -4.26 -1.695 -0.595
0.176 -0.159 1.039 -4.275 -1.832 -0.58
0.168 -0.156 1.036 -4.275 -1.573 -0.427
0.169 -0.157 1.038 -4.412 -1.084 -0.443
0.168 -0.153 1.037 -4.611 -0.794 -0.076
0.167 -0.152 1.042 -4.763 -0.855 0.244
0.172 -0.151 1.03 -4.962 -1.313 0.351
0.166 -0.145 1.036 -5.206 -2.153 0.397
0.169 -0.149 1.031 -5.695 -2.626 0.427
0.169 -0.154 1.024 -6.244 -3.053 0.931
0.188 -0.158 1.05 -6.183 -2.046 0.947
0.187 -0.156 1.049 -6.137 -1.71 0.855
0.186 -0.159 1.051 -5.71 -1.588 0.061
0.192 -0.164 1.058 -4.855 -1.649 -0.29
0.184 -0.156 1.06 -4.092 -2.168 -0.916
0.184 -0.156 1.05 -3.405 -2.015 -1.328
0.179 -0.157 1.039 -2.962 -1.725 -1.557
0.173 -0.15 1.035 -3.237 -2.0 -1.328
0.175 -0.159 1.019 -4.046 -1.817 -1.084
0.177 -0.151 1.017 -4.84 -1.115 -0.672
0.17 -0.15 1.022 -5.237 -0.412 -0.168
0.165 -0.149 1.032 -5.313 -0.595 0.122
0.168 -0.149 1.029 -5.679 -1.359 0.076
0.168 -0.151 1.029 -6.183 -2.321 0.137
0.176 -0.16 1.035 -6.214 -2.916 0.0
0.178 -0.161 1.044 -6.137 -3.13 0.443
0.186 -0.165 1.046 -5.924 -2.672 0.26
0.184 -0.17 1.048 -5.679 -1.618 -0.076
0.192 -0.161 1.052 -4.855 -1.145 -0.611
0.185 -0.165 1.055 -4.031 -0.947 -1.069
0.176 -0.166 1.045 -3.298 -1.511 -1.176
0.178 -0.161 1.039 -3.344 -1.603 -0.931
0.182 -0.167 1.028 -3.695 -1.344 -0.901
0.176 -0.161 1.038 -4.26 -1.496 -0.687
0.18 -0.155 1.032 -5.038 -1.023 -0.489
0.187 -0.159 1.042 -5.145 -0.763 -0.656
0.182 -0.158 1.052 -4.718 -0.489 -0.794
0.181 -0.152 1.048 -4.183 -1.084 -1.069