0.285 -0.042 1.021 -8.198 -0.076 1.969
0.292 -0.047 1.031 -8.26 -0.015 2.031
0.3 -0.048 1.039 -7.985 0.092 1.496
0.298 -0.054 1.047 -7.099 0.427 1.008
0.293 -0.058 1.048 -6.702 -0.183 0.427
0.298 -0.059 1.03 -6.58 -0.229 -0.015
0.29 -0.06 1.05 -6.565 -0.107 -0.031
0.286 -0.052 1.037 -6.29 0.153 0.397
0.287 -0.05 1.038 -5.924 1.298 1.221
0.286 -0.052 1.034 -5.573 2.382 2.092
0.293 -0.046 1.036 -5.634 3.405 2.687
0.3 -0.043 1.025 -5.679 3.924 2.87
0.299 -0.042 1.025 -5.817 4.076 2.611
0.298 -0.043 1.034 -5.893 3.282 2.153
0.295 -0.046 1.031 -5.237 1.664 1.557
0.299 -0.042 1.037 -4.809 0.519 0.779
0.291 -0.041 1.031 -4.534 -0.733 0.458
0.285 -0.04 1.024 -4.611 -1.115 0.55
0.281 -0.041 1.014 -5.405 -0.885 0.687
0.277 -0.047 1.009 -6.046 -0.305 1.176
0.276 -0.042 1.008 -6.901 0.107 1.603
0.283 -0.044 1.02 -7.405 0.977 1.588
0.28 -0.047 1.018 -7.893 0.87 1.786
0.29 -0.046 1.02 -8.443 1.16 1.481
0.272 -0.049 1.04 -8.565 0.412 1.099
0.281 -0.048 1.036 -8.458 0.366 0.992
0.286 -0.051 1.041 -8.168 -0.031 0.626
0.289 -0.051 1.044 -7.847 -0.733 0.244
0.282 -0.053 1.051 -7.42 -0.748 0.351
0.283 -0.059 1.048 -7.053 -0.702 0.489
0.28 -0.062 1.051 -6.595 -0.275 0.412
0.284 -0.058 1.055 -6.427 0.489 0.611
0.281 -0.061 1.043 -5.893 0.641 0.733
0.28 -0.067 1.05 -5.71 0.672 0.84
0.279 -0.056 1.042 -5.359 0.229 0.565
0.272 -0.061 1.044 -5.13 -0.473 0.29
0.276 -0.055 1.042 -4.763 -0.916 0.198
0.273 -0.056 1.03 -4.824 -1.008 0.489
0.278 -0.055 1.037 -4.962 -0.718 0.977
0.278 -0.054 1.028 -4.885 -0.641 0.916
0.278 -0.057 1.026 -5.084 -1.084 1.084
0.284 -0.053 1.032 -5.389 -1.053 1.084
0.284 -0.056 1.03 -5.679 -1.16 1.053
0.288 -0.061 1.029 -5.817 -1.237 0.84
0.293 -0.058 1.037 -6.076 -1.221 0.382
0.285 -0.059 1.033 -6.244 -1.603 0.351
0.289 -0.058 1.029 -6.183 -1.13 0.321
0.293 -0.062 1.025 -6.168 -0.198 0.458
0.296 -0.062 1.038 -6.458 0.55 0.824
0.285 -0.057 1.043 -6.0 0.733 0.962
0.292 -0.059 1.037 -5.542 1.023 0.702
0.286 -0.062 1.038 -5.405 0.321 0.595
0.294 -0.06 1.031 -5.542 -0.794 0.092
0.296 -0.059 1.018 -6.061 -1.908 -0.656
0.287 -0.06 1.033 -6.015 -2.947 -1.252
0.279 -0.062 1.023 -5.832 -3.618 -1.389
0.27 -0.064 1.025 -5.985 -3.588 -1.099
0.271 -0.059 1.024 -6.473 -3.435 -0.565
0.277 -0.062 1.025 -6.992 -2.321 -0.321
0.271 -0.061 1.027 -7.496 -2.0 0.015
0.278 -0.062 1.032 -7.542 -1.511 0.473
0.266 -0.056 1.018 -7.298 -0.809 0.595
0.269 -0.06 1.034 -7.359 -0.595 0.565
0.275 -0.061 1.028 -6.809 -1.588 0.58
0.281 -0.058 1.036 -6.641 -1.634 -0.443
0.27 -0.065 1.026 -6.519 -2.977 -0.718
0.265 -0.064 1.026 -6.824 -3.679 -0.595
0.259 -0.064 1.021 -7.008 -3.542 -0.046
0.261 -0.06 1.033 -7.221 -2.718 0.977
0.267 -0.062 1.027 -7.588 -1.374 1.634
0.271 -0.053 1.022 -7.786 -0.137 2.244
0.275 -0.053 1.02 -7.863 0.794 2.168
0.284 -0.049 1.018 -8.046 0.672 1.893
0.292 -0.055 1.026 -8.107 1.084 1.435
0.296 -0.051 1.033 -7.466 1.924 0.763
0.296 -0.055 1.052 -6.885 2.702 0.382
0.292 -0.056 1.056 -6.168 4.137 0.137
0.288 -0.041 1.057 -5.786 4.122 -0.122
0.271 -0.034 1.068 -5.038 4.137 -0.137
0.26 -0.026 1.071 -4.214 3.328 0.015
0.248 -0.017 1.05 -3.74 1.939 0.183
0.245 -0.001 1.047 -3.389 0.244 0.061
0.235 0.007 1.033 -3.985 -2.214 0.046
0.231 0.019 1.028 -5.13 -3.496 0.855
0.232 0.036 1.048 -6.29 -3.115 1.557
0.237 0.038 1.07 -6.595 -1.252 3.206
0.233 0.055 1.079 -6.458 2.076 4.763
0.233 0.075 1.089 -5.832 5.176 6.153
0.235 0.093 1.106 -5.038 7.221 7.359
0.241 0.121 1.109 -4.275 8.122 7.695
0.256 0.128 1.131 -3.771 9.313 7.023
0.262 0.144 1.13 -2.092 7.756 6.366
0.272 0.15 1.13 -0.519 5.511 4.87
0.277 0.16 1.127 1.115 3.374 3.481
0.258 0.18 1.109 2.702 1.939 2.641
0.257 0.187 1.065 2.84 3.298 2.885
0.257 0.219 1.03 0.458 6.504 3.756
0.257 0.236 0.98 -3.786 12.275 5.16
0.234 0.25 0.974 -9.618 16.244 7.008
0.233 0.24 0.988 -14.504 17.893 8.58
0.24 0.232 1.027 -17.664 17.664 8.626
0.25 0.212 1.076 -17.832 12.519 6.137
0.268 0.195 1.101 -15.725 3.908 1.695
0.277 0.168 1.12 -12.244 -7.344 -3.802
0.295 0.18 1.097 -9.527 -16.626 -9.008
0.318 0.158 1.074 -7.023 -21.74 -13.313
0.335 0.143 1.035 -7.267 -21.863 -16.855
0.321 0.148 0.99 -8.397 -18.366 -18.412
0.3 0.14 0.964 -12.611 -12.275 -17.985
0.285 0.123 0.948 -17.542 -4.855 -15.466
0.314 0.091 0.902 -25.832 8.427 -15.053
0.24 0.069 0.963 -31.252 17.618 -12.351
0.232 0.004 0.985 -35.939 15.45 -8.672
0.259 -0.011 1.007 -39.069 18.351 -10.015
0.254 -0.048 1.04 -39.74 14.733 -12.916
0.26 -0.082 1.08 -39.176 6.824 -16.672
0.254 -0.212 1.133 -32.061 3.542 -18.947
0.27 -0.131 1.083 -35.298 -11.344 -23.405
0.284 -0.194 1.089 -27.405 -4.656 -24.29
0.219 -0.223 1.106 -25.282 -1.42 -19.771
0.165 -0.242 1.133 -18.107 2.489 -13.878
0.202 -0.259 1.103 -15.145 8.336 -7.221
0.275 -0.261 1.061 -16.092 11.924 -6.885
0.265 -0.193 1.102 -9.496 20.977 -8.061
0.297 -0.272 1.068 -6.702 5.557 -12.748
0.28 -0.262 1.016 -4.885 -6.855 -20.321
0.263 -0.259 0.994 -1.466 -13.908 -23.649
0.268 -0.267 0.968 2.046 -18.244 -25.573
0.254 -0.276 0.944 3.863 -18.061 -24.046
0.265 -0.279 0.916 4.26 -11.802 -20.87
0.249 -0.285 0.909 5.267 -2.733 -15.344
0.266 -0.28 0.904 5.863 7.74 -9.42
0.24 -0.304 0.877 6.992 16.733 -3.771
0.222 -0.308 0.854 5.176 20.809 0.321
0.217 -0.327 0.832 0.962 20.519 3.191
0.228 -0.335 0.806 -4.351 18.87 4.183
0.265 -0.351 0.81 -10.092 15.099 4.718
0.216 -0.289 0.85 -19.664 8.595 4.611
0.251 -0.361 0.892 -22.137 2.061 3.359
0.292 -0.39 0.925 -21.832 5.756 3.389
0.304 -0.405 0.966 -26.977 -1.237 0.061
0.31 -0.405 1.004 -26.458 -1.496 -2.443
0.353 -0.409 0.999 -28.519 -1.786 -6.061
0.348 -0.404 1.037 -30.58 0.427 -10.015
0.326 -0.387 1.054 -31.237 2.305 -12.321
0.309 -0.379 1.066 -31.115 2.84 -13.939
0.278 -0.353 1.093 -29.511 2.0 -12.916
0.301 -0.364 1.103 -27.099 0.076 -13.038
0.313 -0.358 1.089 -24.931 -0.687 -15.038
0.305 -0.339 1.093 -22.702 -1.71 -16.244
0.295 -0.325 1.091 -21.267 -0.977 -16.534
0.276 -0.322 1.088 -19.328 1.817 -16.168
0.26 -0.311 1.09 -17.038 4.076 -14.122
0.248 -0.303 1.081 -15.053 7.13 -11.527
0.237 -0.288 1.081 -12.702 9.16 -9.023
0.231 -0.274 1.072 -10.443 11.511 -7.252
0.218 -0.245 1.058 -8.382 10.962 -5.374
0.213 -0.24 1.045 -7.038 10.168 -3.939
0.217 -0.224 1.031 -6.168 7.466 -2.794
0.214 -0.212 1.016 -6.321 5.679 -2.29
0.219 -0.206 1.009 -6.275 5.496 -1.771
0.215 -0.203 1.016 -6.931 4.107 -1.313
0.233 -0.201 1.028 -6.947 2.84 -0.962
0.225 -0.189 1.032 -6.733 1.695 -1.679
0.213 -0.184 1.046 -5.618 -0.183 -1.282
0.193 -0.166 1.047 -4.015 -3.115 -0.489
0.216 -0.167 1.038 -3.221 -4.977 0.183
0.228 -0.16 1.047 -3.176 -5.863 0.809
0.225 -0.174 1.04 -2.947 -4.947 1.023
0.239 -0.172 1.058 -2.504 -3.069 1.573
0.252 -0.175 1.054 -1.374 -0.229 0.794
0.238 -0.177 1.042 -0.183 3.221 -0.366
0.209 -0.176 1.035 0.763 3.038 -0.458
0.196 -0.152 1.024 0.626 2.061 -0.611
0.185 -0.154 0.999 -0.626 0.565 0.443
0.209 -0.165 0.999 -1.863 -0.931 0.992
0.215 -0.165 1.014 -3.313 -1.71 1.267
0.231 -0.165 1.03 -4.168 -2.031 1.618
0.243 -0.171 1.026 -3.924 -1.649 2.305
0.235 -0.171 1.037 -3.298 -1.191 2.473
0.243 -0.175 1.029 -3.053 -0.641 2.168
0.245 -0.172 1.036 -2.809 -0.122 2.015
0.256 -0.177 1.033 -2.473 0.534 1.237
0.255 -0.178 1.033 -2.092 0.916 -0.489
0.233 -0.176 1.031 -1.649 -0.015 -1.237
0.242 -0.174 1.019 -1.191 1.038 -2.122
0.223 -0.163 1.017 -1.389 -0.092 -3.023
0.219 -0.155 1.005 -1.878 -1.511 -2.855
0.216 -0.157 1.001 -2.794 -1.573 -2.366
0.205 -0.159 1.009 -4.015 -1.527 -1.542
0.22 -0.165 1.01 -4.916 -0.702 -1.496
0.222 -0.164 1.022 -5.557 -0.626 -1.634
0.223 -0.165 1.038 -5.542 -0.382 -1.71
0.232 -0.176 1.027 -8.992 -1.405 -0.122
0.208 -0.187 1.058 -4.87 -2.244 -1.573
0.205 -0.169 1.041 -5.023 -1.023 -0.275
0.226 -0.172 1.051 -3.924 -0.015 -0.305
0.223 -0.173 1.049 -2.992 0.29 -0.565
0.214 -0.173 1.055 -2.076 -0.29 -0.656
0.208 -0.17 1.044 -1.985 -1.618 -0.687
0.215 -0.153 1.031 -2.473 -3.359 -0.076
0.216 -0.161 1.027 -2.519 -4.229 0.092
0.213 -0.155 1.021 -3.344 -4.718 0.046
0.212 -0.162 1.015 -3.588 -5.618 0.489
0.226 -0.157 1.002 -4.321 -4.748 1.099
0.214 -0.162 1.021 -4.855 -3.603 1.878
0.234 -0.164 1.021 -4.672 -1.069 1.511
0.235 -0.16 1.027 -3.649 0.0 1.405
0.201 -0.161 1.037 -3.939 0.809 1.176
0.213 -0.149 1.026 -3.389 -1.191 1.221
0.215 -0.154 1.013 -4.443 -1.618 0.992
0.222 -0.162 1.018 -4.84 -2.015 1.221
0.225 -0.158 1.017 -5.099 -1.069 1.008
0.234 -0.173 1.028 -5.588 -0.336 1.099
0.228 -0.169 1.038 -5.13 0.382 0.916
0.219 -0.169 1.033 -4.229 0.137 1.008
0.217 -0.174 1.036 -3.481 -0.718 0.977
0.211 -0.161 1.029 -3.16 -2.351 0.84
0.229 -0.163 1.02 -3.496 -3.328 0.58
0.227 -0.168 1.019 -4.046 -3.756 0.183
0.24 -0.166 1.023 -4.58 -3.893 -0.336
0.238 -0.168 1.04 -5.038 -3.588 -0.58
0.229 -0.168 1.033 -4.718 -2.473 -0.809
0.22 -0.166 1.04 -4.015 -1.893 -0.397
0.229 -0.161 1.025 -4.0 -1.389 0.046
0.224 -0.16 1.034 -4.473 -1.282 0.656
0.225 -0.169 1.042 -4.427 -0.626 0.397
0.231 -0.166 1.029 -4.687 -0.153 0.595
0.25 -0.165 1.042 -5.16 0.916 0.504
0.249 -0.171 1.051 -4.519 1.542 -0.29
0.238 -0.167 1.065 -3.496 1.496 -0.718
0.235 -0.168 1.047 -2.489 0.885 -1.145
0.228 -0.163 1.033 -2.26 -0.427 -1.267
0.235 -0.16 1.03 -2.55 -1.008 -1.863
0.232 -0.16 1.018 -3.313 -1.252 -2.031
0.22 -0.159 1.025 -4.244 -1.863 -1.725
0.228 -0.156 1.011 -5.252 -1.969 -1.557
0.229 -0.159 1.01 -6.076 -2.046 -1.313
0.227 -0.154 1.026 -6.809 -1.74 -1.557
0.229 -0.159 1.034 -7.206 -1.985 -1.908
0.217 -0.165 1.035 -7.374 -1.878 -1.634
0.219 -0.166 1.057 -6.275 -1.832 -1.695
0.224 -0.173 1.063 -5.084 -1.405 -2.107
0.226 -0.173 1.056 -3.71 -1.374 -2.336
0.216 -0.17 1.052 -2.824 -1.557 -2.366
0.203 -0.173 1.04 -2.412 -1.786 -1.771
0.193 -0.153 1.023 -2.611 -1.878 -1.328
0.199 -0.158 1.014 -2.885 -2.214 -0.672
0.213 -0.155 1.001 -3.603 -1.771 -0.321
0.215 -0.161 1.018 -4.534 -1.771 0.351
0.228 -0.16 1.014 -4.87 -1.145 0.137
0.232 -0.165 1.044 -4.794 -1.069 -0.244
0.241 -0.169 1.043 -3.756 -1.588 -0.992
0.232 -0.171 1.047 -2.947 -2.519 -1.115
0.225 -0.167 1.04 -2.198 -2.595 -1.649
0.221 -0.167 1.031 -2.412 -2.443 -1.145
0.222 -0.16 1.02 -2.84 -1.878 -0.84
0.216 -0.159 1.001 -3.527 -1.115 -0.351
0.216 -0.159 1.003 -4.397 -0.305 0.092
0.213 -0.166 1.004 -5.374 -0.076 0.702
0.222 -0.161 0.999 -5.817 0.809 0.611
0.218 -0.158 1.019 -6.122 0.809 0.458
0.219 -0.154 1.018 -5.71 0.565 0.198
0.221 -0.158 1.032 -5.252 -0.397 0.046
0.224 -0.168 1.024 -5.252 -1.374 0.031
0.231 -0.161 1.031 -5.13 -1.817 -0.107
0.237 -0.164 1.027 -5.053 -1.267 -0.061
0.238 -0.16 1.035 -5.344 -1.023 -0.107
0.227 -0.167 1.028 -4.656 0.26 -0.366
0.221 -0.166 1.035 -4.214 -0.076 -0.137
0.219 -0.158 1.015 -4.427 -0.977 0.382
0.23 -0.159 0.989 -5.954 -11.344 6.595
0.28 -0.162 0.999 -4.733 0.076 -0.427
0.218 -0.154 1.009 -5.969 -3.435 0.092
0.24 -0.158 1.013 -6.366 -0.977 -1.313
0.225 -0.163 1.034 -6.382 -1.511 -1.038
0.226 -0.159 1.036 -6.061 -0.901 -1.145
0.217 -0.17 1.033 -5.542 -0.672 -1.16
0.212 -0.171 1.041 -5.481 -0.489 -1.069
0.211 -0.169 1.048 -5.206 -0.733 -0.55
0.221 -0.166 1.043 -5.344 -0.626 -0.183
0.217 -0.166 1.045 -5.237 -0.107 -0.061
0.229 -0.17 1.041 -4.916 0.534 -0.183
0.23 -0.174 1.045 -4.718 0.916 -0.382
0.219 -0.175 1.05 -3.954 0.137 -0.58
0.215 -0.172 1.049 -3.42 -1.16 -0.504
0.214 -0.172 1.036 -3.649 -2.305 -0.595
0.209 -0.171 1.029 -3.863 -2.763 -0.336
0.211 -0.171 1.023 -4.122 -2.427 -0.26
0.215 -0.172 1.021 -4.427 -2.718 -0.046
0.216 -0.173 1.019 -4.84 -2.84 0.031
0.227 -0.18 1.023 -4.779 -3.145 -0.198
0.224 -0.172 1.023 -4.84 -3.511 -0.229
0.223 -0.166 1.026 -4.244 -3.802 0.015
0.223 -0.159 1.016 -4.321 -3.725 0.733
0.233 -0.158 1.009 -4.931 -2.885 0.794
0.238 -0.165 1.023 -5.328 -1.603 1.053
0.24 -0.17 1.027 -5.725 -0.809 0.763
0.242 -0.174 1.039 -6.015 -0.779 0.534
0.244 -0.169 1.041 -5.649 -0.916 0.107
0.25 -0.165 1.039 -5.084 -1.527 -0.321
0.251 -0.167 1.046 -4.321 -1.252 -0.916
0.239 -0.167 1.043 -4.183 -0.748 -1.252
0.232 -0.163 1.021 -4.336 -0.595 -1.237
0.235 -0.164 1.023 -4.672 -0.336 -1.237
0.229 -0.172 1.021 -5.344 -0.427 -1.252
0.233 -0.166 1.037 -5.237 -0.198 -1.405
0.236 -0.172 1.031 -4.779 0.565 -1.618
0.23 -0.167 1.033 -4.244 0.641 -1.802
0.221 -0.159 1.026 -3.985 0.153 -1.71
0.218 -0.162 1.027 -4.061 -0.443 -1.481
0.222 -0.154 1.016 -4.84 -1.206 -1.282
0.22 -0.157 1.024 -5.267 -1.542 -1.176
0.22 -0.164 1.025 -5.573 -1.664 -1.023
0.222 -0.172 1.032 -5.939 -1.924 -1.038
0.226 -0.165 1.046 -5.939 -1.802 -0.962
0.23 -0.172 1.059 -5.466 -1.328 -1.099
0.224 -0.174 1.058 -4.611 -0.718 -1.252
0.224 -0.173 1.048 -4.366 -0.504 -1.221
0.224 -0.168 1.051 -4.076 -0.351 -1.069
0.229 -0.17 1.043 -3.725 -0.58 -1.038
0.237 -0.164 1.049 -3.252 0.031 -1.557
0.221 -0.162 1.028 -3.267 -0.412 -1.847
0.222 -0.168 1.032 -3.344 -1.267 -1.832
0.22 -0.158 1.029 -3.649 -1.42 -1.74
0.218 -0.164 1.031 -4.244 -1.756 -1.924
0.221 -0.171 1.029 -4.702 -1.893 -1.695
0.215 -0.171 1.045 -4.748 -1.466 -1.176
0.214 -0.166 1.036 -4.427 -0.672 -0.733
0.224 -0.172 1.047 -3.298 -0.015 -0.763
0.223 -0.177 1.046 -2.626 -0.153 -1.16
0.208 -0.17 1.029 -2.229 -0.198 -1.282
0.211 -0.161 1.009 -2.595 -1.16 -1.145
0.201 -0.161 1.003 -3.679 -1.313 -0.702
0.195 -0.16 1.006 -4.275 -1.328 0.076
0.199 -0.157 1.006 -5.282 -1.023 0.702
0.213 -0.163 1.016 -5.893 -0.977 1.313
0.215 -0.161 1.027 -6.351 -1.237 1.527
0.221 -0.167 1.037 -6.29 -2.076 1.16
0.226 -0.173 1.054 -5.893 -2.824 1.16
0.228 -0.171 1.052 -4.748 -2.427 0.382
0.23 -0.176 1.05 -4.382 -2.229 0.58
0.232 -0.174 1.055 -3.618 -1.176 0.275
0.222 -0.165 1.041 -2.87 -1.053 0.244
0.215 -0.169 1.035 -2.473 -1.13 0.29
0.212 -0.159 1.013 -2.504 -1.405 0.687
0.213 -0.162 1.014 -2.977 -1.649 1.237
0.224 -0.162 1.011 -3.893 -1.634 1.725
0.228 -0.157 1.022 -4.641 -1.573 1.649
0.234 -0.163 1.021 -5.359 -1.573 1.466
0.239 -0.165 1.019 -5.756 -1.679 0.992
0.239 -0.161 1.039 -5.45 -1.725 0.794
0.239 -0.168 1.042 -5.069 -1.267 0.473
0.238 -0.165 1.05 -4.626 -0.84 -0.092
0.233 -0.168 1.044 -4.092 -0.733 0.092
0.236 -0.16 1.038 -3.847 -0.718 -0.046
0.239 -0.158 1.04 -3.847 -1.389 -0.458
0.236 -0.165 1.038 -3.954 -1.618 -0.916
0.232 -0.168 1.039 -4.107 -2.427 -0.947
0.237 -0.171 1.041 -4.061 -2.015 -1.084
0.228 -0.171 1.032 -4.092 -1.573 -1.206
0.217 -0.174 1.032 -3.985 -1.13 -0.916
0.213 -0.17 1.036 -3.679 -1.023 -0.855
0.22 -0.165 1.028 -3.603 -0.977 -1.038
0.218 -0.165 1.028 -3.695 -1.405 -1.038
0.217 -0.161 1.018 -3.939 -2.015 -0.855
0.218 -0.164 1.026 -4.473 -1.985 -0.794
0.22 -0.165 1.029 -4.779 -1.863 -0.748
0.228 -0.164 1.035 -5.145 -1.893 -0.29
0.227 -0.167 1.038 -4.748 -1.496 -0.336
0.23 -0.177 1.037 -4.458 -0.733 -0.229
0.239 -0.175 1.041 -3.908 0.076 -0.321
0.23 -0.167 1.052 -3.374 1.115 -0.244
0.233 -0.166 1.034 -2.397 2.061 -0.504
0.225 -0.164 1.029 -2.122 2.244 -0.916
0.212 -0.155 1.023 -2.473 1.359 -0.824
0.201 -0.155 1.014 -3.573 0.198 -0.55
0.203 -0.156 1.011 -4.229 0.0 -0.183
0.211 -0.155 1.014 -4.84 -0.534 -0.061
0.214 -0.162 1.022 -5.16 -1.023 0.26
0.212 -0.158 1.03 -4.977 -1.176 0.229
0.228 -0.164 1.026 -5.053 -0.87 -0.29
0.228 -0.163 1.025 -5.069 -0.809 -0.336
0.224 -0.166 1.044 -4.916 -0.244 -0.504
0.215 -0.164 1.038 -4.458 -0.244 -0.473
0.221 -0.175 1.047 -4.076 0.137 -0.58
0.214 -0.174 1.039 -3.511 0.015 -0.534
0.214 -0.159 1.03 -3.435 -0.107 -0.641
0.21 -0.163 1.02 -3.908 -0.58 -0.504
0.215 -0.166 1.016 -4.534 -0.763 0.015
0.217 -0.167 1.022 -4.855 -0.534 0.275
0.216 -0.165 1.019 -5.115 -0.656 0.122
0.212 -0.165 1.037 -4.916 -0.55 0.198
0.217 -0.166 1.032 -4.794 -1.038 -0.107
0.215 -0.167 1.029 -4.565 -1.71 -0.168
0.216 -0.171 1.036 -4.641 -2.305 -0.061
0.222 -0.169 1.025 -4.84 -1.679 -0.275
0.227 -0.174 1.04 -4.733 -1.679 -0.321
0.229 -0.173 1.039 -4.489 -1.649 -0.733
0.235 -0.165 1.033 -4.473 -1.603 -0.992