0.449 0.032 0.977 -23.969 -1.573 1.603
0.469 0.036 0.978 -26.534 3.176 -2.244
0.451 0.039 0.995 -28.427 6.519 -6.611
0.443 0.03 0.983 -30.916 8.58 -11.191
0.392 0.03 0.979 -33.13 6.382 -14.153
0.372 0.035 1.0 -33.191 5.511 -15.557
0.363 0.013 1.02 -30.626 10.183 -16.702
0.298 -0.03 1.058 -31.847 -7.16 -14.061
0.275 -0.025 1.113 -29.863 -3.389 -9.282
0.311 -0.051 1.075 -23.313 -3.115 -4.947
0.331 -0.059 1.052 -19.084 -4.458 -4.718
0.314 -0.06 1.054 -15.832 -0.351 -6.489
0.299 -0.06 1.034 -12.504 -0.427 -5.038
0.295 -0.058 1.024 -10.504 1.069 -4.672
0.295 -0.064 1.028 -9.267 1.588 -2.855
0.317 -0.083 1.026 -7.832 2.351 -1.481
0.319 -0.076 1.022 -6.916 3.115 -0.824
0.323 -0.083 1.022 -6.229 3.42 -0.672
0.327 -0.091 1.025 -6.107 2.748 -0.534
0.325 -0.094 1.019 -6.885 2.153 -0.885
0.324 -0.094 1.039 -7.008 1.618 -0.733
0.319 -0.091 1.047 -6.076 1.069 -0.916
0.324 -0.094 1.048 -5.267 0.275 -0.702
0.316 -0.089 1.04 -4.641 0.55 -0.809
0.312 -0.083 1.046 -4.733 0.687 -0.84
0.315 -0.079 1.027 -4.718 0.885 -0.092
0.328 -0.086 1.03 -5.756 0.992 0.626
0.335 -0.083 1.044 -6.107 1.16 1.069
0.346 -0.079 1.056 -6.092 1.176 0.901
0.35 -0.092 1.067 -5.389 0.58 0.733
0.346 -0.081 1.074 -3.42 0.366 -0.611
0.339 -0.085 1.068 -1.496 -0.031 -1.679
0.325 -0.073 1.053 0.092 -0.366 -2.55
0.308 -0.07 1.037 1.069 -0.321 -3.298
0.296 -0.057 1.014 0.824 -0.366 -3.725
0.278 -0.062 0.999 -0.275 -0.885 -3.191
0.262 -0.055 0.997 -2.046 -0.824 -2.183
0.262 -0.059 0.987 -4.061 -0.809 -0.565
0.278 -0.063 1.007 -5.603 -0.397 0.305
0.286 -0.063 1.024 -6.0 -0.458 0.779
0.292 -0.054 1.032 -5.221 -0.29 1.069
0.306 -0.041 1.034 -4.229 -0.351 1.099
0.304 -0.044 1.015 -3.359 -0.565 1.023
0.303 -0.032 1.009 -3.084 -0.779 0.885
0.302 -0.026 1.005 -2.595 -1.695 1.023
0.297 -0.027 1.0 -2.916 -2.336 1.328
0.299 -0.022 0.985 -3.725 -3.023 1.939
0.31 -0.018 0.99 -5.145 -3.145 2.229
0.307 -0.025 0.986 -6.427 -3.634 2.565
0.328 -0.032 1.003 -7.206 -3.237 2.702
0.328 -0.027 1.013 -7.221 -2.824 2.244
0.332 -0.028 1.016 -6.809 -2.244 1.969
0.332 -0.035 1.028 -5.771 -0.962 1.405
0.333 -0.031 1.028 -5.237 -0.855 0.962
0.339 -0.039 1.013 -4.931 -0.107 0.397
0.342 -0.044 1.015 -5.573 0.397 -0.412
0.329 -0.051 1.021 -5.832 0.489 -1.069
0.323 -0.052 1.038 -5.939 0.916 -1.45
0.324 -0.052 1.029 -5.756 1.038 -1.969
0.318 -0.045 1.028 -5.832 1.695 -2.351
0.302 -0.047 1.032 -5.74 1.603 -2.137
0.296 -0.039 1.031 -5.16 1.954 -2.046
0.283 -0.041 1.033 -5.038 1.756 -1.313
0.284 -0.031 1.016 -5.496 1.664 -0.656
0.274 -0.018 1.026 -6.763 1.176 -0.458
0.272 -0.016 1.032 -7.817 0.885 0.046
0.267 -0.003 1.044 -8.55 0.519 0.366
0.257 0.02 1.06 -9.115 0.366 1.405
0.251 0.03 1.062 -8.87 0.321 2.718
0.252 0.043 1.082 -8.55 0.84 3.664
0.272 0.057 1.095 -8.122 1.771 4.061
0.275 0.07 1.112 -7.282 1.725 4.229
0.267 0.097 1.125 -5.359 1.695 4.565
0.267 0.118 1.137 -3.756 1.176 4.977
0.263 0.135 1.133 -1.649 0.366 5.16
0.283 0.156 1.118 -0.336 -1.496 4.901
0.286 0.181 1.097 0.519 -3.985 4.336
0.311 0.184 1.09 1.328 -5.328 3.817
0.32 0.185 1.097 1.802 -6.046 2.443
0.333 0.189 1.088 2.641 -6.885 0.947
0.344 0.201 1.088 3.603 -6.672 -1.374
0.346 0.215 1.073 4.382 -8.0 -2.992
0.354 0.226 1.058 4.87 -8.275 -4.58
0.344 0.245 1.057 4.137 -9.71 -5.618
0.354 0.24 1.051 2.779 -15.664 -2.595
0.375 0.222 1.081 4.733 -3.573 -8.962
0.332 0.229 1.073 4.672 -5.771 -7.756
0.339 0.217 1.059 4.931 -1.832 -9.527
0.319 0.215 1.037 3.511 -2.275 -9.45
0.307 0.211 1.017 2.046 -2.794 -9.786
0.324 0.202 1.043 1.328 -7.023 -10.244
0.347 0.191 1.056 0.87 -10.458 -12.55
0.367 0.189 1.025 1.145 -14.962 -14.763
0.381 0.17 1.0 0.855 -16.351 -16.885
0.403 0.14 0.999 0.168 -15.115 -19.053
0.41 0.111 0.98 -1.115 -10.672 -21.45
0.398 0.085 0.95 -3.802 -11.527 -17.893
0.421 0.05 0.959 -5.053 0.748 -18.443
0.365 0.022 0.984 -6.458 6.183 -17.511
0.376 -0.011 1.014 -5.313 5.634 -16.779
0.35 -0.032 1.012 -3.969 2.489 -16.656
0.31 -0.087 0.991 -2.092 -5.878 -13.924
0.366 -0.101 0.957 -1.511 -9.053 -15.969
0.37 -0.141 1.007 -1.053 -14.519 -20.733
0.371 -0.162 0.919 0.107 -18.779 -22.26
0.389 -0.197 0.925 -1.053 -22.794 -24.412
0.388 -0.202 0.91 -2.275 -23.924 -24.626
0.396 -0.227 0.904 -5.481 -24.336 -21.969
0.373 -0.245 0.866 -5.969 -19.038 -21.679
0.375 -0.283 0.834 -8.702 -15.573 -19.267
0.371 -0.316 0.826 -13.16 -9.191 -16.87
0.397 -0.354 0.824 -16.092 2.565 -14.351
0.414 -0.407 0.88 -18.473 10.763 -14.55
0.39 -0.434 0.911 -17.298 27.16 -15.206
0.386 -0.44 0.888 -25.221 21.405 -16.84
0.341 -0.45 0.908 -28.214 20.076 -19.924
0.329 -0.457 0.894 -34.26 14.351 -23.771
0.292 -0.466 0.938 -41.237 6.977 -26.534
0.256 -0.471 1.018 -45.298 -1.374 -27.42
0.225 -0.453 1.076 -45.588 -8.809 -25.115
0.203 -0.42 1.106 -43.618 -13.176 -20.733
0.235 -0.405 1.138 -37.328 -16.824 -15.252
0.239 -0.371 1.131 -30.947 -12.565 -10.458
0.246 -0.338 1.123 -23.878 -7.924 -4.458
0.254 -0.309 1.127 -18.901 -1.038 1.053
0.284 -0.271 1.101 -14.489 3.71 5.145
0.315 -0.247 1.084 -11.527 7.435 8.153
0.341 -0.214 1.05 -10.473 7.969 9.496
0.351 -0.182 1.036 -10.168 6.641 8.962
0.356 -0.159 1.036 -10.427 2.473 7.863
0.348 -0.132 1.036 -10.321 -3.16 7.023
0.357 -0.126 1.049 -9.557 -7.374 6.366
0.37 -0.1 1.055 -8.733 -10.366 6.565
0.382 -0.095 1.068 -7.099 -10.87 6.794
0.398 -0.093 1.074 -4.504 -9.435 6.565
0.415 -0.089 1.063 -2.779 -8.366 6.351
0.426 -0.087 1.048 -1.435 -5.969 5.802
0.439 -0.09 1.031 -0.366 -3.42 5.008
0.438 -0.082 1.015 -0.427 -1.603 3.374
0.425 -0.068 0.994 -1.191 0.092 1.466
0.397 -0.068 0.985 -1.649 2.061 0.397
0.34 -0.052 0.976 -4.824 -1.45 0.855
0.352 -0.057 0.976 -6.336 -1.053 1.008
0.363 -0.063 0.981 -8.137 -2.336 2.092
0.354 -0.076 0.992 -8.84 -1.695 2.779
0.362 -0.086 1.01 -8.977 -1.863 3.496
0.37 -0.093 1.024 -7.756 -2.473 4.122
0.383 -0.096 1.017 -6.947 -2.779 3.863
0.372 -0.107 1.018 -5.939 -3.908 3.084
0.392 -0.104 1.02 -4.901 -3.511 1.74
0.383 -0.111 1.009 -4.519 -3.527 0.718
0.395 -0.112 1.009 -4.534 -2.992 -0.366
0.38 -0.109 0.996 -4.763 -1.282 -1.16
0.369 -0.109 0.985 -5.389 0.183 -1.45
0.351 -0.107 0.989 -6.092 1.176 -1.145
0.345 -0.098 0.98 -6.794 1.359 -0.198
0.332 -0.106 0.995 -6.87 1.115 1.084
0.351 -0.106 1.002 -6.382 1.924 1.832
0.365 -0.113 1.003 -5.664 3.618 1.389
0.369 -0.106 1.005 -5.313 4.84 0.55
0.357 -0.101 1.001 -4.916 3.679 -0.153
0.34 -0.094 0.991 -4.87 2.595 -0.687
0.332 -0.097 0.987 -5.45 1.008 -0.809
0.327 -0.09 0.993 -6.55 0.702 -0.824
0.318 -0.093 0.998 -6.977 0.412 -0.489
0.325 -0.094 1.005 -6.855 1.252 0.107
0.319 -0.081 1.007 -7.267 1.771 0.733
0.324 -0.088 1.009 -7.542 1.664 1.282
0.313 -0.089 1.016 -7.573 2.763 1.344
0.317 -0.094 1.021 -7.679 1.45 2.031
0.325 -0.087 1.024 -7.588 0.214 2.214
0.338 -0.088 1.019 -7.542 -0.565 2.397
0.344 -0.097 1.051 -6.977 -0.305 2.382
0.337 -0.088 1.047 -6.168 0.504 1.969
0.341 -0.096 1.053 -5.084 0.702 1.832
0.341 -0.101 1.053 -3.557 1.099 1.71
0.329 -0.097 1.047 -2.947 0.534 1.267
0.338 -0.102 1.044 -2.748 0.198 1.252
0.344 -0.103 1.033 -2.672 -0.931 0.931
0.351 -0.109 1.026 -3.13 -1.466 0.565
0.345 -0.098 1.021 -3.008 -1.267 0.092
0.343 -0.104 1.029 -2.809 -1.008 0.58
0.347 -0.106 1.023 -2.489 0.412 0.382
0.338 -0.105 1.03 -2.229 1.282 0.779
0.342 -0.102 1.02 -2.412 1.344 0.901
0.337 -0.107 1.015 -2.336 1.389 0.947
0.335 -0.107 1.011 -2.412 1.008 1.267
0.338 -0.103 1.015 -2.473 -0.015 1.191
0.33 -0.107 1.007 -2.702 -1.298 0.809
0.326 -0.099 1.002 -3.008 -2.229 0.687
0.335 -0.097 0.992 -3.038 -1.527 0.29
0.327 -0.095 0.993 -3.282 -1.191 0.489
0.332 -0.092 0.985 -3.466 -0.733 0.763
0.337 -0.089 0.988 -3.756 -0.382 1.023
0.346 -0.093 0.98 -4.489 -0.336 1.298
0.346 -0.098 0.998 -4.931 0.672 0.916
0.363 -0.089 1.011 -5.313 0.534 0.183
0.363 -0.096 1.01 -5.313 0.229 -0.229
0.354 -0.099 1.029 -5.298 0.458 -0.809
0.344 -0.092 1.026 -5.053 0.244 -0.977
0.333 -0.093 1.016 -4.824 0.015 -1.221
0.324 -0.09 1.016 -5.069 0.305 -1.13
0.333 -0.091 1.019 -4.977 0.809 -0.504
0.327 -0.096 1.022 -4.992 1.221 -0.26
0.335 -0.095 1.033 -4.626 1.16 -0.275
0.34 -0.103 1.026 -4.244 1.237 -0.794
0.336 -0.101 1.036 -3.679 0.885 -0.916
0.332 -0.095 1.033 -3.252 0.351 -1.115
0.319 -0.095 1.02 -2.977 -0.366 -0.611
0.324 -0.103 1.016 -3.191 -0.26 -0.611
0.32 -0.094 1.008 -3.969 -0.534 -0.412
0.318 -0.096 1.004 -4.718 -0.534 -0.031
0.321 -0.099 1.018 -5.237 -0.794 0.687
0.319 -0.103 1.02 -5.466 -0.458 0.947
0.33 -0.115 1.035 -5.13 -0.107 1.099
0.328 -0.116 1.047 -4.26 0.382 0.794
0.328 -0.125 1.034 -2.931 0.382 1.008
0.321 -0.123 1.042 -2.092 0.107 1.206
0.319 -0.121 1.025 -1.267 0.137 1.771
0.323 -0.112 1.03 -0.687 0.687 1.634
0.327 -0.106 1.021 -0.412 0.031 2.092
0.326 -0.102 1.016 -0.137 -0.824 2.214
0.333 -0.1 0.999 -0.87 -1.252 2.153
0.335 -0.088 1.009 -1.908 -1.863 2.244
0.344 -0.085 1.013 -2.885 -1.679 2.321
0.355 -0.079 1.028 -3.298 -0.84 1.45
0.35 -0.088 1.029 -3.389 -0.626 1.023
0.349 -0.089 1.037 -3.069 -0.84 0.626
0.351 -0.092 1.041 -2.595 -0.809 -0.046
0.344 -0.093 1.042 -1.878 -1.206 -0.26
0.346 -0.086 1.028 -1.527 -1.13 -1.115
0.336 -0.079 1.012 -1.359 -1.374 -1.176
0.328 -0.083 1.002 -2.0 -1.435 -1.099
0.326 -0.078 0.998 -2.809 -1.679 -1.206
0.322 -0.073 0.992 -3.649 -1.13 -0.992
0.32 -0.079 0.997 -4.244 -0.626 -0.702
0.314 -0.084 0.998 -4.794 -0.412 0.0
0.323 -0.096 1.02 -4.962 -0.153 0.244
0.321 -0.089 1.018 -4.718 -0.107 0.305
0.322 -0.089 1.013 -4.733 0.092 0.229
0.333 -0.093 1.009 -4.397 -0.183 -0.168
0.323 -0.087 1.021 -4.458 -0.489 -0.641
0.325 -0.09 1.017 -4.55 -1.145 -0.824
0.316 -0.094 1.019 -4.427 -1.344 -0.565
0.322 -0.094 1.02 -4.275 -0.916 -0.061
0.327 -0.101 1.024 -3.863 -0.458 0.244
0.319 -0.1 1.016 -3.557 -0.214 0.412
0.322 -0.093 1.01 -3.389 -0.061 0.748
0.312 -0.091 1.019 -3.344 -0.366 0.748
0.32 -0.089 1.011 -3.481 -0.916 0.901
0.316 -0.084 0.994 -4.046 -1.389 0.565
0.322 -0.094 1.0 -4.565 -1.435 0.55
0.312 -0.088 1.0 -5.42 -1.313 0.748
0.322 -0.088 1.007 -5.573 -0.137 0.992
0.316 -0.094 1.034 -5.13 0.198 1.618
0.325 -0.087 1.019 -4.824 0.366 1.511
0.326 -0.095 1.027 -4.29 0.031 1.481
0.328 -0.091 1.026 -4.305 -0.901 1.221
0.334 -0.096 1.018 -4.55 -1.069 0.656
0.337 -0.088 1.017 -4.84 -1.115 0.55
0.331 -0.086 1.013 -5.13 -1.725 0.58
0.335 -0.093 1.021 -5.206 -1.267 0.626
0.334 -0.096 1.012 -5.374 -0.901 0.58
0.327 -0.086 1.019 -5.527 -0.947 0.489
0.331 -0.088 1.015 -5.893 -0.779 0.84
0.332 -0.085 1.02 -6.122 -0.565 0.626
0.335 -0.088 1.037 -5.679 0.198 0.137
0.335 -0.097 1.043 -4.977 0.626 -0.458
0.342 -0.098 1.036 -4.519 0.107 -0.58
0.332 -0.098 1.036 -3.832 -0.55 -0.809
0.33 -0.097 1.029 -3.328 -1.252 -1.069
0.332 -0.097 1.005 -3.237 -0.534 -1.313
0.317 -0.091 1.002 -3.74 -0.412 -0.916
0.315 -0.093 1.018 -4.305 -0.565 -0.519
0.319 -0.09 1.021 -5.176 -0.794 0.092
0.331 -0.098 1.014 -5.802 -0.992 -0.168
0.324 -0.101 1.023 -5.969 -1.389 -0.626
0.328 -0.095 1.031 -5.221 -1.038 -1.069
0.327 -0.094 1.044 -4.321 -1.359 -0.992
0.323 -0.09 1.028 -3.71 -1.16 -0.901
0.314 -0.096 1.029 -3.221 -1.618 -0.397
0.32 -0.09 1.006 -3.374 -2.122 -0.366
0.323 -0.088 0.996 -3.908 -2.092 -0.275
0.323 -0.092 0.995 -4.855 -1.405 -0.504
0.313 -0.087 1.0 -5.557 -1.496 -0.366
0.314 -0.087 1.001 -6.321 -1.634 0.26
0.319 -0.091 0.998 -6.84 -1.481 0.687
0.334 -0.095 1.017 -6.763 -0.626 0.397
0.329 -0.1 1.03 -5.603 -0.031 0.046
0.32 -0.092 1.038 -4.84 -0.55 -0.244
0.325 -0.096 1.037 -4.076 -1.664 -0.122
0.323 -0.091 1.023 -3.954 -2.031 0.198
0.328 -0.097 1.013 -4.305 -2.351 0.26
0.334 -0.092 1.001 -4.718 -1.771 0.107
0.332 -0.099 1.012 -5.069 -1.206 -0.107
0.332 -0.095 1.01 -5.252 -0.824 -0.321
0.319 -0.094 1.006 -5.511 -0.656 -0.183
0.318 -0.087 1.014 -5.969 -1.069 0.183
0.31 -0.101 1.018 -6.382 -1.206 0.656
0.313 -0.09 1.022 -6.397 -1.954 1.206
0.32 -0.095 1.017 -6.336 -1.695 1.084
0.326 -0.101 1.021 -6.137 -2.275 0.763
0.329 -0.103 1.029 -5.725 -2.214 0.412
0.322 -0.093 1.025 -5.985 -2.672 0.656
0.326 -0.096 1.019 -5.893 -2.733 0.763
0.333 -0.1 1.013 -6.107 -2.855 0.641
0.336 -0.094 1.028 -6.321 -2.458 0.595
0.349 -0.101 1.032 -5.954 -1.863 0.168
0.351 -0.104 1.046 -5.389 -1.45 -0.26
0.339 -0.105 1.028 -4.504 -1.817 -0.748
0.333 -0.099 1.033 -4.061 -2.275 -1.206
0.322 -0.094 1.009 -4.107 -2.947 -1.389
0.318 -0.097 1.006 -4.275 -3.282 -0.87
0.321 -0.09 0.991 -5.13 -2.794 -0.366
0.323 -0.094 0.994 -6.107 -2.0 0.061
0.325 -0.09 1.016 -7.023 -1.42 0.305
0.323 -0.096 1.019 -7.45 -1.588 0.687
0.33 -0.104 1.027 -7.542 -1.527 0.626
0.335 -0.103 1.034 -7.176 -1.802 0.137
0.329 -0.109 1.026 -6.29 -2.275 -0.107
0.324 -0.107 1.034 -5.359 -2.794 -0.198
0.324 -0.095 1.032 -4.794 -2.885 -0.229
0.333 -0.114 1.016 -4.458 -3.389 0.031
0.325 -0.1 1.016 -4.321 -2.473 -0.382
0.337 -0.104 1.01 -4.748 -2.137 -0.305
0.336 -0.106 1.01 -5.069 -0.672 -0.55
0.325 -0.101 1.015 -5.16 0.0 -0.672
0.323 -0.098 1.023 -5.466 -0.229 -0.611
0.321 -0.102 1.019 -5.573 -0.656 -0.351
0.33 -0.106 1.022 -5.679 -0.992 -0.443
0.328 -0.102 1.02 -5.435 -1.542 -0.351
0.329 -0.104 1.024 -4.824 -1.206 -0.366
0.326 -0.11 1.022 -4.351 -1.13 -0.275
0.33 -0.105 1.025 -3.695 -0.672 -0.58
0.324 -0.104 1.033 -3.496 -0.534 -0.855
0.322 -0.104 1.018 -3.496 -0.229 -1.237
0.315 -0.098 1.011 -3.557 -0.305 -0.763
0.32 -0.102 1.022 -3.939 -0.015 -0.58
0.32 -0.098 1.009 -3.954 0.015 -0.092
0.32 -0.098 1.013 -4.168 0.137 -0.198
0.321 -0.106 1.004 -4.214 -0.244 -0.061
0.317 -0.097 1.011 -4.26 -1.435 -0.076
0.329 -0.095 1.015 -4.382 -1.252 -0.275
0.319 -0.099 1.008 -4.718 -1.557 -0.275
0.329 -0.102 1.012 -4.809 -1.16 -0.275
0.334 -0.099 1.02 -4.794 -1.298 0.092
0.33 -0.099 1.021 -4.779 -0.87 -0.122
0.331 -0.101 1.02 -4.992 -0.672 -0.183
0.324 -0.1 1.027 -5.008 -0.687 0.046
0.328 -0.101 1.031 -4.641 -0.427 0.107
0.325 -0.1 1.022 -4.595 -0.519 -0.061
0.331 -0.103 1.021 -4.214 -0.58 -0.183
0.33 -0.099 1.012 -4.031 -1.023 -0.366
0.325 -0.097 1.015 -4.29 -1.71 -0.55
0.323 -0.096 1.013 -4.748 -2.58 -0.366
0.328 -0.099 1.019 -5.221 -2.519 -0.458
0.335 -0.112 1.011 -5.542 -2.061 -0.244
0.325 -0.112 1.021 -5.328 -1.359 -0.275
0.323 -0.111 1.025 -4.702 -0.992 -0.061
0.333 -0.11 1.028 -4.382 -0.794 -0.214
0.332 -0.109 1.024 -4.107 -1.038 -0.504
0.331 -0.101 1.015 -4.244 -1.557 -0.55
0.332 -0.105 1.02 -4.458 -1.298 -0.702
0.334 -0.104 1.008 -4.779 -1.237 -0.794
0.325 -0.094 1.014 -4.87 -1.344 -1.053
0.323 -0.1 1.011 -4.779 -1.435 -0.702
0.332 -0.104 1.02 -5.038 -1.069 -0.031
0.338 -0.1 1.036 -4.214 0.076 -0.565
0.338 -0.102 1.034 -3.908 -0.351 -1.023
0.333 -0.101 1.018 -3.939 -1.527 -1.542
0.331 -0.091 1.019 -4.626 -2.382 -1.649
0.321 -0.099 1.011 -4.992 -2.336 -1.542
0.321 -0.103 1.017 -5.023 -1.924 -1.206
0.322 -0.099 1.017 -4.901 -1.252 -0.962
0.32 -0.098 1.021 -4.748 -0.87 -0.977
0.307 -0.104 1.019 -4.687 -0.931 -0.885
0.312 -0.107 1.015 -4.427 -1.206 -0.519
0.312 -0.104 1.013 -4.55 -1.695 -0.122
0.309 -0.105 1.012 -5.008 -1.878 -0.061
0.318 -0.097 1.009 -5.679 -1.893 0.122
0.32 -0.096 1.024 -5.557 -1.649 0.382
0.321 -0.104 1.03 -4.992 -1.252 0.626
0.322 -0.109 1.036 -4.595 -0.962 0.489
0.325 -0.103 1.03 -3.756 -0.366 0.122
0.326 -0.108 1.023 -3.42 -1.252 0.061
0.325 -0.106 1.005 -3.634 -1.542 0.244
0.328 -0.106 1.008 -4.229 -1.802 0.168
0.323 -0.109 1.011 -4.718 -1.557 0.504
0.329 -0.106 1.008 -4.595 -1.176 0.336
0.335 -0.111 1.02 -4.26 -1.45 0.229
0.329 -0.1 1.023 -3.969 -1.588 -0.015
0.322 -0.108 1.007 -3.939 -2.244 -0.015
0.325 -0.107 1.017 -4.031 -2.656 0.305
0.326 -0.098 1.018 -4.076 -2.901 0.534
0.343 -0.106 1.02 -4.26 -1.985 0.351
0.347 -0.109 1.019 -4.443 -1.145 -0.046
0.348 -0.11 1.022 -4.443 -0.809 -0.397
0.34 -0.103 1.029 -4.366 -0.595 -0.855
0.319 -0.108 1.017 -4.55 -1.084 -0.947
0.324 -0.098 1.016 -4.824 -1.908 -0.641