0.036 -0.05 1.07 -8.519 -0.55 -2.015
0.036 -0.049 1.079 -7.603 1.053 -2.473
0.032 -0.049 1.092 -6.519 1.695 -2.214
0.029 -0.043 1.089 -5.435 3.221 -2.198
0.021 -0.044 1.075 -4.962 3.71 -1.237
0.027 -0.034 1.069 -4.672 5.16 -1.008
0.021 -0.032 1.063 -4.885 5.328 -0.198
0.013 -0.031 1.066 -5.206 6.137 0.366
0.011 -0.03 1.066 -5.756 5.695 0.809
-0.0 -0.027 1.056 -5.924 5.038 1.771
0.015 -0.032 1.076 -6.214 4.672 2.458
0.026 -0.03 1.075 -6.305 4.794 2.321
0.018 -0.035 1.093 -6.214 4.534 2.351
0.017 -0.047 1.097 -5.664 2.504 2.351
0.02 -0.041 1.082 -5.16 1.313 1.786
0.02 -0.047 1.082 -4.855 -0.244 1.557
0.03 -0.047 1.095 -4.26 -1.053 0.977
0.029 -0.041 1.081 -3.618 -1.206 0.794
0.032 -0.043 1.073 -3.069 -0.84 0.519
0.023 -0.042 1.067 -3.084 -0.855 0.534
0.038 -0.037 1.06 -3.023 -0.901 0.122
0.028 -0.036 1.057 -3.405 -0.763 -0.183
0.046 -0.041 1.059 -3.71 0.656 -0.763
0.021 -0.038 1.054 -3.924 1.389 -1.16
0.017 -0.043 1.059 -3.771 1.084 -0.443
0.016 -0.035 1.057 -3.634 1.603 -0.321
0.018 -0.036 1.048 -3.817 1.71 -0.382
0.009 -0.047 1.05 -3.573 1.221 -0.214
0.011 -0.038 1.042 -3.466 0.885 -0.534
0.006 -0.039 1.043 -3.466 0.534 -0.748
0.004 -0.039 1.061 -3.374 -0.015 -0.748
-0.001 -0.041 1.046 -3.42 0.229 -0.809
-0.018 -0.044 1.038 -3.603 0.076 -0.168
-0.011 -0.041 1.031 -4.137 0.58 0.733
-0.015 -0.036 1.036 -4.672 0.702 1.374
-0.018 -0.031 1.035 -5.74 -0.611 2.26
-0.006 -0.029 1.027 -6.412 0.382 2.885
-0.006 -0.031 1.037 -7.191 -0.015 2.947
0.003 -0.028 1.057 -7.481 -0.031 3.374
0.017 -0.026 1.07 -7.13 1.618 3.328
0.015 -0.028 1.074 -6.626 2.305 3.573
0.014 -0.023 1.077 -5.802 3.115 3.191
0.009 -0.014 1.07 -5.435 3.023 3.099
0.008 0.001 1.063 -5.328 4.122 2.473
-0.003 0.005 1.067 -5.511 5.481 2.58
-0.019 0.005 1.079 -5.038 7.863 3.008
-0.036 0.015 1.087 -4.718 10.046 4.412
-0.064 0.029 1.073 -3.863 12.107 6.336
-0.061 0.042 1.05 -3.725 14.122 8.656
-0.065 0.06 1.031 -4.733 15.924 10.504
-0.06 0.077 1.018 -6.55 17.405 12.107
-0.059 0.095 1.017 -8.336 19.74 13.389
-0.062 0.112 1.022 -10.565 19.878 14.809
-0.054 0.127 1.034 -12.321 20.992 15.573
-0.06 0.134 1.048 -13.634 20.443 17.115
-0.029 0.146 1.056 -14.321 19.511 18.443
-0.038 0.154 1.085 -15.389 23.695 18.229
-0.028 0.149 1.102 -15.298 23.252 19.466
-0.025 0.147 1.128 -14.565 24.611 19.832
-0.068 0.132 1.147 -12.733 17.313 22.779
0.026 0.142 1.148 -11.466 21.145 18.84
-0.035 0.136 1.139 -9.954 19.481 17.069
-0.023 0.135 1.124 -8.794 17.618 15.817
-0.049 0.138 1.118 -8.382 14.687 15.664
-0.053 0.138 1.103 -8.702 10.916 16.458
-0.023 0.144 1.111 -9.588 14.947 14.718
-0.05 0.149 1.139 -10.962 17.099 13.069
-0.055 0.154 1.151 -10.748 17.023 12.885
-0.071 0.159 1.163 -9.344 16.718 12.916
-0.061 0.172 1.173 -6.916 13.115 12.718
-0.022 0.181 1.176 -4.672 15.511 8.565
-0.034 0.186 1.177 -1.618 9.176 5.13
-0.006 0.178 1.16 1.344 0.794 1.618
0.034 0.182 1.152 4.336 -2.351 -4.702
0.017 0.173 1.13 7.679 -4.977 -10.076
0.014 0.159 1.087 8.702 -5.695 -13.206
-0.023 0.165 1.037 7.71 -2.687 -14.901
-0.044 0.168 1.02 4.931 0.519 -14.611
-0.052 0.161 0.999 1.618 4.183 -13.115
-0.021 0.151 0.969 -2.168 8.702 -14.641
-0.033 0.162 0.99 -4.321 8.275 -16.885
-0.063 0.126 0.991 -6.595 7.435 -18.153
-0.047 0.108 0.977 -6.55 4.427 -19.527
-0.004 0.069 0.965 -5.893 3.756 -21.664
-0.044 0.031 0.995 -3.313 2.29 -23.298
-0.003 -0.009 0.987 0.397 -1.725 -25.649
-0.027 -0.02 0.94 2.29 0.672 -28.794
-0.101 -0.052 0.883 0.351 4.702 -28.321
-0.138 -0.081 0.823 -5.115 10.962 -22.382
-0.154 -0.097 0.843 -7.374 27.924 -21.16
-0.094 -0.122 0.809 -18.901 20.061 -16.473
-0.084 -0.174 0.916 -18.061 18.84 -17.435
-0.061 -0.231 0.982 -18.351 9.221 -23.74
-0.043 -0.246 1.006 -15.924 -2.244 -29.756
-0.037 -0.291 1.062 -12.351 -14.031 -35.71
0.015 -0.334 1.068 -6.718 -16.076 -40.565
0.012 -0.357 1.029 -4.351 -14.87 -44.855
-0.028 -0.375 0.998 -4.519 -11.466 -46.214
-0.055 -0.369 0.964 -6.992 -8.366 -45.511
-0.076 -0.375 0.958 -10.458 -3.71 -43.649
-0.071 -0.385 0.948 -14.214 1.481 -41.115
-0.063 -0.395 0.951 -17.053 7.023 -39.023
-0.069 -0.388 0.965 -20.076 9.924 -37.191
-0.084 -0.389 0.97 -21.603 10.962 -34.84
-0.096 -0.38 0.977 -22.58 10.87 -33.023
-0.125 -0.372 0.976 -23.771 9.313 -30.733
-0.127 -0.368 0.996 -25.344 8.153 -27.756
-0.112 -0.369 1.012 -25.756 5.45 -24.885
-0.099 -0.359 1.026 -26.626 1.832 -22.885
-0.076 -0.36 1.02 -27.466 -2.046 -22.122
-0.073 -0.349 1.04 -28.534 -4.947 -21.771
-0.065 -0.338 1.068 -28.0 -7.328 -21.573
-0.067 -0.329 1.084 -26.183 -8.641 -21.832
-0.073 -0.317 1.103 -23.786 -10.977 -20.947
-0.074 -0.306 1.123 -20.504 -12.84 -19.389
-0.047 -0.311 1.125 -17.496 -12.855 -17.954
-0.011 -0.303 1.125 -14.168 -9.924 -18.046
-0.035 -0.284 1.132 -11.847 -7.557 -18.183
-0.004 -0.29 1.112 -10.489 -4.87 -19.42
-0.041 -0.261 1.095 -10.412 -6.366 -20.092
-0.062 -0.247 1.083 -10.595 -8.519 -19.878
-0.066 -0.241 1.086 -10.504 -10.427 -19.542
-0.079 -0.237 1.095 -9.969 -10.702 -17.802
-0.072 -0.223 1.09 -8.901 -8.87 -14.977
-0.066 -0.217 1.088 -7.664 -5.832 -12.58
-0.056 -0.199 1.075 -6.748 -2.107 -10.779
-0.058 -0.178 1.07 -6.489 0.687 -9.863
-0.067 -0.175 1.054 -6.702 1.206 -8.641
-0.066 -0.178 1.049 -7.13 -0.748 -8.351
-0.075 -0.181 1.066 -7.664 -4.092 -7.893
-0.051 -0.187 1.055 -7.527 -5.115 -8.092
-0.046 -0.209 1.05 -8.901 -4.26 -9.084
-0.069 -0.189 1.062 -6.168 -4.214 -8.092
-0.073 -0.187 1.062 -6.061 -3.069 -7.298
-0.096 -0.182 1.052 -5.496 -3.405 -6.26
-0.086 -0.186 1.04 -4.84 -3.176 -5.527
-0.087 -0.189 1.043 -4.611 -2.962 -4.901
-0.093 -0.178 1.036 -4.779 -3.664 -4.412
-0.085 -0.174 1.042 -5.252 -3.817 -4.076
-0.068 -0.186 1.046 -5.008 -1.893 -3.649
-0.065 -0.183 1.052 -4.565 -1.069 -3.542
-0.068 -0.187 1.048 -4.275 -1.435 -3.74
-0.069 -0.183 1.05 -3.695 -1.649 -3.756
-0.079 -0.175 1.049 -3.496 -3.374 -3.511
-0.078 -0.171 1.031 -2.489 -2.412 -3.466
-0.093 -0.17 1.028 -2.55 -2.794 -2.672
-0.088 -0.17 1.027 -3.237 -2.366 -1.908
-0.088 -0.166 1.027 -4.015 -2.534 -0.931
-0.088 -0.163 1.026 -4.336 -2.809 -0.29
-0.091 -0.167 1.018 -5.191 -4.107 0.351
-0.083 -0.17 1.037 -5.695 -4.779 1.008
-0.076 -0.168 1.049 -5.267 -4.519 1.634
-0.062 -0.172 1.06 -4.718 -4.29 2.183
-0.057 -0.175 1.059 -3.817 -3.511 2.412
-0.052 -0.17 1.06 -2.962 -1.863 2.031
-0.046 -0.16 1.049 -2.519 -1.206 1.664
-0.058 -0.154 1.05 -2.504 -1.649 1.145
-0.059 -0.146 1.024 -3.344 -2.168 1.069
-0.059 -0.15 1.03 -3.481 -2.015 0.153
-0.06 -0.144 1.036 -4.061 -2.779 -0.412
-0.062 -0.144 1.041 -4.214 -2.412 -0.351
-0.069 -0.15 1.051 -3.908 -1.71 0.122
-0.068 -0.143 1.047 -3.878 -1.527 0.473
-0.067 -0.147 1.047 -3.802 -1.176 0.351
-0.075 -0.147 1.049 -3.282 -1.71 0.519
-0.083 -0.143 1.045 -2.855 -2.336 1.145
-0.083 -0.153 1.038 -2.702 -2.901 1.817
-0.063 -0.151 1.035 -2.947 -2.794 2.122
-0.066 -0.159 1.037 -2.824 -2.687 1.893
-0.061 -0.158 1.03 -2.916 -2.702 1.557
-0.073 -0.157 1.034 -2.885 -3.176 1.756
-0.075 -0.145 1.032 -3.359 -3.817 1.802
-0.064 -0.148 1.028 -3.588 -3.16 2.519
-0.061 -0.161 1.02 -4.031 -2.641 2.458
-0.073 -0.15 1.03 -3.908 -2.244 2.763
-0.063 -0.142 1.031 -3.954 -2.702 3.115
-0.059 -0.145 1.027 -4.366 -2.947 3.298
-0.056 -0.148 1.024 -4.962 -3.542 3.053
-0.047 -0.15 1.024 -5.634 -3.939 3.206
-0.029 -0.159 1.027 -5.756 -3.924 2.031
-0.038 -0.156 1.041 -5.374 -3.099 1.038
-0.045 -0.159 1.059 -4.794 -2.84 1.359
-0.042 -0.163 1.061 -4.122 -2.046 1.634
-0.039 -0.157 1.059 -3.435 -1.45 1.832
-0.034 -0.154 1.047 -3.282 -0.626 1.985
-0.041 -0.148 1.038 -3.176 -1.008 1.664
-0.043 -0.151 1.028 -3.954 -2.229 1.542
-0.05 -0.143 1.018 -4.718 -3.282 1.252
-0.053 -0.143 1.012 -5.71 -3.496 1.832
-0.046 -0.147 1.02 -6.672 -2.977 2.214
-0.041 -0.149 1.028 -7.267 -2.076 2.29
-0.049 -0.153 1.042 -6.473 -1.924 2.55
-0.035 -0.156 1.042 -5.618 -2.595 2.672
-0.035 -0.159 1.042 -4.87 -4.473 2.244
-0.045 -0.154 1.028 -5.191 -6.687 1.725
-0.041 -0.147 1.02 -6.061 -8.321 2.0
-0.021 -0.15 1.021 -6.962 -7.13 1.863
-0.024 -0.152 1.031 -7.084 -4.26 1.237
-0.021 -0.153 1.046 -6.977 -3.344 0.748
-0.024 -0.146 1.038 -6.779 -3.374 0.397
-0.032 -0.146 1.049 -6.901 -4.321 0.122
-0.019 -0.146 1.046 -7.023 -4.901 -0.366
-0.024 -0.159 1.055 -6.534 -2.901 -1.405
-0.024 -0.146 1.065 -5.893 -1.802 -1.786
-0.04 -0.153 1.064 -5.359 -0.55 -1.863
-0.042 -0.151 1.045 -5.099 -0.244 -1.511
-0.05 -0.157 1.047 -4.718 0.031 -1.817
-0.054 -0.16 1.05 -5.115 -0.198 -1.939
-0.063 -0.159 1.047 -5.221 -0.382 -1.939
-0.067 -0.157 1.039 -5.237 -1.344 -1.695
-0.071 -0.157 1.036 -5.664 -1.969 -1.023
-0.063 -0.164 1.045 -5.802 -2.107 0.092
-0.066 -0.165 1.049 -5.221 -2.214 0.015
-0.067 -0.173 1.05 -4.947 -3.374 0.443
-0.053 -0.165 1.047 -4.58 -4.015 0.733
-0.053 -0.163 1.046 -4.55 -4.901 1.084
-0.052 -0.16 1.044 -4.855 -4.305 0.992
-0.047 -0.16 1.046 -5.053 -4.214 1.008
-0.039 -0.162 1.05 -5.496 -4.137 1.084
-0.038 -0.163 1.057 -5.389 -3.344 1.084
-0.038 -0.164 1.059 -5.069 -3.008 1.252
-0.046 -0.159 1.072 -4.443 -2.458 1.282
-0.038 -0.165 1.067 -3.664 -2.672 1.053
-0.036 -0.158 1.063 -3.16 -1.725 0.427
-0.045 -0.158 1.052 -2.626 -2.061 0.458
-0.044 -0.156 1.035 -2.504 -2.473 0.412
-0.05 -0.162 1.038 -2.977 -2.702 0.931
-0.045 -0.162 1.043 -2.962 -2.702 0.824
-0.041 -0.162 1.042 -3.023 -2.107 0.183
-0.05 -0.151 1.044 -2.885 -3.099 0.443
-0.051 -0.154 1.033 -3.298 -3.924 0.412
-0.055 -0.148 1.038 -4.061 -4.779 0.763
-0.054 -0.159 1.03 -4.885 -5.573 1.023
-0.05 -0.155 1.025 -5.023 -5.084 2.168
-0.028 -0.156 1.049 -4.565 -4.687 2.351
-0.033 -0.165 1.056 -4.458 -4.656 2.412
-0.04 -0.159 1.06 -3.969 -5.16 2.58
-0.043 -0.159 1.047 -3.344 -7.344 2.763
0.002 -0.154 1.039 -2.855 -2.855 0.198
-0.049 -0.148 1.044 -2.992 -4.137 0.29
-0.029 -0.142 1.023 -3.832 -3.985 0.58
-0.039 -0.148 1.023 -4.656 -4.107 1.221
-0.029 -0.148 1.024 -5.328 -2.779 1.237
-0.036 -0.146 1.028 -6.015 -2.962 1.863
-0.038 -0.144 1.033 -6.443 -3.13 2.198
-0.043 -0.15 1.042 -6.656 -2.214 2.611
-0.04 -0.151 1.055 -6.519 -4.977 4.397
-0.018 -0.153 1.044 -5.344 -5.573 3.954
-0.016 -0.163 1.055 -4.641 -4.229 2.748
-0.017 -0.161 1.056 -3.664 -3.344 1.298
-0.033 -0.15 1.05 -2.641 -3.511 0.107
-0.031 -0.152 1.039 -2.885 -4.015 -0.198
-0.039 -0.144 1.026 -3.786 -3.939 -0.061
-0.029 -0.148 1.024 -4.687 -2.672 0.244
-0.021 -0.155 1.036 -4.916 -1.145 0.137
-0.015 -0.154 1.049 -4.641 0.382 -0.687
-0.026 -0.151 1.052 -4.153 -0.26 -0.809
-0.037 -0.158 1.044 -3.618 -0.55 -1.023
-0.034 -0.157 1.043 -3.237 -0.626 -1.115
-0.038 -0.155 1.029 -3.176 -1.924 -0.779
-0.031 -0.157 1.037 -3.939 -1.45 -0.641
-0.031 -0.155 1.046 -4.672 -0.992 -0.779
-0.028 -0.154 1.056 -5.298 -1.145 -0.504
-0.028 -0.162 1.062 -5.252 -0.779 -0.214
-0.024 -0.163 1.056 -4.672 -0.504 -0.305
-0.017 -0.165 1.057 -4.183 0.458 -0.763
-0.03 -0.153 1.048 -3.603 0.321 -1.053
-0.036 -0.156 1.044 -3.405 -0.031 -0.718
-0.023 -0.157 1.04 -3.603 -0.672 -0.489
-0.03 -0.16 1.05 -3.664 -0.611 -0.504
-0.022 -0.155 1.046 -4.046 -0.626 -0.427
-0.024 -0.159 1.049 -4.198 -0.366 -0.214
-0.03 -0.157 1.045 -4.092 -0.183 -0.382
-0.037 -0.153 1.038 -4.29 -0.489 -0.458
-0.042 -0.152 1.038 -4.412 -1.237 -0.137
-0.04 -0.146 1.043 -4.351 -1.206 -0.031
-0.031 -0.151 1.04 -4.321 -0.977 -0.275
-0.03 -0.154 1.042 -4.656 -1.405 -0.153
-0.03 -0.158 1.033 -4.779 -0.809 -0.351
-0.026 -0.155 1.042 -4.137 -0.321 -0.427
-0.027 -0.152 1.047 -3.985 -0.473 -0.565
-0.037 -0.149 1.037 -4.061 -0.779 -0.214
-0.034 -0.146 1.034 -4.412 -1.023 -0.153
-0.041 -0.146 1.031 -4.916 -1.267 0.397
-0.035 -0.147 1.035 -5.328 -1.557 0.229
-0.031 -0.146 1.031 -5.557 -1.405 0.076
-0.025 -0.153 1.047 -5.588 -1.038 -0.122
-0.026 -0.162 1.049 -5.405 -0.519 0.0
-0.026 -0.151 1.037 -4.794 0.321 -0.26
-0.034 -0.156 1.052 -4.229 0.656 -0.489
-0.035 -0.153 1.042 -3.969 0.885 -0.947
-0.044 -0.155 1.036 -4.183 0.061 -0.748
-0.043 -0.152 1.028 -4.855 -0.855 -0.275
-0.044 -0.151 1.029 -5.466 -1.252 -0.244
-0.039 -0.155 1.038 -5.847 -1.008 0.015
-0.028 -0.155 1.035 -6.122 -0.137 0.092
-0.031 -0.157 1.05 -6.076 0.321 -0.198
-0.043 -0.156 1.05 -5.679 0.137 0.031
-0.041 -0.158 1.05 -5.649 -0.397 0.382
-0.042 -0.159 1.055 -5.832 -0.962 0.275
-0.032 -0.165 1.052 -5.618 -1.405 -0.26
-0.037 -0.164 1.054 -5.023 -1.374 -0.565
-0.037 -0.165 1.073 -4.473 -1.176 -0.397
-0.042 -0.162 1.057 -4.26 -1.191 -0.244
-0.041 -0.163 1.054 -4.183 -0.809 -0.275
-0.048 -0.16 1.054 -4.137 -0.427 0.092
-0.045 -0.157 1.053 -3.771 -0.473 0.305
-0.037 -0.158 1.043 -3.634 -0.382 -0.092
-0.037 -0.159 1.044 -3.695 -0.916 -0.137
-0.037 -0.155 1.049 -4.0 -0.748 -0.214
-0.034 -0.154 1.042 -4.336 -0.84 0.137
-0.041 -0.152 1.049 -4.092 -0.779 0.092
-0.037 -0.162 1.05 -3.695 -1.099 0.046
-0.046 -0.154 1.026 -3.695 -1.725 0.412
-0.041 -0.154 1.028 -4.122 -1.649 0.412
-0.041 -0.152 1.024 -4.504 -2.137 0.87
-0.038 -0.147 1.04 -4.947 -2.137 0.977
-0.028 -0.164 1.039 -5.16 -1.374 0.931
-0.026 -0.167 1.037 -5.191 -0.626 0.702
-0.027 -0.158 1.05 -4.748 0.076 0.473
-0.036 -0.157 1.05 -4.29 -0.397 0.382
-0.034 -0.15 1.04 -4.183 -0.305 0.29
-0.034 -0.154 1.034 -4.489 -1.298 0.244
-0.03 -0.151 1.021 -4.733 -2.214 0.183
-0.03 -0.144 1.021 -5.527 -2.336 0.031
-0.029 -0.151 1.031 -6.107 -1.176 0.031
-0.024 -0.156 1.039 -6.244 0.458 0.443
-0.029 -0.156 1.046 -5.878 1.145 0.458
-0.031 -0.165 1.055 -4.855 1.42 0.351
-0.028 -0.159 1.052 -4.031 2.092 -0.137
-0.034 -0.161 1.061 -3.389 1.573 -0.55
-0.031 -0.154 1.042 -3.023 1.008 -0.443
-0.028 -0.156 1.027 -3.298 0.977 -0.321
-0.025 -0.157 1.023 -4.229 1.481 -0.611
-0.038 -0.147 1.013 -4.916 1.924 -1.023
-0.039 -0.151 1.029 -5.511 1.496 -0.901
-0.034 -0.153 1.051 -5.954 0.916 -0.824
-0.031 -0.155 1.053 -6.046 0.229 -0.824
-0.034 -0.151 1.062 -5.817 -0.611 -0.855
-0.031 -0.156 1.067 -4.931 -0.412 -1.008
-0.028 -0.156 1.05 -4.702 -0.84 -1.328
-0.033 -0.153 1.045 -4.595 -1.74 -1.71
-0.029 -0.157 1.05 -5.099 -0.687 -2.092
-0.041 -0.159 1.053 -4.55 -0.29 -1.817
-0.041 -0.162 1.048 -4.137 0.229 -1.634
-0.05 -0.162 1.054 -3.908 0.137 -1.481
-0.046 -0.16 1.044 -3.863 0.244 -1.496
-0.057 -0.152 1.038 -4.015 -0.183 -1.42
-0.057 -0.157 1.034 -4.397 -1.298 -1.282
-0.056 -0.158 1.031 -5.13 -1.725 -0.962
-0.05 -0.157 1.032 -6.168 -1.435 -0.58
-0.048 -0.159 1.044 -6.733 -1.618 -0.275
-0.041 -0.167 1.052 -6.855 -1.267 -0.092
-0.034 -0.163 1.052 -6.183 -0.382 -0.351
-0.038 -0.165 1.054 -5.206 0.458 -0.473
-0.038 -0.155 1.049 -4.229 -1.16 -0.641
-0.041 -0.161 1.036 -4.321 -1.42 -1.282
-0.041 -0.155 1.035 -4.565 -2.382 -1.221
-0.043 -0.152 1.036 -4.962 -1.786 -1.389
-0.042 -0.154 1.045 -5.023 -1.374 -0.977
-0.049 -0.161 1.044 -5.45 -1.176 -0.855
-0.041 -0.165 1.048 -5.344 -0.29 -1.237
-0.047 -0.158 1.047 -4.824 -0.916 -1.099
-0.042 -0.157 1.04 -4.824 -1.298 -1.099
-0.035 -0.151 1.033 -5.282 -1.313 -1.328
-0.036 -0.154 1.052 -5.282 -0.473 -1.542
-0.04 -0.16 1.051 -5.252 -0.351 -1.328
-0.045 -0.162 1.06 -5.191 0.015 -1.328
-0.039 -0.162 1.071 -4.534 -0.183 -1.664
-0.053 -0.162 1.058 -4.382 -0.809 -1.466
-0.052 -0.166 1.044 -3.878 -1.511 -1.481
-0.056 -0.163 1.054 -3.985 -2.122 -1.145
-0.055 -0.157 1.05 -4.351 -1.969 -0.779
-0.054 -0.159 1.048 -4.519 -1.863 -0.672
-0.052 -0.17 1.048 -4.672 -1.099 -0.489
-0.055 -0.172 1.056 -4.275 -1.038 -0.183
-0.052 -0.172 1.062 -3.374 -1.008 0.0
-0.052 -0.178 1.053 -2.137 -0.962 0.137
-0.043 -0.162 1.046 -1.832 0.092 0.183
-0.043 -0.161 1.028 -2.061 -0.031 0.092
-0.033 -0.151 1.022 -2.672 0.55 -0.275
-0.046 -0.144 1.018 -3.557 0.214 -0.305
-0.04 -0.146 1.024 -4.611 -0.351 -0.229
-0.042 -0.145 1.02 -5.527 -0.076 0.122
-0.045 -0.153 1.041 -5.756 0.0 0.214
-0.046 -0.16 1.051 -5.374 0.092 0.351
-0.043 -0.157 1.063 -4.29 0.107 0.305
-0.043 -0.165 1.052 -3.481 -0.687 -0.321
-0.04 -0.148 1.043 -3.099 -1.405 -1.099
-0.049 -0.146 1.033 -3.206 -1.527 -1.42
-0.051 -0.155 1.03 -3.573 -1.267 -1.435
-0.048 -0.159 1.045 -4.061 0.046 -1.008
-0.048 -0.155 1.042 -4.153 1.023 -0.901
-0.06 -0.159 1.053 -3.695 0.58 -0.351
-0.057 -0.162 1.049 -3.908 -0.168 -0.168
-0.057 -0.154 1.052 -3.603 -1.344 0.076
-0.056 -0.154 1.04 -3.725 -1.969 0.229
-0.051 -0.16 1.035 -4.092 -2.55 0.015
-0.045 -0.158 1.033 -4.519 -1.878 -0.26
-0.042 -0.162 1.048 -4.595 -1.603 -0.076