0.224 -0.049 1.06 -4.092 -1.053 -0.794
0.223 -0.046 1.054 -3.725 -1.802 -0.366
0.232 -0.033 1.059 -3.435 -1.099 -0.214
0.226 -0.033 1.062 -3.115 -0.336 0.305
0.227 -0.034 1.046 -2.641 -0.061 0.672
0.226 -0.033 1.062 -2.595 -0.809 1.45
0.236 -0.041 1.064 -1.511 -1.679 1.725
0.233 -0.034 1.066 -1.756 -1.115 1.695
0.242 -0.04 1.06 -0.977 -0.779 1.924
0.244 -0.035 1.06 -0.443 -1.679 2.168
0.256 -0.03 1.041 0.015 -1.71 1.969
0.249 -0.032 1.034 0.122 -2.748 1.496
0.248 -0.018 1.015 -0.321 -3.802 1.374
0.25 -0.024 1.012 -1.298 -5.023 1.45
0.258 -0.015 1.007 -2.87 -4.382 1.405
0.268 -0.018 1.011 -4.382 -2.885 1.603
0.273 -0.027 1.012 -5.344 -1.282 1.542
0.276 -0.026 1.028 -5.603 -0.656 1.481
0.274 -0.03 1.028 -5.786 0.473 0.763
0.274 -0.034 1.028 -5.435 -0.046 0.305
0.268 -0.037 1.04 -5.344 -0.87 -0.031
0.261 -0.038 1.039 -4.809 -1.908 -0.519
0.259 -0.038 1.031 -4.443 -1.908 -0.748
0.258 -0.038 1.029 -4.656 -1.756 -0.885
0.258 -0.029 1.022 -4.84 -1.282 -1.084
0.236 -0.03 1.02 -5.389 -1.573 -0.916
0.239 -0.03 1.006 -6.244 -0.977 -0.962
0.227 -0.035 1.013 -6.55 -1.038 -0.473
0.234 -0.04 1.017 -7.267 -1.084 0.031
0.228 -0.04 1.039 -7.557 -0.458 0.366
0.228 -0.044 1.044 -7.634 0.366 0.779
0.23 -0.045 1.05 -7.466 0.122 1.252
0.235 -0.044 1.058 -7.176 1.008 1.13
0.231 -0.052 1.057 -6.931 -0.092 1.115
0.231 -0.042 1.061 -6.015 -0.397 1.252
0.238 -0.045 1.053 -5.374 0.046 1.45
0.241 -0.039 1.055 -4.947 -0.122 1.893
0.242 -0.038 1.049 -4.977 0.183 2.366
0.246 -0.035 1.052 -5.191 0.58 2.534
0.248 -0.034 1.044 -5.221 0.779 2.351
0.241 -0.033 1.048 -5.344 0.595 2.29
0.252 -0.031 1.043 -5.664 -0.168 1.817
0.247 -0.037 1.043 -5.756 -1.282 1.344
0.245 -0.045 1.041 -6.275 -2.26 0.931
0.243 -0.045 1.04 -6.565 -2.947 0.916
0.249 -0.042 1.05 -6.84 -2.702 1.053
0.252 -0.041 1.052 -6.443 -1.634 1.527
0.259 -0.044 1.058 -5.863 -0.473 1.664
0.251 -0.034 1.054 -5.588 -0.122 2.015
0.25 -0.043 1.054 -5.084 0.351 2.0
0.247 -0.036 1.048 -5.511 -0.534 1.695
0.24 -0.039 1.035 -5.405 -1.893 1.42
0.244 -0.043 1.031 -5.832 -2.595 0.672
0.239 -0.041 1.04 -5.985 -2.611 0.504
0.256 -0.042 1.039 -6.061 -1.954 0.443
0.256 -0.04 1.046 -6.336 -1.466 0.382
0.246 -0.033 1.032 -6.015 0.214 0.702
0.235 -0.039 1.048 -4.916 1.053 1.893
0.229 -0.028 1.054 -5.603 -4.55 4.87
0.266 -0.039 1.023 -5.725 -3.298 4.687
0.258 -0.014 1.033 -6.626 0.504 2.641
0.216 -0.006 1.045 -7.786 -0.809 3.069
0.23 0.002 1.064 -8.26 -1.45 3.16
0.234 0.007 1.08 -7.664 -0.656 2.489
0.243 0.016 1.072 -7.328 -2.046 1.893
0.25 0.033 1.073 -6.992 -3.13 1.328
0.254 0.051 1.072 -6.412 -2.641 0.656
0.254 0.072 1.064 -5.771 -2.351 0.244
0.257 0.097 1.065 -5.405 0.061 0.183
0.245 0.12 1.054 -5.389 1.313 1.649
0.254 0.132 1.047 -5.649 4.702 3.038
0.257 0.153 1.032 -6.763 7.664 4.901
0.26 0.166 1.026 -7.985 11.13 6.489
0.265 0.18 1.007 -10.748 13.466 7.634
0.267 0.196 1.007 -13.542 16.076 8.489
0.262 0.2 1.01 -16.687 18.473 9.023
0.28 0.201 1.038 -18.015 19.069 9.527
0.277 0.213 1.047 -19.282 20.076 8.87
0.285 0.231 1.054 -19.893 19.115 8.519
0.28 0.228 1.06 -20.153 18.565 6.641
0.286 0.239 1.048 -20.397 16.244 4.58
0.297 0.228 1.041 -21.252 14.763 1.832
0.304 0.218 1.054 -22.87 14.046 -1.221
0.287 0.188 1.062 -23.878 15.176 -3.725
0.229 0.169 1.09 -24.641 19.099 -5.145
0.188 0.162 1.094 -25.374 22.046 -4.214
0.155 0.142 1.092 -26.137 28.061 -3.939
0.117 0.13 1.084 -27.511 29.053 -3.634
0.104 0.193 1.082 -31.206 33.542 -2.427
0.061 0.122 1.071 -31.924 24.107 -4.595
0.081 0.085 1.067 -32.947 17.924 -10.489
0.1 0.102 1.088 -35.725 12.137 -11.847
0.121 0.076 1.099 -36.061 -0.656 -14.931
0.186 0.062 1.14 -34.962 -2.046 -18.947
0.214 0.036 1.156 -31.908 -3.298 -20.031
0.217 0.032 1.168 -28.305 0.214 -20.962
0.216 0.008 1.171 -24.092 0.061 -20.458
0.232 -0.02 1.147 -20.336 0.977 -20.656
0.248 -0.06 1.128 -17.42 1.725 -21.42
0.249 -0.069 1.098 -16.244 1.71 -23.359
0.236 -0.085 1.079 -15.695 -1.313 -25.802
0.214 -0.08 1.06 -15.878 -3.771 -27.847
0.191 -0.093 1.039 -16.061 -6.046 -28.427
0.178 -0.131 1.047 -16.748 -7.954 -27.13
0.211 -0.192 1.042 -16.916 -3.924 -24.351
0.232 -0.237 1.021 -17.16 8.061 -20.305
0.239 -0.273 0.995 -18.534 24.412 -16.779
0.185 -0.307 1.014 -18.595 35.328 -13.16
0.142 -0.326 0.996 -17.344 39.115 -10.092
0.114 -0.34 0.995 -16.305 33.267 -9.023
0.135 -0.345 0.985 -15.298 25.115 -11.221
0.114 -0.371 0.97 -11.71 8.504 -17.252
0.131 -0.407 0.962 -8.168 -8.198 -23.282
0.11 -0.453 0.958 -3.481 -27.893 -27.206
0.119 -0.479 0.954 -0.733 -40.427 -29.405
0.153 -0.507 0.928 2.0 -46.809 -29.573
0.183 -0.528 0.888 2.275 -45.481 -30.427
0.198 -0.523 0.828 -1.847 -35.023 -31.924
0.153 -0.498 0.808 -8.153 -28.046 -32.534
0.122 -0.504 0.804 -15.191 -24.855 -31.237
0.054 -0.484 0.819 -21.435 -26.748 -27.053
0.054 -0.48 0.856 -26.504 -28.443 -21.206
0.061 -0.481 0.906 -29.542 -29.756 -14.641
0.114 -0.451 0.947 -30.702 -30.947 -6.855
0.156 -0.457 0.974 -29.328 -29.557 -1.466
0.236 -0.454 0.99 -29.878 -23.145 0.382
0.284 -0.457 1.016 -28.229 -16.076 -0.565
0.326 -0.473 1.05 -24.58 -7.74 -3.252
0.311 -0.443 1.045 -21.939 -5.267 -4.015
0.355 -0.422 1.044 -20.519 -4.504 -7.908
0.347 -0.397 1.062 -19.267 -3.664 -10.076
0.344 -0.368 1.056 -16.55 -5.573 -10.916
0.337 -0.343 1.036 -14.351 -3.603 -11.847
0.316 -0.318 1.019 -12.244 -4.763 -10.412
0.318 -0.289 1.007 -10.55 -2.351 -9.237
0.292 -0.273 0.99 -9.664 -1.069 -7.71
0.286 -0.253 0.998 -9.695 -0.672 -5.42
0.28 -0.238 0.98 -9.878 -0.198 -3.893
0.281 -0.241 0.979 -11.145 0.244 -2.519
0.298 -0.236 0.988 -12.275 1.664 -2.015
0.316 -0.24 1.003 -12.977 3.969 -2.794
0.317 -0.242 1.03 -12.641 5.099 -3.74
0.298 -0.238 1.046 -11.13 5.389 -4.84
0.282 -0.229 1.049 -9.053 4.137 -5.954
0.259 -0.225 1.044 -7.389 1.863 -6.794
0.238 -0.219 1.037 -6.427 -2.183 -7.282
0.214 -0.222 1.02 -6.214 -6.107 -7.023
0.207 -0.223 1.024 -5.924 -9.557 -5.374
0.221 -0.216 1.02 -5.939 -9.008 -4.443
0.205 -0.22 1.02 -6.992 -7.603 -2.977
0.201 -0.222 1.031 -7.542 -6.702 -1.679
0.2 -0.222 1.037 -7.16 -5.969 -0.046
0.219 -0.229 1.05 -7.038 -4.885 1.115
0.233 -0.221 1.053 -6.336 -3.374 2.031
0.242 -0.216 1.043 -5.435 -0.84 2.916
0.256 -0.208 1.029 -4.702 1.145 2.824
0.266 -0.196 1.013 -4.779 3.13 1.664
0.259 -0.19 1.008 -4.855 3.206 0.733
0.259 -0.193 0.995 -5.832 2.321 -0.458
0.237 -0.196 1.006 -7.298 -0.733 -0.58
0.267 -0.202 1.013 -8.397 -2.473 -1.389
0.26 -0.203 1.019 -8.87 -1.756 -1.756
0.258 -0.218 1.03 -9.084 0.29 -2.397
0.247 -0.219 1.049 -8.504 1.344 -2.351
0.246 -0.221 1.056 -7.344 2.427 -2.168
0.237 -0.232 1.052 -6.168 1.802 -1.863
0.237 -0.231 1.057 -4.641 1.954 -2.229
0.235 -0.231 1.046 -3.42 1.634 -2.366
0.223 -0.227 1.033 -2.947 0.901 -2.366
0.225 -0.219 1.021 -2.962 0.992 -2.489
0.205 -0.213 1.023 -3.603 0.534 -2.397
0.194 -0.215 1.019 -4.336 -0.763 -1.725
0.191 -0.221 1.012 -4.962 -1.45 -0.748
0.196 -0.215 1.012 -5.679 -1.847 0.168
0.202 -0.216 1.008 -6.305 -1.664 1.237
0.215 -0.224 1.028 -6.809 -1.053 1.908
0.224 -0.227 1.034 -6.107 -0.137 1.634
0.223 -0.22 1.058 -4.779 -0.534 1.771
0.215 -0.212 1.042 -3.725 -1.725 1.786
0.234 -0.213 1.041 -3.099 -2.748 1.618
0.238 -0.207 1.043 -2.687 -3.328 1.237
0.233 -0.209 1.036 -2.931 -3.969 1.084
0.229 -0.204 1.025 -2.885 -4.473 1.176
0.24 -0.207 1.032 -2.992 -3.557 1.023
0.238 -0.211 1.014 -3.328 -2.931 1.008
0.229 -0.208 1.021 -3.618 -2.336 1.038
0.235 -0.208 1.017 -3.511 -1.771 1.084
0.234 -0.204 1.009 -3.969 -1.466 0.885
0.225 -0.209 1.012 -4.565 -1.71 0.489
0.224 -0.213 1.006 -4.84 -2.26 0.87
0.214 -0.213 1.021 -4.595 -2.901 1.298
0.222 -0.218 1.012 -4.107 -2.916 1.725
0.213 -0.21 1.002 -3.832 -3.282 2.519
0.215 -0.208 1.001 -3.939 -3.695 3.008
0.225 -0.208 1.005 -4.382 -3.695 3.435
0.241 -0.208 0.999 -5.069 -3.298 3.435
0.235 -0.211 1.004 -6.092 -3.13 2.962
0.254 -0.216 1.01 -6.779 -2.397 2.198
0.258 -0.213 1.013 -6.626 -1.359 1.695
0.253 -0.219 1.03 -5.969 -0.107 1.786
0.258 -0.223 1.04 -4.763 0.779 1.511
0.249 -0.218 1.04 -3.405 0.947 1.511
0.252 -0.21 1.02 -2.962 0.702 1.725
0.253 -0.209 1.008 -3.298 0.137 1.45
0.257 -0.209 0.999 -4.351 0.275 1.13
0.251 -0.21 0.998 -4.855 0.427 0.733
0.253 -0.215 1.006 -5.13 -0.977 0.626
0.24 -0.209 1.009 -5.389 -1.313 0.565
0.242 -0.211 1.012 -5.939 -2.031 0.489
0.239 -0.209 1.009 -6.641 -2.0 0.26
0.24 -0.216 1.009 -7.145 -1.557 0.397
0.248 -0.219 1.012 -6.901 -1.099 0.122
0.257 -0.218 1.03 -6.87 -0.809 0.076
0.253 -0.231 1.03 -6.901 -0.87 -0.244
0.255 -0.228 1.041 -6.29 -0.824 -0.519
0.261 -0.225 1.036 -5.145 -0.962 -0.824
0.251 -0.231 1.045 -4.092 -1.191 -1.115
0.242 -0.229 1.025 -3.649 -1.45 -1.13
0.243 -0.222 1.021 -3.634 -1.206 -1.237
0.243 -0.219 1.012 -3.878 -1.282 -1.252
0.236 -0.214 1.011 -4.26 -1.313 -0.84
0.237 -0.217 1.011 -5.099 -1.405 -0.626
0.232 -0.227 1.005 -5.542 -1.389 -0.198
0.235 -0.225 1.015 -5.511 -0.412 -0.137
0.228 -0.225 1.032 -4.718 -0.137 0.061
0.228 -0.228 1.031 -4.214 -0.626 0.504
0.234 -0.225 1.031 -3.664 -1.527 0.565
0.236 -0.219 1.024 -2.885 -1.481 0.427
0.24 -0.219 1.021 -3.008 -1.191 -0.015
0.244 -0.223 1.005 -3.45 -0.656 0.092
0.249 -0.217 1.009 -3.847 -0.061 0.0
0.245 -0.218 1.011 -3.725 0.733 0.046
0.238 -0.209 1.01 -3.863 0.458 0.076
0.235 -0.211 1.003 -4.366 -0.214 0.26
0.242 -0.204 1.001 -5.328 -0.427 0.198
0.245 -0.214 0.99 -5.817 -0.58 -0.031
0.252 -0.219 1.015 -5.954 0.382 -0.595
0.254 -0.217 1.031 -5.634 0.931 -0.947
0.249 -0.219 1.026 -4.779 1.542 -0.962
0.244 -0.213 1.024 -4.229 1.786 -1.053
0.234 -0.211 1.023 -4.366 0.931 -1.45
0.22 -0.215 1.016 -4.824 0.031 -1.756
0.22 -0.223 1.02 -5.603 -0.611 -1.389
0.227 -0.22 1.018 -6.29 -0.504 -0.824
0.223 -0.218 1.028 -5.145 0.718 0.26
0.234 -0.215 1.034 -4.885 2.122 0.58
0.233 -0.224 1.042 -3.954 1.008 0.733
0.23 -0.22 1.033 -3.466 1.069 0.244
0.22 -0.218 1.019 -3.45 -0.122 0.137
0.223 -0.224 1.01 -3.618 -0.656 0.015
0.22 -0.22 1.008 -3.557 -0.031 -0.198
0.217 -0.22 1.013 -3.573 -0.366 0.153
0.222 -0.218 0.999 -4.107 -0.122 0.443
0.212 -0.206 0.997 -4.656 -0.382 1.038
0.227 -0.213 1.002 -5.588 -0.076 1.42
0.225 -0.212 1.009 -5.771 -0.275 1.328
0.239 -0.215 1.005 -6.275 -0.412 1.42
0.246 -0.219 1.023 -6.031 -0.305 0.977
0.246 -0.216 1.032 -5.557 -0.046 0.519
0.243 -0.225 1.026 -4.702 -0.305 0.183
0.24 -0.227 1.028 -3.985 -0.687 -0.305
0.24 -0.226 1.02 -4.183 -0.885 -0.84
0.236 -0.224 1.03 -4.382 -1.328 -0.901
0.224 -0.223 1.021 -4.824 -0.87 -1.206
0.233 -0.224 1.019 -5.008 0.046 -0.58
0.229 -0.222 1.026 -5.313 1.13 -0.458
0.222 -0.214 1.023 -5.466 1.435 -0.275
0.225 -0.219 1.032 -5.099 0.244 -0.046
0.225 -0.225 1.039 -4.687 -0.794 -0.046
0.228 -0.223 1.037 -4.55 -1.893 -0.046
0.228 -0.231 1.037 -4.443 -1.969 -0.092
0.236 -0.234 1.037 -3.893 -1.374 -0.122
0.233 -0.229 1.028 -3.603 -0.321 -0.351
0.229 -0.219 1.023 -3.771 -0.672 -0.321
0.229 -0.224 1.018 -3.802 -1.237 -0.336
0.229 -0.219 1.013 -4.031 -1.252 -0.305
0.23 -0.215 1.008 -4.611 -0.901 -0.427
0.226 -0.215 1.011 -4.931 -0.656 -0.366
0.229 -0.221 1.024 -4.702 -1.313 0.015
0.239 -0.224 1.027 -4.061 -0.168 -0.076
0.236 -0.226 1.027 -3.252 0.153 -0.107
0.216 -0.234 1.022 -0.885 -1.298 -2.015
0.229 -0.217 1.005 -3.084 -0.489 -0.458
0.215 -0.21 0.992 -3.847 -1.191 -0.443
0.221 -0.212 1.004 -4.504 -1.817 -0.336
0.229 -0.218 1.001 -5.053 -1.695 -0.275
0.231 -0.213 1.015 -5.649 -1.313 0.107
0.209 -0.226 1.023 -5.893 -0.198 -0.214
0.233 -0.231 1.024 -4.794 -0.366 -0.015
0.231 -0.219 1.029 -4.611 -0.702 -0.748
0.219 -0.221 1.027 -4.336 -3.084 -0.87
0.224 -0.22 1.021 -4.763 -3.511 -0.58
0.237 -0.221 1.014 -5.069 -2.718 -0.611
0.246 -0.224 1.025 -4.763 -1.298 -0.916
0.227 -0.223 1.04 -4.122 -1.405 -0.733
0.228 -0.226 1.029 -3.481 -1.038 -0.519
0.225 -0.219 1.021 -3.817 -1.542 -0.489
0.224 -0.216 1.021 -4.122 -1.817 -0.473
0.22 -0.214 1.019 -4.244 -1.557 -0.733
0.205 -0.22 1.022 -4.672 -1.74 -0.29
0.227 -0.219 1.018 -4.656 -1.588 0.137
0.223 -0.214 1.021 -4.672 -0.992 0.305
0.24 -0.222 1.03 -4.183 -0.427 -0.015
0.225 -0.22 1.04 -3.725 -0.397 -0.595
0.221 -0.213 1.026 -3.359 -1.115 -0.672
0.212 -0.219 1.016 -3.802 -2.489 -0.763
0.218 -0.219 1.019 -4.779 -2.611 -0.672
0.226 -0.221 1.018 -5.328 -1.435 -0.641
0.217 -0.221 1.025 -5.344 -1.038 -0.366
0.22 -0.219 1.026 -5.237 -1.634 -0.137
0.232 -0.22 1.034 -4.763 -1.313 0.321
0.233 -0.231 1.036 -4.076 -1.863 0.26
0.237 -0.221 1.036 -3.344 -2.031 -0.29
0.236 -0.222 1.029 -3.176 -2.656 -0.427
0.235 -0.219 1.013 -3.252 -2.198 -0.229
0.23 -0.223 1.016 -3.634 -2.611 0.076
0.228 -0.216 1.016 -3.954 -1.313 -0.031
0.227 -0.219 1.016 -3.695 -1.176 0.076
0.228 -0.218 1.012 -3.756 -1.13 0.26
0.22 -0.216 1.027 -4.198 -1.817 0.702
0.229 -0.211 1.016 -4.473 -1.664 0.672
0.249 -0.219 1.026 -4.473 -0.397 -0.015
0.242 -0.223 1.031 -4.107 -0.992 -0.87
0.231 -0.218 1.025 -3.45 -1.466 -1.191
0.233 -0.221 1.018 -3.298 -2.534 -0.931
0.236 -0.209 1.005 -3.954 -2.382 -0.84
0.233 -0.214 1.0 -4.26 -2.366 -0.641
0.238 -0.21 1.005 -4.55 -2.275 -0.412
0.225 -0.215 1.007 -4.794 -1.817 -0.321
0.229 -0.217 1.015 -5.267 -1.511 -0.122
0.223 -0.213 1.017 -5.802 -1.389 0.412
0.237 -0.222 1.024 -5.389 -0.641 0.275
0.23 -0.223 1.023 -5.16 -0.321 -0.29
0.225 -0.217 1.021 -4.748 -1.313 -0.504
0.22 -0.211 1.018 -5.115 -2.611 -0.611
0.233 -0.216 1.001 -5.206 -2.229 -1.237
0.235 -0.221 1.017 -5.069 -2.458 -1.328
0.23 -0.226 1.018 -4.87 -2.489 -1.252
0.24 -0.216 1.022 -4.641 -1.557 -0.779
0.233 -0.214 1.018 -4.702 -0.534 -0.275
0.221 -0.218 1.031 -4.656 -0.107 -0.168
0.235 -0.215 1.021 -3.939 0.168 -0.198
0.229 -0.217 1.005 -4.031 -0.656 0.0
0.228 -0.212 0.999 -4.595 -1.16 0.183
0.215 -0.217 1.005 -5.695 -1.847 0.198
0.233 -0.221 1.008 -6.321 -1.328 0.275
0.238 -0.223 1.018 -6.015 -0.427 -0.092
0.238 -0.219 1.022 -5.649 -0.397 0.107
0.239 -0.219 1.019 -5.802 -0.137 -0.031
0.24 -0.219 1.023 -5.817 -0.305 -0.076
0.234 -0.223 1.021 -5.389 -1.13 -0.198
0.24 -0.218 1.023 -5.466 -1.817 -0.076
0.234 -0.228 1.021 -5.237 -1.817 -0.397
0.236 -0.224 1.021 -5.16 -1.679 -0.55
0.237 -0.223 1.023 -4.641 -1.71 -0.305
0.223 -0.221 1.028 -4.473 -1.206 -0.275
0.227 -0.223 1.013 -4.473 -0.565 0.046
0.228 -0.222 1.018 -4.748 -1.008 0.214
0.236 -0.218 1.015 -5.145 -1.069 -0.107
0.239 -0.219 1.016 -5.573 -1.206 -0.611
0.226 -0.22 1.019 -5.527 -2.519 -0.489
0.238 -0.228 1.018 -5.603 -2.672 -0.29
0.24 -0.226 1.023 -5.664 -2.366 -0.275
0.246 -0.218 1.027 -5.557 -2.382 -0.275
0.248 -0.225 1.026 -5.252 -1.191 -1.023
0.233 -0.227 1.03 -4.733 -2.382 -0.534
0.242 -0.219 1.032 -5.038 -2.672 -0.672
0.239 -0.225 1.03 -5.603 -2.137 -0.458
0.247 -0.222 1.035 -5.298 -1.45 -0.519
0.243 -0.227 1.036 -4.885 -0.947 -0.595
0.238 -0.222 1.041 -4.58 -0.87 -0.87
0.239 -0.219 1.029 -4.168 -1.542 -1.16
0.229 -0.227 1.016 -4.198 -1.969 -1.099
0.224 -0.22 1.015 -4.137 -1.176 -0.962
0.217 -0.231 1.008 -4.107 -1.466 -0.718
0.215 -0.226 1.012 -4.092 -0.992 -0.656
0.216 -0.221 1.015 -4.168 -1.496 -0.122
0.21 -0.225 1.022 -4.137 -1.756 -0.061
0.218 -0.225 1.024 -3.725 -1.71 -0.015
0.216 -0.219 1.01 -3.802 -2.702 0.092
0.221 -0.219 1.014 -4.229 -2.229 0.427
0.224 -0.217 1.012 -4.458 -2.229 0.977
0.227 -0.221 1.021 -4.748 -1.45 1.008
0.226 -0.218 1.017 -4.626 -2.015 1.435
0.234 -0.216 1.015 -3.969 -1.42 0.885
0.228 -0.215 1.01 -3.847 -1.863 0.504
0.222 -0.214 1.007 -4.214 -3.145 0.534
0.228 -0.218 1.006 -5.038 -2.84 0.473
0.236 -0.212 1.007 -5.206 -2.489 0.504
0.235 -0.217 1.019 -5.344 -1.603 0.473
0.226 -0.222 1.026 -5.099 -1.618 0.366
0.237 -0.228 1.029 -5.008 -1.954 0.55
0.222 -0.224 1.017 -5.008 -2.229 0.718
0.228 -0.228 1.023 -4.809 -3.298 1.099
0.236 -0.226 1.019 -5.115 -3.084 1.237
0.24 -0.223 1.028 -5.038 -2.351 1.176
0.246 -0.227 1.028 -4.611 -1.74 1.008
0.247 -0.225 1.03 -4.275 -1.985 0.641
0.25 -0.223 1.016 -4.26 -2.107 0.427
0.242 -0.224 1.01 -4.244 -2.427 0.122