0.244 -0.124 1.06 -5.221 -1.206 0.519
0.24 -0.13 1.055 -4.366 -1.374 0.641
0.253 -0.132 1.049 -3.664 -0.626 -0.183
0.241 -0.129 1.044 -3.802 -0.183 -1.557
0.229 -0.13 1.049 -3.618 -0.748 -1.847
0.227 -0.125 1.04 -3.664 -0.916 -1.71
0.223 -0.118 1.035 -3.588 -0.992 -1.405
0.221 -0.113 1.019 -3.74 -1.16 -0.87
0.219 -0.116 1.018 -4.656 -1.435 -0.626
0.218 -0.115 1.021 -5.496 -1.267 -0.885
0.218 -0.117 1.031 -6.153 -0.794 -0.565
0.208 -0.115 1.037 -6.26 -1.023 -0.183
0.205 -0.119 1.028 -5.695 -0.916 0.412
0.22 -0.124 1.03 -5.756 -0.321 0.427
0.21 -0.124 1.04 -5.863 1.359 -0.046
0.204 -0.124 1.052 -5.42 0.748 0.397
0.209 -0.117 1.057 -5.191 1.115 0.687
0.219 -0.128 1.061 -5.084 0.397 0.855
0.229 -0.126 1.048 -4.885 -0.305 1.176
0.229 -0.117 1.051 -4.55 0.504 0.962
0.227 -0.117 1.053 -3.985 0.351 0.489
0.228 -0.114 1.046 -3.481 0.122 0.351
0.226 -0.118 1.053 -3.237 -0.229 0.076
0.225 -0.111 1.042 -3.176 -0.855 0.076
0.228 -0.114 1.036 -3.313 -0.321 -0.519
0.219 -0.115 1.041 -2.718 -0.198 -0.901
0.218 -0.117 1.04 -2.763 -0.321 -1.069
0.213 -0.106 1.034 -2.626 -0.351 -0.626
0.215 -0.107 1.038 -2.992 0.076 -0.137
0.218 -0.104 1.035 -3.511 -0.305 0.244
0.214 -0.105 1.04 -4.107 -0.29 0.687
0.221 -0.105 1.047 -4.153 -0.763 0.947
0.219 -0.109 1.059 -3.893 -0.672 1.16
0.224 -0.105 1.058 -3.527 -0.473 1.298
0.223 -0.111 1.057 -3.298 -0.702 1.023
0.218 -0.113 1.056 -2.916 -1.481 0.779
0.226 -0.107 1.049 -3.023 -2.214 0.0
0.208 -0.111 1.053 -2.458 -2.718 -0.137
0.209 -0.11 1.049 -2.382 -3.466 0.229
0.208 -0.115 1.045 -2.458 -3.298 0.87
0.206 -0.113 1.042 -2.931 -3.221 1.511
0.21 -0.114 1.038 -3.206 -2.901 2.229
0.213 -0.122 1.029 -3.328 -2.87 2.183
0.215 -0.116 1.025 -3.527 -2.901 1.817
0.219 -0.124 1.03 -3.573 -3.267 1.664
0.223 -0.117 1.022 -3.664 -3.13 1.145
0.226 -0.111 1.02 -4.031 -3.237 0.901
0.231 -0.109 1.036 -4.382 -3.069 0.824
0.234 -0.106 1.015 -5.069 -2.855 0.702
0.235 -0.114 1.01 -5.618 -2.84 1.115
0.231 -0.11 1.022 -6.336 -2.29 0.885
0.23 -0.112 1.022 -6.458 -2.901 1.344
0.238 -0.12 1.02 -7.008 -2.321 1.069
0.236 -0.123 1.03 -7.344 -1.756 0.901
0.234 -0.121 1.036 -7.038 -1.206 0.916
0.237 -0.123 1.042 -6.718 -0.55 0.794
0.231 -0.128 1.046 -6.55 -0.565 0.458
0.233 -0.123 1.052 -6.092 -0.656 0.153
0.235 -0.12 1.041 -5.649 -0.824 -0.687
0.231 -0.113 1.038 -5.45 -1.511 -1.069
0.214 -0.113 1.033 -5.221 -2.58 -1.282
0.212 -0.109 1.036 -5.405 -3.237 -1.13
0.205 -0.11 1.033 -6.366 -3.405 -0.687
0.198 -0.111 1.032 -7.099 -3.053 0.321
0.201 -0.117 1.04 -7.786 -2.473 1.145
0.198 -0.113 1.041 -8.046 -2.26 2.168
0.216 -0.12 1.057 -8.0 -1.71 2.595
0.215 -0.125 1.064 -7.756 -1.725 2.458
0.213 -0.121 1.069 -7.847 -2.458 2.55
0.209 -0.119 1.063 -6.855 -4.168 2.26
0.227 -0.121 1.067 -6.489 -3.328 1.969
0.226 -0.133 1.069 -5.802 -3.924 1.573
0.232 -0.133 1.075 -4.58 -3.145 1.679
0.229 -0.131 1.066 -3.389 -2.855 1.481
0.246 -0.128 1.052 -2.473 -2.58 1.374
0.235 -0.125 1.048 -1.893 -2.473 1.206
0.239 -0.12 1.032 -1.71 -2.519 0.809
0.23 -0.115 1.021 -1.664 -2.336 0.656
0.23 -0.112 1.01 -2.122 -2.244 0.489
0.229 -0.108 0.997 -2.901 -2.336 0.473
0.224 -0.114 0.995 -3.863 -2.504 0.473
0.217 -0.112 0.991 -5.374 -2.779 0.748
0.226 -0.115 1.006 -6.565 -2.656 0.855
0.218 -0.124 1.026 -7.191 -2.229 1.298
0.228 -0.131 1.03 -7.206 -1.359 1.588
0.236 -0.133 1.033 -7.099 -1.466 1.481
0.239 -0.13 1.04 -6.779 -1.282 0.992
0.246 -0.125 1.041 -6.565 -1.679 0.305
0.238 -0.134 1.037 -6.427 -2.55 0.076
0.246 -0.138 1.061 -6.748 -1.695 -0.473
0.24 -0.138 1.048 -5.817 -1.344 -0.031
0.234 -0.139 1.039 -5.542 -1.603 0.046
0.237 -0.146 1.048 -4.992 -0.763 -0.107
0.228 -0.137 1.054 -4.55 -0.489 -0.244
0.221 -0.129 1.053 -4.198 -0.87 -0.336
0.222 -0.132 1.041 -3.954 -0.748 -0.687
0.213 -0.124 1.048 -3.939 -1.908 -0.794
0.219 -0.117 1.031 -4.0 -2.031 -0.473
0.211 -0.124 1.029 -4.092 -2.107 0.122
0.218 -0.115 1.026 -4.595 -2.153 0.351
0.215 -0.115 1.011 -5.405 -2.397 0.779
0.228 -0.109 1.008 -6.305 -2.809 1.176
0.228 -0.115 1.022 -6.809 -3.084 1.313
0.237 -0.114 1.02 -7.191 -2.519 1.328
0.239 -0.115 1.04 -7.634 -2.656 1.252
0.236 -0.122 1.044 -7.359 -3.115 1.42
0.238 -0.122 1.039 -7.344 -3.038 1.206
0.246 -0.127 1.039 -7.099 -2.809 0.779
0.239 -0.13 1.06 -7.145 -1.908 0.473
0.24 -0.135 1.053 -6.748 -2.076 0.534
0.24 -0.139 1.05 -6.031 -1.618 0.336
0.239 -0.134 1.058 -5.496 -1.878 0.107
0.242 -0.132 1.058 -5.237 -1.771 -0.229
0.236 -0.133 1.052 -4.641 -2.076 -0.672
0.239 -0.128 1.047 -4.412 -1.664 -0.901
0.236 -0.126 1.041 -4.046 -1.008 -0.916
0.231 -0.12 1.038 -3.817 -0.901 -0.931
0.223 -0.125 1.038 -3.679 -1.466 -0.718
0.222 -0.126 1.033 -3.893 -1.237 -0.901
0.216 -0.13 1.042 -3.924 -2.0 -0.641
0.216 -0.121 1.034 -4.122 -1.878 -0.031
0.211 -0.125 1.03 -4.305 -1.603 0.656
0.221 -0.122 1.024 -4.947 -2.153 0.824
0.227 -0.124 1.028 -5.405 -1.817 0.55
0.225 -0.122 1.03 -5.466 -1.802 0.702
0.223 -0.127 1.043 -5.038 -1.863 0.733
0.227 -0.129 1.038 -4.733 -2.122 0.748
0.229 -0.132 1.024 -4.916 -2.718 0.992
0.22 -0.132 1.028 -5.298 -1.954 1.176
0.217 -0.132 1.031 -5.237 -1.542 1.588
0.228 -0.138 1.05 -5.374 -1.847 1.954
0.232 -0.136 1.038 -4.992 -2.168 1.542
0.239 -0.137 1.031 -5.374 -1.786 0.977
0.247 -0.13 1.041 -5.069 -2.092 0.489
0.254 -0.131 1.04 -4.748 -1.221 0.031
0.246 -0.144 1.039 -4.397 -1.603 -0.595
0.245 -0.139 1.034 -4.183 -2.183 -0.947
0.236 -0.136 1.026 -4.122 -2.748 -0.87
0.236 -0.137 1.024 -4.779 -2.519 -1.038
0.228 -0.131 1.023 -5.328 -2.58 -0.351
0.231 -0.129 1.015 -5.969 -2.0 0.061
0.231 -0.127 1.027 -6.473 -1.527 0.626
0.243 -0.131 1.055 -6.092 -0.779 0.443
0.237 -0.129 1.046 -5.557 -0.595 0.122
0.24 -0.132 1.053 -5.115 -1.084 -0.489
0.237 -0.129 1.043 -4.55 -2.229 -0.794
0.247 -0.127 1.036 -4.427 -2.061 -1.328
0.234 -0.127 1.049 -4.611 -2.198 -1.542
0.239 -0.135 1.031 -4.534 -2.992 -1.42
0.228 -0.133 1.042 -4.397 -2.702 -1.145
0.23 -0.133 1.047 -4.168 -2.397 -0.962
0.232 -0.118 1.041 -4.351 -2.214 -0.382
0.242 -0.121 1.048 -4.29 -2.183 -0.427
0.24 -0.112 1.046 -4.122 -2.153 -0.885
0.243 -0.112 1.051 -4.061 -1.893 -1.221
0.242 -0.097 1.042 -3.802 -1.496 -1.221
0.239 -0.098 1.049 -3.252 -0.214 -1.359
0.233 -0.095 1.046 -2.58 0.611 -1.282
0.222 -0.097 1.039 -2.412 0.504 -1.176
0.219 -0.098 1.027 -2.718 -0.122 -0.824
0.214 -0.107 1.015 -3.069 -0.427 -0.473
0.199 -0.11 1.021 -3.542 -0.885 0.183
0.203 -0.112 1.022 -3.695 -0.687 1.298
0.205 -0.122 1.027 -4.305 -0.595 2.29
0.208 -0.114 1.026 -4.947 0.031 3.267
0.217 -0.126 1.025 -5.42 0.656 3.908
0.222 -0.116 1.026 -5.893 0.504 4.275
0.23 -0.129 1.027 -5.969 -0.504 4.107
0.242 -0.123 1.02 -5.542 -1.16 3.511
0.258 -0.125 1.026 -5.679 -2.015 2.718
0.257 -0.126 1.024 -5.542 -2.931 1.511
0.257 -0.132 1.017 -5.618 -2.824 0.748
0.254 -0.146 1.025 -5.817 -2.611 0.275
0.249 -0.152 1.013 -5.969 -1.74 0.55
0.241 -0.149 1.029 -6.336 -0.763 0.977
0.243 -0.154 1.03 -7.038 0.275 1.802
0.243 -0.151 1.037 -7.389 1.588 2.244
0.243 -0.152 1.042 -7.344 2.244 1.924
0.239 -0.165 1.047 -7.008 1.389 1.542
0.245 -0.17 1.056 -6.534 0.412 1.008
0.243 -0.174 1.057 -6.0 -0.733 -0.214
0.24 -0.172 1.059 -5.115 -2.046 -1.374
0.234 -0.168 1.05 -4.031 -2.015 -1.634
0.237 -0.159 1.051 -3.695 -1.695 -1.588
0.231 -0.155 1.036 -3.756 -0.885 -1.42
0.229 -0.15 1.021 -4.229 -0.626 -1.115
0.231 -0.15 1.011 -5.008 -0.977 -1.191
0.234 -0.153 1.032 -5.282 -1.023 -0.931
0.237 -0.15 1.034 -5.282 -1.344 -0.733
0.245 -0.154 1.032 -4.855 -1.603 -1.053
0.248 -0.142 1.037 -4.443 -1.328 -1.374
0.235 -0.151 1.026 -3.985 -1.145 -2.0
0.237 -0.144 1.024 -4.0 -1.405 -2.046
0.232 -0.14 1.022 -4.58 -1.435 -2.107
0.227 -0.137 1.016 -5.527 -1.328 -2.489
0.216 -0.148 1.024 -6.153 -1.557 -2.305
0.216 -0.14 1.036 -6.534 -1.985 -1.573
0.224 -0.142 1.047 -6.519 -1.527 -0.962
0.214 -0.145 1.045 -6.076 -1.374 -0.29
0.224 -0.138 1.045 -5.573 -2.031 -0.137
0.228 -0.136 1.034 -5.435 -1.969 -0.321
0.229 -0.127 1.037 -5.618 -2.58 -0.55
0.229 -0.131 1.048 -5.771 -2.29 -0.229
0.221 -0.126 1.05 -5.466 -2.29 -0.061
0.231 -0.128 1.049 -5.023 -2.321 0.26
0.233 -0.135 1.053 -4.794 -1.985 0.198
0.232 -0.124 1.043 -4.076 -2.198 -0.153
0.235 -0.117 1.036 -3.802 -2.153 -0.473
0.234 -0.116 1.041 -3.191 -1.863 -0.427
0.235 -0.102 1.048 -3.237 -1.252 -0.565
0.224 -0.09 1.039 -3.221 -0.748 -0.672
0.232 -0.071 1.037 -3.557 -1.038 -0.092
0.239 -0.049 1.026 -4.321 -0.031 0.076
0.241 -0.026 1.015 -5.237 0.244 0.718
0.256 -0.004 1.019 -6.321 1.282 1.603
0.246 0.015 1.019 -7.664 2.244 2.183
0.244 0.024 1.034 -9.16 2.55 2.687
0.259 0.031 1.052 -9.832 1.634 2.748
0.259 0.045 1.077 -9.954 0.763 2.29
0.263 0.053 1.084 -9.557 0.534 2.611
0.272 0.055 1.091 -8.763 1.618 3.053
0.283 0.043 1.096 -7.802 3.863 3.557
0.273 0.046 1.094 -7.313 6.641 4.0
0.267 0.033 1.073 -6.489 7.939 4.84
0.263 0.026 1.068 -6.504 7.969 5.511
0.269 0.023 1.05 -7.191 7.542 5.481
0.27 0.002 1.03 -8.412 5.924 5.679
0.282 0.002 1.033 -10.0 7.389 3.466
0.254 0.008 1.039 -11.42 8.84 0.366
0.237 0.005 1.055 -11.771 5.985 -0.641
0.237 0.005 1.073 -10.885 5.649 -2.321
0.215 0.01 1.09 -9.099 3.802 -3.71
0.196 0.02 1.106 -6.947 1.908 -4.519
0.194 0.032 1.09 -5.267 1.344 -4.198
0.196 0.051 1.072 -5.374 2.092 -3.847
0.213 0.06 1.063 -6.733 5.817 -3.389
0.208 0.051 1.074 -8.229 9.42 -2.519
0.214 0.04 1.068 -9.863 12.763 -2.321
0.199 0.015 1.089 -11.405 15.832 -1.664
0.199 -0.006 1.114 -11.649 18.26 -1.328
0.189 -0.018 1.147 -11.176 19.786 -1.45
0.212 -0.035 1.169 -10.015 19.679 -2.137
0.226 -0.042 1.17 -8.092 18.809 -5.282
0.217 -0.043 1.167 -6.305 15.71 -9.649
0.206 -0.036 1.161 -4.901 11.267 -13.725
0.201 -0.037 1.161 -2.504 8.412 -17.023
0.216 -0.045 1.142 -0.198 5.405 -20.015
0.208 -0.044 1.123 1.542 2.489 -21.939
0.194 -0.055 1.106 3.939 0.962 -22.748
0.182 -0.068 1.076 5.878 3.42 -21.282
0.157 -0.086 1.049 5.313 10.718 -18.947
0.12 -0.09 1.019 2.504 16.885 -15.252
0.083 -0.103 1.021 -0.412 21.389 -11.053
0.096 -0.142 1.03 -0.153 21.588 -7.145
0.028 -0.113 1.029 -6.962 17.45 -6.427
0.114 -0.187 1.063 -1.389 17.908 -8.198
0.129 -0.196 1.028 -0.122 10.611 -11.16
0.164 -0.219 1.008 1.786 0.412 -14.427
0.225 -0.205 0.979 1.664 -4.977 -19.786
0.176 -0.233 0.964 1.679 -6.962 -25.725
0.126 -0.255 0.957 0.824 -8.168 -27.206
0.086 -0.258 0.936 0.473 -6.443 -26.611
0.06 -0.259 0.934 -0.824 -6.244 -22.916
0.046 -0.269 0.922 -1.237 -6.046 -17.237
0.049 -0.26 0.948 -0.366 -5.252 -10.763
0.077 -0.274 0.917 -3.71 -6.611 -5.328
0.121 -0.279 0.902 -5.206 -5.603 -2.458
0.172 -0.298 0.898 -4.092 -4.046 -2.489
0.195 -0.3 0.898 -9.344 -5.985 -3.893
0.225 -0.309 0.877 -11.969 -5.679 -7.924
0.24 -0.317 0.877 -14.748 -5.573 -12.519
0.204 -0.307 0.888 -17.13 -7.847 -15.557
0.18 -0.28 0.905 -20.443 -11.084 -16.321
0.189 -0.272 0.919 -21.221 -13.389 -14.824
0.198 -0.259 0.931 -20.305 -14.015 -12.84
0.202 -0.25 0.95 -19.008 -13.557 -9.313
0.243 -0.28 0.92 -21.969 -16.611 -8.26
0.278 -0.304 0.923 -25.557 -15.511 -8.458
0.283 -0.335 0.939 -30.84 -14.214 -9.405
0.309 -0.365 0.983 -34.656 -11.008 -9.893
0.303 -0.394 1.018 -34.977 -4.809 -11.328
0.287 -0.405 1.055 -35.038 -0.595 -12.015
0.265 -0.392 1.087 -32.626 3.496 -12.229
0.241 -0.39 1.098 -29.496 6.092 -12.26
0.223 -0.373 1.096 -25.771 8.687 -11.985
0.211 -0.362 1.083 -22.855 9.802 -11.298
0.19 -0.344 1.09 -20.687 8.061 -9.802
0.202 -0.347 1.073 -19.237 6.55 -8.901
0.215 -0.338 1.065 -17.74 5.053 -8.58
0.235 -0.319 1.073 -17.42 3.863 -9.573
0.263 -0.307 1.054 -16.0 5.969 -10.443
0.268 -0.31 1.052 -14.687 9.069 -12.0
0.246 -0.298 1.036 -13.405 11.221 -13.267
0.221 -0.306 1.041 -12.687 11.649 -13.481
0.186 -0.299 1.027 -12.641 9.359 -12.824
0.184 -0.298 1.042 -11.008 9.328 -11.588
0.19 -0.29 1.04 -10.061 9.679 -10.763
0.17 -0.286 1.039 -7.878 9.985 -9.313
0.156 -0.28 1.032 -6.198 9.878 -8.015
0.146 -0.267 1.017 -5.588 8.626 -6.26
0.131 -0.249 1.003 -5.649 7.573 -3.939
0.151 -0.247 1.005 -6.351 6.489 -1.878
0.166 -0.239 0.992 -7.588 4.809 -0.366
0.195 -0.236 0.99 -9.053 4.672 -0.473
0.212 -0.24 1.008 -10.015 3.893 -1.389
0.221 -0.239 1.012 -10.626 1.924 -2.427
0.218 -0.239 1.025 -10.794 0.702 -4.382
0.225 -0.254 1.031 -10.427 0.748 -6.534
0.216 -0.258 1.052 -9.16 1.969 -8.458
0.181 -0.246 1.062 -7.069 2.153 -8.58
0.173 -0.244 1.052 -5.435 2.137 -7.969
0.17 -0.235 1.04 -4.87 2.458 -7.252
0.181 -0.233 1.028 -4.779 3.527 -7.176
0.165 -0.235 1.015 -5.191 3.725 -6.916
0.144 -0.229 1.03 -5.511 4.015 -6.672
0.142 -0.235 1.023 -5.481 3.511 -6.137
0.13 -0.236 1.026 -5.847 2.611 -5.359
0.129 -0.229 1.024 -6.153 0.366 -4.366
0.132 -0.224 1.028 -5.954 -0.58 -3.45
0.135 -0.229 1.037 -5.725 -0.916 -2.519
0.14 -0.228 1.048 -4.626 -0.672 -1.511
0.146 -0.227 1.049 -3.16 -1.344 -1.053
0.156 -0.231 1.041 -1.771 -0.779 -1.221
0.153 -0.219 1.029 -1.252 -1.298 -0.962
0.159 -0.206 1.026 -1.679 -1.557 -1.115
0.154 -0.202 1.028 -2.351 -1.786 -1.237
0.157 -0.209 1.02 -3.557 -1.893 -0.885
0.163 -0.207 1.03 -4.183 -2.153 -0.58
0.164 -0.212 1.043 -4.473 -1.695 -0.29
0.158 -0.208 1.055 -4.382 -1.191 -0.26
0.168 -0.208 1.069 -4.229 -0.321 -0.336
0.173 -0.213 1.06 -3.618 0.076 -0.916
0.169 -0.21 1.045 -3.313 0.55 -1.74
0.167 -0.213 1.044 -3.344 0.947 -2.26
0.156 -0.211 1.058 -3.496 1.099 -2.702
0.16 -0.21 1.047 -3.298 1.313 -2.473
0.161 -0.21 1.049 -3.267 1.466 -1.908
0.148 -0.214 1.036 -2.931 1.374 -1.435
0.147 -0.202 1.029 -3.542 1.176 -1.038
0.144 -0.206 1.028 -4.122 0.443 -0.565
0.148 -0.202 1.024 -4.962 -0.656 -0.168
0.151 -0.212 1.041 -5.282 -1.786 0.076
0.166 -0.217 1.03 -5.649 -1.985 0.336
0.169 -0.216 1.034 -5.115 -1.237 0.29
0.188 -0.221 1.044 -4.519 0.092 -0.26
0.177 -0.219 1.039 -3.71 -0.275 -0.901
0.172 -0.204 1.035 -3.603 -1.053 -1.237
0.167 -0.202 1.029 -4.046 -1.42 -1.344
0.17 -0.211 1.021 -4.565 -0.931 -1.328
0.166 -0.209 1.021 -5.191 -0.046 -1.481
0.169 -0.215 1.038 -5.115 -0.183 -1.252
0.167 -0.22 1.038 -5.16 -0.183 -0.641
0.152 -0.208 1.029 -4.992 -1.237 0.183
0.157 -0.212 1.033 -5.634 -1.588 0.519
0.174 -0.218 1.04 -5.237 -1.176 -0.336
0.168 -0.219 1.045 -4.489 -1.924 -0.794
0.171 -0.213 1.05 -3.786 -2.031 -1.053
0.172 -0.207 1.039 -3.557 -2.244 -1.023
0.179 -0.207 1.019 -3.71 -2.015 -1.191
0.178 -0.21 1.015 -4.137 -1.71 -1.557
0.174 -0.204 1.011 -4.519 -1.771 -1.466
0.174 -0.207 1.018 -4.824 -0.947 -1.45
0.167 -0.208 1.017 -5.115 -1.191 -0.947
0.167 -0.209 1.025 -5.481 -0.824 -0.824
0.159 -0.213 1.033 -5.496 -0.931 -0.473
0.163 -0.215 1.031 -5.237 -1.664 -0.351
0.168 -0.218 1.044 -4.748 -1.817 -0.504
0.16 -0.219 1.039 -4.626 -2.29 -0.534
0.158 -0.214 1.031 -4.046 -2.229 -0.107
0.174 -0.221 1.021 -3.679 -1.084 -0.458
0.176 -0.213 1.01 -3.725 -1.099 -0.931
0.16 -0.212 1.006 -4.092 -1.557 -1.084
0.156 -0.209 1.001 -5.206 -2.992 -0.702
0.153 -0.204 0.998 -6.351 -3.42 -0.656
0.162 -0.213 1.011 -7.267 -3.42 -0.321
0.173 -0.22 1.033 -7.359 -2.824 0.153
0.171 -0.217 1.041 -6.855 -2.626 0.015
0.167 -0.217 1.054 -6.198 -2.534 0.214
0.169 -0.221 1.057 -5.557 -3.527 0.092
0.171 -0.209 1.042 -4.702 -3.679 -0.26
0.177 -0.216 1.031 -4.55 -4.198 -0.107
0.188 -0.224 1.045 -4.305 -2.794 -0.687
0.181 -0.219 1.039 -4.015 -1.725 -0.58
0.184 -0.214 1.043 -3.634 -0.702 -0.611
0.181 -0.206 1.032 -3.756 -0.626 -0.962
0.177 -0.203 1.016 -4.015 -0.534 -1.679
0.164 -0.205 1.016 -4.519 -1.725 -1.847
0.168 -0.203 1.022 -5.221 -2.763 -1.985
0.163 -0.209 1.027 -5.405 -2.26 -1.969
0.17 -0.218 1.047 -5.359 -1.756 -1.74
0.163 -0.222 1.05 -4.916 -1.42 -1.481
0.16 -0.228 1.052 -4.107 -1.16 -0.901
0.162 -0.219 1.04 -3.45 -1.008 -0.473
0.158 -0.216 1.036 -2.824 -0.504 -0.443
0.16 -0.221 1.024 -2.901 -0.55 -0.214
0.172 -0.219 1.027 -2.916 0.336 -0.168
0.164 -0.207 1.025 -3.008 0.076 -0.122
0.167 -0.204 1.02 -3.237 -1.252 -0.229
0.171 -0.205 1.013 -3.924 -2.412 -0.26
0.185 -0.201 1.023 -4.351 -2.702 -0.29