0.223 -0.097 1.042 -6.626 -1.527 -4.611
0.211 -0.093 1.047 -6.0 -1.099 -3.298
0.214 -0.09 1.045 -5.802 0.183 -2.702
0.222 -0.09 1.042 -5.618 0.748 -1.847
0.229 -0.095 1.029 -6.229 1.42 -1.588
0.221 -0.087 1.041 -6.641 1.359 -1.603
0.225 -0.091 1.033 -7.344 0.412 -1.817
0.24 -0.102 1.051 -7.649 -0.092 -2.672
0.223 -0.097 1.054 -7.542 -1.42 -3.359
0.218 -0.105 1.059 -7.023 -3.237 -3.878
0.216 -0.104 1.061 -6.55 -4.031 -4.565
0.21 -0.102 1.063 -6.0 -3.328 -4.687
0.201 -0.1 1.052 -5.511 -2.809 -3.969
0.194 -0.103 1.059 -5.252 -1.16 -3.405
0.188 -0.093 1.059 -5.313 -0.229 -1.832
0.197 -0.097 1.041 -5.618 0.427 -0.473
0.211 -0.1 1.044 -6.198 0.595 0.305
0.231 -0.106 1.042 -7.099 1.008 -0.275
0.232 -0.1 1.059 -7.084 0.214 -0.992
0.243 -0.106 1.071 -6.58 -0.641 -1.985
0.238 -0.11 1.091 -5.252 -1.71 -2.931
0.234 -0.106 1.085 -3.771 -2.26 -3.756
0.227 -0.107 1.077 -2.214 -1.45 -3.847
0.225 -0.1 1.061 -1.237 -1.771 -3.573
0.211 -0.086 1.051 -0.962 -0.672 -3.053
0.208 -0.092 1.028 -1.42 -0.977 -2.58
0.2 -0.095 1.012 -2.519 -0.702 -2.0
0.2 -0.092 1.016 -3.756 -0.87 -1.237
0.203 -0.094 1.019 -5.053 -0.947 -0.779
0.198 -0.098 1.02 -6.0 -1.389 -0.702
0.208 -0.097 1.028 -6.321 -2.153 -0.55
0.2 -0.105 1.03 -6.382 -2.198 -0.351
0.205 -0.109 1.03 -6.534 -2.015 -0.076
0.209 -0.105 1.028 -6.748 -1.679 0.458
0.209 -0.108 1.039 -7.069 -1.023 0.901
0.221 -0.119 1.039 -7.664 -0.656 0.87
0.208 -0.129 1.048 -7.618 -0.718 1.328
0.206 -0.128 1.059 -6.992 -0.931 1.664
0.211 -0.126 1.069 -6.244 -0.626 1.939
0.214 -0.123 1.066 -5.252 -0.809 2.061
0.222 -0.115 1.058 -4.321 -0.824 1.573
0.225 -0.115 1.051 -3.695 -1.42 0.962
0.229 -0.1 1.053 -3.328 -1.939 -0.015
0.233 -0.109 1.041 -3.405 -2.427 -0.565
0.231 -0.102 1.023 -3.878 -2.244 -1.313
0.224 -0.105 1.023 -4.275 -2.183 -0.87
0.212 -0.104 1.018 -4.58 -1.145 -0.366
0.207 -0.103 1.011 -5.069 -0.489 0.763
0.197 -0.104 1.01 -6.076 0.0 1.832
0.206 -0.106 1.01 -7.374 -0.336 2.595
0.212 -0.108 1.019 -8.55 -0.565 2.321
0.223 -0.113 1.037 -9.649 -1.786 1.832
0.23 -0.115 1.046 -9.542 -2.58 1.191
0.238 -0.115 1.058 -9.069 -2.305 0.031
0.233 -0.12 1.066 -7.893 -3.115 -1.069
0.234 -0.126 1.073 -6.443 -3.649 -1.802
0.217 -0.126 1.073 -5.42 -4.473 -2.473
0.22 -0.126 1.068 -4.748 -4.626 -3.008
0.212 -0.124 1.063 -4.092 -3.74 -2.84
0.214 -0.123 1.064 -3.771 -2.366 -2.366
0.206 -0.118 1.064 -3.145 -0.931 -1.664
0.21 -0.11 1.047 -2.794 -0.29 -0.885
0.208 -0.097 1.046 -3.023 -0.382 -0.809
0.216 -0.092 1.034 -3.252 -1.176 -0.824
0.198 -0.083 1.029 -3.664 -1.573 -0.87
0.208 -0.079 1.03 -4.076 -2.489 -0.992
0.216 -0.088 1.03 -4.229 -2.885 -1.344
0.218 -0.078 1.029 -4.214 -3.191 -1.252
0.212 -0.076 1.032 -4.244 -2.702 -0.885
0.214 -0.076 1.018 -4.519 -1.985 -0.244
0.199 -0.071 1.021 -5.13 -1.084 0.748
0.195 -0.054 1.014 -6.015 -0.763 1.374
0.194 -0.046 1.007 -7.069 -0.672 1.695
0.184 -0.036 1.007 -8.397 -1.389 1.985
0.186 -0.025 1.026 -9.099 -0.672 1.832
0.175 -0.018 1.042 -9.863 0.198 2.382
0.18 -0.012 1.061 -9.832 1.832 3.374
0.18 -0.01 1.078 -8.962 3.344 3.588
0.173 -0.002 1.091 -7.511 4.107 3.725
0.173 0.018 1.089 -6.214 5.023 4.092
0.168 0.043 1.074 -4.687 5.771 4.962
0.166 0.058 1.056 -4.168 6.031 5.969
0.176 0.072 1.052 -4.382 6.779 6.55
0.184 0.088 1.037 -5.313 7.939 6.947
0.179 0.108 1.049 -6.427 8.672 7.328
0.194 0.111 1.059 -6.733 8.229 7.634
0.211 0.113 1.074 -6.794 6.626 7.435
0.212 0.129 1.082 -5.573 4.443 6.26
0.215 0.13 1.08 -4.87 1.45 5.282
0.229 0.127 1.07 -4.519 -1.13 3.649
0.235 0.114 1.061 -5.45 -3.313 2.611
0.255 0.108 1.063 -6.901 -2.84 1.145
0.252 0.104 1.068 -8.534 -2.916 -1.038
0.252 0.091 1.092 -9.527 -4.458 -2.641
0.253 0.08 1.112 -9.405 -5.664 -4.962
0.243 0.075 1.119 -8.718 -8.366 -6.885
0.254 0.07 1.121 -7.405 -11.282 -8.748
0.287 0.077 1.12 -6.321 -13.008 -11.45
0.298 0.069 1.116 -5.496 -14.107 -14.244
0.303 0.07 1.122 -4.305 -12.809 -16.321
0.302 0.064 1.107 -3.527 -8.29 -17.542
0.293 0.047 1.101 -3.802 -4.046 -17.924
0.298 0.038 1.09 -5.924 0.565 -19.038
0.286 0.023 1.067 -7.786 3.511 -21.405
0.279 -0.006 1.079 -9.252 3.634 -23.374
0.236 -0.029 1.084 -9.908 3.634 -25.42
0.23 -0.038 1.067 -10.763 5.969 -25.802
0.208 -0.052 1.06 -11.695 8.611 -24.534
0.203 -0.07 1.07 -11.954 10.076 -24.595
0.188 -0.078 1.091 -11.328 9.435 -24.031
0.214 -0.061 1.058 -9.176 10.183 -26.458
0.107 -0.027 1.154 -4.366 0.382 -25.145
0.258 -0.103 1.059 -6.321 -6.489 -28.885
0.174 -0.099 1.035 -2.26 -4.244 -27.45
0.144 -0.121 1.057 -4.412 -4.076 -24.794
0.225 -0.1 0.886 -4.641 8.137 -23.618
0.141 -0.152 1.025 -7.939 3.939 -17.771
0.218 -0.181 0.993 -6.015 6.519 -20.382
0.168 -0.14 1.018 -7.267 -8.901 -20.244
0.192 -0.202 1.029 -5.359 -21.878 -21.16
0.246 -0.205 0.948 -4.092 -28.015 -24.275
0.235 -0.229 0.969 -7.679 -32.733 -25.42
0.234 -0.259 0.895 -8.504 -32.366 -25.237
0.175 -0.259 0.896 -10.458 -29.634 -22.427
0.168 -0.283 0.909 -13.618 -24.992 -17.618
0.175 -0.299 0.917 -15.435 -18.305 -11.084
0.199 -0.315 0.961 -15.878 -12.702 -3.985
0.202 -0.315 0.995 -12.443 -9.969 3.206
0.248 -0.323 0.994 -7.71 -4.076 9.298
0.274 -0.324 1.001 -3.008 1.389 13.344
0.286 -0.335 0.955 2.305 4.718 14.84
0.304 -0.336 0.893 2.519 2.443 14.351
0.306 -0.35 0.821 -1.664 0.321 9.954
0.331 -0.357 0.781 -8.626 -1.634 5.16
0.351 -0.362 0.782 -16.336 0.87 -0.427
0.347 -0.379 0.832 -22.55 5.893 -5.878
0.322 -0.394 0.869 -22.718 12.046 -8.519
0.224 -0.385 0.91 -29.145 5.435 -9.664
0.202 -0.409 0.974 -28.702 -1.374 -7.969
0.214 -0.409 1.024 -29.023 -6.763 -6.473
0.263 -0.405 1.038 -27.45 -7.557 -5.924
0.292 -0.4 1.043 -26.336 -5.771 -5.176
0.339 -0.405 1.058 -21.649 4.153 -5.206
0.321 -0.384 1.054 -26.916 0.748 -8.0
0.304 -0.376 1.074 -25.542 2.504 -9.328
0.307 -0.366 1.083 -25.252 3.237 -10.779
0.311 -0.351 1.089 -23.954 2.031 -10.962
0.305 -0.337 1.095 -22.137 2.794 -11.725
0.289 -0.326 1.096 -20.214 2.046 -11.71
0.261 -0.302 1.096 -18.382 2.687 -11.527
0.251 -0.294 1.097 -16.443 2.763 -9.756
0.242 -0.274 1.098 -15.069 2.626 -7.588
0.244 -0.264 1.082 -12.58 4.046 -5.786
0.247 -0.254 1.069 -10.412 6.702 -4.534
0.253 -0.234 1.071 -9.481 8.397 -3.679
0.234 -0.22 1.065 -8.626 8.183 -3.191
0.235 -0.22 1.062 -8.641 6.733 -3.176
0.239 -0.212 1.07 -9.069 3.695 -3.115
0.263 -0.218 1.073 -8.733 3.206 -3.786
0.266 -0.217 1.093 -7.099 4.168 -4.595
0.249 -0.201 1.094 -4.351 4.29 -5.466
0.231 -0.196 1.07 -1.74 3.053 -5.405
0.214 -0.186 1.045 -0.107 0.702 -4.87
0.207 -0.181 1.01 -0.397 -1.328 -4.183
0.217 -0.181 0.997 -1.756 -1.924 -3.786
0.21 -0.178 0.992 -3.344 -1.405 -3.099
0.211 -0.186 1.0 -4.641 -1.42 -1.679
0.211 -0.178 1.014 -5.527 -0.473 -0.687
0.216 -0.181 1.021 -5.786 -0.107 0.397
0.225 -0.187 1.021 -5.649 0.565 0.58
0.237 -0.184 1.04 -5.313 1.313 0.824
0.24 -0.188 1.04 -4.763 2.214 0.489
0.26 -0.196 1.048 -3.802 3.405 -1.344
0.248 -0.192 1.057 -2.244 2.718 -3.176
0.23 -0.184 1.049 -1.084 0.076 -3.786
0.225 -0.183 1.028 -0.733 -1.969 -4.473
0.222 -0.18 1.017 -1.511 -3.863 -4.366
0.224 -0.186 1.016 -2.626 -4.351 -4.855
0.216 -0.181 1.004 -4.061 -4.534 -4.183
0.215 -0.184 1.011 -5.405 -4.0 -3.267
0.225 -0.182 1.008 -6.473 -2.412 -2.626
0.24 -0.181 1.019 -6.931 -1.069 -2.824
0.253 -0.19 1.009 -6.763 0.519 -4.214
0.242 -0.187 1.014 -7.16 -0.519 -6.0
0.231 -0.181 1.037 -7.313 -2.87 -7.42
0.216 -0.177 1.047 -6.595 -5.435 -8.137
0.205 -0.175 1.05 -5.13 -6.641 -7.863
0.202 -0.177 1.051 -3.298 -7.557 -6.458
0.194 -0.164 1.028 -2.489 -6.092 -4.748
0.189 -0.163 1.002 -2.992 -4.626 -2.427
0.199 -0.158 0.992 -4.336 -3.328 -0.489
0.228 -0.167 0.986 -6.687 -2.153 0.962
0.247 -0.175 1.012 -8.061 -0.611 0.901
0.25 -0.18 1.03 -8.489 0.229 0.26
0.246 -0.191 1.056 -7.771 -0.763 -0.076
0.248 -0.191 1.062 -6.29 -0.931 -0.641
0.247 -0.191 1.051 -4.87 -1.313 -1.389
0.229 -0.188 1.045 -3.573 -1.328 -1.756
0.222 -0.193 1.046 -2.809 -2.443 -1.206
0.237 -0.195 1.03 -2.809 -1.298 -0.366
0.237 -0.201 1.03 -2.779 0.229 0.061
0.236 -0.192 1.037 -2.855 1.313 0.107
0.229 -0.19 1.04 -2.718 1.313 0.366
0.221 -0.187 1.019 -2.718 0.107 0.565
0.229 -0.185 1.014 -2.916 -1.16 0.885
0.233 -0.179 1.004 -3.42 -2.443 0.84
0.244 -0.174 1.012 -4.336 -2.87 0.427
0.25 -0.178 1.018 -5.084 -3.42 0.336
0.259 -0.184 1.034 -5.084 -3.145 0.489
0.262 -0.181 1.033 -4.763 -1.786 0.061
0.26 -0.182 1.051 -4.321 -0.809 -0.412
0.249 -0.181 1.05 -4.076 -0.58 -0.763
0.25 -0.188 1.042 -3.466 -1.099 -1.069
0.253 -0.186 1.042 -3.191 -1.069 -1.679
0.245 -0.182 1.04 -2.595 -1.679 -1.908
0.247 -0.186 1.035 -2.351 -1.878 -2.489
0.25 -0.183 1.022 -2.244 -2.122 -2.29
0.245 -0.181 1.018 -2.122 -2.031 -2.183
0.24 -0.177 1.013 -2.748 -2.275 -2.092
0.239 -0.17 1.007 -3.466 -2.641 -1.802
0.233 -0.168 0.999 -4.489 -2.305 -1.603
0.231 -0.175 1.003 -5.389 -1.985 -1.267
0.231 -0.173 1.02 -6.046 -1.786 -0.87
0.232 -0.176 1.038 -6.122 -1.954 -0.489
0.245 -0.176 1.034 -5.695 -1.817 -0.382
0.245 -0.179 1.031 -5.176 -1.893 -0.473
0.247 -0.181 1.021 -4.641 -1.328 -1.267
0.25 -0.177 1.021 -4.275 -1.74 -1.725
0.239 -0.172 1.021 -4.687 -2.122 -2.183
0.239 -0.185 1.013 -5.023 -2.076 -2.092
0.229 -0.182 1.02 -4.901 -1.145 -2.046
0.222 -0.184 1.02 -4.55 -1.038 -1.313
0.217 -0.191 1.033 -4.412 -1.145 -0.443
0.23 -0.179 1.016 -4.137 -0.779 -0.397
0.223 -0.183 1.022 -4.137 -0.733 0.0
0.219 -0.179 1.009 -4.565 -0.809 0.29
0.222 -0.181 1.007 -5.313 -1.191 0.702
0.235 -0.183 1.014 -5.74 -1.603 1.038
0.242 -0.179 1.028 -5.786 -0.702 0.519
0.236 -0.188 1.032 -5.466 -0.855 0.351
0.238 -0.18 1.036 -5.527 -1.557 0.519
0.24 -0.18 1.03 -5.221 -1.374 0.336
0.244 -0.178 1.03 -4.611 -1.786 0.046
0.246 -0.184 1.04 -4.244 -2.107 -0.168
0.241 -0.182 1.026 -4.534 -2.687 -0.015
0.246 -0.176 1.025 -4.519 -2.962 -0.076
0.248 -0.183 1.036 -4.275 -2.489 -0.122
0.244 -0.181 1.026 -3.924 -2.046 -0.092
0.237 -0.177 1.02 -3.878 -2.015 0.092
0.238 -0.177 1.013 -4.794 -2.275 0.412
0.244 -0.177 1.019 -5.695 -2.763 0.885
0.253 -0.188 1.021 -6.305 -3.267 0.84
0.251 -0.187 1.032 -6.595 -3.542 0.412
0.251 -0.192 1.043 -6.412 -4.137 0.153
0.251 -0.185 1.041 -5.573 -4.458 0.122
0.254 -0.19 1.044 -4.626 -4.122 0.107
0.254 -0.184 1.035 -3.542 -2.977 -0.443
0.252 -0.183 1.015 -3.359 -2.015 -0.718
0.245 -0.182 1.013 -3.42 -0.824 -1.16
0.249 -0.183 1.026 -3.695 0.076 -1.267
0.249 -0.19 1.028 -3.756 0.046 -1.328
0.243 -0.188 1.031 -3.832 -0.672 -1.42
0.247 -0.184 1.037 -3.389 -0.641 -1.496
0.247 -0.18 1.016 -3.16 -1.206 -1.405
0.248 -0.185 1.002 -3.084 -1.42 -1.527
0.233 -0.172 1.003 -3.939 -1.679 -1.786
0.234 -0.167 1.002 -4.84 -2.061 -1.405
0.243 -0.176 1.009 -5.847 -2.061 -0.763
0.249 -0.177 1.024 -5.679 -1.939 -0.366
0.242 -0.177 1.033 -5.099 -1.389 -0.473
0.229 -0.19 1.028 -4.382 -1.618 -0.183
0.233 -0.183 1.024 -3.557 -1.756 0.137
0.241 -0.182 1.018 -3.221 -0.931 0.076
0.226 -0.182 1.006 -3.649 -0.595 -0.031
0.233 -0.172 1.0 -4.611 -0.519 0.382
0.232 -0.18 0.999 -5.771 -0.29 0.595
0.241 -0.184 1.02 -6.489 -0.565 0.519
0.25 -0.184 1.021 -6.809 -0.855 0.046
0.243 -0.19 1.04 -6.366 -0.962 0.137
0.25 -0.185 1.038 -5.649 -1.374 0.122
0.248 -0.182 1.034 -4.626 -1.252 0.183
0.244 -0.188 1.035 -4.168 -0.977 0.244
0.239 -0.183 1.024 -4.137 -0.855 0.534
0.246 -0.183 1.027 -4.504 0.26 0.763
0.25 -0.189 1.031 -4.916 0.977 0.84
0.248 -0.189 1.025 -5.176 0.595 0.427
0.252 -0.186 1.037 -4.87 -0.397 0.275
0.248 -0.192 1.036 -4.504 -0.947 -0.427
0.252 -0.187 1.025 -4.26 -1.924 -1.023
0.24 -0.18 1.019 -4.29 -2.168 -0.962
0.244 -0.187 1.015 -4.504 -1.16 -0.84
0.241 -0.182 1.024 -4.794 -0.519 -0.962
0.24 -0.187 1.024 -4.748 -1.115 -0.947
0.243 -0.187 1.023 -4.534 -1.679 -0.611
0.241 -0.187 1.033 -4.885 -2.031 -0.626
0.246 -0.181 1.017 -4.809 -1.908 -0.458
0.253 -0.18 1.029 -4.931 -1.832 -0.489
0.248 -0.182 1.025 -4.733 -1.908 -0.198
0.237 -0.183 1.021 -4.641 -1.939 0.443
0.258 -0.189 1.026 -4.321 -0.763 -0.29
0.246 -0.188 1.022 -4.229 0.015 -0.55
0.244 -0.184 1.021 -4.122 0.26 -0.595
0.241 -0.181 1.014 -4.366 0.58 -0.244
0.236 -0.18 1.01 -5.038 0.87 -0.061
0.234 -0.185 1.012 -5.557 1.008 -0.366
0.234 -0.173 1.025 -5.557 0.626 -0.473
0.236 -0.173 1.021 -5.511 0.061 -0.763
0.233 -0.187 1.029 -5.344 -0.656 -0.458
0.237 -0.18 1.025 -4.977 -1.603 -0.397
0.237 -0.185 1.029 -4.55 -1.863 -0.244
0.244 -0.182 1.027 -4.443 -1.435 -0.046
0.236 -0.182 1.01 -4.748 -0.076 -0.031
0.23 -0.177 1.021 -4.855 0.489 0.244
0.227 -0.18 1.02 -5.023 0.244 0.107
0.229 -0.181 1.021 -5.511 -0.718 0.183
0.229 -0.188 1.025 -5.573 -1.405 0.427
0.237 -0.19 1.031 -5.954 -1.664 0.504
0.242 -0.191 1.033 -5.878 -1.679 0.305
0.241 -0.196 1.03 -5.359 -1.282 0.214
0.242 -0.19 1.029 -5.008 -0.656 0.061
0.241 -0.189 1.024 -4.382 -0.412 -0.366
0.227 -0.182 1.024 -4.153 -0.748 -0.107
0.232 -0.188 1.025 -4.458 -0.885 -0.092
0.229 -0.19 1.032 -4.656 -0.58 -0.061
0.228 -0.192 1.031 -4.656 -0.687 0.137
0.228 -0.184 1.031 -4.489 -0.901 0.076
0.226 -0.19 1.028 -4.321 -1.16 0.107
0.234 -0.188 1.032 -4.0 -1.496 0.427
0.226 -0.196 1.025 -3.802 -1.939 0.214
0.233 -0.185 1.019 -3.924 -2.046 0.687
0.218 -0.177 1.014 -4.397 -2.183 0.824
0.226 -0.186 1.012 -4.87 -2.153 1.74
0.23 -0.182 1.02 -5.374 -1.71 2.137
0.238 -0.186 1.009 -5.832 -1.603 2.198
0.248 -0.188 1.026 -5.863 -1.374 1.985
0.245 -0.194 1.041 -5.282 -1.664 1.817
0.247 -0.191 1.046 -4.366 -2.382 1.511
0.248 -0.191 1.039 -3.863 -2.092 0.641
0.256 -0.189 1.027 -3.023 -0.947 -0.656
0.246 -0.187 1.027 -2.748 -0.87 -0.824
0.246 -0.182 1.031 -3.008 -1.405 -0.794
0.249 -0.191 1.024 -3.206 -1.649 -0.763
0.251 -0.186 1.035 -3.618 -1.206 -0.55
0.243 -0.183 1.027 -4.122 -1.069 -0.412
0.242 -0.19 1.04 -3.664 -0.718 -0.26
0.246 -0.195 1.038 -3.267 -0.809 -0.015
0.248 -0.186 1.031 -2.519 -0.901 -0.519
0.237 -0.191 1.017 -2.473 -0.87 -0.84
0.231 -0.187 1.017 -2.763 -0.947 -0.55
0.232 -0.183 1.007 -3.405 -1.038 -0.061
0.232 -0.183 1.009 -3.756 -0.748 -0.214
0.24 -0.184 1.012 -3.664 -0.137 -0.412
0.241 -0.185 1.029 -3.954 -0.702 -0.473
0.236 -0.186 1.034 -4.122 -1.221 -0.214
0.245 -0.183 1.023 -3.908 -1.771 -0.382
0.243 -0.183 1.016 -4.137 -1.42 -0.397
0.242 -0.18 1.021 -4.153 -1.359 -0.84
0.239 -0.179 1.01 -4.397 -1.634 -0.55
0.243 -0.179 1.008 -4.718 -1.282 -0.305
0.24 -0.174 1.02 -5.282 -1.771 -0.015
0.241 -0.184 1.024 -5.756 -1.481 -0.168
0.237 -0.184 1.025 -5.466 -1.634 -0.473
0.229 -0.182 1.025 -5.176 -2.305 -0.305
0.236 -0.184 1.026 -4.809 -2.305 0.076
0.224 -0.183 1.019 -4.885 -2.061 0.351
0.235 -0.179 1.017 -4.748 -1.237 0.702
0.23 -0.182 1.011 -4.748 -0.336 1.069
0.24 -0.179 1.023 -5.344 -0.137 1.267
0.24 -0.187 1.028 -5.221 -0.275 0.84
0.243 -0.19 1.032 -4.901 -0.534 0.061
0.237 -0.189 1.036 -4.412 -1.359 -0.168
0.24 -0.184 1.027 -4.092 -1.771 0.015
0.241 -0.186 1.018 -4.198 -1.389 0.427
0.248 -0.181 1.027 -4.137 -0.519 0.763
0.24 -0.187 1.016 -4.519 -0.336 1.038
0.242 -0.183 1.03 -5.176 -0.595 0.962
0.246 -0.191 1.034 -5.13 -0.824 0.504
0.25 -0.191 1.046 -4.412 -1.221 0.031
0.247 -0.188 1.036 -3.771 -1.42 -0.55
0.247 -0.186 1.043 -3.389 -1.328 -0.733
0.243 -0.185 1.023 -3.313 -1.069 -0.962
0.231 -0.181 1.021 -3.74 -0.885 -1.145
0.231 -0.181 1.018 -4.183 -1.466 -1.069
0.236 -0.179 1.024 -4.794 -2.046 -0.595
0.238 -0.184 1.031 -5.145 -2.168 -0.107
0.24 -0.185 1.039 -4.794 -1.802 -0.26
0.242 -0.185 1.036 -4.153 -1.344 -0.534
0.24 -0.188 1.039 -3.435 -1.344 -0.336
0.237 -0.192 1.034 -2.885 -1.191 -0.58
0.232 -0.187 1.022 -2.855 -1.695 -0.427
0.23 -0.183 1.017 -3.191 -1.664 -0.458
0.229 -0.186 1.023 -3.786 -1.71 -0.336
0.22 -0.186 1.032 -3.878 -1.908 0.046
0.229 -0.182 1.038 -3.756 -2.198 0.519
0.233 -0.186 1.024 -3.359 -2.015 0.947
0.242 -0.186 1.038 -3.13 -1.969 0.916
0.24 -0.186 1.027 -2.855 -1.832 1.084
0.232 -0.191 1.015 -2.809 -1.878 1.176
0.244 -0.189 1.031 -2.626 -1.344 1.13
0.239 -0.175 1.018 -3.374 -1.878 1.725