0.249 -0.04 1.052 -7.939 0.458 0.427
0.241 -0.04 1.06 -7.496 0.55 0.122
0.236 -0.038 1.059 -6.763 0.168 -0.229
0.253 -0.053 1.061 -6.412 -0.26 -0.763
0.24 -0.039 1.062 -5.74 -0.977 -1.359
0.237 -0.05 1.053 -5.053 -1.634 -1.481
0.23 -0.048 1.049 -4.931 -2.397 -1.359
0.229 -0.045 1.039 -5.13 -1.954 -1.099
0.216 -0.038 1.026 -5.374 -1.695 -0.076
0.21 -0.038 1.032 -5.832 -1.542 0.84
0.214 -0.042 1.028 -6.427 -1.481 1.939
0.221 -0.039 1.025 -7.405 -1.16 2.275
0.222 -0.038 1.032 -7.756 -1.649 2.504
0.233 -0.044 1.031 -7.969 -2.733 2.58
0.239 -0.043 1.046 -8.321 -2.321 1.939
0.231 -0.04 1.063 -7.924 -3.221 1.878
0.249 -0.048 1.061 -7.206 -3.298 1.832
0.25 -0.042 1.068 -6.473 -2.901 1.389
0.248 -0.044 1.068 -5.45 -2.641 0.672
0.25 -0.043 1.061 -4.763 -2.58 0.519
0.248 -0.038 1.043 -4.519 -2.29 0.382
0.252 -0.032 1.031 -4.809 -1.939 0.443
0.253 -0.038 1.043 -5.16 -1.634 0.733
0.248 -0.034 1.024 -5.649 -0.962 0.656
0.245 -0.037 1.032 -5.786 -0.672 0.931
0.257 -0.042 1.035 -6.046 -0.565 0.947
0.252 -0.04 1.024 -6.351 -0.473 0.275
0.256 -0.047 1.041 -6.55 -0.443 -0.244
0.25 -0.049 1.048 -6.58 -0.397 -0.321
0.24 -0.045 1.043 -6.489 -0.611 -0.168
0.244 -0.041 1.044 -6.443 -0.763 -0.046
0.246 -0.051 1.03 -6.626 -1.16 -0.046
0.249 -0.048 1.04 -7.023 -1.389 -0.122
0.239 -0.045 1.033 -7.359 -1.802 0.183
0.235 -0.053 1.05 -7.42 -1.908 0.397
0.24 -0.05 1.056 -7.298 -1.74 0.595
0.235 -0.062 1.053 -6.855 -1.756 0.962
0.233 -0.048 1.036 -6.412 -1.282 1.023
0.232 -0.051 1.046 -6.183 -0.916 0.809
0.24 -0.046 1.044 -6.183 -1.344 0.687
0.229 -0.046 1.036 -6.122 -2.0 0.855
0.242 -0.052 1.044 -6.229 -2.137 0.901
0.244 -0.047 1.039 -6.534 -1.588 0.702
0.251 -0.052 1.046 -6.061 -0.855 0.092
0.247 -0.055 1.054 -5.756 -0.748 0.305
0.25 -0.049 1.04 -5.16 -1.359 -0.137
0.251 -0.054 1.042 -5.069 -1.481 -0.809
0.244 -0.046 1.038 -5.191 -1.786 -0.885
0.242 -0.043 1.045 -5.557 -2.061 -0.763
0.239 -0.053 1.037 -5.985 -2.183 -0.55
0.239 -0.06 1.025 -6.076 -1.954 -0.153
0.237 -0.058 1.051 -6.519 -2.137 0.366
0.241 -0.058 1.047 -6.397 -2.351 0.458
0.249 -0.062 1.045 -6.305 -2.672 0.412
0.247 -0.058 1.052 -5.924 -2.58 0.275
0.246 -0.053 1.055 -5.252 -2.763 0.137
0.25 -0.054 1.045 -5.282 -2.916 -0.244
0.25 -0.057 1.046 -5.252 -2.748 -0.534
0.242 -0.064 1.043 -5.328 -3.16 -0.733
0.247 -0.065 1.053 -5.252 -3.13 -0.504
0.238 -0.064 1.048 -5.115 -2.84 -0.198
0.24 -0.055 1.042 -5.008 -2.519 0.412
0.238 -0.065 1.039 -5.115 -2.122 0.748
0.253 -0.055 1.036 -5.313 -1.649 0.382
0.248 -0.056 1.031 -5.664 -2.046 -0.366
0.252 -0.056 1.04 -5.603 -2.015 -1.282
0.247 -0.058 1.033 -5.695 -2.687 -1.084
0.25 -0.056 1.035 -5.771 -1.939 -0.947
0.254 -0.054 1.038 -5.847 -0.763 -0.718
0.258 -0.055 1.038 -5.954 0.336 -0.901
0.259 -0.057 1.057 -5.237 0.29 -1.084
0.256 -0.056 1.04 -4.992 -0.031 -1.374
0.249 -0.054 1.033 -4.611 -0.794 -1.832
0.288 -0.099 1.07 -5.191 -0.229 -3.115
0.254 -0.054 1.005 -5.176 -1.038 -1.664
0.245 -0.037 1.011 -5.847 -1.008 -1.466
0.249 -0.051 1.002 -6.244 0.366 -0.916
0.259 -0.062 1.02 -6.901 2.0 -0.672
0.261 -0.069 1.028 -7.16 2.504 -1.145
0.272 -0.066 1.044 -7.023 2.962 -1.939
0.272 -0.069 1.052 -6.687 3.45 -2.473
0.27 -0.065 1.05 -5.985 2.916 -3.069
0.27 -0.06 1.055 -5.328 2.977 -3.588
0.258 -0.053 1.051 -5.206 2.733 -4.107
0.244 -0.033 1.044 -5.359 2.412 -4.641
0.241 -0.023 1.045 -5.71 1.786 -4.748
0.231 -0.005 1.056 -6.0 2.107 -5.298
0.213 0.008 1.064 -5.954 1.71 -5.237
0.201 0.014 1.066 -5.924 1.145 -4.855
0.194 0.025 1.065 -6.046 0.794 -4.122
0.196 0.035 1.078 -6.58 0.947 -3.008
0.186 0.059 1.087 -6.672 1.863 -1.817
0.18 0.077 1.094 -6.855 2.718 -0.412
0.185 0.097 1.092 -6.351 3.435 1.527
0.189 0.136 1.092 -6.29 4.794 3.13
0.198 0.158 1.093 -6.137 6.168 4.458
0.215 0.175 1.095 -6.168 7.481 6.015
0.226 0.195 1.092 -5.954 8.687 6.443
0.226 0.205 1.091 -5.405 8.061 6.534
0.239 0.22 1.081 -4.687 6.58 5.878
0.243 0.236 1.07 -3.802 4.84 4.947
0.232 0.248 1.058 -3.74 2.076 3.771
0.229 0.263 1.036 -3.893 -0.046 2.733
0.226 0.269 1.031 -5.221 -1.023 2.305
0.21 0.274 1.026 -6.427 -0.672 2.656
0.198 0.272 1.025 -8.641 0.916 3.802
0.185 0.261 1.029 -11.176 4.779 5.328
0.172 0.248 1.043 -12.84 8.901 7.206
0.162 0.229 1.063 -13.832 10.351 8.366
0.162 0.215 1.078 -13.817 8.382 8.229
0.201 0.193 1.09 -13.618 5.878 6.168
0.214 0.185 1.088 -13.221 1.359 2.824
0.232 0.171 1.096 -13.344 -3.985 -1.817
0.264 0.173 1.083 -13.649 -9.573 -7.13
0.279 0.161 1.071 -13.985 -15.649 -12.55
0.322 0.125 1.052 -14.473 -17.649 -19.221
0.337 0.119 1.022 -16.229 -21.954 -25.695
0.322 0.104 0.992 -19.435 -23.16 -30.412
0.31 0.076 0.973 -22.763 -21.542 -32.061
0.299 0.062 0.955 -26.26 -15.084 -31.847
0.308 0.031 0.93 -30.779 -5.328 -30.321
0.306 0.003 0.936 -34.962 5.786 -28.092
0.314 -0.033 0.964 -36.641 13.832 -26.275
0.321 -0.078 1.012 -34.87 17.573 -26.947
0.349 -0.108 1.035 -30.977 17.802 -31.481
0.334 -0.147 1.064 -24.794 11.664 -35.588
0.322 -0.187 1.159 -21.939 1.069 -36.901
0.264 -0.153 1.056 -16.092 -5.893 -40.382
0.36 -0.227 0.941 -14.901 0.397 -46.168
0.243 -0.249 0.979 -14.779 1.573 -42.29
0.219 -0.274 0.948 -14.305 3.221 -37.725
0.202 -0.301 0.953 -14.29 10.366 -32.55
0.2 -0.319 0.962 -12.382 14.321 -26.275
0.186 -0.326 0.985 -11.679 17.313 -21.802
0.252 -0.381 0.984 -11.099 16.183 -20.26
0.291 -0.418 0.95 -10.443 17.695 -22.0
0.309 -0.446 0.93 -11.13 18.748 -25.099
0.287 -0.46 0.92 -13.374 22.122 -28.794
0.219 -0.467 0.937 -15.16 19.023 -30.656
0.164 -0.463 0.942 -18.443 15.618 -29.344
0.126 -0.474 0.939 -20.321 13.969 -26.947
0.11 -0.465 0.967 -23.13 12.336 -23.145
0.109 -0.478 0.979 -22.901 9.053 -18.84
0.114 -0.467 1.002 -23.557 3.115 -14.534
0.144 -0.46 1.023 -22.672 1.481 -11.42
0.156 -0.45 1.037 -21.191 -0.061 -9.237
0.185 -0.43 1.044 -18.29 2.26 -9.084
0.214 -0.415 1.058 -15.985 2.824 -9.634
0.209 -0.422 1.061 -12.473 -4.244 -10.794
0.232 -0.386 1.043 -11.878 -6.947 -12.168
0.238 -0.378 1.057 -11.084 -7.328 -13.969
0.23 -0.349 1.051 -11.053 -7.374 -14.779
0.203 -0.332 1.04 -11.145 -6.641 -14.305
0.175 -0.302 1.04 -11.786 -5.618 -12.26
0.155 -0.292 1.054 -12.336 -5.969 -8.046
0.163 -0.283 1.067 -12.611 -3.786 -3.649
0.188 -0.274 1.085 -12.397 -0.183 -0.702
0.204 -0.262 1.107 -11.756 2.427 1.298
0.224 -0.247 1.115 -9.542 4.275 2.29
0.225 -0.24 1.122 -7.557 2.84 2.962
0.247 -0.23 1.099 -5.466 1.542 1.282
0.236 -0.211 1.104 -3.878 -0.565 -0.611
0.234 -0.201 1.078 -2.702 -3.282 -1.71
0.225 -0.188 1.073 -1.802 -5.481 -1.695
0.226 -0.164 1.051 -0.947 -3.634 -1.344
0.214 -0.16 1.032 -1.16 -2.626 -0.718
0.21 -0.153 1.023 -2.015 -1.389 -0.153
0.206 -0.144 1.012 -3.679 -1.725 0.748
0.208 -0.15 1.013 -5.313 -2.489 1.359
0.208 -0.144 1.026 -5.817 -3.527 1.802
0.216 -0.149 1.047 -5.405 -2.382 1.725
0.22 -0.155 1.047 -4.595 -3.038 2.351
0.237 -0.151 1.049 -3.878 -2.489 2.351
0.251 -0.15 1.053 -3.069 -2.26 1.756
0.242 -0.154 1.044 -2.015 -0.87 1.16
0.236 -0.146 1.027 -1.588 -1.206 0.733
0.223 -0.146 1.024 -1.893 -1.511 0.519
0.216 -0.146 1.009 -2.55 -2.137 0.366
0.204 -0.149 1.003 -3.328 -2.458 0.763
0.214 -0.142 1.005 -4.183 -1.313 1.313
0.21 -0.147 1.006 -4.962 -1.115 1.863
0.216 -0.152 1.004 -5.878 0.244 2.0
0.225 -0.155 1.014 -5.969 0.718 1.863
0.215 -0.152 1.029 -5.969 0.947 1.786
0.225 -0.156 1.029 -5.603 -0.504 1.389
0.226 -0.156 1.033 -5.71 -1.13 1.115
0.252 -0.156 1.03 -5.42 0.748 -0.626
0.233 -0.154 1.05 -4.672 1.695 -1.878
0.222 -0.151 1.04 -4.168 1.115 -2.26
0.214 -0.149 1.04 -3.817 0.046 -2.397
0.205 -0.141 1.022 -3.786 -0.565 -2.031
0.196 -0.145 1.004 -4.733 -0.702 -1.893
0.193 -0.144 1.014 -5.924 -0.092 -1.252
0.187 -0.148 1.006 -7.298 0.214 -0.489
0.186 -0.151 1.022 -8.061 0.183 0.092
0.186 -0.158 1.031 -8.779 -0.015 0.947
0.188 -0.156 1.035 -8.763 0.458 1.588
0.214 -0.157 1.042 -8.168 1.023 1.374
0.215 -0.155 1.048 -7.435 1.496 0.87
0.213 -0.157 1.058 -6.824 0.519 0.275
0.206 -0.155 1.064 -6.458 -0.855 -0.168
0.207 -0.158 1.068 -5.908 -1.176 -0.351
0.209 -0.16 1.064 -5.344 -1.786 -0.901
0.199 -0.167 1.07 -5.176 -1.695 -0.931
0.191 -0.16 1.06 -4.87 -1.817 -0.015
0.195 -0.156 1.062 -4.763 -0.626 0.656
0.2 -0.156 1.059 -4.443 -0.29 1.16
0.205 -0.162 1.056 -4.244 -1.069 1.252
0.203 -0.16 1.058 -4.061 -1.985 0.901
0.198 -0.162 1.045 -4.076 -2.718 0.534
0.209 -0.161 1.047 -3.786 -1.786 -0.519
0.193 -0.162 1.058 -3.557 -1.496 -0.794
0.192 -0.164 1.051 -2.763 -1.802 -0.672
0.199 -0.172 1.049 -2.458 -1.603 -0.427
0.195 -0.161 1.037 -2.275 -1.679 0.458
0.192 -0.164 1.033 -2.565 -1.45 0.916
0.198 -0.162 1.024 -2.824 -1.756 1.267
0.19 -0.157 1.019 -3.42 -1.954 1.206
0.192 -0.149 1.01 -3.74 -2.26 1.725
0.194 -0.162 1.003 -4.656 -2.046 2.122
0.206 -0.155 1.021 -5.13 -1.527 2.015
0.198 -0.154 1.027 -4.58 -0.366 1.817
0.203 -0.153 1.031 -4.748 -0.779 1.756
0.209 -0.149 1.029 -4.794 -1.328 1.893
0.206 -0.148 1.021 -5.527 -1.756 1.939
0.218 -0.15 1.027 -5.878 -1.985 1.542
0.214 -0.155 1.035 -5.695 -1.313 1.191
0.21 -0.153 1.047 -5.679 -2.0 1.145
0.21 -0.153 1.056 -5.16 -2.366 1.053
0.212 -0.158 1.044 -4.992 -2.244 1.237
0.216 -0.157 1.043 -4.321 -1.863 0.931
0.216 -0.164 1.044 -3.588 -1.115 0.382
0.217 -0.15 1.041 -3.527 -0.718 -0.229
0.216 -0.146 1.022 -3.893 -0.275 -0.519
0.215 -0.15 1.025 -4.489 -0.519 -0.702
0.206 -0.147 1.027 -5.328 -0.779 -0.779
0.204 -0.154 1.028 -5.45 -1.42 -0.977
0.194 -0.161 1.034 -5.664 -2.275 -1.313
0.197 -0.152 1.037 -5.405 -2.153 -1.099
0.196 -0.157 1.033 -5.328 -2.229 -0.519
0.199 -0.168 1.043 -5.573 -1.924 -0.168
0.204 -0.161 1.042 -5.389 -1.16 -0.107
0.208 -0.158 1.042 -5.359 -1.313 0.092
0.21 -0.155 1.032 -5.267 -1.466 0.0
0.211 -0.168 1.036 -5.313 -2.015 0.076
0.211 -0.162 1.033 -5.237 -2.504 0.076
0.206 -0.159 1.025 -5.237 -2.397 -0.198
0.201 -0.16 1.034 -5.313 -2.031 -0.122
0.204 -0.161 1.033 -5.42 -1.481 -0.092
0.208 -0.16 1.03 -5.634 -1.71 0.031
0.215 -0.156 1.031 -5.634 -1.756 -0.092
0.21 -0.159 1.039 -5.786 -1.191 -0.214
0.205 -0.161 1.028 -5.878 -1.511 -0.107
0.212 -0.159 1.041 -5.893 -1.389 0.031
0.206 -0.156 1.035 -5.893 -1.115 -0.214
0.208 -0.154 1.041 -5.893 -1.618 -0.443
0.206 -0.158 1.036 -5.908 -1.924 -0.397
0.213 -0.156 1.06 -5.374 -1.802 -0.565
0.205 -0.164 1.056 -4.916 -1.374 -0.748
0.207 -0.168 1.06 -4.565 -1.542 -0.702
0.199 -0.158 1.047 -4.153 -1.618 -0.611
0.196 -0.156 1.038 -4.107 -1.542 -0.351
0.198 -0.159 1.029 -3.893 -1.832 -0.366
0.188 -0.16 1.032 -3.969 -2.29 0.107
0.191 -0.162 1.026 -4.443 -2.763 0.733
0.207 -0.169 1.026 -4.809 -2.779 0.519
0.206 -0.167 1.043 -4.672 -1.389 0.214
0.213 -0.166 1.051 -4.153 -0.733 -0.076
0.21 -0.161 1.051 -3.511 -0.931 -0.29
0.202 -0.165 1.047 -2.916 -1.328 -0.489
0.209 -0.159 1.04 -2.626 -1.771 -0.763
0.208 -0.157 1.039 -2.779 -1.847 -0.916
0.192 -0.157 1.03 -2.885 -2.427 -0.763
0.196 -0.152 1.032 -3.802 -1.542 -0.397
0.198 -0.157 1.031 -4.122 -1.008 -0.137
0.196 -0.154 1.034 -4.504 -1.115 0.198
0.204 -0.154 1.036 -4.641 -1.099 0.534
0.201 -0.156 1.044 -4.641 -1.374 0.534
0.213 -0.164 1.038 -4.275 -1.496 0.0
0.208 -0.156 1.037 -4.29 -1.603 -0.519
0.209 -0.155 1.041 -4.397 -1.74 -0.748
0.209 -0.159 1.046 -4.198 -1.115 -0.809
0.204 -0.159 1.038 -3.969 -1.237 -0.382
0.204 -0.16 1.036 -4.0 -0.748 -0.366
0.203 -0.161 1.028 -4.198 -0.153 -0.641
0.204 -0.168 1.033 -4.29 -0.244 -0.687
0.207 -0.161 1.038 -4.0 -0.092 -0.809
0.212 -0.158 1.033 -4.137 -1.008 -0.824
0.203 -0.152 1.029 -4.305 -1.634 -0.672
0.204 -0.155 1.041 -4.473 -2.092 -0.305
0.208 -0.166 1.038 -4.29 -1.878 -0.305
0.213 -0.159 1.041 -4.015 -1.634 -0.061
0.207 -0.158 1.035 -3.618 -1.557 -0.031
0.207 -0.162 1.043 -3.603 -1.42 -0.015
0.206 -0.16 1.033 -3.786 -1.267 -0.229
0.206 -0.158 1.034 -3.603 -1.374 -0.168
0.208 -0.156 1.035 -3.893 -0.947 0.092
0.21 -0.161 1.036 -4.122 -0.473 -0.153
0.216 -0.161 1.027 -4.305 -0.718 -0.26
0.203 -0.155 1.044 -3.924 -0.885 -0.26
0.216 -0.163 1.043 -3.389 -0.321 -0.397
0.211 -0.159 1.04 -3.099 -0.305 -0.489
0.202 -0.159 1.031 -3.16 -1.053 -0.794
0.203 -0.152 1.023 -3.374 -1.42 -0.947
0.203 -0.146 1.03 -3.985 -1.908 -0.58
0.2 -0.156 1.015 -4.733 -1.328 -0.214
0.198 -0.16 1.027 -5.191 -1.756 0.26
0.213 -0.155 1.028 -5.725 -1.695 0.595
0.216 -0.16 1.037 -5.634 -1.176 0.351
0.21 -0.162 1.04 -5.542 -1.023 -0.198
0.214 -0.156 1.044 -5.176 -0.122 -0.901
0.212 -0.163 1.042 -4.55 -0.748 -0.962
0.206 -0.155 1.042 -3.878 -0.84 -1.328
0.205 -0.156 1.037 -4.031 -1.053 -1.42
0.208 -0.155 1.029 -4.321 -1.13 -1.145
0.201 -0.158 1.031 -4.824 -0.992 -1.13
0.203 -0.156 1.038 -5.099 -1.359 -0.977
0.193 -0.155 1.042 -5.313 -1.542 -0.809
0.193 -0.157 1.042 -5.13 -1.695 -0.275
0.199 -0.157 1.039 -5.038 -1.038 -0.412
0.2 -0.159 1.034 -5.13 -1.481 -0.26
0.204 -0.157 1.041 -4.84 -0.992 -0.153
0.209 -0.164 1.045 -4.779 -0.824 -0.29
0.213 -0.163 1.047 -4.336 0.183 -0.565
0.204 -0.163 1.047 -4.122 0.107 -0.931
0.194 -0.153 1.041 -3.313 -0.824 -0.885
0.197 -0.157 1.031 -3.115 -1.267 -0.702
0.194 -0.148 1.014 -3.42 -1.084 -0.458
0.183 -0.15 1.017 -4.214 -0.885 0.122
0.197 -0.154 1.014 -4.672 -0.427 0.504
0.199 -0.159 1.028 -5.344 -0.641 0.748
0.199 -0.157 1.033 -5.496 -0.916 0.55
0.207 -0.159 1.036 -5.237 -1.618 0.397
0.21 -0.155 1.045 -4.901 -1.374 0.214
0.209 -0.163 1.048 -4.305 -1.221 0.183
0.213 -0.159 1.051 -3.695 -0.031 -0.275
0.208 -0.163 1.042 -3.527 -0.229 -0.748
0.202 -0.156 1.039 -3.344 -0.534 -0.702
0.202 -0.16 1.032 -3.45 -1.038 -0.473
0.199 -0.155 1.031 -4.061 -1.557 -0.519
0.199 -0.16 1.029 -4.168 -2.061 -0.214
0.206 -0.159 1.027 -4.718 -1.496 -0.061
0.21 -0.156 1.032 -5.42 -0.916 0.244
0.207 -0.156 1.052 -5.099 -0.87 0.137
0.211 -0.162 1.046 -4.656 -0.992 0.061
0.218 -0.164 1.053 -4.107 -0.855 -0.779
0.206 -0.161 1.057 -3.389 -1.634 -0.702
0.206 -0.16 1.046 -2.916 -2.061 -0.824
0.206 -0.165 1.032 -3.115 -1.71 -1.252
0.206 -0.151 1.021 -3.511 -1.466 -1.145
0.2 -0.151 1.029 -4.061 -0.87 -0.626
0.195 -0.149 1.022 -4.626 -0.809 -0.244
0.199 -0.151 1.028 -5.359 -0.809 0.305
0.206 -0.157 1.026 -5.924 -0.84 0.305
0.201 -0.161 1.028 -5.969 -0.962 0.107
0.202 -0.157 1.047 -5.359 -1.282 -0.214
0.2 -0.156 1.036 -5.023 -2.137 -0.321
0.199 -0.161 1.025 -3.817 -1.664 -0.824
0.199 -0.148 1.035 -3.725 -1.939 -0.534
0.204 -0.153 1.016 -3.786 -1.084 -0.641
0.202 -0.151 1.022 -4.489 -1.176 -0.351
0.206 -0.149 1.025 -5.389 -0.977 -0.519
0.204 -0.157 1.031 -5.939 -0.611 -0.351
0.206 -0.161 1.039 -5.817 -1.145 0.0
0.209 -0.162 1.044 -5.649 -1.74 0.107
0.212 -0.158 1.045 -5.389 -1.969 -0.061
0.211 -0.164 1.043 -4.962 -2.061 -0.046
0.213 -0.161 1.041 -4.656 -1.954 -0.198
0.211 -0.162 1.041 -4.626 -1.252 -0.366
0.214 -0.162 1.042 -4.397 -1.069 -0.687
0.203 -0.159 1.044 -4.26 -1.038 -0.672
0.208 -0.161 1.035 -4.58 -1.374 -0.977
0.213 -0.164 1.034 -4.656 -2.137 -1.038
0.206 -0.155 1.036 -4.962 -2.275 -1.191
0.203 -0.154 1.024 -5.282 -2.244 -1.023
0.211 -0.165 1.033 -5.282 -1.115 -1.115
0.204 -0.162 1.046 -4.885 -0.733 -1.298
0.213 -0.169 1.04 -4.58 -0.611 -1.084
0.212 -0.17 1.057 -4.611 -1.298 -0.809
0.212 -0.165 1.048 -4.229 -1.267 -1.008
0.208 -0.164 1.05 -3.71 -1.496 -1.084
0.204 -0.167 1.039 -3.695 -1.71 -0.84
0.202 -0.161 1.027 -3.863 -1.557 -0.87
0.199 -0.157 1.025 -4.336 -1.359 -0.962
0.203 -0.157 1.028 -4.763 -1.756 -0.87
0.201 -0.157 1.023 -5.023 -1.786 -0.809
0.201 -0.155 1.028 -4.977 -1.42 -0.55
0.204 -0.161 1.031 -5.298 -0.947 -0.534
0.205 -0.164 1.041 -4.565 -1.13 -0.702
0.202 -0.159 1.042 -3.954 -1.74 -0.809
0.204 -0.164 1.038 -3.786 -2.519 -0.656
0.203 -0.159 1.034 -3.863 -2.641 -0.656
0.199 -0.16 1.028 -4.244 -2.489 -0.305
0.205 -0.156 1.034 -4.962 -2.87 -0.046
0.206 -0.153 1.028 -5.313 -2.015 -0.427
0.209 -0.167 1.04 -4.855 -1.038 -0.748
0.213 -0.156 1.043 -4.504 -1.008 -0.809
0.204 -0.163 1.059 -4.046 -1.13 -1.008
0.205 -0.159 1.039 -4.076 -1.359 -0.855
0.202 -0.161 1.046 -3.863 -1.542 -0.794