0.065 0.087 1.071 -1.527 -10.046 5.603
0.062 0.12 1.051 -1.221 -3.664 4.0
0.09 0.098 1.045 -1.237 -5.13 2.382
0.084 0.112 1.034 -0.809 0.565 0.809
0.053 0.121 1.056 -1.221 0.947 1.069
0.079 0.115 1.033 -0.443 2.275 0.26
0.059 0.123 1.068 -2.733 2.931 -0.031
0.068 0.119 1.053 -2.931 4.168 0.092
0.067 0.126 1.078 -2.656 5.817 0.0
0.054 0.126 1.073 -2.595 4.168 0.183
0.054 0.118 1.061 -2.534 1.939 1.527
0.06 0.126 1.046 -3.023 -0.885 2.427
0.074 0.108 1.042 -4.015 -2.351 2.214
0.091 0.106 1.051 -4.611 -2.198 1.237
0.088 0.102 1.053 -4.321 -1.45 -0.366
0.07 0.102 1.077 -3.466 -3.389 -0.321
0.083 0.09 1.056 -2.87 -4.687 -0.779
0.079 0.095 1.056 -3.74 -5.588 -0.855
0.07 0.095 1.041 -5.13 -5.344 -0.443
0.07 0.095 1.045 -5.893 -4.595 -0.153
0.074 0.103 1.043 -6.962 -4.58 0.656
0.072 0.094 1.036 -7.42 -4.595 0.779
0.074 0.108 1.082 -6.427 -2.351 1.374
0.071 0.095 1.063 -6.0 -3.466 0.977
0.089 0.078 1.078 -4.153 -2.763 -0.489
0.082 0.084 1.074 -2.229 -2.824 -1.573
0.071 0.104 1.059 -1.847 -3.328 -1.924
0.078 0.104 1.052 -1.954 -2.916 -1.802
0.072 0.115 1.065 -2.26 -2.977 -2.076
0.059 0.113 1.062 -2.748 -3.099 -2.092
0.058 0.115 1.057 -2.992 -3.099 -1.42
0.06 0.13 1.044 -2.977 -3.359 -0.931
0.046 0.124 1.033 -1.695 -4.107 -0.336
0.064 0.126 1.033 -4.061 -3.74 -0.641
0.056 0.122 1.036 -5.008 -3.878 -0.031
0.051 0.12 1.044 -5.115 -3.221 0.779
0.046 0.107 1.058 -4.779 -3.252 1.313
0.062 0.103 1.067 -4.458 -3.267 0.58
0.055 0.096 1.057 -4.641 -0.55 0.534
0.06 0.105 1.072 -4.29 -6.595 1.084
0.085 0.101 1.068 -3.435 -3.954 0.336
0.072 0.108 1.067 -3.435 -2.382 0.397
0.079 0.113 1.049 -3.206 -0.427 0.947
0.077 0.123 1.05 -2.947 -0.137 1.038
0.073 0.124 1.043 -4.229 -1.13 0.473
0.076 0.12 1.044 -4.702 -1.374 0.244
0.079 0.113 1.042 -4.824 -1.252 -0.244
0.076 0.114 1.045 -5.435 -1.405 -0.183
0.071 0.104 1.055 -4.626 -1.527 -0.153
0.064 0.11 1.06 -4.351 -2.473 -0.275
0.083 0.094 1.064 -3.328 2.015 -1.374
0.033 0.104 1.072 -2.656 -1.588 -0.183
0.08 0.1 1.067 -2.137 -2.031 0.382
0.071 0.11 1.059 -2.473 -1.725 0.351
0.07 0.119 1.035 -3.13 -2.061 0.29
0.078 0.12 1.038 -4.779 -2.321 0.656
0.084 0.12 1.041 -5.771 -2.382 0.397
0.068 0.118 1.045 -6.534 -2.198 0.519
0.075 0.111 1.078 -6.244 -2.153 1.008
0.078 0.106 1.083 -5.206 -1.099 0.962
0.074 0.103 1.095 -3.832 -0.672 0.885
0.08 0.102 1.09 -2.168 -1.924 0.168
0.074 0.103 1.076 -1.038 -2.672 -0.458
0.08 0.118 1.071 -1.252 -3.053 -0.427
0.076 0.123 1.051 -1.863 -2.702 -0.763
0.069 0.123 1.037 -2.489 -2.702 -0.244
0.075 0.118 1.04 -3.252 -2.809 0.122
0.072 0.119 1.035 -4.107 -3.344 0.229
0.064 0.11 1.043 -4.794 -4.046 0.656
0.07 0.117 1.048 -4.794 -3.634 1.099
0.074 0.112 1.054 -5.145 -2.672 1.496
0.074 0.104 1.054 -4.794 -2.26 1.435
0.074 0.103 1.073 -4.122 -3.588 1.084
0.068 0.11 1.073 -3.649 -4.595 1.099
0.085 0.116 1.075 -3.603 -4.504 1.008
0.083 0.116 1.077 -3.389 -4.031 0.916
0.086 0.115 1.065 -3.16 -4.595 0.931
0.089 0.123 1.055 -3.16 -4.443 0.489
0.091 0.128 1.065 -4.046 -4.794 0.595
0.094 0.124 1.052 -4.061 -3.649 0.366
0.09 0.144 1.047 -4.336 -1.802 -0.351
0.076 0.162 1.045 -4.672 -1.359 -0.885
0.054 0.177 1.041 -5.74 -1.832 -0.992
0.039 0.185 1.053 -6.427 -2.656 0.229
0.03 0.2 1.064 -6.977 -2.687 1.695
0.031 0.227 1.079 -7.542 -3.588 2.931
0.041 0.257 1.075 -8.611 -4.565 4.458
0.037 0.28 1.101 -10.046 -6.473 6.351
0.053 0.302 1.122 -11.023 -8.702 8.29
0.07 0.305 1.141 -11.466 -11.099 10.794
0.107 0.31 1.163 -10.733 -12.733 13.069
0.163 0.314 1.165 -8.947 -13.374 13.71
0.233 0.313 1.147 -6.626 -12.885 11.878
0.258 0.333 1.128 -4.015 -12.656 8.55
0.256 0.344 1.089 -1.45 -13.313 4.992
0.26 0.34 1.044 -1.145 -17.786 1.969
0.251 0.333 1.009 -4.092 -21.618 -0.779
0.255 0.307 0.991 -9.832 -25.069 -4.336
0.264 0.281 0.99 -16.595 -25.634 -9.435
0.243 0.253 1.0 -22.641 -22.641 -11.527
0.212 0.24 1.026 -28.092 -19.924 -10.504
0.202 0.214 1.069 -29.328 -14.153 -9.756
0.185 0.199 1.134 -27.374 -11.573 -8.824
0.181 0.141 1.144 -22.443 -6.046 -11.252
0.145 0.134 1.135 -19.74 -5.038 -12.229
0.11 0.103 1.135 -18.015 -6.84 -13.313
0.088 0.101 1.112 -17.038 -12.046 -13.634
0.123 0.104 1.067 -16.412 -9.908 -13.969
0.106 0.127 1.035 -17.588 -7.847 -11.603
0.122 0.142 0.974 -19.191 -3.527 -8.733
0.137 0.119 0.953 -22.916 0.412 -7.191
0.155 0.115 0.936 -28.718 5.115 -6.595
0.156 0.075 0.954 -33.527 5.969 -9.084
0.129 0.033 0.982 -37.771 1.725 -12.626
0.125 0.007 1.03 -39.511 -1.771 -15.618
0.098 -0.001 1.058 -37.237 -4.183 -16.107
0.092 0.01 1.044 -33.786 -4.092 -14.718
0.084 0.036 1.025 -29.771 -1.069 -11.176
0.063 0.042 0.982 -26.611 0.29 -6.718
0.075 0.042 0.961 -28.397 -0.977 -4.962
0.105 0.041 0.947 -31.206 -3.389 -4.809
0.135 0.016 0.97 -32.336 -7.511 -6.26
0.135 0.005 0.981 -33.496 -13.771 -10.046
0.138 -0.009 1.003 -33.466 -19.374 -12.473
0.158 0.003 1.001 -32.885 -19.298 -13.618
0.146 -0.001 0.986 -32.29 -14.992 -13.664
0.134 -0.04 0.978 -33.969 -11.802 -12.748
0.15 -0.062 1.008 -38.244 -8.748 -13.389
0.173 -0.087 1.043 -39.267 -9.511 -16.733
0.151 -0.083 1.073 -38.061 -14.031 -18.092
0.158 -0.07 1.08 -34.244 -16.321 -18.626
0.148 -0.097 1.052 -30.763 -18.809 -20.458
0.141 -0.097 1.018 -29.557 -18.122 -20.626
0.144 -0.088 0.981 -29.282 -15.191 -18.824
0.149 -0.067 0.96 -31.023 -8.336 -16.992
0.131 -0.057 0.944 -33.817 -4.885 -15.221
0.132 -0.053 0.944 -35.298 -7.908 -12.656
0.145 -0.065 0.936 -36.046 -9.176 -11.664
0.139 -0.093 0.938 -36.977 -8.412 -10.763
0.125 -0.141 0.954 -38.122 -8.382 -9.435
0.13 -0.212 0.998 -38.855 -10.275 -10.198
0.136 -0.267 1.067 -38.366 -13.511 -11.42
0.149 -0.276 1.091 -35.496 -12.198 -12.656
0.147 -0.285 1.127 -30.672 -9.405 -13.099
0.137 -0.279 1.129 -26.336 -7.649 -12.351
0.12 -0.277 1.126 -22.351 -8.0 -10.794
0.129 -0.286 1.083 -19.634 -10.244 -8.809
0.149 -0.275 1.04 -19.237 -7.817 -8.458
0.136 -0.249 1.026 -19.496 -6.855 -6.412
0.141 -0.226 1.022 -20.351 -4.901 -4.321
0.08 -0.184 1.086 -31.511 -4.641 -3.618
0.097 -0.199 1.059 -27.878 1.282 -0.855
0.191 -0.237 1.035 -24.901 2.565 -4.595
0.172 -0.262 1.066 -20.168 1.466 -6.122
0.177 -0.256 1.104 -17.588 -1.969 -6.076
0.172 -0.244 1.123 -16.565 -8.427 -6.473
0.094 -0.192 1.087 -13.176 -7.069 -6.611
0.158 -0.252 1.088 -10.718 -0.885 -5.282
0.169 -0.25 1.08 -9.069 -4.702 -2.107
0.165 -0.239 1.078 -7.176 -3.099 -1.878
0.174 -0.233 1.052 -8.198 -0.656 -1.267
0.177 -0.223 1.061 -6.489 1.511 0.534
0.173 -0.213 1.052 -6.076 1.359 -0.183
0.185 -0.19 1.062 -6.427 1.45 0.137
0.178 -0.176 1.051 -5.924 1.328 0.153
0.202 -0.167 1.05 -5.008 1.328 -0.153
0.207 -0.159 1.056 -3.725 1.237 -1.725
0.207 -0.162 1.041 -3.13 1.542 -3.45
0.192 -0.139 1.049 -2.87 1.649 -3.115
0.199 -0.124 1.047 -3.466 1.969 -3.298
0.193 -0.12 1.045 -3.542 4.641 -3.191
0.184 -0.119 1.047 -3.618 5.145 -2.336
0.175 -0.111 1.048 -4.443 4.015 -2.0
0.176 -0.13 1.054 -4.183 0.916 -2.046
0.191 -0.12 1.04 -4.84 0.122 -2.305
0.174 -0.11 1.049 -4.733 -1.374 -2.58
0.175 -0.12 1.039 -5.023 -1.985 -2.397
0.172 -0.118 1.041 -5.389 -1.221 -2.244
0.162 -0.12 1.042 -5.115 -0.733 -1.008
0.172 -0.119 1.041 -5.74 0.58 -0.733
0.182 -0.121 1.037 -5.969 1.084 -1.084
0.178 -0.127 1.044 -5.313 -1.313 -1.847
0.185 -0.127 1.045 -6.137 -0.901 -1.863
0.165 -0.111 1.045 -6.122 -0.504 -1.298
0.175 -0.123 1.034 -5.557 1.084 -0.977
0.17 -0.134 1.044 -6.061 1.176 -0.611
0.178 -0.142 1.059 -6.046 0.611 -0.26
0.184 -0.147 1.066 -5.466 -0.672 -0.824
0.195 -0.148 1.074 -3.771 0.275 -2.229
0.181 -0.15 1.063 -3.466 -1.542 -1.847
0.184 -0.147 1.066 -3.267 -0.565 -2.29
0.163 -0.141 1.044 -2.931 0.87 -2.412
0.16 -0.148 1.046 -3.237 0.824 -2.092
0.159 -0.144 1.051 -2.977 0.534 -1.527
0.167 -0.135 1.041 -3.16 0.901 -1.191
0.173 -0.134 1.042 -3.206 1.817 -1.008
0.173 -0.139 1.046 -3.328 1.389 -1.069
0.173 -0.132 1.05 -3.16 0.412 -1.282
0.166 -0.122 1.064 -2.565 -0.122 -1.817
0.155 -0.128 1.049 -2.198 -1.985 -1.405
0.155 -0.133 1.041 -2.595 -2.809 -1.191
0.156 -0.13 1.043 -2.58 -3.176 -0.427
0.158 -0.125 1.043 -2.779 -2.351 0.595
0.168 -0.124 1.032 -3.13 -1.664 1.176
0.185 -0.127 1.04 -3.252 -1.252 1.038
0.188 -0.127 1.04 -3.237 -0.534 -0.153
0.177 -0.124 1.041 -3.237 0.0 -0.885
0.167 -0.124 1.042 -3.374 -0.092 -0.901
0.175 -0.124 1.038 -3.496 -1.115 -1.13
0.171 -0.129 1.041 -4.0 -1.863 -1.374
0.173 -0.133 1.044 -3.908 -1.679 -1.725
0.171 -0.123 1.051 -4.076 -2.076 -1.405
0.167 -0.125 1.044 -3.832 -2.214 -0.87
0.168 -0.123 1.033 -4.382 -1.893 -0.198
0.163 -0.124 1.023 -4.794 -1.267 0.519
0.188 -0.124 1.019 -5.527 -0.626 1.405
0.191 -0.127 1.037 -6.0 1.053 0.824
0.191 -0.136 1.047 -5.954 0.763 -0.137
0.182 -0.145 1.063 -5.328 -0.29 -1.344
0.184 -0.135 1.056 -4.687 -1.038 -2.031
0.165 -0.137 1.059 -4.0 -0.382 -2.58
0.166 -0.132 1.042 -3.679 -2.534 -1.542
0.169 -0.136 1.044 -4.061 -0.519 -1.359
0.173 -0.132 1.049 -4.55 0.275 -0.687
0.166 -0.127 1.049 -4.519 0.611 -0.473
0.169 -0.132 1.052 -4.855 -1.435 0.031
0.17 -0.138 1.054 -5.16 -1.084 -0.565
0.165 -0.134 1.061 -5.13 -1.847 -0.244
0.167 -0.131 1.06 -4.656 -1.908 0.168
0.171 -0.138 1.052 -4.137 -0.794 -0.183
0.17 -0.137 1.062 -3.45 -1.252 -0.137
0.177 -0.138 1.069 -2.641 -0.763 -0.794
0.178 -0.135 1.048 -1.756 -0.855 -1.389
0.169 -0.125 1.034 -2.214 -1.588 -1.817
0.161 -0.12 1.044 -2.565 -1.878 -1.71
0.157 -0.12 1.037 -3.099 -2.0 -1.221
0.153 -0.112 1.031 -3.649 -1.328 -0.336
0.161 -0.118 1.036 -3.74 -0.87 0.412
0.169 -0.127 1.038 -4.122 -0.779 0.733
0.16 -0.12 1.049 -4.321 -0.702 0.931
0.168 -0.116 1.049 -4.458 -1.603 1.374
0.181 -0.128 1.04 -4.763 -0.687 1.023
0.185 -0.129 1.04 -5.053 -0.748 0.519
0.179 -0.132 1.052 -4.901 -1.16 -0.107
0.172 -0.129 1.055 -4.656 -1.985 -0.412
0.176 -0.13 1.049 -4.473 -1.817 -0.519
0.177 -0.13 1.039 -4.229 -0.809 -0.55
0.184 -0.131 1.036 -4.489 0.626 -0.626
0.17 -0.128 1.031 -4.336 2.076 -0.198
0.171 -0.119 1.021 -5.191 2.977 -0.305
0.175 -0.117 1.024 -5.954 3.603 -0.519
0.179 -0.135 1.029 -6.107 3.145 -1.13
0.171 -0.133 1.044 -5.893 2.153 -2.473
0.174 -0.131 1.061 -4.947 1.389 -3.344
0.163 -0.124 1.055 -4.198 1.038 -3.863
0.158 -0.129 1.057 -3.74 1.527 -3.786
0.152 -0.126 1.052 -3.664 3.145 -3.252
0.138 -0.118 1.052 -4.305 3.084 -2.031
0.135 -0.119 1.051 -5.099 2.26 -0.382
0.15 -0.122 1.05 -5.374 3.725 -0.015
0.159 -0.128 1.056 -5.863 2.947 -0.015
0.161 -0.125 1.06 -5.771 1.176 0.092
0.164 -0.124 1.06 -5.252 -0.076 0.214
0.173 -0.129 1.052 -4.962 0.275 0.153
0.17 -0.137 1.057 -4.046 -0.443 -0.977
0.169 -0.125 1.056 -4.031 -3.588 -1.496
0.179 -0.122 1.048 -4.229 -2.992 -1.908
0.172 -0.121 1.038 -4.641 -2.641 -1.542
0.163 -0.119 1.037 -4.855 -1.344 -1.16
0.16 -0.119 1.029 -5.74 -0.198 -0.763
0.158 -0.117 1.06 -6.214 0.55 0.0
0.157 -0.132 1.067 -5.969 -0.565 0.29
0.161 -0.146 1.066 -5.282 -1.466 0.153
0.179 -0.151 1.069 -4.305 -2.534 -1.221
0.18 -0.152 1.058 -3.542 -3.435 -2.458
0.168 -0.147 1.051 -2.824 -3.847 -2.931
0.162 -0.135 1.043 -2.611 -4.137 -3.191
0.16 -0.13 1.032 -2.702 -4.0 -2.824
0.144 -0.124 1.025 -3.298 -4.076 -1.802
0.145 -0.114 1.026 -4.183 -2.916 -0.641
0.151 -0.113 1.034 -4.992 -2.275 1.115
0.177 -0.123 1.041 -5.221 0.107 1.176
0.177 -0.122 1.036 -5.74 -0.092 0.748
0.188 -0.126 1.062 -5.298 -1.939 -0.366
0.194 -0.134 1.058 -4.733 -2.458 -1.908
0.194 -0.137 1.069 -4.168 -2.962 -2.901
0.186 -0.135 1.054 -3.908 -2.137 -3.649
0.164 -0.124 1.051 -3.817 -1.435 -3.511
0.161 -0.126 1.058 -3.71 -1.481 -2.397
0.16 -0.122 1.047 -3.817 -0.55 -1.588
0.166 -0.125 1.041 -4.153 -0.443 -0.718
0.163 -0.115 1.037 -4.611 -0.458 0.031
0.17 -0.122 1.034 -4.504 -0.489 -0.58
0.16 -0.123 1.042 -5.298 -1.191 -0.534
0.168 -0.123 1.038 -5.618 -1.939 -0.565
0.162 -0.125 1.06 -5.557 -1.893 -0.763
0.166 -0.136 1.053 -5.053 -1.008 -0.748
0.167 -0.138 1.06 -4.412 -0.015 -1.221
0.163 -0.132 1.058 -4.107 -0.763 -1.191
0.169 -0.13 1.046 -4.061 -0.794 -1.008
0.171 -0.119 1.034 -4.687 0.0 -0.947
0.172 -0.119 1.037 -5.176 0.382 -0.809
0.165 -0.115 1.042 -5.496 0.366 -0.351
0.165 -0.131 1.056 -5.603 -1.008 -0.656
0.167 -0.131 1.05 -5.328 -2.229 -0.84
0.167 -0.129 1.054 -4.672 -2.687 -1.038
0.171 -0.131 1.043 -4.519 -2.504 -1.099
0.169 -0.132 1.045 -4.427 -0.702 -1.359
0.172 -0.126 1.046 -4.687 1.023 -1.756
0.167 -0.127 1.046 -4.58 1.847 -1.786
0.152 -0.131 1.048 -4.244 0.916 -1.176
0.156 -0.134 1.053 -4.229 -0.336 -1.42
0.149 -0.133 1.051 -3.924 -2.55 -1.206
0.158 -0.131 1.039 -4.092 -3.008 -0.84
0.16 -0.133 1.04 -4.351 -2.626 -0.305
0.158 -0.129 1.042 -4.198 -1.939 0.092
0.168 -0.13 1.048 -3.802 -0.855 -0.015
0.158 -0.127 1.057 -3.832 -1.16 -0.397
0.158 -0.135 1.051 -3.527 -1.847 -0.198
0.167 -0.132 1.04 -3.359 -0.84 -0.611
0.162 -0.123 1.043 -3.389 -1.191 -0.031
0.171 -0.124 1.047 -3.771 -1.267 0.336
0.173 -0.121 1.043 -4.412 -0.87 0.137
0.169 -0.116 1.038 -4.626 -1.328 0.122
0.181 -0.123 1.05 -4.687 -1.618 -0.244
0.167 -0.123 1.057 -4.321 -2.061 -0.397
0.168 -0.122 1.044 -4.458 -2.198 -0.748
0.168 -0.123 1.048 -4.305 -1.802 -0.565
0.168 -0.131 1.041 -4.275 -0.977 0.031
0.178 -0.124 1.041 -4.595 0.153 -0.183
0.174 -0.123 1.035 -5.237 0.794 -0.244
0.174 -0.125 1.038 -5.298 0.29 -0.656
0.176 -0.119 1.052 -5.298 0.397 -1.313
0.161 -0.131 1.058 -5.298 -1.267 -1.496
0.158 -0.129 1.05 -5.16 -2.336 -1.13
0.158 -0.134 1.048 -5.191 -3.237 -0.718
0.159 -0.128 1.046 -5.099 -2.565 -0.336
0.163 -0.13 1.042 -4.885 -0.977 0.092
0.163 -0.131 1.042 -4.809 0.229 0.244
0.161 -0.128 1.045 -4.702 -0.168 0.168
0.162 -0.13 1.051 -4.382 -1.313 -0.55
0.16 -0.126 1.051 -4.397 -2.198 -0.962
0.153 -0.133 1.046 -4.565 -2.595 -1.008
0.152 -0.131 1.055 -4.382 -2.489 -0.687
0.159 -0.126 1.044 -4.504 -2.504 -0.137
0.169 -0.13 1.053 -4.824 -1.725 0.107
0.168 -0.127 1.051 -4.87 -1.771 0.015
0.167 -0.122 1.041 -5.16 -1.939 -0.031
0.162 -0.126 1.051 -5.221 -2.107 0.092
0.164 -0.12 1.041 -5.496 -2.779 0.168
0.161 -0.129 1.048 -5.435 -2.412 -0.305
0.165 -0.129 1.054 -5.45 -2.031 -0.275
0.176 -0.132 1.052 -4.916 -1.588 -0.351
0.173 -0.137 1.063 -4.58 -1.191 -0.901
0.173 -0.127 1.046 -3.954 -0.748 -0.916
0.172 -0.127 1.046 -3.771 -1.069 -0.718
0.162 -0.127 1.043 -4.214 -1.008 -1.069
0.16 -0.124 1.047 -4.351 -1.847 -0.641
0.16 -0.127 1.039 -4.611 -2.122 -0.656
0.159 -0.131 1.041 -4.794 -2.107 -0.26
0.156 -0.128 1.042 -4.87 -2.061 0.29
0.152 -0.128 1.045 -4.992 -1.542 1.099
0.156 -0.131 1.042 -5.221 -1.389 1.573
0.167 -0.14 1.045 -5.328 -2.229 1.374
0.185 -0.14 1.061 -5.374 -3.344 0.58
0.185 -0.141 1.059 -5.008 -4.076 -0.977
0.18 -0.129 1.054 -4.794 -5.099 -1.71
0.178 -0.125 1.047 -4.397 -3.313 -1.847
0.174 -0.124 1.033 -4.153 -2.55 -1.191
0.16 -0.123 1.029 -4.58 -1.466 -0.87
0.157 -0.13 1.044 -4.809 -1.573 -0.122
0.165 -0.131 1.046 -4.519 0.092 -0.153
0.152 -0.132 1.047 -4.351 -1.176 0.366
0.16 -0.133 1.048 -3.969 -1.817 0.214
0.159 -0.129 1.049 -3.786 -2.427 0.58
0.163 -0.132 1.044 -4.0 -3.13 0.702
0.176 -0.131 1.031 -4.611 -2.947 0.015
0.176 -0.123 1.033 -5.298 -2.244 -0.397
0.17 -0.124 1.039 -5.588 -1.786 -0.076
0.183 -0.119 1.042 -5.527 -0.015 0.0
0.181 -0.122 1.043 -5.42 0.473 0.153
0.172 -0.128 1.054 -5.115 -0.122 -0.305
0.173 -0.129 1.057 -4.855 -2.015 -0.794
0.179 -0.129 1.052 -4.519 -2.885 -1.252
0.168 -0.128 1.05 -4.702 -2.214 -0.916
0.178 -0.129 1.042 -4.733 -1.252 -0.336
0.179 -0.133 1.054 -5.069 -0.031 -0.458
0.175 -0.124 1.042 -5.13 0.336 -0.687
0.174 -0.132 1.052 -5.252 -1.099 -0.809
0.172 -0.131 1.056 -4.916 -1.206 -1.71
0.156 -0.134 1.044 -4.55 -2.0 -1.481
0.157 -0.127 1.046 -4.015 -1.481 -0.992
0.155 -0.131 1.047 -4.366 -0.473 -0.031
0.152 -0.131 1.036 -4.702 0.336 0.977
0.166 -0.135 1.044 -5.282 -0.031 1.42
0.165 -0.138 1.047 -5.649 -1.038 0.565
0.176 -0.139 1.051 -5.588 -3.13 -0.122
0.173 -0.137 1.053 -5.496 -4.29 -0.672
0.182 -0.135 1.049 -4.962 -4.489 -0.947
0.18 -0.126 1.032 -4.962 -2.794 -1.481