0.132 0.217 1.018 -6.092 -1.695 -1.053
0.138 0.221 1.028 -6.076 -0.779 -1.893
0.127 0.226 1.032 -6.702 -1.405 -1.527
0.126 0.232 1.028 -6.855 -1.008 -1.42
0.127 0.225 1.046 -7.45 -0.137 -1.328
0.125 0.211 1.052 -7.282 0.29 -0.901
0.131 0.198 1.054 -7.42 0.702 -0.641
0.134 0.182 1.062 -6.916 -0.092 -0.473
0.134 0.186 1.073 -6.672 -1.13 -0.794
0.135 0.175 1.073 -5.435 -2.031 -0.962
0.142 0.184 1.077 -3.985 -2.534 -0.779
0.136 0.188 1.058 -2.84 -2.977 -0.26
0.133 0.198 1.048 -2.122 -2.992 0.29
0.149 0.207 1.02 -2.26 -2.382 0.046
0.148 0.214 1.01 -3.435 -1.802 -0.702
0.139 0.208 1.017 -4.198 -2.244 -1.145
0.145 0.21 1.017 -4.992 -1.847 -1.374
0.138 0.211 1.035 -4.977 -0.87 -1.527
0.135 0.199 1.038 -4.916 -1.237 -1.282
0.132 0.21 1.044 -4.718 -1.481 -0.992
0.138 0.208 1.045 -4.626 -1.634 -0.855
0.14 0.205 1.044 -4.29 -1.237 -0.611
0.139 0.206 1.049 -4.031 -0.504 -0.458
0.137 0.209 1.041 -3.847 -0.519 -0.901
0.138 0.212 1.038 -4.076 -0.779 -1.191
0.134 0.213 1.038 -3.817 -0.84 -1.084
0.129 0.215 1.036 -3.832 -0.397 -0.962
0.131 0.212 1.025 -3.985 -0.87 -0.656
0.138 0.205 1.032 -4.275 -1.695 -0.718
0.139 0.218 1.031 -4.733 -1.16 -0.947
0.137 0.208 1.037 -4.916 -2.183 -1.023
0.135 0.206 1.043 -4.412 -2.473 -1.084
0.129 0.213 1.04 -3.939 -1.954 -1.542
0.13 0.212 1.037 -3.786 -0.977 -1.099
0.124 0.214 1.034 -4.122 -1.053 -0.504
0.133 0.211 1.027 -4.992 -1.023 -0.321
0.136 0.213 1.031 -5.496 -1.985 -0.229
0.13 0.204 1.042 -5.786 -2.947 -0.321
0.133 0.208 1.049 -5.481 -3.496 -0.137
0.142 0.204 1.048 -5.389 -2.504 0.076
0.135 0.205 1.052 -4.992 -1.817 0.092
0.139 0.203 1.042 -4.702 -2.26 -0.122
0.146 0.207 1.038 -4.611 -2.763 -0.733
0.14 0.211 1.041 -4.534 -3.344 -0.794
0.14 0.209 1.043 -4.595 -4.305 -0.947
0.139 0.208 1.036 -4.626 -3.802 -0.992
0.137 0.206 1.042 -4.305 -4.183 -0.855
0.131 0.209 1.031 -4.519 -3.924 -0.763
0.132 0.206 1.033 -4.595 -2.794 -0.656
0.119 0.211 1.042 -4.779 -1.924 -0.534
0.098 0.207 1.037 -4.305 -2.107 -0.244
0.088 0.207 1.037 -3.985 -2.947 0.244
0.086 0.207 1.03 -4.305 -5.221 1.298
0.106 0.207 1.015 -4.702 -6.626 2.0
0.113 0.213 1.02 -5.588 -7.74 2.305
0.115 0.227 1.018 -6.305 -8.916 2.824
0.131 0.236 1.023 -6.931 -8.977 3.679
0.137 0.238 1.027 -7.939 -8.931 4.489
0.157 0.225 1.048 -8.519 -7.176 4.718
0.156 0.218 1.067 -8.092 -7.038 4.763
0.169 0.213 1.074 -6.748 -6.366 4.198
0.18 0.202 1.088 -5.267 -5.359 2.794
0.172 0.194 1.1 -3.481 -5.16 1.695
0.172 0.192 1.075 -1.832 -4.672 1.023
0.172 0.193 1.074 -0.565 -3.985 0.382
0.162 0.209 1.06 0.305 -3.802 -0.031
0.155 0.221 1.045 0.702 -4.29 0.336
0.154 0.224 1.017 0.626 -4.565 0.87
0.15 0.244 1.01 -0.153 -4.26 1.725
0.149 0.248 1.021 -1.359 -4.0 2.656
0.159 0.251 0.998 -2.214 -4.275 3.221
0.167 0.271 0.994 -3.344 -4.229 3.527
0.176 0.28 1.003 -4.733 -4.427 3.634
0.19 0.302 1.001 -5.618 -3.756 3.573
0.203 0.318 1.004 -7.038 -2.702 3.42
0.207 0.335 1.014 -8.855 -3.664 3.511
0.233 0.356 1.027 -11.282 -3.74 3.389
0.229 0.364 1.076 -13.435 -4.046 2.748
0.23 0.361 1.103 -14.992 -4.198 2.046
0.221 0.366 1.145 -15.45 -8.122 1.145
0.228 0.358 1.172 -14.473 -8.061 0.061
0.227 0.366 1.191 -11.344 -8.58 -1.084
0.217 0.371 1.194 -7.466 -8.366 -0.122
0.208 0.394 1.168 -3.359 -8.214 1.435
0.208 0.427 1.113 0.489 -5.038 2.458
0.209 0.453 1.049 2.076 -2.687 3.618
0.229 0.482 0.983 2.366 -1.618 3.817
0.248 0.511 0.94 -0.519 -2.611 2.702
0.251 0.529 0.878 -5.298 -2.015 0.611
0.252 0.513 0.872 -10.122 -4.626 -1.328
0.26 0.477 0.872 -15.13 -4.611 -5.099
0.225 0.483 0.899 -21.603 -5.924 -6.885
0.203 0.477 0.889 -25.985 -3.053 -7.389
0.185 0.457 0.906 -28.489 2.58 -5.939
0.165 0.444 0.899 -30.672 5.206 -1.679
0.168 0.42 0.887 -32.412 9.725 1.008
0.156 0.412 0.871 -35.359 11.649 2.779
0.17 0.408 0.853 -39.679 11.328 3.344
0.177 0.395 0.848 -42.687 9.832 2.305
0.19 0.374 0.818 -46.122 6.931 1.237
0.196 0.274 0.845 -51.252 1.099 -3.496
0.175 0.236 0.878 -58.168 -3.13 -7.832
0.191 0.151 0.938 -61.771 -5.405 -10.931
0.166 0.083 1.014 -64.382 -5.038 -15.038
0.147 0.056 1.101 -64.29 -4.687 -14.626
0.153 0.027 1.166 -60.534 -1.893 -13.084
0.142 0.02 1.203 -53.618 -0.748 -11.038
0.154 0.03 1.2 -46.015 -1.908 -9.954
0.175 0.03 1.163 -40.427 -6.992 -11.084
0.177 0.026 1.124 -37.603 -9.618 -15.084
0.177 -0.004 1.089 -36.458 -14.351 -18.336
0.193 -0.008 1.043 -39.206 -13.756 -21.45
0.187 -0.014 1.022 -42.641 -10.26 -23.481
0.22 -0.027 0.99 -46.137 -4.031 -23.969
0.107 -0.069 1.059 -53.008 -8.122 -23.542
0.138 -0.105 1.048 -57.756 -0.137 -22.107
0.085 -0.107 1.146 -59.038 4.519 -18.718
0.098 -0.121 1.213 -56.626 1.328 -15.542
0.121 -0.127 1.235 -48.977 0.489 -11.878
0.191 -0.116 1.197 -40.107 2.824 -8.244
0.193 -0.095 1.132 -33.145 1.573 -6.321
0.223 -0.121 1.084 -27.542 2.244 -7.527
0.195 -0.079 1.002 -28.519 -4.031 -8.061
0.198 -0.081 0.967 -31.176 -7.466 -10.198
0.147 -0.059 0.936 -33.847 -4.947 -10.885
0.134 -0.139 0.988 -34.595 -10.656 -6.809
0.206 -0.185 0.963 -36.687 -4.947 -7.298
0.246 -0.207 0.952 -38.458 -0.824 -10.183
0.262 -0.228 0.976 -38.611 -1.573 -14.275
0.261 -0.232 1.009 -36.611 -2.198 -20.641
0.183 -0.205 1.025 -33.099 -11.282 -24.198
0.151 -0.198 1.018 -29.832 -17.374 -24.214
0.14 -0.196 0.978 -27.389 -18.718 -20.534
0.156 -0.195 0.939 -28.84 -13.45 -14.626
0.182 -0.183 0.917 -32.809 -2.687 -10.092
0.179 -0.185 0.865 -37.573 6.763 -8.519
0.168 -0.211 0.863 -41.206 11.038 -9.084
0.163 -0.276 0.928 -42.809 6.733 -10.779
0.184 -0.349 1.024 -41.557 -1.71 -13.725
0.155 -0.381 1.108 -38.733 -9.725 -16.107
0.153 -0.383 1.121 -32.718 -11.084 -18.947
0.151 -0.378 1.122 -28.366 -11.374 -20.198
0.103 -0.365 1.13 -22.443 -8.351 -17.664
0.094 -0.286 1.049 -18.305 -4.336 -13.145
0.099 -0.3 1.072 -15.237 -2.397 -10.015
0.069 -0.294 1.105 -14.855 0.214 -5.847
0.111 -0.254 1.054 -14.29 4.779 -5.115
0.116 -0.268 1.071 -13.664 3.084 -3.802
0.136 -0.258 1.083 -13.847 1.802 -4.718
0.13 -0.247 1.101 -11.359 -0.809 -4.809
0.135 -0.23 1.107 -8.534 -3.145 -4.244
0.14 -0.226 1.103 -5.221 -2.977 -3.405
0.132 -0.222 1.097 -3.435 -2.84 -2.901
0.141 -0.194 1.071 -2.092 -0.916 -1.511
0.149 -0.174 1.05 -1.344 0.672 0.412
0.152 -0.145 1.03 -1.756 1.863 1.466
0.16 -0.122 1.015 -2.809 1.084 1.969
0.172 -0.116 1.018 -3.42 -0.061 1.893
0.185 -0.112 1.023 -3.786 -1.954 1.13
0.186 -0.111 1.031 -3.603 -3.099 0.473
0.19 -0.112 1.044 -3.496 -3.344 -0.076
0.186 -0.117 1.032 -3.511 -3.832 -0.076
0.196 -0.11 1.036 -3.45 -3.45 0.061
0.198 -0.108 1.037 -3.863 -3.13 0.733
0.196 -0.098 1.032 -4.489 -2.473 1.649
0.201 -0.108 1.041 -4.046 -2.58 1.527
0.198 -0.116 1.038 -4.168 -2.672 0.412
0.198 -0.112 1.036 -4.321 -4.046 -0.092
0.202 -0.107 1.029 -4.733 -5.053 -0.87
0.194 -0.11 1.022 -5.145 -5.099 -1.359
0.18 -0.112 1.028 -5.939 -4.931 -0.885
0.186 -0.115 1.034 -6.519 -4.672 -0.092
0.178 -0.123 1.045 -7.023 -4.885 0.672
0.189 -0.129 1.042 -6.718 -6.168 1.71
0.203 -0.126 1.054 -6.321 -5.573 1.573
0.213 -0.135 1.054 -6.565 -4.305 1.557
0.227 -0.134 1.06 -6.321 -3.939 1.023
0.249 -0.14 1.056 -5.389 -3.115 -0.824
0.226 -0.134 1.07 -4.107 -3.45 -2.519
0.205 -0.131 1.059 -3.206 -4.55 -3.206
0.205 -0.129 1.056 -2.504 -4.397 -3.405
0.193 -0.12 1.037 -2.626 -4.183 -2.687
0.192 -0.127 1.039 -2.779 -3.038 -1.71
0.191 -0.128 1.028 -3.344 -2.076 -1.435
0.204 -0.133 1.033 -3.282 -1.145 -1.725
0.193 -0.118 1.003 -3.45 -1.802 -2.397
0.175 -0.128 1.039 -3.618 -4.26 -2.962
0.173 -0.115 1.035 -4.458 -4.122 -4.046
0.166 -0.117 1.038 -4.992 -5.344 -3.74
0.169 -0.118 1.042 -5.603 -5.389 -2.565
0.173 -0.117 1.047 -5.542 -3.863 -0.962
0.188 -0.112 1.053 -5.557 -2.351 0.366
0.197 -0.112 1.049 -5.435 -0.855 1.298
0.205 -0.113 1.052 -5.267 -0.656 1.237
0.212 -0.125 1.069 -4.55 -1.176 0.321
0.209 -0.127 1.063 -3.466 -2.565 -0.931
0.206 -0.127 1.073 -2.626 -4.901 -2.275
0.209 -0.126 1.055 -2.122 -6.458 -3.13
0.205 -0.125 1.042 -1.771 -7.084 -3.405
0.191 -0.113 1.034 -1.908 -6.916 -2.672
0.2 -0.109 1.012 -2.351 -5.527 -1.557
0.193 -0.101 1.011 -3.221 -3.42 -0.382
0.193 -0.093 1.006 -4.458 -0.58 0.931
0.203 -0.099 1.01 -5.985 0.702 2.565
0.206 -0.106 1.026 -6.641 0.977 3.115
0.224 -0.11 1.032 -7.16 -0.565 2.305
0.223 -0.12 1.037 -7.527 -1.557 0.427
0.226 -0.124 1.054 -6.962 -3.42 -0.702
0.228 -0.132 1.063 -5.878 -4.198 -2.046
0.228 -0.125 1.061 -4.977 -3.649 -2.779
0.214 -0.122 1.057 -4.489 -2.366 -3.328
0.202 -0.113 1.038 -4.29 -1.954 -2.794
0.196 -0.119 1.038 -4.885 -1.405 -1.786
0.196 -0.122 1.035 -5.893 -0.84 -1.252
0.193 -0.133 1.043 -6.412 -1.145 -0.885
0.197 -0.131 1.042 -6.321 -0.901 -0.641
0.204 -0.134 1.048 -6.107 -0.916 -0.626
0.206 -0.126 1.056 -5.802 -0.504 -0.718
0.208 -0.135 1.06 -5.481 -0.916 -1.16
0.205 -0.135 1.07 -4.626 -1.267 -2.183
0.193 -0.126 1.05 -3.863 -2.382 -2.504
0.185 -0.118 1.056 -3.313 -3.237 -2.061
0.189 -0.121 1.037 -3.13 -2.656 -1.74
0.185 -0.111 1.03 -4.076 -2.55 -0.687
0.198 -0.125 1.024 -4.458 -2.107 0.534
0.204 -0.117 1.015 -5.221 -1.099 0.58
0.229 -0.116 1.024 -5.863 -1.893 0.305
0.21 -0.135 1.055 -5.863 -2.916 -0.092
0.207 -0.13 1.069 -5.252 -4.351 -1.053
0.201 -0.132 1.067 -4.244 -5.328 -1.588
0.201 -0.128 1.058 -3.069 -5.038 -1.908
0.199 -0.13 1.05 -2.412 -3.786 -1.771
0.196 -0.123 1.051 -2.794 -2.458 -0.626
0.206 -0.123 1.028 -3.664 -0.443 -0.031
0.199 -0.107 1.033 -4.611 0.031 0.168
0.204 -0.111 1.033 -4.962 -0.534 0.443
0.197 -0.11 1.04 -5.511 -1.802 0.366
0.21 -0.115 1.043 -5.527 -3.679 -0.366
0.207 -0.115 1.035 -5.405 -4.519 -0.687
0.221 -0.123 1.042 -5.206 -4.305 -1.298
0.216 -0.125 1.058 -4.519 -3.481 -1.313
0.205 -0.12 1.043 -4.107 -2.397 -0.809
0.202 -0.117 1.037 -3.878 -1.969 -0.198
0.202 -0.125 1.032 -4.031 -1.069 0.183
0.202 -0.13 1.031 -4.183 -0.489 0.779
0.227 -0.133 1.034 -4.168 -0.076 -0.061
0.212 -0.136 1.042 -4.412 -1.817 -0.855
0.218 -0.127 1.032 -4.183 -1.573 -1.435
0.199 -0.121 1.037 -4.015 -2.107 -1.267
0.208 -0.124 1.038 -3.969 -1.802 -0.992
0.201 -0.111 1.033 -4.229 -1.679 -0.26
0.2 -0.121 1.026 -4.84 -1.115 0.122
0.209 -0.127 1.026 -4.794 -1.527 0.718
0.221 -0.126 1.03 -5.221 -1.511 0.87
0.231 -0.128 1.031 -5.542 -1.389 0.183
0.234 -0.119 1.035 -5.725 -1.084 -0.351
0.225 -0.12 1.042 -5.176 -1.893 -0.595
0.21 -0.126 1.037 -4.595 -2.122 -1.374
0.215 -0.119 1.039 -4.305 -2.855 -1.359
0.212 -0.113 1.033 -4.275 -2.733 -1.115
0.213 -0.11 1.02 -5.023 -2.656 -0.962
0.212 -0.11 1.016 -5.924 -1.893 -0.443
0.21 -0.107 1.024 -6.962 -0.931 -0.168
0.216 -0.118 1.041 -7.191 0.366 -0.427
0.203 -0.12 1.05 -7.176 -0.092 -1.115
0.197 -0.118 1.051 -6.809 -1.511 -1.282
0.202 -0.125 1.059 -6.458 -1.847 -2.183
0.194 -0.135 1.061 -5.74 -2.947 -1.954
0.213 -0.128 1.067 -5.145 -1.481 -1.771
0.196 -0.133 1.068 -4.947 -1.267 -1.221
0.19 -0.125 1.058 -4.443 -1.389 0.076
0.207 -0.13 1.054 -4.26 -0.26 0.87
0.216 -0.128 1.066 -3.74 0.397 0.885
0.212 -0.132 1.053 -2.977 -0.321 0.565
0.22 -0.129 1.048 -2.748 -1.298 -0.489
0.211 -0.13 1.042 -2.55 -2.443 -1.45
0.203 -0.12 1.038 -2.611 -3.74 -1.725
0.211 -0.122 1.043 -3.282 -3.496 -1.618
0.211 -0.119 1.022 -3.847 -2.107 -1.435
0.203 -0.112 1.026 -4.275 -1.344 -0.718
0.194 -0.118 1.02 -4.672 -0.611 0.26
0.2 -0.113 1.024 -4.84 -0.198 1.252
0.208 -0.122 1.027 -5.145 -0.351 1.618
0.221 -0.123 1.042 -5.557 -1.008 1.71
0.227 -0.137 1.044 -5.282 -1.679 1.282
0.251 -0.135 1.053 -4.947 -2.794 -0.046
0.249 -0.132 1.059 -4.305 -2.855 -1.664
0.234 -0.133 1.051 -3.832 -3.45 -2.076
0.224 -0.134 1.037 -3.511 -4.137 -2.031
0.224 -0.129 1.026 -3.695 -2.29 -2.092
0.216 -0.124 1.024 -3.939 -2.244 -1.466
0.216 -0.115 1.03 -4.504 -1.313 -1.191
0.209 -0.116 1.03 -4.885 -1.221 -0.916
0.223 -0.124 1.023 -5.206 -0.809 -0.885
0.221 -0.132 1.035 -5.328 -1.267 -1.084
0.23 -0.131 1.033 -5.359 -1.466 -1.16
0.228 -0.134 1.047 -5.084 -1.939 -2.137
0.232 -0.123 1.05 -4.763 -2.137 -2.916
0.217 -0.126 1.048 -4.168 -1.893 -2.443
0.224 -0.119 1.04 -4.336 -1.771 -2.229
0.215 -0.119 1.042 -4.122 -0.061 -1.802
0.204 -0.114 1.029 -4.046 -0.656 -1.466
0.217 -0.121 1.022 -4.443 1.389 -1.679
0.229 -0.123 1.01 -5.023 0.031 -2.015
0.202 -0.126 1.035 -5.405 -0.687 -1.725
0.205 -0.124 1.042 -5.511 -2.947 -2.168
0.205 -0.125 1.034 -5.74 -3.374 -2.504
0.205 -0.127 1.042 -5.603 -3.664 -1.908
0.21 -0.125 1.038 -5.649 -2.229 -1.252
0.22 -0.132 1.044 -5.771 -0.748 -0.672
0.217 -0.128 1.048 -5.771 0.336 -1.038
0.209 -0.132 1.052 -5.115 -0.214 -0.489
0.208 -0.131 1.05 -4.397 -1.405 -1.282
0.201 -0.128 1.044 -3.557 -2.214 -1.634
0.182 -0.124 1.064 -3.389 -4.046 -1.618
0.218 -0.119 1.039 -3.466 -2.611 -1.618
0.213 -0.126 1.026 -4.504 -3.237 -1.267
0.221 -0.118 1.028 -5.221 -2.565 -0.779
0.213 -0.113 1.027 -5.435 -1.649 -0.519
0.213 -0.12 1.043 -5.359 -0.733 -0.015
0.212 -0.13 1.048 -4.779 -1.023 -0.275
0.22 -0.129 1.046 -4.214 -1.267 -0.26
0.22 -0.139 1.05 -3.847 -1.573 -0.534
0.208 -0.127 1.04 -3.695 -1.679 -0.916
0.214 -0.129 1.033 -3.832 -1.511 -1.267
0.203 -0.131 1.033 -3.817 -1.557 -0.931
0.203 -0.123 1.032 -4.015 -2.565 -0.382
0.208 -0.114 1.025 -4.427 -1.924 -0.107
0.216 -0.115 1.03 -5.069 -1.252 0.595
0.221 -0.123 1.023 -5.573 -0.137 0.443
0.228 -0.122 1.043 -5.328 0.351 0.366
0.239 -0.123 1.05 -4.702 0.779 -0.565
0.228 -0.129 1.052 -4.137 -0.794 -1.832
0.214 -0.12 1.048 -3.634 -2.779 -2.473
0.209 -0.115 1.045 -3.71 -3.282 -2.824
0.211 -0.125 1.026 -3.863 -2.473 -2.122
0.219 -0.12 1.039 -4.611 0.229 -1.466
0.216 -0.119 1.036 -4.702 1.771 -0.443
0.219 -0.128 1.03 -5.13 1.939 0.565
0.219 -0.124 1.038 -5.023 2.153 0.351
0.217 -0.126 1.043 -5.252 -0.412 -0.351
0.22 -0.125 1.038 -4.87 -1.664 -1.725
0.201 -0.118 1.036 -4.55 -3.344 -2.275
0.196 -0.119 1.039 -4.336 -3.115 -1.664
0.207 -0.119 1.032 -4.504 -2.0 -0.87
0.21 -0.119 1.031 -4.992 -0.015 0.031
0.212 -0.124 1.032 -5.588 0.763 0.351
0.215 -0.129 1.046 -5.847 0.26 0.351
0.215 -0.133 1.054 -5.496 -1.42 -0.336
0.224 -0.136 1.058 -4.885 -2.0 -0.779
0.225 -0.139 1.052 -3.954 -2.061 -1.099
0.224 -0.141 1.054 -3.756 -2.443 -1.267
0.222 -0.124 1.047 -3.374 -0.931 -1.542
0.215 -0.129 1.038 -3.45 -0.305 -0.87
0.217 -0.125 1.045 -3.588 0.595 -0.916
0.21 -0.125 1.053 -3.542 -0.321 -0.809
0.198 -0.125 1.039 -3.573 -1.573 -0.977
0.205 -0.124 1.035 -3.496 -1.618 -0.977
0.208 -0.125 1.036 -3.679 -1.267 -0.702
0.209 -0.121 1.035 -3.511 -0.076 -0.656
0.231 -0.115 1.032 -3.954 2.611 -1.008
0.224 -0.126 1.034 -3.618 2.214 -0.26
0.221 -0.118 1.048 -2.763 1.435 -1.405
0.226 -0.118 1.033 -2.397 2.595 -2.748
0.204 -0.128 1.046 -2.916 -2.779 -2.672
0.221 -0.122 1.035 -2.397 -1.817 -2.962
0.212 -0.116 1.035 -3.389 -1.71 -2.321
0.205 -0.119 1.028 -4.015 -0.229 -1.481
0.207 -0.112 1.025 -4.84 0.947 -0.427
0.207 -0.122 1.045 -4.87 1.847 0.107
0.213 -0.126 1.044 -5.099 0.977 0.183
0.225 -0.13 1.049 -4.641 0.595 -0.916
0.225 -0.135 1.052 -3.908 -1.527 -1.832
0.226 -0.128 1.05 -3.328 -2.351 -2.626
0.217 -0.116 1.042 -3.145 -1.527 -2.947
0.208 -0.12 1.047 -3.71 -0.412 -2.611
0.209 -0.114 1.039 -4.031 1.069 -1.756
0.196 -0.116 1.035 -4.733 1.985 -0.748
0.202 -0.12 1.042 -5.084 2.229 0.0
0.203 -0.127 1.049 -5.084 1.573 -0.55
0.208 -0.129 1.056 -4.656 -0.275 -0.855
0.211 -0.123 1.051 -3.679 -1.618 -1.267
0.216 -0.118 1.043 -3.45 -1.725 -1.802
0.205 -0.118 1.042 -3.374 -1.924 -1.695
0.206 -0.115 1.035 -3.786 -0.855 -1.481
0.208 -0.115 1.036 -4.122 -0.565 -1.252
0.208 -0.116 1.047 -4.29 0.137 -0.87
0.209 -0.121 1.048 -4.092 0.198 -0.87
0.209 -0.125 1.053 -3.878 -0.611 -1.13
0.207 -0.118 1.049 -3.573 -1.863 -1.435
0.217 -0.129 1.05 -3.466 -1.786 -1.557
0.209 -0.116 1.042 -3.191 -1.786 -1.679
0.204 -0.121 1.047 -3.206 -0.489 -1.206
0.185 -0.114 1.047 -3.908 -1.374 -0.977
0.171 -0.106 1.047 -5.023 -2.87 -0.382
0.197 -0.121 1.049 -4.427 -1.206 -0.366
0.194 -0.115 1.057 -4.321 -0.702 -0.977
0.189 -0.121 1.042 -4.473 -2.397 -0.779
0.2 -0.123 1.033 -4.031 -1.099 -0.519
0.203 -0.127 1.04 -4.382 -1.557 -0.26