0.105 0.047 1.074 -2.947 -4.214 -0.794
0.112 0.049 1.071 -2.489 -4.824 -0.458
0.114 0.056 1.075 -1.771 -4.702 0.061
0.109 0.055 1.055 -1.847 -2.336 0.473
0.116 0.053 1.056 -2.351 -0.076 1.084
0.102 0.051 1.058 -3.069 -0.015 1.74
0.11 0.054 1.06 -3.557 -0.214 2.198
0.125 0.052 1.078 -3.954 0.229 2.0
0.122 0.054 1.081 -4.031 0.611 1.542
0.131 0.056 1.073 -3.74 0.076 0.733
0.13 0.052 1.084 -2.992 -1.389 -0.107
0.132 0.06 1.073 -2.962 -3.023 -0.366
0.12 0.048 1.075 -2.641 -4.977 -0.29
0.133 0.052 1.075 -2.916 -6.092 -0.046
0.133 0.052 1.066 -2.84 -4.763 0.244
0.136 0.054 1.048 -3.237 -1.679 1.176
0.139 0.048 1.061 -3.298 0.137 1.893
0.145 0.049 1.059 -3.542 -0.458 2.183
0.158 0.044 1.057 -3.038 -0.015 1.695
0.162 0.052 1.068 -2.595 0.092 0.58
0.167 0.054 1.049 -3.13 -0.626 -0.656
0.162 0.055 1.05 -4.0 -2.031 -1.71
0.145 0.053 1.052 -4.855 -4.122 -2.641
0.149 0.052 1.055 -4.977 -5.13 -2.962
0.145 0.055 1.047 -5.649 -4.916 -3.42
0.122 0.051 1.069 -6.107 -3.786 -3.511
0.122 0.057 1.078 -5.802 -4.443 -3.252
0.124 0.06 1.079 -5.634 -3.771 -2.443
0.129 0.057 1.071 -5.13 -1.405 -2.198
0.108 0.061 1.069 -5.115 -0.718 -2.092
0.102 0.068 1.062 -5.344 -0.992 -1.359
0.103 0.055 1.075 -5.221 -2.275 -0.626
0.119 0.062 1.08 -4.611 -3.435 -0.473
0.127 0.065 1.068 -4.229 -3.588 -0.641
0.123 0.071 1.073 -3.878 -2.26 -0.87
0.117 0.062 1.064 -3.878 -1.206 -0.611
0.116 0.068 1.06 -3.863 -0.275 -0.061
0.117 0.064 1.064 -3.527 0.137 0.641
0.134 0.067 1.059 -3.618 -0.519 0.794
0.128 0.07 1.054 -3.405 -0.427 0.473
0.124 0.071 1.05 -3.618 -1.832 0.351
0.127 0.063 1.044 -4.092 -2.84 0.229
0.135 0.069 1.048 -4.061 -4.397 0.321
0.141 0.06 1.052 -3.679 -5.176 0.336
0.141 0.057 1.05 -3.282 -4.794 0.122
0.146 0.05 1.049 -2.183 -5.527 -0.137
0.158 0.05 1.037 -0.733 -6.779 -0.992
0.162 0.056 1.026 0.015 -7.771 -2.137
0.151 0.051 1.007 0.336 -7.206 -2.763
0.14 0.058 0.99 0.031 -6.611 -3.053
0.13 0.069 0.95 -1.038 -6.229 -3.099
0.123 0.071 0.934 -3.069 -7.344 -2.794
0.116 0.074 0.925 -4.351 -8.84 -2.351
0.109 0.076 0.923 -5.771 -11.008 -2.427
0.104 0.067 0.913 -6.763 -13.832 -2.779
0.099 0.074 0.917 -7.847 -15.786 -3.16
0.086 0.068 0.904 -8.595 -17.985 -2.702
0.097 0.075 0.886 -9.573 -19.328 -1.939
0.094 0.078 0.891 -10.702 -18.595 -1.008
0.111 0.083 0.869 -12.397 -18.321 -0.214
0.12 0.077 0.873 -13.206 -16.321 0.58
0.129 0.084 0.858 -13.252 -18.321 0.84
0.132 0.075 0.835 -14.641 -16.366 1.099
0.127 0.079 0.825 -17.405 -16.153 1.16
0.119 0.076 0.822 -20.84 -21.115 1.893
0.116 0.08 0.817 -24.229 -26.137 2.885
0.128 0.091 0.813 -27.817 -28.687 4.366
0.144 0.091 0.806 -31.74 -30.412 5.71
0.154 0.086 0.827 -34.718 -27.863 8.015
0.181 0.079 0.863 -35.023 -14.031 12.901
0.188 0.059 0.882 -34.412 15.13 19.618
0.197 0.044 0.896 -33.756 43.298 25.603
0.193 0.019 0.908 -33.176 57.16 28.824
0.198 -0.001 0.92 -34.137 56.397 27.725
0.181 -0.012 0.923 -37.649 43.954 23.664
0.158 -0.041 0.955 -40.733 23.511 18.229
0.142 -0.046 0.982 -42.458 -2.015 13.084
0.156 -0.053 0.97 -42.046 -25.359 8.015
0.17 -0.049 0.937 -42.031 -43.664 3.023
0.158 -0.048 0.898 -42.122 -57.893 -0.748
0.145 -0.053 0.87 -42.458 -65.649 -2.031
0.137 -0.055 0.849 -43.878 -69.038 -0.87
0.157 -0.053 0.85 -44.489 -66.153 2.061
0.176 -0.062 0.841 -44.412 -50.366 5.45
0.149 -0.068 0.875 -45.191 -33.878 9.099
0.113 -0.072 0.919 -44.672 -23.389 13.267
0.1 -0.077 0.946 -43.008 -24.382 17.023
0.143 -0.075 0.946 -41.252 -32.748 18.092
0.167 -0.083 0.957 -40.076 -40.153 17.298
0.179 -0.088 0.945 -38.305 -48.626 15.71
0.198 -0.095 0.93 -38.107 -57.16 14.443
0.203 -0.118 0.923 -38.443 -62.947 14.0
0.203 -0.122 0.907 -39.74 -66.702 14.87
0.229 -0.143 0.912 -42.214 -65.527 18.031
0.249 -0.168 0.94 -42.962 -50.931 23.13
0.258 -0.188 0.952 -42.885 -33.511 29.817
0.3 -0.197 0.96 -43.618 -23.725 35.344
0.369 -0.208 0.926 -44.687 -24.855 36.779
0.426 -0.211 0.89 -50.412 -34.061 33.267
0.436 -0.23 0.931 -57.634 -57.527 26.809
0.436 -0.252 1.025 -60.55 -82.565 21.206
0.461 -0.27 1.118 -59.878 -96.992 19.359
0.495 -0.291 1.195 -51.863 -89.099 20.519
0.549 -0.298 1.251 -39.893 -59.115 23.115
0.563 -0.29 1.211 -28.687 -16.595 26.87
0.53 -0.279 1.151 -21.481 13.42 29.053
0.502 -0.274 1.07 -22.305 11.878 27.756
0.52 -0.269 1.003 -23.115 3.313 23.756
0.502 -0.275 0.983 -28.305 -10.076 18.092
0.49 -0.297 1.024 -32.534 -26.214 12.321
0.454 -0.305 1.101 -33.389 -36.901 8.321
0.469 -0.311 1.161 -31.237 -43.664 4.534
0.423 -0.315 1.237 -26.779 -47.863 2.855
0.42 -0.332 1.302 -16.214 -42.046 3.71
0.414 -0.324 1.28 -6.458 -36.794 6.275
0.438 -0.328 1.227 2.153 -22.733 8.626
0.429 -0.31 1.119 5.45 -13.954 10.092
0.428 -0.27 1.01 2.29 -13.511 11.145
0.467 -0.258 0.957 -4.382 -20.947 8.779
0.483 -0.257 1.006 -10.992 -28.031 6.305
0.491 -0.277 1.078 -12.779 -27.42 4.87
0.475 -0.284 1.177 -10.122 -22.962 4.733
0.486 -0.295 1.201 -8.626 -19.008 4.595
0.483 -0.296 1.217 -2.656 -20.305 3.45
0.533 -0.285 1.016 4.351 -27.099 3.313
0.47 -0.295 1.175 6.947 -31.695 2.137
0.469 -0.321 1.118 8.901 -38.672 2.061
0.493 -0.312 1.077 10.519 -47.588 2.183
0.549 -0.309 1.036 8.321 -45.267 3.145
0.593 -0.327 1.097 8.427 -39.313 2.58
0.653 -0.328 1.121 15.298 -36.992 0.412
0.68 -0.317 1.099 14.122 -26.87 -4.977
0.655 -0.309 1.142 17.023 -17.298 -9.145
0.636 -0.281 1.187 16.412 -16.565 -15.023
0.55 -0.306 1.132 21.344 -24.412 -15.511
0.518 -0.271 1.084 18.26 -32.672 -13.695
0.51 -0.268 1.064 16.443 -34.137 -11.817
0.526 -0.248 1.028 13.771 -27.74 -10.473
0.527 -0.25 1.026 12.183 -15.618 -9.527
0.506 -0.237 1.039 11.466 -7.649 -8.58
0.493 -0.24 1.039 10.29 -4.0 -7.954
0.481 -0.234 1.024 8.992 -3.359 -6.855
0.463 -0.224 1.019 7.023 -6.107 -6.29
0.452 -0.228 1.002 5.74 -10.794 -4.656
0.458 -0.232 1.003 3.786 -12.198 -2.733
0.463 -0.229 0.994 1.893 -8.305 -1.832
0.467 -0.226 1.035 -1.649 -7.16 -0.58
0.468 -0.23 1.051 -1.237 -3.527 0.336
0.471 -0.235 1.052 0.321 0.58 1.496
0.468 -0.221 1.037 1.985 1.466 2.351
0.475 -0.221 1.005 2.672 0.992 3.069
0.48 -0.215 0.958 1.511 1.313 3.924
0.504 -0.215 0.921 0.076 4.336 3.847
0.507 -0.206 0.91 -1.359 6.947 2.824
0.511 -0.201 0.909 -2.489 8.244 2.321
0.5 -0.2 0.901 -3.45 10.336 2.137
0.505 -0.2 0.891 -5.908 11.878 2.382
0.5 -0.202 0.895 -7.939 8.809 1.954
0.502 -0.205 0.91 -9.435 4.397 1.771
0.511 -0.207 0.92 -10.718 2.366 1.771
0.529 -0.211 0.948 -10.962 2.275 1.389
0.531 -0.203 0.965 -10.122 3.679 0.229
0.509 -0.205 0.968 -8.29 3.466 -0.733
0.505 -0.204 0.964 -7.389 0.733 -0.656
0.494 -0.197 0.955 -7.221 0.275 -0.58
0.495 -0.196 0.947 -7.802 1.664 0.046
0.501 -0.2 0.937 -8.122 3.74 0.351
0.504 -0.201 0.946 -7.756 6.351 0.351
0.508 -0.204 0.943 -6.977 6.29 0.0
0.514 -0.203 0.944 -5.802 4.137 -0.641
0.498 -0.204 0.934 -4.336 2.214 -1.374
0.49 -0.204 0.944 -5.496 -0.779 -1.603
0.505 -0.204 0.949 -5.069 -0.595 -1.893
0.519 -0.208 0.944 -5.313 2.687 -1.908
0.51 -0.201 0.946 -5.588 8.473 -1.573
0.499 -0.204 0.947 -6.29 12.473 -1.115
0.472 -0.204 0.947 -7.252 11.145 -0.183
0.461 -0.209 0.954 -7.771 7.45 1.206
0.481 -0.202 0.961 -8.565 0.962 1.221
0.497 -0.216 0.979 -7.435 -2.0 0.397
0.491 -0.209 0.98 -6.855 -2.992 -0.931
0.491 -0.212 0.985 -5.176 -3.313 -1.313
0.494 -0.211 0.968 -4.061 1.038 -1.573
0.479 -0.207 0.955 -4.656 4.504 -1.878
0.441 -0.219 0.97 -5.023 0.779 -1.313
0.443 -0.217 0.962 -5.038 -3.084 -0.824
0.449 -0.21 0.964 -5.206 -3.74 0.214
0.457 -0.221 0.955 -5.206 -4.473 0.947
0.483 -0.212 0.935 -5.863 -1.756 1.481
0.491 -0.215 0.928 -6.885 3.802 1.847
0.492 -0.216 0.922 -7.985 7.344 2.412
0.489 -0.217 0.926 -8.763 6.718 2.137
0.484 -0.211 0.936 -8.595 3.771 1.176
0.488 -0.217 0.953 -8.397 -0.656 0.061
0.48 -0.21 0.969 -7.481 -3.069 -0.672
0.471 -0.216 0.972 -6.275 -3.252 -0.672
0.478 -0.213 0.969 -5.282 -1.511 -0.351
0.477 -0.211 0.959 -5.115 3.344 0.061
0.467 -0.218 0.946 -5.42 5.74 0.275
0.462 -0.213 0.95 -6.275 5.145 0.779
0.469 -0.213 0.934 -7.374 2.55 1.176
0.474 -0.21 0.927 -8.244 0.748 1.282
0.481 -0.216 0.947 -8.855 0.275 1.115
0.486 -0.218 0.959 -8.87 -0.351 0.672
0.497 -0.213 0.956 -8.412 1.42 0.29
0.5 -0.22 0.951 -8.702 4.763 0.153
0.497 -0.226 0.97 -8.412 5.939 -0.702
0.486 -0.226 0.972 -7.618 3.893 -1.466
0.473 -0.224 0.963 -7.603 2.855 -1.481
0.457 -0.221 0.974 -7.267 0.275 -1.511
0.448 -0.226 0.984 -6.366 -1.832 -1.511
0.451 -0.227 0.988 -5.298 -2.214 -1.16
0.462 -0.227 0.982 -4.565 -1.344 -0.595
0.473 -0.222 0.963 -4.214 2.794 -0.519
0.464 -0.219 0.954 -3.969 6.504 -0.336
0.468 -0.226 0.93 -4.198 6.214 -0.214
0.467 -0.221 0.931 -5.344 3.527 -0.794
0.458 -0.224 0.943 -5.756 1.466 -1.115
0.453 -0.218 0.963 -5.496 -0.84 -1.481
0.446 -0.223 0.964 -5.298 -1.924 -1.603
0.454 -0.229 0.968 -4.55 -1.634 -1.481
0.45 -0.221 0.963 -4.153 0.321 -1.13
0.436 -0.224 0.95 -4.214 1.374 -0.397
0.44 -0.222 0.949 -4.397 0.779 0.122
0.443 -0.22 0.944 -4.458 -0.137 0.824
0.459 -0.218 0.934 -4.84 -0.733 0.977
0.467 -0.223 0.947 -5.053 -0.504 0.443
0.473 -0.222 0.954 -4.947 -0.275 0.122
0.476 -0.221 0.955 -5.16 -1.084 -0.168
0.491 -0.228 0.957 -5.313 -0.092 -1.023
0.504 -0.23 0.965 -5.13 2.595 -2.534
0.493 -0.231 0.972 -4.473 4.519 -3.176
0.477 -0.231 0.968 -4.061 3.115 -3.649
0.474 -0.223 0.973 -3.557 1.802 -3.756
0.458 -0.223 0.964 -3.466 0.687 -3.405
0.459 -0.217 0.952 -3.817 -1.145 -3.038
0.458 -0.22 0.948 -4.137 -3.008 -2.931
0.464 -0.224 0.952 -3.771 -2.366 -2.687
0.456 -0.224 0.954 -4.031 -0.901 -2.076
0.462 -0.223 0.959 -3.771 1.634 -1.389
0.466 -0.221 0.957 -3.893 4.153 -1.527
0.461 -0.215 0.956 -4.031 5.191 -1.939
0.447 -0.223 0.976 -4.061 1.969 -1.832
0.441 -0.224 0.974 -3.206 -0.763 -1.435
0.446 -0.22 0.974 -2.931 -1.695 -1.282
0.444 -0.218 0.965 -2.092 -2.565 -1.344
0.441 -0.221 0.954 -2.443 -2.26 -0.733
0.456 -0.22 0.951 -2.366 -0.733 -0.092
0.457 -0.219 0.946 -2.84 4.198 0.26
0.455 -0.217 0.953 -3.023 5.099 -0.031
0.446 -0.218 0.947 -3.191 4.046 0.26
0.457 -0.225 0.951 -3.435 3.16 0.229
0.458 -0.222 0.947 -3.466 0.779 -0.122
0.459 -0.223 0.952 -3.42 -0.305 -0.763
0.458 -0.221 0.946 -3.618 -1.817 -1.145
0.447 -0.221 0.942 -3.664 -2.901 -1.084
0.456 -0.219 0.94 -4.061 -2.229 -0.641
0.455 -0.22 0.931 -4.611 -1.038 -0.29
0.457 -0.221 0.941 -4.656 0.198 -0.489
0.453 -0.222 0.949 -4.321 1.069 -0.076
0.451 -0.221 0.956 -4.55 -0.244 -0.198
0.457 -0.221 0.951 -4.305 -1.099 -0.092
0.462 -0.224 0.956 -4.977 0.0 -0.519
0.471 -0.22 0.963 -4.977 0.84 -0.473
0.461 -0.223 0.959 -4.794 1.282 -1.038
0.453 -0.218 0.969 -4.229 0.122 -1.313
0.452 -0.216 0.954 -4.183 -1.344 -1.038
0.45 -0.212 0.957 -4.214 -1.237 -1.038
0.446 -0.217 0.958 -4.565 -1.359 -0.824
0.447 -0.212 0.962 -4.84 -0.977 -0.489
0.458 -0.212 0.958 -5.038 -0.763 -0.061
0.473 -0.211 0.96 -4.733 1.298 -0.061
0.467 -0.21 0.96 -4.885 2.779 -0.824
0.462 -0.208 0.964 -5.084 2.275 -1.145
0.448 -0.218 0.958 -5.618 0.84 -1.344
0.449 -0.214 0.97 -5.603 -1.099 -1.282
0.44 -0.216 0.975 -5.435 -3.496 -1.206
0.443 -0.22 0.978 -5.313 -3.527 -1.084
0.443 -0.22 0.98 -4.931 -1.359 -0.565
0.455 -0.22 0.969 -4.626 0.458 -0.397
0.458 -0.219 0.975 -4.061 1.298 -0.489
0.45 -0.216 0.963 -3.618 -0.275 -0.58
0.456 -0.208 0.958 -3.603 -0.443 -0.565
0.455 -0.212 0.956 -4.26 -0.733 -0.718
0.456 -0.218 0.958 -4.58 -1.344 -0.824
0.461 -0.228 0.974 -4.672 -1.557 -0.977
0.467 -0.219 0.979 -4.412 1.252 -1.267
0.468 -0.217 0.981 -4.0 4.489 -1.496
0.453 -0.219 0.979 -3.221 3.878 -1.664
0.441 -0.227 0.984 -2.305 0.855 -2.015
0.441 -0.216 0.967 -2.137 -1.771 -1.603
0.438 -0.213 0.939 -2.992 -4.076 -1.695
0.439 -0.212 0.94 -3.511 -4.458 -1.191
0.446 -0.21 0.946 -3.679 -4.733 -1.099
0.45 -0.209 0.954 -3.481 -2.244 -0.916
0.447 -0.21 0.941 -3.557 0.794 -0.504
0.433 -0.217 0.95 -4.153 1.939 -0.183
0.429 -0.214 0.965 -4.672 3.374 0.641
0.434 -0.219 0.973 -3.985 1.573 0.733
0.45 -0.221 0.955 -4.061 -0.916 0.595
0.456 -0.22 0.956 -3.878 -0.748 0.382
0.468 -0.214 0.953 -3.832 -2.26 -0.397
0.479 -0.215 0.953 -3.359 -1.969 -1.557
0.472 -0.218 0.952 -3.817 2.107 -2.046
0.458 -0.215 0.943 -4.718 5.466 -2.198
0.442 -0.209 0.941 -5.679 4.534 -1.893
0.432 -0.219 0.951 -6.0 1.099 -1.481
0.435 -0.208 0.964 -6.427 -0.473 -1.359
0.435 -0.21 0.975 -5.756 -1.969 -1.298
0.438 -0.211 0.973 -4.885 -2.382 -1.023
0.437 -0.212 0.971 -4.855 -0.992 -0.809
0.45 -0.216 0.975 -3.664 1.13 -0.382
0.45 -0.216 0.959 -3.573 4.092 -0.351
0.443 -0.211 0.946 -4.244 4.87 -0.519
0.443 -0.208 0.947 -4.611 1.618 -0.626
0.443 -0.209 0.955 -4.977 -2.336 -0.534
0.451 -0.21 0.968 -4.992 -4.595 -1.16
0.444 -0.217 0.963 -5.084 -5.405 -1.099
0.436 -0.212 0.965 -5.084 -5.267 -0.779
0.444 -0.214 0.958 -5.237 -3.069 -0.55
0.457 -0.215 0.959 -4.87 0.885 -0.55
0.447 -0.221 0.96 -5.328 1.008 -0.977
0.439 -0.212 0.949 -6.321 -0.824 -0.687
0.439 -0.211 0.952 -6.29 -3.908 -0.458
0.451 -0.221 0.967 -6.046 -3.481 -0.458
0.443 -0.224 0.974 -5.756 -3.145 -0.489
0.447 -0.219 0.966 -5.298 -2.947 -0.397
0.46 -0.222 0.976 -5.511 -0.992 -0.519
0.454 -0.211 0.975 -5.466 0.947 -0.366
0.447 -0.219 0.971 -4.977 2.26 -1.099
0.44 -0.219 0.974 -4.992 0.397 -1.527
0.433 -0.214 0.965 -4.962 -1.328 -1.313
0.44 -0.216 0.963 -5.603 -2.168 -1.176
0.448 -0.216 0.975 -5.145 -1.756 -1.298
0.445 -0.215 0.974 -4.595 -0.534 -1.176
0.432 -0.214 0.975 -4.061 2.305 -0.351
0.436 -0.221 0.961 -4.29 2.733 0.031
0.438 -0.21 0.96 -4.275 1.939 0.183
0.442 -0.206 0.968 -4.794 0.733 -0.107
0.44 -0.211 0.963 -4.947 -1.084 -0.321
0.439 -0.214 0.963 -5.084 -2.809 -0.183
0.446 -0.213 0.956 -5.374 -3.435 -0.137
0.467 -0.216 0.946 -5.542 -1.786 -0.321
0.467 -0.216 0.956 -5.664 1.099 -0.809
0.444 -0.216 0.954 -5.954 2.107 -0.87
0.439 -0.216 0.957 -6.763 0.198 -0.763
0.438 -0.218 0.965 -6.87 -2.137 -0.565
0.438 -0.217 0.971 -6.214 -3.405 -0.824
0.446 -0.218 0.968 -5.496 -4.076 -0.977
0.434 -0.22 0.964 -4.809 -3.924 -0.916
0.442 -0.217 0.95 -4.534 -3.985 -0.458
0.448 -0.216 0.948 -4.458 -1.16 -0.214
0.45 -0.215 0.958 -4.366 0.977 -0.366
0.439 -0.218 0.967 -4.153 -0.244 -0.443
0.438 -0.215 0.955 -4.29 -1.542 -0.26
0.439 -0.217 0.943 -4.992 -2.595 -0.107
0.436 -0.216 0.945 -5.817 -4.321 -0.031
0.45 -0.211 0.958 -6.321 -5.802 -0.26
0.454 -0.219 0.961 -5.924 -4.885 -0.626
0.445 -0.214 0.976 -5.557 -1.802 -1.038
0.438 -0.218 0.985 -5.023 -0.305 -0.84
0.426 -0.222 0.967 -4.977 -0.916 -0.351
0.432 -0.216 0.975 -5.115 -3.252 0.183
0.433 -0.222 0.967 -5.145 -3.74 0.656
0.444 -0.214 0.971 -5.405 -3.71 1.053
0.465 -0.218 0.961 -5.099 -3.084 0.687
0.459 -0.219 0.961 -5.389 -0.84 0.321
0.47 -0.223 0.963 -5.527 0.87 0.137
0.459 -0.226 0.961 -5.282 2.84 -0.015
0.451 -0.224 0.966 -5.237 1.954 -0.351
0.449 -0.23 0.974 -4.824 -1.664 -0.58
0.442 -0.215 0.972 -4.733 -3.45 -0.336
0.446 -0.218 0.971 -4.504 -4.519 -0.168
0.465 -0.22 0.967 -4.046 -4.137 -0.229
0.471 -0.215 0.97 -3.023 -1.313 -0.534
0.457 -0.22 0.97 -2.58 -0.26 -1.191
0.446 -0.219 0.951 -2.626 -1.023 -0.87
0.447 -0.216 0.938 -3.115 -2.137 -0.656
0.439 -0.224 0.948 -3.679 -4.321 -0.519
0.44 -0.223 0.951 -3.847 -5.817 0.168
0.439 -0.229 0.952 -3.771 -6.061 0.855
0.451 -0.223 0.945 -3.221 -5.679 1.084
0.458 -0.215 0.947 -3.084 -4.87 0.733
0.459 -0.218 0.946 -3.023 -4.214 0.412
0.458 -0.215 0.932 -3.771 -5.099 0.229
0.457 -0.223 0.941 -4.061 -4.733 -0.29
0.453 -0.213 0.942 -5.405 -4.794 -0.779
0.45 -0.209 0.957 -5.527 -3.878 -0.718
0.434 -0.213 0.955 -5.832 -3.527 -0.748
0.433 -0.218 0.968 -6.153 -3.359 -0.611
0.424 -0.216 0.981 -5.481 -3.496 0.198
0.438 -0.217 0.991 -4.687 -3.756 0.519
0.449 -0.214 1.0 -3.634 -3.71 1.13
0.457 -0.217 0.989 -2.809 -2.763 1.053
0.456 -0.215 0.973 -2.153 -0.29 1.099
0.462 -0.22 0.962 -2.779 1.634 0.87
0.454 -0.219 0.95 -3.206 0.107 0.687
0.463 -0.216 0.959 -3.344 -2.198 0.656
0.462 -0.219 0.945 -3.634 -3.405 0.336
0.468 -0.221 0.949 -4.046 -4.84 0.321