0.229 0.05 1.07 -4.046 0.244 0.84
0.216 0.06 1.058 -4.473 0.427 0.947
0.22 0.048 1.062 -4.397 -0.641 1.084
0.218 0.061 1.066 -3.878 0.321 1.221
0.208 0.06 1.069 -3.267 -0.443 1.008
0.219 0.063 1.062 -2.962 -1.42 1.023
0.221 0.061 1.047 -2.916 -1.237 0.809
0.224 0.057 1.052 -2.931 0.29 0.321
0.216 0.057 1.052 -3.008 0.855 0.214
0.214 0.057 1.051 -3.176 -0.412 0.458
0.219 0.06 1.052 -3.573 0.076 0.412
0.212 0.057 1.061 -3.435 -0.26 0.321
0.225 0.057 1.056 -2.733 -0.26 0.107
0.219 0.063 1.044 -2.397 -1.237 -0.29
0.23 0.059 1.04 -2.443 -1.481 -0.809
0.224 0.062 1.049 -2.275 0.153 -1.038
0.222 0.064 1.05 -1.878 -0.641 -1.191
0.23 0.066 1.037 -1.802 -1.008 -1.313
0.22 0.081 1.038 -1.115 -2.87 -1.832
0.229 0.083 1.015 -2.153 -2.275 -2.122
0.215 0.079 1.008 -3.573 -1.267 -2.015
0.212 0.083 1.017 -5.069 -0.397 -1.542
0.209 0.079 1.021 -6.55 0.458 -1.038
0.208 0.079 1.047 -7.344 0.565 -0.702
0.208 0.077 1.062 -7.237 0.031 -0.382
0.206 0.073 1.073 -6.748 1.191 -0.275
0.204 0.068 1.078 -6.672 0.855 0.443
0.219 0.06 1.069 -6.885 2.718 0.595
0.215 0.062 1.076 -6.26 4.336 0.58
0.22 0.06 1.082 -5.664 2.366 0.427
0.227 0.062 1.086 -4.87 1.191 -0.336
0.228 0.057 1.067 -4.565 0.382 -0.947
0.212 0.052 1.084 -4.26 0.397 -1.45
0.21 0.058 1.079 -3.939 -1.023 -1.618
0.215 0.051 1.085 -3.221 -2.305 -1.573
0.22 0.06 1.065 -2.931 -2.687 -1.863
0.219 0.056 1.067 -2.992 -2.412 -2.122
0.211 0.061 1.072 -2.687 -1.176 -1.786
0.198 0.052 1.067 -2.656 -1.985 -1.71
0.216 0.057 1.033 -2.779 -1.053 -1.771
0.206 0.069 1.032 -3.328 -0.183 -2.076
0.197 0.066 1.047 -3.786 -1.695 -2.046
0.205 0.062 1.039 -4.214 -2.0 -1.756
0.208 0.058 1.05 -3.985 -2.687 -1.847
0.206 0.067 1.047 -4.137 -2.489 -1.908
0.201 0.06 1.046 -4.275 -2.198 -1.573
0.207 0.062 1.06 -4.198 -2.748 -1.313
0.207 0.063 1.056 -4.29 -2.504 -1.267
0.204 0.067 1.058 -4.198 -1.282 -1.359
0.203 0.067 1.057 -3.924 -2.992 -1.496
0.205 0.078 1.044 -3.618 -3.221 -1.374
0.205 0.074 1.033 -4.229 -0.534 -1.313
0.188 0.074 1.043 -4.901 -1.496 -0.885
0.198 0.072 1.041 -5.695 -1.466 -0.275
0.209 0.071 1.049 -5.664 -0.458 0.015
0.217 0.066 1.054 -5.649 0.214 0.244
0.221 0.068 1.07 -5.237 0.962 -0.107
0.215 0.067 1.06 -4.977 0.55 -0.336
0.211 0.072 1.056 -4.427 0.84 -0.519
0.209 0.065 1.06 -4.046 -0.397 -1.221
0.205 0.064 1.059 -3.832 -1.16 -1.527
0.204 0.062 1.064 -3.771 -1.924 -1.42
0.207 0.06 1.052 -3.237 -1.511 -1.405
0.213 0.055 1.062 -3.282 -1.099 -1.42
0.217 0.064 1.053 -3.084 -0.061 -1.466
0.209 0.063 1.049 -3.496 0.0 -1.267
0.209 0.062 1.046 -3.527 0.305 -1.206
0.211 0.063 1.045 -3.649 0.076 -1.863
0.212 0.065 1.035 -3.954 -0.412 -2.382
0.201 0.073 1.04 -4.275 -1.634 -2.611
0.199 0.07 1.04 -4.55 -2.046 -2.656
0.194 0.075 1.041 -4.718 -1.695 -2.29
0.187 0.072 1.024 -5.42 -2.412 -1.725
0.187 0.073 1.038 -5.618 -1.588 -0.779
0.188 0.082 1.033 -5.863 -1.115 -0.443
0.186 0.073 1.033 -5.893 0.015 0.229
0.196 0.065 1.024 -6.473 -0.137 0.489
0.193 0.073 1.04 -6.305 0.305 0.58
0.198 0.061 1.042 -5.649 0.458 0.504
0.204 0.067 1.041 -5.313 -1.099 -0.061
0.208 0.07 1.027 -5.115 -1.573 -0.748
0.204 0.066 1.021 -5.328 -2.641 -0.916
0.194 0.068 1.017 -5.634 -3.71 -1.053
0.192 0.071 1.015 -6.275 -4.382 -1.145
0.194 0.074 1.005 -7.084 -4.275 -1.115
0.192 0.07 1.005 -7.344 -5.817 -0.977
0.198 0.075 1.019 -6.718 -5.389 -1.145
0.202 0.071 1.02 -5.802 -5.985 -1.481
0.202 0.072 1.006 -5.084 -6.489 -2.0
0.188 0.074 1.001 -4.779 -7.191 -2.489
0.186 0.074 0.993 -4.198 -8.962 -2.885
0.192 0.076 0.976 -4.137 -10.55 -3.405
0.186 0.079 0.948 -4.321 -12.672 -4.076
0.168 0.08 0.94 -4.687 -14.84 -5.023
0.168 0.087 0.929 -5.206 -18.702 -5.481
0.162 0.086 0.933 -6.092 -21.557 -5.496
0.163 0.096 0.926 -5.725 -23.008 -5.374
0.163 0.091 0.917 -5.389 -25.924 -5.237
0.173 0.09 0.912 -4.656 -26.122 -4.992
0.174 0.097 0.892 -4.29 -27.267 -4.992
0.182 0.096 0.856 -4.565 -27.74 -5.221
0.183 0.097 0.81 -5.954 -30.122 -5.374
0.185 0.107 0.77 -8.901 -32.076 -5.573
0.181 0.104 0.737 -11.832 -34.168 -5.313
0.187 0.109 0.695 -15.206 -36.015 -4.641
0.198 0.112 0.666 -19.527 -37.756 -3.588
0.189 0.107 0.642 -28.275 -38.656 -1.771
0.22 0.072 0.699 -30.733 -35.664 -0.168
0.216 0.064 0.732 -34.977 -33.817 1.863
0.224 0.064 0.778 -37.649 -35.496 3.985
0.248 0.06 0.794 -38.916 -35.313 4.809
0.269 0.055 0.799 -40.382 -37.298 5.038
0.282 0.053 0.772 -41.298 -40.275 5.344
0.288 0.054 0.754 -41.45 -45.344 5.786
0.313 0.049 0.695 -43.618 -45.924 6.366
0.326 0.033 0.671 -47.344 -38.565 7.45
0.32 0.012 0.684 -52.412 -30.305 9.084
0.283 -0.01 0.741 -57.45 -19.084 13.176
0.283 -0.028 0.857 -58.504 -12.275 17.389
0.317 -0.045 0.927 -55.878 -10.244 18.885
0.344 -0.056 0.937 -51.908 -9.542 18.275
0.342 -0.064 0.919 -48.061 -14.275 16.214
0.352 -0.069 0.842 -45.725 -23.084 13.267
0.355 -0.072 0.746 -48.183 -29.771 10.748
0.363 -0.096 0.691 -53.359 -33.328 8.55
0.338 -0.118 0.697 -62.092 -38.29 7.985
0.289 -0.142 0.777 -67.74 -36.656 11.557
0.291 -0.16 0.89 -70.748 -42.244 15.969
0.351 -0.177 0.969 -70.168 -41.16 18.84
0.371 -0.192 1.049 -66.015 -36.107 20.168
0.387 -0.204 1.067 -59.405 -32.672 19.924
0.397 -0.206 1.04 -52.351 -29.802 18.718
0.391 -0.218 0.997 -46.58 -30.412 17.634
0.386 -0.219 0.898 -47.42 -29.252 17.725
0.361 -0.229 0.884 -49.756 -26.931 19.191
0.36 -0.24 0.914 -53.924 -36.855 20.718
0.381 -0.252 0.96 -58.046 -40.321 22.29
0.394 -0.263 1.04 -57.756 -43.206 23.71
0.41 -0.273 1.108 -53.847 -50.916 24.412
0.433 -0.277 1.114 -47.954 -54.443 25.053
0.472 -0.277 1.098 -41.42 -57.252 24.855
0.563 -0.266 1.044 -36.443 -52.84 22.748
0.612 -0.259 0.986 -33.084 -37.405 18.382
0.612 -0.247 0.985 -31.817 -16.733 15.16
0.577 -0.249 0.954 -32.718 7.924 14.336
0.509 -0.272 0.976 -34.137 21.069 16.092
0.486 -0.269 1.0 -35.344 16.824 16.977
0.482 -0.282 1.025 -36.641 4.641 17.542
0.524 -0.298 1.06 -35.771 -9.221 16.794
0.567 -0.321 1.084 -33.344 -25.939 13.389
0.614 -0.313 1.055 -32.305 -37.008 8.198
0.59 -0.34 1.068 -31.924 -43.344 5.634
0.598 -0.387 1.129 -29.206 -42.351 5.221
0.599 -0.391 1.16 -27.038 -31.038 7.588
0.585 -0.404 1.197 -22.0 -7.038 11.664
0.57 -0.394 1.197 -17.466 4.26 14.702
0.578 -0.4 1.159 -14.519 8.656 16.58
0.612 -0.396 1.119 -12.489 1.573 14.947
0.621 -0.408 1.084 -11.649 -19.649 10.809
0.649 -0.412 1.061 -14.901 -34.351 6.931
0.655 -0.421 1.131 -16.229 -46.107 3.756
0.684 -0.432 1.2 -13.191 -48.443 1.969
0.691 -0.433 1.23 -8.336 -33.237 1.939
0.682 -0.441 1.256 -3.786 -19.42 2.855
0.694 -0.431 1.25 2.214 -3.511 2.779
0.676 -0.425 1.227 8.382 3.817 1.298
0.631 -0.408 1.167 12.885 -0.748 -0.137
0.608 -0.386 1.075 13.893 -12.901 -1.344
0.603 -0.375 1.01 12.901 -24.748 -2.84
0.581 -0.375 0.961 10.26 -39.13 -3.618
0.586 -0.357 0.97 7.191 -53.511 -2.489
0.278 -0.513 1.704 24.122 -94.947 -6.26
0.626 -0.342 1.07 7.42 -25.145 -5.679
0.585 -0.364 1.053 8.015 -27.954 -5.634
0.574 -0.339 1.058 9.878 -15.466 -5.191
0.615 -0.333 1.026 7.618 -10.321 -6.534
0.56 -0.331 1.051 9.42 -4.244 -6.931
0.531 -0.321 1.048 10.504 -11.023 -6.885
0.488 -0.323 1.05 11.298 -24.656 -5.206
0.458 -0.322 1.057 6.55 -51.344 -4.489
0.555 -0.31 1.029 11.664 -27.359 -1.053
0.534 -0.315 1.031 9.649 -23.405 0.336
0.606 -0.306 0.983 8.611 -11.42 1.588
0.573 -0.302 1.005 7.74 -0.718 2.641
0.564 -0.294 0.978 7.725 -11.893 2.656
0.618 -0.282 0.951 7.969 -1.237 1.695
0.565 -0.27 0.944 7.099 -8.183 0.214
0.571 -0.283 0.941 7.511 -9.053 -0.153
0.57 -0.273 0.918 5.191 -14.198 -0.412
0.542 -0.282 0.924 4.962 -13.756 0.214
0.58 -0.28 0.905 4.656 -5.42 1.45
0.559 -0.273 0.916 2.076 -0.794 2.137
0.555 -0.271 0.899 1.374 6.153 3.099
0.544 -0.268 0.887 0.26 4.473 4.015
0.556 -0.275 0.89 -0.305 4.718 4.885
0.568 -0.274 0.892 -1.71 4.763 4.244
0.56 -0.271 0.902 -2.137 -0.351 3.603
0.562 -0.274 0.899 -1.16 -4.214 2.626
0.57 -0.273 0.906 -0.58 -7.481 1.756
0.562 -0.276 0.899 0.427 -7.557 1.573
0.573 -0.274 0.898 0.733 -6.504 1.542
0.581 -0.275 0.885 1.405 -2.198 1.664
0.58 -0.267 0.863 1.038 2.122 1.45
0.582 -0.27 0.839 -2.031 8.0 0.84
0.563 -0.272 0.869 -2.718 6.351 1.069
0.556 -0.266 0.869 -2.916 4.031 1.45
0.555 -0.267 0.874 -2.55 -2.29 1.267
0.564 -0.261 0.867 -4.382 -4.58 0.626
0.561 -0.256 0.872 -3.221 -7.847 0.656
0.573 -0.258 0.858 -2.137 -10.519 0.595
0.598 -0.255 0.852 -1.664 -7.008 -0.031
0.585 -0.259 0.842 -0.519 -3.023 -0.901
0.559 -0.256 0.851 -0.901 -3.359 -1.282
0.541 -0.251 0.867 -2.046 -5.313 -1.237
0.538 -0.255 0.887 -2.534 -7.634 -0.275
0.538 -0.26 0.915 -2.473 -10.244 -0.015
0.537 -0.259 0.941 -0.916 -11.252 0.626
0.544 -0.258 0.934 0.672 -11.008 0.779
0.556 -0.257 0.92 1.893 -11.71 0.947
0.558 -0.25 0.906 2.962 -10.58 1.069
0.557 -0.248 0.896 2.794 -10.092 1.038
0.562 -0.24 0.884 -1.237 -4.229 0.824
0.531 -0.244 0.909 -1.511 -1.695 2.168
0.542 -0.251 0.892 -2.061 -3.008 2.763
0.548 -0.252 0.903 -1.832 -5.588 4.031
0.572 -0.251 0.908 -1.481 -8.87 4.687
0.599 -0.253 0.909 -0.855 -9.008 5.16
0.592 -0.26 0.921 0.855 -5.603 5.542
0.616 -0.25 0.904 0.748 -4.931 5.038
0.601 -0.248 0.906 2.977 -9.969 4.58
0.615 -0.25 0.884 2.656 -8.992 3.832
0.623 -0.244 0.878 1.817 -7.16 3.008
0.612 -0.235 0.874 0.901 -7.13 2.183
0.607 -0.235 0.868 0.076 -5.969 1.13
0.597 -0.237 0.871 -1.542 -6.443 0.565
0.598 -0.236 0.885 -2.336 -3.267 0.198
0.596 -0.234 0.878 -2.87 0.962 0.0
0.594 -0.241 0.877 -3.679 3.756 -0.26
0.589 -0.242 0.898 -3.42 5.359 -0.366
0.575 -0.242 0.904 -2.901 6.0 -0.107
0.58 -0.245 0.898 -2.412 5.511 -0.031
0.574 -0.249 0.884 -2.382 3.069 0.015
0.572 -0.247 0.885 -2.183 1.466 -0.275
0.58 -0.251 0.872 -2.305 0.351 -0.061
0.589 -0.25 0.87 -2.611 1.267 -0.351
0.596 -0.244 0.857 -2.962 4.107 -0.504
0.589 -0.248 0.848 -3.74 5.664 -0.641
0.576 -0.247 0.843 -4.473 5.511 -0.656
0.582 -0.247 0.849 -5.221 5.115 -0.534
0.571 -0.24 0.873 -5.863 4.153 -0.611
0.562 -0.247 0.873 -5.939 2.565 -0.779
0.56 -0.245 0.88 -6.183 0.046 -0.672
0.557 -0.25 0.88 -5.573 -1.511 0.137
0.563 -0.244 0.884 -5.206 -1.588 0.534
0.573 -0.246 0.879 -4.321 -0.55 0.809
0.567 -0.245 0.88 -3.634 -0.885 1.45
0.571 -0.245 0.875 -3.099 -0.824 1.847
0.572 -0.248 0.875 -3.191 -0.504 1.359
0.582 -0.242 0.867 -4.153 0.366 1.023
0.583 -0.242 0.862 -4.412 1.145 0.656
0.585 -0.24 0.863 -5.374 1.481 0.153
0.578 -0.243 0.866 -6.214 2.336 -0.305
0.563 -0.241 0.874 -6.977 2.26 -0.565
0.572 -0.247 0.895 -6.504 3.145 -0.565
0.566 -0.242 0.899 -5.939 2.183 -0.824
0.559 -0.242 0.89 -5.618 1.267 -0.977
0.548 -0.244 0.882 -5.45 0.153 -0.595
0.553 -0.246 0.871 -5.603 -0.626 0.031
0.559 -0.243 0.882 -6.198 -1.115 0.58
0.566 -0.251 0.871 -6.473 -1.985 1.16
0.575 -0.252 0.879 -6.305 -0.992 0.962
0.573 -0.259 0.885 -6.55 -1.099 0.153
0.571 -0.255 0.892 -6.336 -0.718 -0.412
0.559 -0.262 0.893 -6.351 -1.664 -0.748
0.561 -0.257 0.904 -5.863 -2.412 -0.321
0.554 -0.258 0.909 -5.45 -2.275 -0.366
0.549 -0.257 0.917 -4.718 -2.809 0.244
0.546 -0.256 0.922 -3.863 -4.0 0.916
0.559 -0.259 0.901 -3.267 -4.534 1.237
0.562 -0.252 0.894 -3.206 -4.687 1.084
0.561 -0.253 0.893 -2.947 -5.252 1.359
0.569 -0.254 0.878 -3.176 -5.511 1.695
0.589 -0.251 0.873 -3.542 -4.443 1.328
0.592 -0.249 0.881 -3.969 -1.893 0.198
0.577 -0.246 0.881 -4.29 -1.847 0.183
0.573 -0.251 0.893 -4.55 -3.466 0.214
0.593 -0.253 0.879 -4.931 -3.221 -0.015
0.585 -0.25 0.894 -5.221 -2.595 -0.351
0.576 -0.247 0.902 -4.87 -1.786 -0.244
0.578 -0.251 0.905 -4.351 -1.802 -0.229
0.574 -0.242 0.883 -4.382 -2.046 0.137
0.581 -0.243 0.868 -4.947 -1.695 -0.107
0.564 -0.245 0.881 -5.176 -1.359 -0.305
0.565 -0.241 0.884 -5.282 -0.687 -0.29
0.571 -0.251 0.891 -5.206 -0.504 -0.534
0.565 -0.243 0.901 -5.008 0.321 -0.656
0.554 -0.25 0.905 -4.229 -0.061 -0.29
0.554 -0.251 0.908 -3.481 0.198 0.107
0.554 -0.245 0.897 -2.885 -0.656 0.885
0.562 -0.248 0.883 -2.565 -1.221 1.16
0.571 -0.246 0.869 -3.756 -1.985 0.779
0.582 -0.248 0.879 -4.275 -2.275 0.55
0.591 -0.257 0.87 -4.687 -1.099 0.489
0.597 -0.251 0.881 -4.84 0.885 -0.046
0.594 -0.253 0.882 -4.748 2.824 -0.733
0.59 -0.246 0.871 -4.977 3.542 -1.099
0.577 -0.249 0.866 -5.359 2.885 -1.405
0.574 -0.249 0.862 -6.015 2.916 -1.45
0.583 -0.249 0.885 -6.275 3.511 -1.847
0.567 -0.251 0.889 -6.611 4.153 -2.122
0.554 -0.253 0.893 -6.534 4.214 -1.74
0.545 -0.25 0.889 -6.214 3.023 -1.481
0.539 -0.259 0.893 -5.771 0.947 -0.443
0.552 -0.253 0.888 -5.511 1.176 -0.321
0.547 -0.254 0.884 -5.634 1.924 -0.26
0.546 -0.253 0.893 -5.771 0.595 -0.153
0.551 -0.257 0.894 -5.679 0.076 0.397
0.554 -0.254 0.891 -5.282 -0.779 0.244
0.557 -0.254 0.888 -5.084 -1.893 0.183
0.569 -0.26 0.896 -4.305 -0.305 0.351
0.57 -0.257 0.896 -3.466 2.382 0.26
0.566 -0.259 0.906 -3.16 1.679 0.29
0.561 -0.259 0.89 -3.389 -0.763 0.443
0.565 -0.262 0.886 -3.664 -2.305 0.611
0.58 -0.26 0.875 -3.817 -1.618 -0.092
0.565 -0.255 0.877 -3.679 -0.519 -1.16
0.549 -0.257 0.883 -3.939 -1.786 -0.962
0.548 -0.253 0.885 -4.015 -2.489 -0.305
0.547 -0.258 0.882 -4.397 -4.214 0.031
0.552 -0.252 0.879 -4.427 -4.656 0.504
0.565 -0.25 0.887 -4.031 -3.008 0.626
0.558 -0.254 0.897 -3.191 -1.695 0.626
0.553 -0.251 0.896 -2.824 -2.29 0.84
0.549 -0.251 0.895 -2.733 -4.626 1.176
0.562 -0.26 0.899 -2.977 -6.107 1.16
0.564 -0.252 0.889 -2.824 -6.565 1.252
0.57 -0.26 0.876 -2.58 -6.198 1.771
0.57 -0.252 0.864 -2.336 -6.412 2.397
0.576 -0.253 0.857 -2.58 -5.13 2.519
0.58 -0.253 0.863 -3.435 -4.855 2.0
0.577 -0.257 0.882 -4.275 -4.672 2.168
0.568 -0.252 0.894 -4.305 -3.847 1.374
0.564 -0.257 0.902 -3.756 -4.687 0.992
0.56 -0.252 0.91 -3.588 -6.901 0.687
0.561 -0.256 0.913 -3.496 -8.443 0.687
0.577 -0.247 0.904 -3.16 -8.366 0.336
0.571 -0.253 0.904 -2.29 -9.084 -0.046
0.574 -0.246 0.894 -2.244 -5.573 0.015
0.581 -0.24 0.876 -2.122 -2.901 0.305
0.583 -0.241 0.876 -3.023 -2.321 0.122
0.58 -0.245 0.894 -3.771 -1.939 0.092
0.587 -0.241 0.89 -6.977 0.153 -0.397
0.582 -0.249 0.891 -10.046 16.672 -1.496
0.579 -0.242 0.909 -8.275 4.595 -1.573
0.564 -0.254 0.919 -3.603 0.718 -1.038
0.584 -0.248 0.896 -4.427 2.26 -1.603
0.568 -0.246 0.89 -6.809 7.282 -1.649
0.568 -0.25 0.895 -6.229 9.634 -1.145
0.562 -0.25 0.888 -5.573 6.901 -1.237
0.549 -0.253 0.901 -1.893 -1.878 -0.504
0.569 -0.249 0.885 -2.275 -3.802 -0.076
0.566 -0.252 0.871 -4.473 0.229 -0.046
0.565 -0.253 0.878 -5.511 1.771 -0.26
0.573 -0.252 0.898 -5.069 2.107 -0.214
0.56 -0.256 0.903 -4.214 -0.107 0.0
0.574 -0.251 0.889 -4.397 0.901 -0.122
0.572 -0.252 0.896 -4.275 1.45 -0.534
0.579 -0.253 0.902 -3.588 1.298 -1.084
0.568 -0.255 0.894 -3.053 0.641 -1.496
0.572 -0.25 0.902 -2.992 0.153 -1.817
0.562 -0.253 0.887 -3.42 1.298 -1.954
0.55 -0.253 0.888 -3.649 0.458 -1.71
0.55 -0.252 0.88 -3.542 -1.466 -0.901
0.549 -0.249 0.877 -3.893 -1.924 -0.427
0.552 -0.255 0.885 -3.924 -2.107 -0.214
0.551 -0.252 0.884 -4.137 -2.565 -0.076
0.558 -0.248 0.877 -3.802 -2.84 0.168
0.569 -0.251 0.883 -3.466 -1.664 -0.046
0.575 -0.251 0.871 -3.252 -1.069 -0.595
0.563 -0.246 0.886 -3.573 -1.893 -0.687
0.554 -0.247 0.872 -3.74 -3.344 -0.229
0.558 -0.248 0.884 -4.366 -4.0 -0.382
0.562 -0.247 0.894 -4.382 -3.878 -0.137
0.553 -0.251 0.896 -3.817 -4.076 0.26
0.558 -0.246 0.883 -3.802 -5.237 0.656
0.565 -0.256 0.882 -3.45 -4.58 0.382
0.562 -0.247 0.888 -2.87 -4.473 0.626
0.56 -0.252 0.899 -2.779 -4.733 0.748
0.568 -0.246 0.896 -2.595 -5.313 0.87
0.573 -0.249 0.878 -3.069 -5.45 0.977
0.575 -0.257 0.881 -3.16 -5.282 0.87
0.568 -0.246 0.877 -3.389 -4.885 0.656
0.569 -0.246 0.875 -3.679 -4.198 1.13
0.565 -0.244 0.888 -4.153 -4.55 1.405
0.573 -0.244 0.887 -4.672 -4.718 1.328
0.594 -0.247 0.865 -10.122 10.58 -0.26
0.56 -0.245 0.906 -9.053 4.611 -0.137
0.559 -0.246 0.896 -5.45 5.42 -0.382
0.56 -0.248 0.89 -4.809 1.969 -0.076
0.562 -0.244 0.901 -5.374 2.977 -0.031