0.194 0.14 1.041 -7.695 0.611 -0.443
0.198 0.144 1.046 -7.817 1.313 0.0
0.199 0.135 1.041 -7.71 0.901 -0.229
0.21 0.132 1.041 -7.588 2.198 -0.107
0.201 0.135 1.052 -7.557 2.092 -0.305
0.199 0.124 1.044 -7.573 1.588 -0.794
0.201 0.129 1.046 -7.649 0.687 -0.901
0.214 0.13 1.054 -7.221 0.153 -1.664
0.216 0.131 1.047 -6.779 1.389 -3.023
0.207 0.133 1.048 -6.489 2.412 -3.527
0.19 0.136 1.043 -6.122 1.634 -3.313
0.199 0.14 1.035 -6.351 2.092 -2.779
0.197 0.142 1.043 -6.229 3.191 -2.412
0.193 0.135 1.039 -6.748 4.0 -1.603
0.195 0.139 1.039 -6.687 3.038 -1.099
0.202 0.141 1.042 -7.16 2.061 -0.84
0.2 0.136 1.042 -7.939 0.962 -1.206
0.188 0.137 1.038 -8.244 0.58 -1.466
0.18 0.132 1.048 -7.74 -0.336 -1.511
0.185 0.131 1.055 -7.328 -1.145 -1.74
0.179 0.133 1.057 -6.885 -1.771 -1.74
0.171 0.135 1.067 -6.366 -2.168 -1.649
0.168 0.133 1.064 -5.985 -1.206 -1.267
0.175 0.126 1.058 -5.786 -0.397 -0.458
0.169 0.126 1.059 -5.313 -0.153 -0.122
0.178 0.138 1.04 -4.855 0.305 0.153
0.184 0.138 1.029 -4.031 -0.229 -0.137
0.188 0.143 1.02 -3.771 -1.71 -0.534
0.197 0.142 0.999 -3.603 -1.756 -0.947
0.199 0.146 0.983 -3.924 -1.405 -1.664
0.196 0.151 0.967 -4.977 -1.13 -2.031
0.187 0.151 0.96 -5.847 -1.038 -2.214
0.177 0.145 0.948 -6.794 -0.183 -2.183
0.171 0.153 0.927 -8.412 -0.29 -1.908
0.17 0.146 0.923 -9.313 0.687 -1.603
0.18 0.148 0.913 -9.588 -0.595 -1.16
0.183 0.147 0.901 -9.527 1.191 -1.084
0.185 0.154 0.888 -9.16 2.534 -1.557
0.192 0.152 0.865 -8.611 4.031 -1.908
0.185 0.149 0.833 -8.626 5.435 -2.351
0.192 0.156 0.808 -9.008 6.031 -2.87
0.19 0.157 0.772 -9.969 6.137 -3.573
0.191 0.158 0.746 -11.985 3.527 -4.489
0.194 0.148 0.704 -15.328 3.573 -5.374
0.183 0.147 0.688 -18.275 13.374 -4.29
0.137 0.127 0.72 -19.908 33.328 0.595
0.108 0.131 0.729 -20.229 58.626 8.534
0.09 0.132 0.71 -21.649 85.237 16.733
0.103 0.128 0.686 -24.84 96.275 21.557
0.123 0.132 0.701 -31.435 90.687 21.282
0.151 0.127 0.73 -36.855 70.687 16.458
0.172 0.125 0.766 -40.366 43.008 8.275
0.177 0.122 0.783 -42.58 16.168 -0.931
0.177 0.108 0.806 -44.26 -8.809 -9.634
0.167 0.089 0.823 -43.908 -24.641 -16.26
0.139 0.069 0.819 -44.748 -31.145 -20.275
0.095 0.059 0.828 -43.557 -26.489 -20.183
0.078 0.036 0.841 -41.649 -14.29 -17.328
0.061 0.021 0.84 -40.779 8.611 -11.618
0.026 0.014 0.83 -38.931 27.817 -5.405
0.004 0.025 0.806 -42.397 32.031 -1.466
0.0 0.005 0.863 -48.183 29.817 0.534
-0.027 -0.012 0.981 -47.42 14.214 0.931
0.003 -0.023 1.028 -43.145 -3.313 0.382
0.025 -0.04 1.043 -35.71 -18.947 -0.702
0.052 -0.062 1.021 -26.916 -30.046 -2.107
0.049 -0.074 0.973 -18.137 -36.382 -2.214
0.062 -0.077 0.881 -9.374 -43.786 -0.168
0.143 -0.075 0.786 -17.145 -33.939 1.374
0.165 -0.076 0.7 -22.107 -18.733 6.26
0.143 -0.04 0.842 -36.122 -2.305 8.122
0.156 -0.069 0.846 -53.985 6.611 11.038
0.173 -0.094 1.066 -59.16 -1.634 12.244
0.204 -0.128 1.235 -46.794 -20.305 10.702
0.282 -0.105 1.206 -42.641 -23.145 6.26
0.298 -0.101 1.138 -46.595 -44.611 2.733
0.333 -0.121 1.129 -39.649 -47.679 -2.916
0.298 -0.107 1.015 -40.092 -57.359 -8.26
0.262 -0.109 0.969 -43.985 -53.893 -10.397
0.234 -0.113 0.939 -49.664 -43.053 -10.122
0.17 -0.106 0.988 -57.817 -28.076 -8.687
0.083 -0.12 1.125 -60.305 -18.076 -4.947
-0.005 -0.153 1.205 -51.267 -4.534 -1.176
-0.016 -0.162 1.226 -54.076 -27.695 6.718
0.053 -0.189 1.241 -45.664 -33.542 10.885
0.091 -0.242 1.2 -38.244 -49.328 15.115
0.214 -0.241 1.097 -33.969 -48.504 15.008
0.305 -0.232 1.007 -40.29 -34.031 11.038
0.292 -0.207 1.022 -49.771 -8.595 7.74
0.117 -0.209 1.203 -55.16 -6.198 8.565
0.093 -0.211 1.369 -55.389 -3.313 11.466
0.001 -0.209 1.443 -42.092 -21.115 15.573
0.092 -0.268 1.5 -31.313 -46.229 22.214
0.149 -0.225 1.49 -33.206 -51.969 23.221
0.244 -0.266 1.465 -21.542 -47.053 24.489
0.323 -0.262 1.349 -16.473 -29.847 23.802
0.387 -0.267 1.259 -13.924 0.489 22.672
0.404 -0.252 1.164 -17.817 29.939 20.687
0.376 -0.242 1.109 -26.473 45.878 16.794
0.324 -0.259 1.146 -33.557 36.534 12.855
0.283 -0.27 1.21 -37.405 11.267 7.969
0.255 -0.285 1.319 -35.832 -11.252 4.916
0.22 -0.281 1.388 -31.237 -21.603 3.786
0.183 -0.296 1.408 54.061 -108.595 5.237
0.161 -0.004 1.351 -17.069 -24.076 3.893
0.231 -0.312 1.344 -0.565 27.328 18.366
0.136 -0.295 1.314 -14.733 -12.26 15.924
0.274 -0.226 1.203 -14.412 20.87 17.588
0.245 -0.248 1.187 -14.855 24.809 17.527
0.393 -0.437 1.555 -9.893 -56.809 6.458
0.37 -0.26 1.078 -8.382 -14.901 11.328
0.263 -0.234 1.157 -4.443 -2.672 12.473
0.23 -0.209 1.13 -19.679 -20.992 7.802
0.24 -0.244 1.153 -18.794 -13.786 7.786
0.181 -0.267 1.264 -18.305 -15.649 7.924
0.227 -0.254 1.22 -17.069 -13.328 8.55
0.2 -0.266 1.26 -14.55 -6.733 9.802
0.179 -0.24 1.229 -14.87 -4.794 10.015
0.22 -0.098 1.102 -5.557 -29.542 8.931
0.199 -0.22 1.193 10.809 11.817 12.931
0.219 -0.246 1.182 2.229 0.565 10.305
0.231 -0.246 1.104 -11.008 -12.992 8.595
0.282 -0.221 1.069 -4.443 -19.893 7.374
0.275 -0.253 1.094 -3.405 -14.26 7.435
0.283 -0.234 1.093 1.344 -11.16 6.763
0.295 -0.232 1.112 -5.45 -12.611 4.382
0.289 -0.244 1.107 -0.305 -7.71 3.908
0.263 -0.24 1.123 -5.527 -0.412 3.023
0.268 -0.232 1.082 -6.947 0.702 1.542
0.251 -0.239 1.082 -7.847 -1.695 0.931
0.256 -0.243 1.087 -3.832 4.229 1.13
0.223 -0.253 1.087 -6.489 -2.153 0.763
0.234 -0.241 1.077 -7.145 1.45 0.656
0.226 -0.248 1.045 -7.328 0.534 1.282
0.237 -0.25 1.042 -6.534 2.565 1.496
0.23 -0.249 1.027 -6.336 6.015 1.298
0.234 -0.252 1.023 -6.305 8.0 1.221
0.223 -0.248 1.017 -5.649 7.42 1.008
0.212 -0.25 0.988 -6.244 3.511 0.901
0.218 -0.246 0.983 -7.267 0.198 0.779
0.225 -0.246 0.973 -8.763 -0.382 0.763
0.206 -0.252 1.0 -8.687 -0.519 1.328
0.198 -0.245 1.026 -7.863 -1.084 1.695
0.204 -0.234 1.03 -10.489 -3.878 2.092
0.211 -0.252 1.044 -4.153 -2.366 3.191
0.212 -0.256 1.024 -4.672 -5.038 3.74
0.234 -0.256 1.024 -4.26 -3.878 3.573
0.239 -0.253 1.016 -3.649 -6.366 2.779
0.242 -0.255 1.012 -5.924 -6.214 2.122
0.256 -0.255 1.011 -2.763 -2.718 2.107
0.248 -0.259 1.012 -4.137 -3.359 1.985
0.242 -0.251 0.988 -4.977 -3.511 1.756
0.263 -0.266 0.988 -4.885 -3.954 1.847
0.262 -0.257 0.995 -6.061 -3.985 1.115
0.263 -0.259 1.003 -6.092 -1.893 0.015
0.261 -0.266 0.997 -5.878 -0.733 -0.244
0.256 -0.272 0.99 -7.023 -1.832 -1.282
0.232 -0.238 1.03 -8.0 -10.382 -1.42
0.295 -0.26 1.019 -6.855 7.115 -2.214
0.228 -0.242 1.04 -9.466 -0.321 -1.817
0.185 -0.239 1.078 -4.595 1.817 -0.275
0.194 -0.24 1.061 -7.71 -3.634 0.809
0.218 -0.234 1.061 -8.763 1.115 1.817
0.224 -0.247 1.06 -5.084 -1.679 2.733
0.235 -0.24 1.049 -7.893 -6.412 2.198
0.269 -0.247 1.049 -9.069 -1.13 1.359
0.288 -0.263 1.013 -8.168 1.313 0.26
0.279 -0.257 1.009 -4.321 8.58 -0.092
0.259 -0.25 0.995 -8.061 5.832 -1.023
0.254 -0.25 0.98 -7.16 8.611 -1.328
0.237 -0.253 1.001 -6.229 9.176 -1.405
0.221 -0.258 1.014 -6.458 8.504 -1.328
0.211 -0.252 1.016 -8.656 3.664 -1.389
0.199 -0.251 1.018 -7.542 3.695 -0.748
0.195 -0.258 1.024 -6.519 3.191 0.489
0.195 -0.255 1.03 -6.137 2.0 1.496
0.233 -0.289 1.037 -5.802 -3.237 1.328
0.201 -0.274 1.029 -4.748 -0.794 0.855
0.203 -0.252 1.022 -4.687 -0.748 1.115
0.217 -0.261 0.996 -3.924 -1.481 1.542
0.232 -0.254 0.983 -9.481 -4.641 1.069
0.235 -0.265 1.011 -4.458 -3.237 1.618
0.225 -0.267 1.025 -6.718 -6.931 1.695
0.21 -0.257 1.047 -6.947 -6.687 1.466
0.217 -0.268 1.067 -5.542 -6.779 1.511
0.212 -0.264 1.066 -6.931 -7.817 0.931
0.216 -0.268 1.056 -6.779 -9.908 0.718
0.217 -0.27 1.06 -1.237 -6.244 1.908
0.22 -0.263 1.044 -1.069 -4.504 2.229
0.239 -0.261 1.027 -1.038 -2.443 2.214
0.23 -0.257 1.004 -3.664 -1.603 1.389
0.226 -0.255 0.998 -5.878 -4.916 1.74
0.238 -0.262 1.007 -5.359 -3.496 1.969
0.246 -0.253 1.022 -5.557 -3.878 1.649
0.243 -0.267 1.02 -5.42 -0.58 0.992
0.233 -0.265 1.025 -5.115 0.122 0.824
0.223 -0.258 1.018 -5.405 -1.313 0.947
0.234 -0.261 1.016 -4.718 -2.137 1.115
0.235 -0.264 1.027 -4.702 -2.427 1.069
0.239 -0.258 1.027 -4.55 -2.0 1.328
0.241 -0.263 1.012 -5.267 -0.198 1.511
0.235 -0.26 1.021 -4.031 0.427 1.679
0.232 -0.266 1.018 -4.656 -1.038 1.527
0.223 -0.268 1.011 -3.664 -6.183 1.496
0.235 -0.265 1.0 -4.809 -7.038 0.87
0.236 -0.268 1.016 -3.328 -5.771 0.687
0.242 -0.26 1.02 -3.664 -4.107 0.443
0.229 -0.267 1.011 -3.878 -2.977 0.87
0.232 -0.262 0.999 -5.053 1.832 1.328
0.229 -0.262 1.002 -2.58 0.763 2.0
0.236 -0.256 0.984 -4.931 -4.153 1.298
0.239 -0.256 0.993 -6.214 -8.901 0.962
0.242 -0.262 1.0 -6.046 -8.198 1.344
0.254 -0.263 1.005 -5.71 -5.786 1.42
0.262 -0.264 1.007 -6.992 -1.053 0.84
0.238 -0.266 1.031 -3.344 -1.863 1.176
0.249 -0.26 1.01 -5.206 -5.603 0.336
0.26 -0.264 1.004 -5.511 -4.458 0.046
0.253 -0.25 0.995 -5.954 -4.29 0.122
0.248 -0.247 1.018 -5.237 -7.099 0.214
0.228 -0.281 1.035 -2.427 -7.954 0.305
0.256 -0.267 1.014 -5.206 -2.687 0.229
0.264 -0.263 1.002 -6.336 -0.916 0.275
0.253 -0.247 1.015 -7.084 -1.069 -0.198
0.251 -0.257 1.029 -5.924 -2.29 -0.656
0.249 -0.261 1.031 -5.649 -1.527 -0.672
0.234 -0.254 1.036 -3.817 3.023 -0.443
0.243 -0.266 1.02 -5.115 -2.305 -1.099
0.242 -0.267 1.0 -3.328 0.29 -0.534
0.23 -0.262 1.011 -3.695 -0.198 -0.122
0.248 -0.257 0.979 -5.802 -0.275 -0.214
0.236 -0.261 0.992 -6.87 -0.489 -0.351
0.237 -0.265 1.003 -7.45 -2.321 -0.275
0.243 -0.267 1.013 -7.069 -2.275 -0.153
0.259 -0.265 1.025 -5.939 0.0 -0.641
0.254 -0.267 1.038 -5.786 1.13 -1.13
0.241 -0.267 1.031 -5.176 1.45 -1.405
0.24 -0.263 1.038 -4.534 1.069 -1.618
0.225 -0.263 1.032 -4.244 0.519 -1.573
0.227 -0.264 1.026 -4.397 -1.298 -1.023
0.225 -0.266 1.025 -5.466 -2.321 -0.809
0.232 -0.262 1.034 -5.267 -2.458 -0.382
0.243 -0.268 1.024 -5.221 -0.824 -0.198
0.237 -0.262 1.019 -5.008 -0.107 -0.183
0.233 -0.272 1.012 -5.42 -0.962 0.0
0.231 -0.268 1.0 -5.405 -2.519 0.214
0.23 -0.26 1.009 -5.023 -2.336 0.321
0.235 -0.262 1.006 -5.084 -3.023 0.275
0.234 -0.263 0.999 -5.053 -2.58 0.351
0.231 -0.265 1.011 -4.901 -1.496 0.244
0.241 -0.26 1.016 -4.84 -1.374 0.443
0.236 -0.27 1.021 -4.382 -1.878 0.168
0.237 -0.264 1.024 -4.443 -3.13 0.031
0.236 -0.262 1.022 -4.26 -3.756 0.366
0.243 -0.261 1.01 -4.244 -3.573 0.382
0.247 -0.266 1.003 -4.855 -3.099 0.29
0.24 -0.262 1.007 -5.359 -3.176 0.504
0.235 -0.257 1.02 -5.359 -3.802 0.87
0.25 -0.267 1.025 -5.45 -3.435 0.702
0.256 -0.263 1.017 -4.931 -3.16 0.198
0.233 -0.234 1.0 -6.061 -4.641 -0.382
0.255 -0.261 1.031 -4.718 -1.588 -0.427
0.264 -0.268 1.012 -3.908 -0.046 -0.55
0.255 -0.262 1.007 -4.58 0.137 -0.595
0.244 -0.265 0.999 -5.084 0.122 -0.626
0.237 -0.261 1.004 -5.359 -0.748 -0.26
0.249 -0.26 0.997 -6.198 -1.313 -0.321
0.247 -0.264 1.019 -6.397 -2.122 -0.321
0.253 -0.267 1.01 -6.076 -1.74 0.0
0.24 -0.265 1.009 -5.908 -0.687 -0.321
0.235 -0.265 1.017 -6.137 -0.87 -0.107
0.283 -0.251 0.973 -9.191 3.389 0.29
0.234 -0.261 1.006 -4.962 -2.656 0.672
0.238 -0.274 1.018 -4.855 -0.824 0.916
0.237 -0.264 1.002 -5.527 -5.084 0.87
0.235 -0.273 0.999 -7.237 -5.023 1.008
0.253 -0.278 0.991 -8.809 -4.55 1.42
0.26 -0.288 1.023 -5.542 -5.313 0.489
0.264 -0.282 1.012 -5.099 -3.176 0.26
0.261 -0.28 1.023 -4.702 -5.313 -0.122
0.256 -0.278 1.017 -4.84 -5.573 -0.336
0.242 -0.282 1.021 -4.84 -6.733 -0.305
0.25 -0.273 1.026 -6.916 -8.015 -0.046
0.249 -0.283 1.024 -5.466 -6.26 -0.366
0.21 -0.273 1.003 -5.053 -8.473 1.817
0.248 -0.288 0.971 -9.115 -18.733 5.817
0.281 -0.284 1.015 -7.878 -11.145 2.443
0.287 -0.283 1.0 -10.504 -12.458 2.779
0.259 -0.235 0.878 -15.038 -12.733 3.267
0.245 -0.305 0.97 -6.687 -22.626 6.595
0.295 -0.294 0.981 -6.305 -9.145 1.832
0.246 -0.291 1.003 -3.588 -11.786 1.237
0.287 -0.279 0.977 -5.527 -7.389 -0.305
0.256 -0.281 0.986 -5.206 -9.634 -0.656
0.258 -0.291 1.004 -3.618 -11.863 -0.061
0.258 -0.292 0.993 -3.71 -13.664 1.023
0.292 -0.3 0.957 -9.939 -18.947 3.313
0.293 -0.301 0.997 -7.817 -14.153 1.511
0.302 -0.289 0.963 -7.221 -16.031 1.893
0.329 -0.331 0.891 -15.099 -16.26 3.74
0.294 -0.318 1.011 -9.557 -18.687 2.794
0.363 -0.301 0.976 -8.382 -18.382 4.962
0.369 -0.324 1.015 -8.336 -14.412 2.458
0.362 -0.317 1.022 -15.817 41.679 1.618
0.381 -0.362 0.888 -18.656 -3.878 1.908
0.358 -0.341 0.974 -20.107 -4.397 0.275
0.336 -0.339 0.974 -22.015 13.084 -0.687
0.271 -0.361 0.985 -16.916 -0.87 -0.702
0.377 -0.368 0.88 -21.725 16.198 -0.351
0.296 -0.381 0.954 -29.893 10.641 -2.977
0.296 -0.364 0.913 -31.344 11.282 -3.45
0.365 -0.412 0.904 -17.771 10.107 -3.878
0.346 -0.382 0.868 -24.763 -1.863 -6.382
0.211 -0.392 1.009 -22.29 17.16 -7.481
0.266 -0.352 0.893 -29.45 15.282 -7.221
0.257 -0.403 0.94 -26.427 6.031 -7.863
0.279 -0.364 0.931 -40.885 -6.962 -7.969
0.244 -0.384 0.955 -50.122 3.542 -4.992
0.251 -0.392 0.926 -47.893 -24.733 1.023
0.249 -0.353 0.889 -48.55 -13.298 4.336
0.327 -0.376 0.842 -49.496 -17.328 4.84
0.329 -0.388 0.891 -60.977 -8.198 2.489
0.335 -0.391 0.869 -58.473 -5.908 1.817
0.283 -0.407 0.968 -51.115 1.237 0.275
0.249 -0.403 0.984 -46.656 4.275 2.473
0.239 -0.393 0.979 -47.069 3.527 5.389
0.206 -0.387 0.996 -42.443 -3.42 7.237
0.227 -0.417 1.061 -51.863 -18.931 -2.626
0.332 -0.43 0.935 -7.832 1.908 9.74
0.143 -0.416 0.93 -34.366 -36.748 25.664
0.41 -0.411 1.029 -36.947 -46.58 21.145
0.176 -0.375 1.222 -52.107 -70.397 -7.267
0.289 -0.459 1.228 -50.321 -78.351 -2.458
0.401 -0.327 0.741 -42.031 -31.344 19.435
0.44 -0.336 0.803 -40.84 -33.985 13.588
0.314 -0.403 1.09 -35.832 -50.626 -0.824
0.237 -0.468 1.162 -24.931 -31.282 -4.809
0.278 -0.369 1.067 -28.458 -36.397 0.58
-0.04 -0.491 1.422 -23.603 -55.679 -5.45
0.17 -0.394 1.087 -17.145 -46.55 4.885
0.273 -0.394 1.006 -19.359 -35.069 4.244
0.336 -0.33 0.806 -15.282 -35.374 10.718
0.422 -0.339 0.814 -20.534 -27.16 1.008
0.179 -0.431 0.93 -0.504 -88.412 -0.183
0.211 -0.291 0.76 -6.107 -104.031 -3.023
0.452 -0.399 0.807 17.344 -95.634 -27.603
0.625 -0.417 0.881 21.954 -65.634 -62.595
0.63 -0.501 0.883 28.519 -47.939 -94.489
0.68 -0.429 0.852 125.481 137.298 -336.534
0.69 -0.429 0.948 65.786 25.847 -167.237
0.222 -0.282 0.989 39.053 16.198 1.405
-0.083 -0.484 1.171 65.878 76.183 132.519
0.571 -0.441 0.757 43.053 2.855 26.351
0.472 -0.442 1.021 30.962 -2.137 12.931
0.48 -0.396 1.089 6.122 1.832 -15.344
0.415 -0.351 0.972 -2.55 9.74 -21.588
0.318 -0.479 0.916 -3.618 1.725 -18.0
0.356 -0.403 1.006 12.809 2.595 -3.557
0.431 -0.307 0.758 10.275 4.534 -9.603
0.277 -0.272 1.042 -2.443 -35.511 -13.618
0.541 -0.394 0.748 5.435 -23.786 0.015
0.579 -0.449 0.981 9.542 3.847 -1.908
0.552 -0.388 0.972 6.427 6.763 -2.183
0.392 -0.304 0.899 -5.74 -13.771 -11.221
0.507 -0.413 0.787 3.008 6.641 -7.42
0.347 -0.349 0.936 -2.275 -23.969 -17.924
0.383 -0.371 0.841 6.366 -36.031 -0.855
0.467 -0.386 0.818 -0.397 -26.519 -15.069
0.408 -0.47 0.963 14.702 -47.023 -1.527
0.375 -0.376 0.997 1.221 -38.55 -8.855
0.497 -0.413 0.846 18.595 -27.634 -4.366
0.553 -0.425 0.926 48.046 13.557 4.382
0.509 -0.39 0.883 46.076 18.641 -2.977
0.522 -0.348 0.899 28.763 21.023 -18.901
0.456 -0.306 0.739 23.878 15.756 -13.374
0.291 -0.297 0.965 11.878 -28.366 -16.321
0.022 -0.095 0.59 -41.496 -68.198 -8.489
0.343 0.074 1.027 20.015 -21.481 37.954
0.359 -0.094 0.936 -33.206 -40.992 -26.58
0.55 -0.165 0.933 -27.557 8.473 -4.58
0.636 -0.267 0.526 -81.74 48.29 -48.672
0.619 -0.429 0.883 -7.053 19.328 16.473
0.513 -0.522 0.9 8.565 2.229 -11.069
0.6 -0.156 0.851 -48.092 29.267 -16.061
0.496 -0.465 1.116 -19.893 -0.962 -10.779
0.546 -0.264 1.053 7.053 16.931 3.237
0.5 -0.343 0.962 -49.069 18.748 -47.252
0.474 -0.315 0.899 -21.13 23.481 -16.168
0.395 -0.325 0.978 -0.489 9.908 1.069
0.442 -0.145 0.643 -65.145 -27.16 -74.244
0.487 -0.461 1.049 20.244 23.74 -3.542
0.505 -0.294 0.812 10.809 18.366 1.847
0.449 -0.333 0.903 2.87 12.718 -11.069
0.427 -0.341 0.891 27.527 18.031 25.237
0.518 -0.349 0.895 31.725 20.076 23.206
0.537 -0.417 2.15 107.74 148.107 30.229
1.701 0.104 0.702 136.321 135.42 500.26
0.584 0.082 0.539 43.13 108.229 -49.847
0.409 -0.127 0.916 -26.473 56.489 -120.702
-0.14 -0.248 1.284 76.779 76.992 40.29