0.08 0.078 1.058 -7.313 2.031 -0.168
0.083 0.082 1.072 -7.237 0.962 -0.244
0.098 0.081 1.072 -6.427 -1.069 -0.733
0.091 0.078 1.087 -5.863 -1.557 -1.282
0.084 0.078 1.089 -5.267 -2.443 -1.664
0.077 0.075 1.079 -4.504 -3.176 -1.557
0.079 0.072 1.064 -4.26 -1.71 -1.313
0.078 0.072 1.071 -4.305 -1.542 -1.16
0.083 0.072 1.059 -5.221 0.55 -1.115
0.066 0.07 1.066 -5.389 1.588 -0.992
0.082 0.072 1.085 -5.069 0.779 -1.069
0.076 0.075 1.083 -4.427 0.061 -1.176
0.08 0.072 1.077 -4.321 -0.55 -1.786
0.079 0.073 1.081 -4.656 -0.672 -1.649
0.069 0.069 1.09 -4.519 -1.573 -1.573
0.069 0.069 1.078 -4.458 -0.519 -1.16
0.066 0.074 1.077 -4.366 0.382 -0.947
0.07 0.066 1.071 -4.611 1.13 -0.702
0.068 0.066 1.084 -4.382 -0.031 -0.519
0.075 0.066 1.085 -4.046 -0.962 -0.977
0.082 0.067 1.07 -3.267 0.794 -1.466
0.067 0.066 1.073 -3.038 0.26 -1.527
0.071 0.073 1.06 -3.084 0.504 -1.435
0.07 0.077 1.051 -3.878 1.725 -1.313
0.06 0.076 1.053 -4.611 1.13 -0.84
0.056 0.073 1.061 -5.588 0.58 -0.321
0.063 0.083 1.065 -5.908 1.221 0.122
0.07 0.07 1.07 -6.473 3.176 0.046
0.054 0.064 1.097 -6.076 2.519 0.29
0.056 0.063 1.102 -5.511 1.588 0.198
0.067 0.068 1.104 -4.351 2.244 0.198
0.062 0.067 1.101 -4.183 1.557 0.198
0.051 0.063 1.102 -4.122 3.069 0.641
0.049 0.067 1.102 -3.695 0.977 1.115
0.062 0.062 1.107 -3.344 1.71 1.511
0.062 0.069 1.109 -2.931 1.527 1.664
0.063 0.067 1.105 -2.244 2.382 1.771
0.063 0.07 1.091 -2.122 1.924 1.817
0.066 0.068 1.093 -1.756 1.405 1.969
0.075 0.065 1.092 -1.328 0.229 1.756
0.065 0.068 1.073 -1.145 1.176 1.527
0.063 0.072 1.08 -0.977 0.595 1.603
0.073 0.077 1.069 -0.672 0.519 1.832
0.078 0.088 1.053 -0.885 2.183 1.725
0.075 0.082 1.038 -1.527 3.679 1.588
0.065 0.078 1.048 -2.031 2.504 1.481
0.07 0.08 1.062 -1.588 1.71 1.481
0.077 0.083 1.048 -1.435 1.435 1.053
0.065 0.086 1.041 -1.481 1.023 0.412
0.063 0.085 1.046 -1.603 0.824 0.473
0.067 0.087 1.03 -2.076 1.893 0.26
0.059 0.083 1.036 -2.656 2.412 0.26
0.059 0.084 1.031 -3.481 1.618 0.198
0.063 0.083 1.03 -4.107 0.641 0.031
0.061 0.096 1.038 -4.55 -0.153 -0.26
0.061 0.082 1.055 -4.565 -0.198 -0.58
0.064 0.089 1.057 -4.183 -0.244 -0.672
0.06 0.085 1.05 -4.076 0.321 -0.519
0.061 0.083 1.05 -4.595 0.412 -0.137
0.055 0.074 1.063 -4.672 0.473 -0.076
0.057 0.082 1.067 -4.718 0.107 -0.031
0.05 0.084 1.064 -4.733 -0.305 -0.26
0.049 0.085 1.077 -4.901 -1.008 -0.443
0.046 0.083 1.087 -4.611 -1.634 -0.305
0.054 0.09 1.098 -6.015 -2.855 0.336
0.056 0.096 1.1 -7.679 -2.397 0.824
0.049 0.075 1.084 -3.573 1.282 0.336
0.048 0.082 1.069 -4.229 -0.351 0.275
0.053 0.067 1.078 -3.863 -0.687 0.427
0.055 0.077 1.078 -3.496 -1.542 0.198
0.053 0.076 1.077 -2.931 -1.511 0.092
0.057 0.086 1.069 -3.237 -0.611 0.29
0.053 0.084 1.056 -3.481 1.389 0.519
0.051 0.083 1.058 -4.305 0.55 0.489
0.059 0.085 1.073 -6.473 -1.924 0.031
0.064 0.077 1.069 -2.061 1.389 -0.26
0.054 0.078 1.053 -2.321 -0.366 -0.733
0.052 0.077 1.057 -2.046 -0.351 -1.145
0.052 0.083 1.049 -2.718 -0.824 -0.885
0.056 0.084 1.036 -2.626 -0.733 -1.115
0.053 0.086 1.04 -2.931 -1.191 -0.962
0.056 0.091 1.042 -3.023 -1.695 -1.115
0.06 0.094 1.047 -3.115 -1.802 -1.191
0.057 0.086 1.023 -3.45 -1.679 -1.496
0.048 0.09 1.047 -3.634 -2.412 -1.695
0.054 0.092 1.054 -3.084 -2.809 -1.496
0.062 0.084 1.04 -2.947 -3.313 -1.542
0.059 0.092 1.021 -2.626 -3.313 -1.908
0.064 0.097 1.025 -2.626 -4.595 -2.107
0.068 0.086 1.006 -3.053 -4.214 -2.198
0.073 0.098 0.998 -4.061 -3.725 -2.748
0.064 0.096 1.009 -4.672 -3.145 -2.855
0.054 0.097 0.997 -5.099 -3.069 -2.916
0.048 0.099 0.99 -5.435 -3.038 -2.992
0.048 0.102 0.993 -5.527 -2.977 -2.779
0.044 0.097 0.99 -5.267 -3.725 -2.55
0.061 0.103 0.972 -4.519 -3.618 -2.244
0.049 0.102 0.966 -3.802 -3.374 -2.0
0.054 0.094 0.941 -3.038 -2.244 -1.481
0.072 0.09 0.898 -2.641 -2.397 -1.267
0.074 0.095 0.858 -3.42 -1.786 -1.435
0.081 0.102 0.824 -4.885 -2.061 -1.908
0.088 0.103 0.801 -6.595 -4.489 -2.87
0.095 0.1 0.772 -8.031 -7.13 -4.321
0.102 0.102 0.742 -9.603 -9.053 -5.878
0.092 0.103 0.708 -11.328 -13.466 -7.252
0.092 0.1 0.674 -13.71 -18.733 -8.046
0.08 0.093 0.655 -15.817 -24.214 -8.336
0.071 0.095 0.644 -17.695 -27.802 -8.229
0.068 0.099 0.637 -21.069 -28.275 -8.137
0.06 0.109 0.664 -23.74 -27.725 -7.588
0.055 0.109 0.709 -26.168 -26.931 -6.214
0.054 0.107 0.763 -25.74 -26.458 -4.076
0.078 0.103 0.769 -23.389 -28.015 -2.916
0.103 0.092 0.749 -21.191 -30.229 -3.176
0.08 0.088 0.71 -20.87 -35.176 -2.947
0.084 0.075 0.65 -21.908 -37.924 -2.305
0.069 0.078 0.584 -28.366 -44.153 -2.275
0.045 0.067 0.602 -36.229 -45.924 -0.458
0.01 0.052 0.701 -39.695 -50.595 3.206
0.031 0.055 0.76 -42.29 -52.672 7.374
0.061 0.045 0.815 -42.015 -45.313 11.786
0.075 0.037 0.86 -38.061 -40.504 16.076
0.124 0.037 0.863 -33.481 -30.305 19.725
0.164 0.03 0.807 -30.87 -21.817 21.221
0.195 0.009 0.759 -30.473 -17.969 21.573
0.209 0.019 0.669 -37.649 -19.863 21.405
0.195 -0.019 0.67 -46.565 -21.084 21.527
0.196 -0.026 0.713 -57.237 -38.534 20.26
0.181 -0.05 0.847 -65.817 -50.107 20.977
0.199 -0.083 1.049 -65.466 -60.656 22.168
0.225 -0.127 1.185 -55.496 -62.885 24.504
0.285 -0.155 1.213 -42.824 -48.901 27.985
0.328 -0.163 1.174 -32.122 -24.092 30.656
0.363 -0.161 1.073 -29.145 -0.504 29.771
0.322 -0.146 1.023 -35.13 15.389 27.237
0.256 -0.155 1.057 -43.237 11.878 24.336
0.181 -0.164 1.121 -51.802 -5.389 22.779
0.141 -0.185 1.208 -55.511 -26.87 23.466
0.15 -0.216 1.293 -52.687 -48.397 25.13
0.199 -0.24 1.336 -45.756 -60.443 27.435
0.29 -0.265 1.336 -37.008 -51.618 29.908
0.362 -0.272 1.317 -27.649 -25.084 34.275
0.366 -0.312 1.223 -21.954 4.427 37.237
0.489 -0.245 1.042 -33.649 21.191 29.603
0.402 -0.225 1.077 -44.779 14.641 20.977
0.322 -0.246 1.211 -52.656 -7.374 15.664
0.289 -0.261 1.339 -53.679 -33.664 12.55
0.302 -0.271 1.43 -48.748 -54.458 9.115
0.294 -0.289 1.453 -39.878 -65.038 5.588
0.266 -0.291 1.52 -37.298 -69.542 6.382
0.303 -0.294 1.514 -30.458 -40.244 10.427
0.298 -0.281 1.493 -27.282 -1.42 14.29
0.254 -0.27 1.444 -25.634 20.458 17.924
0.231 -0.271 1.417 -25.099 20.672 20.26
0.245 -0.271 1.378 -24.275 5.206 21.237
0.277 -0.281 1.343 -23.847 -9.328 21.328
0.316 -0.286 1.323 -22.641 -20.458 21.145
0.367 -0.292 1.32 -20.29 -24.656 20.412
0.338 -0.302 1.194 58.351 -108.183 33.42
0.427 0.003 1.156 -43.756 11.328 11.771
0.26 -0.345 1.359 -10.565 -32.55 18.809
0.503 -0.279 1.146 -20.489 13.725 13.603
0.407 -0.261 1.158 -19.435 -3.817 8.26
0.435 -0.265 1.162 -21.878 -4.504 4.534
0.354 -0.271 1.185 -23.863 -11.176 2.84
0.642 0.016 0.819 -42.198 -42.366 -2.626
0.36 -0.285 1.22 -26.137 -4.58 1.466
0.273 -0.288 1.327 -21.878 -18.382 0.87
0.328 -0.281 1.264 -16.427 -6.763 2.198
0.275 -0.289 1.346 -14.489 -9.954 2.26
0.239 -0.295 1.339 -5.359 -5.542 3.603
0.257 -0.259 1.238 -5.023 -16.351 4.733
0.267 -0.268 1.215 0.198 -11.878 6.565
0.277 -0.246 1.113 -1.588 -17.664 6.382
0.317 -0.272 1.14 1.16 -8.779 6.366
0.329 -0.24 1.041 -0.153 -0.733 5.786
0.32 -0.243 1.064 -0.748 -5.435 4.656
0.305 -0.239 1.055 -2.015 -4.122 3.664
0.318 -0.238 1.052 -4.061 -1.725 2.901
0.303 -0.248 1.061 -1.405 0.504 2.366
0.294 -0.254 1.075 -3.038 -1.71 1.725
0.307 -0.256 1.073 -0.947 -2.153 1.069
0.299 -0.254 1.076 2.58 -0.733 0.885
0.288 -0.25 1.06 2.504 -0.504 0.611
0.272 -0.245 1.038 1.496 -1.725 1.13
0.27 -0.244 1.024 1.649 -3.618 1.893
0.297 -0.244 1.014 2.061 -4.748 2.977
0.3 -0.239 0.987 1.939 -4.779 3.618
0.311 -0.24 0.972 1.145 -4.015 4.061
0.321 -0.241 0.965 -0.122 -4.412 3.847
0.338 -0.235 0.954 -1.008 -5.145 2.092
0.326 -0.236 0.97 -1.832 -5.74 0.855
0.307 -0.225 0.977 -2.321 -5.969 0.412
0.294 -0.219 0.991 -2.519 -6.046 0.275
0.286 -0.229 0.996 -2.427 -6.092 0.718
0.263 -0.227 1.013 -2.504 -7.313 1.008
0.268 -0.235 1.032 -2.061 -8.427 2.122
0.282 -0.233 1.035 -0.718 -8.29 3.328
0.311 -0.231 1.016 -0.687 -5.45 3.618
0.326 -0.233 1.002 -1.191 -0.55 3.313
0.325 -0.235 0.986 -0.977 4.26 3.374
0.315 -0.23 0.985 -1.237 4.137 3.374
0.313 -0.235 0.97 -4.183 -0.763 2.672
0.319 -0.236 0.979 -6.641 -4.901 2.061
0.314 -0.241 1.016 -6.809 -7.023 1.374
0.33 -0.238 1.038 -5.42 -7.588 0.656
0.319 -0.241 1.027 -3.802 -5.695 0.382
0.316 -0.236 1.016 -2.656 -5.389 0.87
0.334 -0.232 1.011 -4.29 -4.321 0.916
0.34 -0.241 1.0 -4.183 0.489 0.412
0.316 -0.232 1.017 -4.366 3.481 0.427
0.31 -0.245 1.016 -4.198 4.183 0.763
0.318 -0.234 1.026 -3.267 1.878 1.313
0.321 -0.236 1.035 -3.328 -1.115 0.992
0.33 -0.241 1.038 -2.595 -1.038 0.748
0.329 -0.243 1.019 -1.008 0.733 0.824
0.317 -0.232 1.006 -1.71 1.237 0.565
0.322 -0.239 0.989 -2.122 -0.626 0.489
0.34 -0.236 0.994 -2.351 -2.26 0.031
0.351 -0.232 0.995 -1.74 1.45 -0.718
0.326 -0.229 0.988 -5.328 1.359 -1.969
0.302 -0.225 0.991 -3.664 4.656 -1.817
0.286 -0.225 1.008 -4.336 2.046 -1.313
0.281 -0.22 0.997 -5.282 -1.802 -0.992
0.282 -0.226 0.989 -6.076 -3.405 -0.183
0.296 -0.227 1.013 -6.336 -2.733 0.351
0.311 -0.23 1.041 -5.008 0.763 0.275
0.318 -0.233 1.031 -3.099 6.733 -0.031
0.301 -0.232 1.025 -2.244 7.084 0.26
0.299 -0.229 1.011 -3.023 3.573 0.427
0.306 -0.227 1.008 -4.321 -0.244 0.443
0.312 -0.225 1.003 -5.252 -1.084 0.198
0.313 -0.238 1.007 -5.542 -0.183 0.504
0.279 -0.316 1.124 10.504 -6.473 2.137
0.297 -0.235 1.013 -4.336 -1.359 -0.244
0.302 -0.235 1.023 -3.053 -2.534 -0.198
0.302 -0.228 1.017 -1.481 -0.733 0.183
0.323 -0.227 0.986 -3.588 -2.473 0.183
0.331 -0.239 0.979 -5.618 -1.221 -0.687
0.327 -0.233 0.998 -3.145 5.053 -0.458
0.307 -0.232 1.004 -6.305 4.229 -1.206
0.303 -0.227 0.999 -6.626 4.519 -1.344
0.288 -0.236 1.003 -6.366 2.076 -0.855
0.287 -0.236 0.998 -6.947 -0.351 -0.626
0.309 -0.233 0.996 -4.046 -4.305 -0.794
0.309 -0.222 0.979 -7.191 -3.511 -1.45
0.31 -0.243 0.99 -3.771 -3.664 -0.855
0.313 -0.232 0.98 -4.122 0.076 -0.489
0.292 -0.239 0.995 -4.824 -4.58 -0.885
0.308 -0.233 0.991 -5.802 -0.702 -0.718
0.292 -0.229 0.991 -4.427 -2.931 -0.718
0.302 -0.23 1.0 -6.916 -2.977 -1.084
0.297 -0.234 1.004 -5.969 -1.435 -0.519
0.291 -0.237 1.007 -5.389 0.656 -0.229
0.291 -0.23 1.018 -4.733 0.153 0.015
0.285 -0.235 1.001 -4.779 -1.466 0.382
0.286 -0.239 1.009 -4.504 -4.031 0.931
0.295 -0.244 1.003 -4.641 -6.473 1.435
0.313 -0.244 1.002 -4.0 -6.718 1.527
0.337 -0.25 0.993 -3.115 -4.595 1.221
0.357 -0.231 0.962 -8.458 5.863 -0.076
0.289 -0.261 1.04 -4.87 7.939 0.244
0.306 -0.239 0.994 -3.603 -1.847 0.122
0.318 -0.229 0.987 -5.221 -4.885 -0.29
0.3 -0.224 1.006 -4.977 -4.779 -0.275
0.312 -0.224 1.008 -5.328 -2.855 -0.366
0.296 -0.226 1.03 -4.351 -1.924 -0.198
0.316 -0.22 1.019 -5.298 1.115 -0.58
0.294 -0.225 1.017 -4.702 -0.427 -0.427
0.291 -0.226 1.029 -3.649 -2.137 -0.031
0.3 -0.232 1.026 -3.924 -3.466 0.168
0.299 -0.223 1.014 -3.786 -5.237 0.198
0.313 -0.229 0.999 -3.847 -4.183 0.26
0.323 -0.222 1.0 -3.908 -3.115 0.351
0.318 -0.227 0.997 -4.916 -1.893 -0.061
0.319 -0.236 1.001 -7.74 2.214 -0.458
0.334 -0.217 0.996 -5.725 2.458 -0.687
0.315 -0.227 1.015 -5.573 1.252 -0.931
0.305 -0.233 1.019 -4.641 0.061 -1.313
0.3 -0.226 1.012 -6.061 1.542 -1.405
0.304 -0.234 1.028 -5.618 -1.16 -1.191
0.301 -0.235 1.032 -5.511 0.641 -1.038
0.29 -0.229 1.026 -4.412 -0.153 -0.733
0.277 -0.234 1.031 -4.916 -1.74 -0.061
0.297 -0.235 1.032 -4.565 -2.031 0.397
0.31 -0.236 1.029 -3.985 -0.733 0.382
0.315 -0.234 1.022 -3.313 0.763 0.107
0.318 -0.233 1.014 -3.557 1.374 -0.153
0.314 -0.239 1.005 -4.0 1.069 -0.397
0.309 -0.233 0.992 -4.489 0.824 -0.504
0.301 -0.239 0.99 -4.794 -0.031 -0.229
0.309 -0.234 1.012 -5.115 -0.55 -0.427
0.308 -0.237 1.02 -5.069 -0.58 -0.672
0.311 -0.245 1.014 -4.504 0.519 -0.885
0.3 -0.236 1.026 -3.817 0.229 -1.023
0.299 -0.236 1.017 -3.374 -0.092 -0.794
0.293 -0.232 1.011 -3.359 -0.534 -0.748
0.3 -0.234 0.99 -3.542 -0.687 -0.336
0.304 -0.229 0.991 -3.847 0.061 -0.397
0.309 -0.229 0.986 -4.382 1.45 -0.626
0.3 -0.227 0.994 -5.13 0.779 -0.611
0.294 -0.23 1.008 -5.389 -0.26 -0.779
0.301 -0.237 1.018 -5.74 -1.71 -0.763
0.292 -0.24 1.031 -5.527 -2.489 -0.443
0.296 -0.242 1.042 -4.824 -1.863 -0.183
0.299 -0.235 1.033 -3.603 -0.931 -0.015
0.292 -0.234 1.026 -2.641 -0.26 0.092
0.281 -0.233 1.01 -2.336 -1.557 0.366
0.295 -0.233 1.01 -2.58 -3.374 0.641
0.301 -0.228 1.006 -2.58 -3.908 0.824
0.319 -0.234 0.995 -2.595 -3.527 0.412
0.319 -0.234 1.002 -2.733 -1.038 0.046
0.318 -0.228 0.998 -3.145 0.244 -0.031
0.312 -0.229 0.998 -3.649 -0.015 -0.489
0.305 -0.23 1.001 -3.863 -1.527 -0.748
0.296 -0.233 1.0 -4.275 -2.58 -0.611
0.294 -0.227 1.001 -4.443 -2.733 -0.275
0.292 -0.233 0.995 -4.794 -2.55 0.183
0.3 -0.233 1.009 -4.519 -2.824 0.26
0.301 -0.234 1.012 -4.26 -2.748 0.458
0.314 -0.228 1.007 -3.817 -2.458 0.122
0.313 -0.23 1.007 -3.893 -2.244 -0.229
0.3 -0.232 1.017 -3.832 -2.305 -0.229
0.3 -0.23 1.012 -3.74 -2.885 -0.305
0.296 -0.232 1.003 -3.298 -4.718 -0.168
0.3 -0.23 1.001 -3.71 -4.397 0.198
0.308 -0.229 0.993 -4.0 -2.84 0.275
0.307 -0.227 0.999 -4.427 -2.84 0.336
0.295 -0.227 1.011 -4.565 -4.962 0.626
0.301 -0.226 1.019 -4.824 -7.038 1.023
0.315 -0.231 1.019 -4.229 -6.58 0.534
0.334 -0.236 1.01 -3.42 -3.099 0.26
0.325 -0.234 1.0 -3.069 -0.473 0.031
0.312 -0.229 1.01 -3.802 -0.702 -0.107
0.319 -0.227 1.016 -4.26 -2.427 -0.305
0.322 -0.231 1.006 -4.611 -2.137 -0.534
0.309 -0.232 1.019 -4.794 -3.817 -0.534
0.309 -0.231 1.015 -3.832 -1.847 -0.397
0.312 -0.228 1.017 -3.496 -2.534 -0.382
0.324 -0.228 1.022 -4.382 -2.046 -0.992
0.319 -0.232 1.01 -4.29 0.092 -1.328
0.305 -0.227 1.001 -3.466 1.237 -0.931
0.297 -0.229 1.001 -3.237 0.0 -0.397
0.297 -0.225 1.008 -4.519 -2.916 -0.489
0.294 -0.225 1.008 -6.305 -4.626 -0.122
0.306 -0.222 1.025 -7.786 -5.405 0.489
0.309 -0.235 1.045 -4.366 -3.16 -0.183
0.32 -0.233 1.014 -3.206 -1.176 -0.183
0.311 -0.227 1.015 -3.649 -0.733 -0.244
0.313 -0.221 1.012 -3.908 -2.733 -0.015
0.317 -0.229 0.999 -4.519 -3.374 -0.244
0.31 -0.232 0.998 -4.351 -1.985 -0.366
0.305 -0.232 0.994 -4.55 -2.168 -0.076
0.303 -0.228 1.005 -4.779 -3.191 0.122
0.321 -0.226 1.007 -4.748 -2.58 0.198
0.326 -0.226 1.008 -4.153 0.687 -0.198
0.324 -0.232 1.021 -3.664 1.634 -0.305
0.311 -0.229 1.006 -3.45 0.29 -0.336
0.306 -0.232 0.997 -3.939 -1.847 -0.305
0.314 -0.228 0.997 -4.641 -1.863 -0.443
0.315 -0.231 1.01 -4.443 -1.237 -0.565
0.314 -0.225 1.007 -3.511 -0.763 -0.84
0.312 -0.228 0.996 -3.374 -0.992 -0.489
0.313 -0.225 0.991 -4.183 -0.397 -0.641
0.305 -0.227 1.003 -4.595 -0.397 -0.656
0.306 -0.222 1.001 -4.824 -2.0 -0.397
0.305 -0.223 0.997 -4.992 -3.511 -0.382
0.307 -0.233 1.004 -5.115 -3.435 -0.305
0.303 -0.228 1.009 -5.267 -3.053 -0.244
0.308 -0.231 1.0 -5.221 -3.496 0.046
0.343 -0.22 1.004 -1.237 4.0 0.763
0.309 -0.244 1.027 -3.45 4.412 0.656
0.328 -0.24 0.985 -4.458 -2.565 -0.015
0.31 -0.248 1.02 -1.389 0.595 0.107
0.304 -0.236 1.014 -2.366 -0.29 0.183
0.309 -0.229 0.988 -3.527 -0.916 -0.229
0.303 -0.236 1.002 -2.244 -2.076 -0.015
0.307 -0.231 1.0 -2.412 -1.679 0.183
0.308 -0.232 1.01 -3.298 -2.962 -0.198
0.317 -0.227 0.997 -5.481 1.42 -0.519
0.294 -0.228 1.019 -4.183 0.0 -0.107
0.308 -0.223 1.015 -3.145 -3.13 -0.046
0.293 -0.235 1.007 -3.344 -4.122 0.0
0.306 -0.233 1.002 -4.794 -1.969 0.397
0.288 -0.241 1.019 -4.092 3.634 1.542
0.288 -0.235 1.026 -3.573 -5.832 1.405
0.316 -0.233 1.019 -3.389 -2.565 0.824
0.314 -0.229 1.019 -2.443 -0.931 1.084
0.312 -0.229 1.017 -1.924 -1.374 0.977
0.317 -0.223 0.994 -3.298 -0.351 0.702
0.313 -0.221 0.985 -3.939 0.122 0.626
0.305 -0.217 0.989 -4.336 -2.489 0.58
0.319 -0.215 0.991 -4.794 -1.649 0.916
0.322 -0.215 0.999 -5.466 0.718 0.779
0.308 -0.215 0.993 -6.107 2.336 0.87
0.3 -0.227 1.024 -5.16 -2.229 1.038
0.313 -0.217 1.012 -5.069 0.916 1.267
0.314 -0.225 1.024 -4.565 -1.71 1.252
0.328 -0.224 1.025 -4.519 -0.84 0.84