0.195 0.048 1.055 -3.298 -3.008 -3.679
0.196 0.05 1.074 -3.481 -4.916 -4.0
0.206 0.056 1.071 -3.023 -4.702 -4.427
0.19 0.059 1.08 -2.168 -2.779 -4.962
0.187 0.066 1.07 -1.786 -2.565 -4.87
0.179 0.07 1.052 -1.496 -2.336 -4.611
0.177 0.072 1.054 -1.771 -2.626 -4.183
0.181 0.071 1.038 -2.641 -2.061 -3.603
0.191 0.073 1.017 -4.214 3.924 -3.542
0.164 0.076 1.037 -4.977 4.687 -3.145
0.165 0.071 1.054 -5.496 2.015 -2.626
0.166 0.066 1.067 -4.885 0.214 -2.275
0.169 0.067 1.068 -4.779 -2.366 -2.168
0.183 0.068 1.072 -3.969 -2.137 -2.656
0.181 0.065 1.067 -3.344 0.504 -2.977
0.183 0.075 1.063 -3.115 0.58 -2.824
0.177 0.064 1.074 -3.069 0.794 -2.626
0.176 0.067 1.079 -3.221 -1.328 -2.641
0.181 0.053 1.08 -2.672 -3.008 -2.992
0.198 0.055 1.08 -2.458 -1.71 -4.137
0.191 0.059 1.068 -2.824 0.0 -4.412
0.177 0.058 1.072 -2.718 -1.13 -4.351
0.179 0.064 1.076 -2.092 -2.382 -3.74
0.179 0.065 1.062 -1.496 -2.763 -3.008
0.183 0.066 1.057 -1.527 -3.695 -2.901
0.184 0.066 1.041 -1.924 -3.145 -2.779
0.175 0.07 1.043 -1.954 -2.794 -2.733
0.183 0.068 1.048 -2.489 -2.885 -2.779
0.177 0.065 1.041 -2.931 -2.718 -3.176
0.177 0.063 1.052 -3.084 -3.603 -3.511
0.183 0.071 1.042 -3.511 -2.595 -3.359
0.172 0.073 1.047 -3.924 -2.763 -3.115
0.176 0.068 1.045 -4.366 -3.924 -2.656
0.188 0.074 1.043 -5.206 -2.992 -1.969
0.192 0.076 1.043 -5.664 -2.916 -1.557
0.189 0.071 1.05 -6.183 -3.267 -1.664
0.181 0.067 1.067 -6.153 -3.817 -1.588
0.187 0.063 1.071 -5.786 -4.87 -1.863
0.187 0.07 1.08 -4.443 -4.641 -2.733
0.191 0.067 1.067 -4.397 -3.252 -3.038
0.18 0.078 1.071 -4.809 -3.038 -3.069
0.17 0.071 1.078 -5.069 -4.0 -2.565
0.172 0.072 1.073 -4.748 -3.618 -1.893
0.176 0.077 1.07 -4.412 -4.122 -1.374
0.183 0.086 1.065 -4.763 -3.389 -0.885
0.18 0.081 1.059 -4.336 -3.511 -0.366
0.184 0.08 1.048 -4.122 -4.443 -0.122
0.204 0.08 1.054 -4.244 -3.252 0.183
0.206 0.082 1.045 -4.153 -1.282 -0.351
0.203 0.081 1.054 -4.076 -0.336 -0.504
0.21 0.081 1.053 -3.985 -1.405 -1.328
0.212 0.08 1.047 -3.542 -2.366 -2.107
0.205 0.081 1.03 -3.924 -1.389 -2.779
0.2 0.08 1.023 -4.168 -2.595 -3.267
0.192 0.077 1.024 -4.198 -5.42 -3.649
0.2 0.073 1.009 -3.603 -5.389 -4.122
0.189 0.075 0.989 -4.076 -5.069 -4.244
0.188 0.082 0.985 -4.382 -5.328 -4.656
0.188 0.079 0.965 -4.947 -6.229 -4.779
0.18 0.081 0.963 -5.328 -7.649 -4.718
0.183 0.081 0.961 -5.908 -9.542 -4.901
0.2 0.072 0.949 -7.191 -13.359 -6.076
0.18 0.084 0.924 -6.321 -9.084 -6.382
0.171 0.075 0.922 -6.809 -10.534 -6.336
0.168 0.079 0.896 -7.802 -11.115 -6.214
0.175 0.083 0.89 -9.359 -10.58 -5.679
0.172 0.07 0.871 -11.115 -10.382 -5.725
0.179 0.077 0.857 -12.779 -11.985 -6.122
0.19 0.078 0.852 -14.153 -14.015 -6.687
0.189 0.073 0.846 -14.962 -14.595 -8.107
0.184 0.07 0.831 -15.924 -15.435 -9.191
0.175 0.074 0.812 -17.237 -18.504 -9.939
0.19 0.073 0.791 -17.771 -20.565 -10.595
0.206 0.08 0.763 -19.053 -18.198 -11.725
0.239 0.059 0.732 -21.267 -8.916 -12.901
0.217 0.045 0.749 -22.122 2.947 -13.206
0.152 0.011 0.751 -19.679 10.29 -10.702
0.111 0.008 0.748 -20.489 16.031 -5.45
0.087 0.007 0.761 -22.137 18.137 0.458
0.103 0.02 0.747 -23.878 13.924 4.595
0.142 0.031 0.744 -25.863 7.649 6.504
0.169 0.051 0.74 -29.282 0.702 6.153
0.188 0.062 0.757 -31.664 -12.183 3.954
0.213 0.071 0.752 -35.588 -22.061 1.16
0.216 0.061 0.803 -38.84 -29.389 -1.649
0.2 0.061 0.833 -41.16 -41.649 -4.0
0.198 0.049 0.889 -40.718 -50.672 -5.71
0.185 0.038 0.919 -39.084 -60.427 -6.458
0.18 0.035 0.909 -37.115 -65.756 -5.832
0.186 0.018 0.881 -34.718 -65.405 -4.87
0.189 0.006 0.834 -35.588 -62.672 -3.267
0.172 0.0 0.829 -37.939 -52.916 1.115
0.158 -0.012 0.862 -39.603 -42.519 6.504
0.148 -0.019 0.885 -40.885 -32.641 12.611
0.148 -0.021 0.906 -43.053 -23.588 18.916
0.165 -0.04 0.938 -44.779 -21.557 24.092
0.203 -0.05 0.972 -46.122 -29.45 26.779
0.261 -0.073 0.997 -46.489 -37.069 26.824
0.307 -0.085 1.025 -44.824 -45.802 24.809
0.352 -0.102 1.017 -41.786 -54.153 21.435
0.38 -0.127 0.974 -38.901 -58.137 17.42
0.385 -0.147 0.92 -37.695 -60.397 14.061
0.352 -0.155 0.894 -39.71 -63.649 12.565
0.328 -0.156 0.91 -43.878 -66.718 14.153
0.32 -0.144 0.969 -46.198 -68.641 16.855
0.334 -0.143 1.036 -46.351 -71.374 20.26
0.369 -0.155 1.089 -43.481 -72.473 23.893
0.444 -0.17 1.125 -38.412 -68.29 25.832
0.492 -0.185 1.14 -31.298 -61.985 25.527
0.537 -0.194 1.121 -24.244 -56.702 23.679
0.545 -0.203 1.094 -18.687 -54.26 21.008
0.554 -0.193 1.003 -17.588 -49.13 19.084
0.532 -0.191 0.943 -22.58 -48.366 18.656
0.556 -0.217 0.926 -23.389 -52.366 18.534
0.567 -0.226 0.931 -27.924 -53.771 17.71
0.582 -0.239 0.967 -31.008 -56.885 17.588
0.617 -0.26 1.0 -32.015 -50.595 17.771
0.647 -0.269 1.059 -31.466 -40.031 16.702
0.651 -0.268 1.117 -28.382 -29.588 15.969
0.615 -0.293 1.168 -27.221 -30.626 16.076
0.611 -0.274 1.176 -24.687 -24.198 15.374
0.609 -0.269 1.157 -24.397 -27.267 14.336
0.605 -0.254 1.127 -22.305 -32.794 13.206
0.608 -0.254 1.134 -22.534 -42.031 11.756
0.612 -0.245 1.124 -22.824 -42.855 9.725
0.591 -0.256 1.142 -20.977 -31.908 10.107
0.589 -0.268 1.209 -16.076 -24.87 11.878
0.586 -0.271 1.213 -14.565 -12.748 14.687
0.597 -0.272 1.241 -11.099 2.489 17.817
0.597 -0.269 1.22 -9.374 4.351 19.481
0.623 -0.27 1.179 -7.206 1.099 19.618
0.629 -0.262 1.109 -6.916 -2.412 17.847
0.615 -0.261 1.094 -6.595 -8.122 15.924
0.612 -0.249 1.057 -6.321 -18.641 14.733
0.629 -0.242 1.018 -7.679 -24.092 13.756
0.642 -0.249 1.018 -9.725 -18.443 12.748
0.652 -0.256 1.017 -10.397 -11.969 12.0
0.678 -0.269 1.044 -10.611 0.84 11.832
0.622 -0.286 1.061 -7.832 11.603 12.947
0.638 -0.287 1.145 -10.015 10.015 11.267
0.646 -0.285 1.142 -6.733 -1.298 8.443
0.659 -0.285 1.137 -4.412 -10.015 6.0
0.642 -0.287 1.136 -2.565 -19.099 4.656
0.631 -0.287 1.133 -1.069 -25.817 4.076
0.643 -0.299 1.126 0.061 -24.061 3.511
0.637 -0.293 1.105 1.313 -13.496 3.557
0.6 -0.42 1.271 13.328 0.397 2.916
0.594 -0.29 1.084 3.45 2.87 3.695
0.584 -0.294 1.067 9.191 -8.611 3.985
0.596 -0.286 1.026 4.534 -2.534 3.16
0.572 -0.293 1.04 6.397 -1.038 3.16
0.57 -0.276 0.995 5.16 -8.87 2.702
0.573 -0.28 1.002 5.023 -9.878 3.45
0.595 -0.275 0.95 2.29 -9.115 3.771
0.596 -0.274 0.926 0.092 2.0 4.183
0.611 -0.261 0.905 -1.878 -1.893 2.916
0.564 -0.275 0.931 -1.206 14.687 3.267
0.555 -0.263 0.929 -2.092 9.969 2.565
0.556 -0.251 0.922 -4.626 8.137 1.664
0.542 -0.257 0.923 -5.863 6.412 0.611
0.535 -0.246 0.928 -4.412 0.641 -0.489
0.51 -0.252 0.975 -5.71 -6.168 -0.794
0.508 -0.261 0.956 -2.626 -4.962 -0.489
0.513 -0.258 0.944 -0.29 -0.229 0.183
0.508 -0.243 0.921 0.779 2.901 0.992
0.512 -0.235 0.905 1.191 3.313 2.061
0.524 -0.233 0.872 0.534 2.305 2.672
0.545 -0.224 0.842 -1.344 1.527 2.031
0.563 -0.223 0.853 -3.176 1.313 0.305
0.565 -0.221 0.877 -4.458 -0.29 -1.847
0.561 -0.23 0.903 -4.26 -3.359 -3.74
0.555 -0.232 0.928 -3.115 -3.573 -4.779
0.546 -0.228 0.914 -2.275 -3.969 -5.359
0.534 -0.233 0.916 -0.824 -2.275 -5.298
0.531 -0.222 0.912 -0.122 -0.733 -4.763
0.52 -0.216 0.912 0.061 -0.565 -4.214
0.52 -0.219 0.905 -0.962 -2.153 -3.344
0.512 -0.213 0.901 -2.534 -3.16 -2.305
0.514 -0.212 0.903 -3.557 -3.924 -1.42
0.521 -0.213 0.911 -4.779 -4.076 -0.229
0.526 -0.219 0.906 -5.237 -4.214 1.023
0.548 -0.223 0.915 -4.947 -2.611 1.634
0.559 -0.22 0.913 -5.084 -2.092 1.252
0.558 -0.225 0.903 -5.618 -2.702 0.641
0.555 -0.224 0.906 -6.443 -3.527 -0.519
0.536 -0.224 0.918 -7.374 -4.198 -1.328
0.531 -0.227 0.932 -7.435 -3.405 -1.511
0.519 -0.225 0.934 -7.725 -4.031 -0.885
0.52 -0.23 0.938 -6.87 -2.718 -0.55
0.517 -0.229 0.953 -5.237 -1.389 -0.244
0.524 -0.236 0.951 -3.221 -1.145 -0.122
0.526 -0.235 0.941 -2.046 -1.832 0.26
0.53 -0.234 0.896 -1.374 -1.786 0.779
0.532 -0.226 0.875 -2.0 -2.412 1.298
0.54 -0.22 0.877 -3.389 -3.16 1.71
0.547 -0.223 0.884 -4.718 -3.298 1.603
0.557 -0.224 0.895 -5.71 -2.336 0.748
0.546 -0.229 0.905 -6.565 -1.542 0.366
0.537 -0.237 0.917 -6.656 -1.939 0.153
0.538 -0.231 0.93 -6.0 -2.26 -0.015
0.534 -0.226 0.952 -4.519 -2.305 -0.748
0.534 -0.225 0.957 -2.855 -2.84 -1.038
0.543 -0.229 0.952 -1.924 -3.374 -1.344
0.539 -0.222 0.93 -1.298 -3.053 -1.389
0.542 -0.231 0.917 -0.885 -1.481 -1.221
0.549 -0.221 0.905 -0.473 0.382 -1.267
0.541 -0.219 0.905 -1.374 0.779 -1.084
0.547 -0.221 0.896 -2.397 1.038 -0.931
0.562 -0.219 0.896 -3.771 2.015 -1.557
0.56 -0.223 0.924 -4.519 2.504 -2.382
0.556 -0.225 0.925 -4.626 3.252 -2.824
0.547 -0.227 0.922 -4.519 4.58 -3.267
0.538 -0.224 0.924 -4.84 5.771 -2.84
0.539 -0.223 0.918 -5.221 6.595 -2.611
0.536 -0.225 0.916 -5.939 6.366 -2.611
0.531 -0.232 0.926 -6.214 4.885 -2.824
0.529 -0.232 0.935 -6.412 4.458 -2.901
0.52 -0.227 0.939 -5.496 3.695 -2.275
0.54 -0.23 0.925 -5.053 3.496 -1.969
0.535 -0.228 0.914 -4.702 5.771 -1.71
0.539 -0.223 0.899 -5.344 8.015 -2.031
0.525 -0.221 0.894 -6.107 7.481 -1.756
0.458 -0.212 0.929 -6.366 -9.573 -2.519
0.558 -0.218 0.877 -8.015 -0.672 -2.534
0.519 -0.215 0.911 -8.84 0.962 -2.458
0.51 -0.237 0.943 -8.031 -3.725 -1.817
0.505 -0.239 0.959 -7.374 -1.786 -0.84
0.519 -0.232 0.941 -6.244 1.359 -0.595
0.511 -0.228 0.956 -4.473 7.328 -0.214
0.516 -0.231 0.941 -3.115 3.374 -0.305
0.524 -0.228 0.91 -2.626 1.863 -0.565
0.521 -0.225 0.89 -3.145 -0.427 -0.824
0.518 -0.214 0.874 -4.153 -9.832 -1.145
0.544 -0.224 0.863 -5.985 -0.763 -0.702
0.519 -0.223 0.894 -7.252 0.412 -0.351
0.538 -0.223 0.901 -7.649 1.649 -0.351
0.52 -0.225 0.912 -7.969 4.031 -0.84
0.511 -0.225 0.933 -7.206 1.527 -0.687
0.508 -0.231 0.935 -7.038 -0.916 -0.443
0.517 -0.231 0.944 -6.107 -2.336 -0.809
0.519 -0.229 0.931 -4.336 -3.908 -0.504
0.555 -0.239 0.907 -4.092 -6.061 -0.687
0.55 -0.229 0.922 -4.198 0.595 -0.733
0.529 -0.228 0.928 -5.145 -2.489 -0.916
0.53 -0.223 0.921 -6.107 0.427 -0.779
0.532 -0.229 0.92 -6.153 -2.641 -0.595
0.542 -0.228 0.912 -6.031 -2.672 -0.748
0.543 -0.23 0.928 -6.107 -5.603 -1.71
0.538 -0.234 0.938 -4.809 -2.611 -1.817
0.524 -0.229 0.943 -3.618 -1.786 -2.046
0.53 -0.233 0.943 -2.84 -3.023 -1.863
0.519 -0.23 0.946 -1.725 -3.939 -2.076
0.527 -0.224 0.945 -1.145 -7.084 -2.229
0.511 -0.232 0.932 -0.275 -8.885 -2.153
0.518 -0.224 0.919 -0.214 -11.634 -1.695
0.522 -0.229 0.908 -1.664 -10.641 -1.42
0.539 -0.224 0.897 -2.29 -9.206 -1.13
0.541 -0.229 0.898 -3.405 -5.573 -0.916
0.552 -0.227 0.906 -4.58 -1.557 -1.13
0.538 -0.224 0.912 -5.084 -1.053 -1.374
0.54 -0.214 0.918 -5.344 -1.847 -1.832
0.532 -0.225 0.928 -4.748 -1.664 -1.771
0.536 -0.222 0.923 -4.305 -0.611 -1.466
0.53 -0.229 0.919 -4.656 1.695 -1.053
0.518 -0.221 0.92 -4.702 1.206 -0.672
0.521 -0.222 0.924 -4.855 1.435 -0.168
0.525 -0.222 0.912 -4.992 -0.29 -0.076
0.528 -0.221 0.912 -5.084 -0.382 -0.336
0.534 -0.225 0.917 -5.649 0.718 -0.427
0.532 -0.223 0.91 -5.603 -0.366 -0.153
0.546 -0.224 0.92 -5.527 -3.13 -0.031
0.563 -0.23 0.933 -4.931 -1.786 -0.672
0.555 -0.229 0.942 -4.611 1.557 -1.679
0.537 -0.228 0.927 -4.092 3.939 -1.878
0.53 -0.222 0.924 -4.0 1.878 -1.466
0.527 -0.225 0.92 -4.214 -0.794 -1.435
0.53 -0.221 0.906 -4.29 -2.824 -1.405
0.523 -0.227 0.91 -4.55 -3.939 -1.069
0.526 -0.221 0.903 -5.176 -4.855 -0.809
0.523 -0.221 0.898 -5.466 -4.229 -0.366
0.54 -0.223 0.899 -5.481 -2.031 -0.244
0.546 -0.219 0.899 -5.511 0.321 -0.687
0.538 -0.225 0.894 -5.496 0.183 -1.45
0.536 -0.227 0.9 -6.061 -0.504 -1.603
0.526 -0.226 0.906 -6.473 -3.038 -1.603
0.528 -0.219 0.918 -6.168 -4.137 -1.359
0.535 -0.225 0.919 -5.863 -1.13 -1.145
0.522 -0.231 0.918 -5.924 2.0 -0.626
0.523 -0.223 0.925 -6.122 2.382 -0.26
0.534 -0.23 0.919 -6.183 0.947 -0.168
0.531 -0.228 0.924 -5.802 -0.687 -0.473
0.538 -0.222 0.919 -5.496 -0.947 -0.656
0.531 -0.224 0.922 -5.878 0.107 -0.672
0.53 -0.224 0.918 -6.0 1.145 -0.412
0.537 -0.229 0.927 -5.679 2.183 -0.198
0.541 -0.231 0.925 -5.389 3.466 -0.275
0.528 -0.23 0.927 -4.947 2.931 -0.458
0.531 -0.223 0.931 -4.824 2.214 -0.427
0.527 -0.227 0.929 -5.237 -0.122 -0.397
0.525 -0.23 0.927 -5.16 -3.099 -0.565
0.531 -0.223 0.94 -4.137 -3.847 -0.473
0.522 -0.228 0.942 -3.527 -3.695 -0.519
0.536 -0.229 0.937 -2.702 -1.069 -0.351
0.53 -0.225 0.919 -2.611 0.84 -0.29
0.526 -0.225 0.921 -3.008 0.336 -0.122
0.528 -0.221 0.893 -3.527 -1.344 0.015
0.532 -0.224 0.894 -4.183 -0.794 -0.015
0.533 -0.227 0.902 -5.008 -0.504 -0.137
0.53 -0.221 0.904 -5.496 -1.71 0.0
0.537 -0.222 0.912 -6.0 -1.252 0.183
0.543 -0.227 0.911 -6.168 1.496 -0.275
0.526 -0.224 0.916 -5.878 3.115 -0.427
0.526 -0.23 0.929 -4.794 2.0 -0.779
0.521 -0.228 0.927 -4.305 -0.702 -1.13
0.526 -0.227 0.918 -3.985 -2.198 -1.099
0.517 -0.223 0.905 -4.214 -2.183 -0.794
0.515 -0.226 0.887 -4.931 -2.473 -0.214
0.539 -0.219 0.885 -5.573 -1.13 0.626
0.546 -0.225 0.884 -6.718 -0.305 0.611
0.55 -0.236 0.879 -7.542 0.565 0.275
0.545 -0.227 0.903 -8.031 1.206 -0.321
0.544 -0.231 0.918 -8.046 -0.809 -0.885
0.534 -0.235 0.944 -7.328 -2.275 -1.282
0.526 -0.228 0.949 -6.458 -2.947 -1.206
0.519 -0.228 0.967 -5.573 -2.718 -1.023
0.521 -0.23 0.951 -4.275 -2.214 -0.687
0.515 -0.23 0.938 -3.832 -1.985 -0.427
0.509 -0.23 0.928 -3.191 -2.855 0.015
0.514 -0.225 0.911 -3.466 -3.893 0.214
0.525 -0.222 0.895 -4.305 -3.924 0.031
0.533 -0.223 0.896 -5.634 -1.817 -0.015
0.531 -0.232 0.901 -6.504 -0.427 -0.168
0.538 -0.231 0.907 -6.595 -0.947 -0.015
0.534 -0.231 0.925 -6.153 -0.901 -0.443
0.529 -0.237 0.934 -5.878 -1.786 -0.656
0.522 -0.232 0.935 -4.962 -2.321 -0.748
0.534 -0.227 0.923 -4.779 -2.534 -0.718
0.527 -0.231 0.93 -4.534 -3.099 -0.489
0.53 -0.235 0.917 -4.504 -2.092 -0.29
0.54 -0.229 0.919 -4.611 0.046 -0.107
0.531 -0.233 0.913 -5.008 1.267 -0.061
0.532 -0.226 0.922 -4.855 0.687 -0.153
0.536 -0.231 0.922 -4.412 0.015 -0.29
0.53 -0.234 0.916 -4.504 -2.397 -0.794
0.535 -0.235 0.914 -4.229 -3.557 -0.992
0.531 -0.229 0.916 -4.046 -2.87 -1.313
0.518 -0.23 0.911 -4.275 -1.954 -1.206
0.528 -0.228 0.899 -4.87 -0.076 -0.641
0.524 -0.227 0.904 -5.527 1.771 -0.183
0.515 -0.235 0.902 -5.802 -0.107 0.015
0.521 -0.233 0.908 -5.527 -2.183 0.168
0.528 -0.231 0.91 -5.267 -2.718 0.382
0.529 -0.231 0.917 -5.038 -3.481 -0.076
0.529 -0.227 0.913 -4.84 -3.756 -0.092
0.533 -0.232 0.912 -4.718 -3.298 -0.031
0.528 -0.23 0.912 -4.87 -2.244 -0.061
0.532 -0.235 0.91 -4.947 -0.076 -0.489
0.523 -0.227 0.914 -5.023 -0.046 -0.229
0.522 -0.234 0.917 -4.824 -1.511 0.061
0.517 -0.239 0.915 -4.824 -2.397 0.076
0.522 -0.235 0.909 -4.779 -2.382 0.275
0.527 -0.234 0.902 -4.382 -2.229 0.611
0.529 -0.227 0.902 -4.748 -1.573 0.58
0.531 -0.232 0.904 -4.885 0.931 0.779
0.528 -0.23 0.908 -5.16 2.26 0.641
0.533 -0.229 0.908 -5.099 0.427 0.519
0.531 -0.229 0.905 -5.374 -1.863 0.519
0.538 -0.23 0.907 -5.542 -2.656 0.183
0.542 -0.227 0.913 -5.588 -2.748 0.168
0.544 -0.23 0.93 -5.374 -2.0 0.26
0.552 -0.235 0.915 -5.466 -0.55 0.168
0.539 -0.229 0.925 -5.817 0.397 -0.275
0.534 -0.23 0.927 -5.496 -0.656 -0.336
0.538 -0.238 0.938 -4.626 -1.649 -0.626
0.545 -0.239 0.934 -4.321 -4.29 -1.008
0.541 -0.237 0.928 -3.496 -4.336 -1.435
0.532 -0.233 0.907 -3.237 -1.115 -1.481
0.526 -0.231 0.908 -3.664 0.076 -1.221
0.522 -0.227 0.907 -4.397 -0.061 -0.611
0.522 -0.233 0.886 -5.237 0.29 -0.046
0.536 -0.233 0.906 -5.679 0.336 -0.168
0.532 -0.236 0.906 -5.771 1.038 -0.397
0.528 -0.237 0.927 -5.359 -0.504 -0.672
0.535 -0.233 0.923 -4.87 -2.046 -0.885
0.531 -0.231 0.924 -4.58 -3.13 -0.992
0.53 -0.238 0.917 -4.061 -1.725 -1.008
0.521 -0.235 0.914 -4.137 1.282 -0.611
0.519 -0.233 0.917 -4.275 1.359 -0.29
0.514 -0.234 0.905 -4.107 0.87 0.0
0.512 -0.233 0.918 -3.74 -1.786 0.489
0.513 -0.236 0.909 -3.237 -4.244 0.672
0.523 -0.234 0.898 -3.496 -4.702 0.427
0.538 -0.234 0.889 -3.878 -3.13 0.382
0.532 -0.235 0.893 -4.534 -1.038 0.656
0.543 -0.238 0.882 -4.794 0.962 0.0
0.525 -0.234 0.894 -5.42 2.183 0.504
0.519 -0.232 0.914 -6.412 0.061 0.519
0.52 -0.23 0.908 -6.824 -1.542 0.427
0.526 -0.236 0.93 -6.656 -2.748 0.26
0.534 -0.236 0.945 -5.74 -3.939 0.137