0.088 0.094 1.087 -1.985 2.473 1.695
0.1 0.106 1.069 -1.618 1.863 2.153
0.102 0.104 1.067 -0.824 4.351 2.427
0.102 0.106 1.062 -0.504 3.069 1.817
0.098 0.11 1.067 0.0 2.947 2.076
0.103 0.109 1.065 0.305 0.931 1.573
0.114 0.106 1.057 0.092 1.679 1.267
0.092 0.112 1.045 -0.321 1.191 1.481
0.086 0.11 1.043 -0.992 0.229 1.954
0.096 0.113 1.05 -1.664 -0.656 2.473
0.103 0.116 1.052 -2.015 -0.534 2.427
0.108 0.115 1.054 -2.122 -0.015 2.183
0.111 0.12 1.056 -1.771 -0.198 1.878
0.119 0.115 1.044 -1.924 0.641 1.939
0.112 0.112 1.036 -2.656 1.756 2.107
0.113 0.116 1.034 -3.481 0.534 2.26
0.117 0.116 1.044 -3.893 1.634 2.076
0.12 0.119 1.054 -3.71 0.26 1.557
0.132 0.12 1.064 -3.008 0.015 0.718
0.123 0.116 1.057 -3.008 0.534 0.305
0.11 0.123 1.05 -2.885 -0.366 -0.153
0.103 0.114 1.053 -3.16 -0.412 -0.137
0.105 0.121 1.042 -3.435 0.168 -0.168
0.099 0.122 1.047 -4.26 0.198 0.107
0.108 0.119 1.045 -4.565 0.076 -0.107
0.107 0.115 1.053 -4.58 0.275 -0.092
0.108 0.118 1.052 -4.672 0.183 -0.031
0.111 0.113 1.067 -4.137 0.26 -0.519
0.111 0.112 1.07 -3.42 -1.145 -1.221
0.112 0.119 1.078 -3.053 -1.084 -1.45
0.107 0.119 1.065 -2.916 -1.924 -1.679
0.107 0.12 1.062 -2.916 -2.427 -1.511
0.109 0.119 1.057 -3.176 -0.87 -1.664
0.109 0.125 1.046 -3.588 -1.053 -1.695
0.112 0.114 1.065 -3.466 -1.45 -1.939
0.113 0.114 1.067 -3.099 -2.336 -2.305
0.112 0.121 1.051 -3.282 -1.496 -2.687
0.099 0.125 1.047 -3.924 -1.771 -3.099
0.088 0.123 1.052 -5.405 -2.137 -2.87
0.076 0.117 1.053 -10.718 -10.748 -3.481
0.103 0.117 1.08 -2.824 -0.214 -2.534
0.087 0.121 1.064 -4.931 -2.046 -2.275
0.097 0.119 1.064 -4.015 -2.153 -2.153
0.098 0.11 1.073 -4.58 -0.198 -1.527
0.092 0.119 1.062 -4.58 0.015 -1.374
0.106 0.105 1.078 -3.252 1.084 -1.237
0.106 0.112 1.078 -2.687 -0.458 -1.74
0.107 0.104 1.074 -1.557 0.733 -2.076
0.1 0.11 1.053 -1.573 -0.595 -2.534
0.101 0.115 1.05 -2.382 0.855 -2.733
0.095 0.116 1.047 -2.931 -0.046 -2.779
0.092 0.121 1.058 -2.534 0.015 -2.473
0.094 0.116 1.071 -1.725 -0.473 -2.641
0.1 0.122 1.061 -1.206 -0.763 -2.718
0.088 0.121 1.053 -1.511 -0.824 -2.382
0.083 0.128 1.036 -1.725 -0.382 -1.969
0.093 0.128 1.021 -3.16 0.321 -1.313
0.084 0.131 1.018 -3.74 0.55 -1.16
0.094 0.122 1.026 -4.519 0.031 -1.221
0.095 0.121 1.037 -4.947 -0.366 -1.42
0.094 0.115 1.063 -4.443 -2.137 -1.924
0.092 0.115 1.043 -4.87 -2.061 -2.046
0.082 0.123 1.052 -5.221 -1.374 -2.0
0.076 0.116 1.057 -5.924 -1.053 -1.481
0.076 0.114 1.067 -5.924 -0.962 -0.962
0.085 0.121 1.063 -5.863 -1.145 -0.779
0.087 0.114 1.069 -5.511 -1.069 -0.55
0.083 0.112 1.055 -4.901 -1.969 -0.519
0.089 0.11 1.061 -4.641 -1.695 -0.504
0.092 0.111 1.054 -4.29 -1.16 -0.611
0.092 0.115 1.042 -4.473 -0.626 -0.397
0.085 0.117 1.051 -4.641 -1.191 -0.382
0.091 0.121 1.065 -3.985 -1.817 -0.534
0.094 0.12 1.053 -2.855 -2.641 -0.977
0.101 0.12 1.041 -2.092 -3.344 -1.252
0.114 0.118 1.014 -1.649 -0.473 -1.832
0.104 0.121 0.993 -1.618 2.26 -2.183
0.087 0.13 0.985 -0.55 -4.718 -2.763
0.108 0.133 0.949 -1.588 -4.183 -3.038
0.106 0.136 0.939 -2.427 -4.947 -3.359
0.118 0.14 0.903 -4.015 -4.824 -4.122
0.11 0.158 0.858 -7.405 0.748 -3.664
0.118 0.135 0.905 -5.771 -3.71 -5.725
0.121 0.14 0.842 -8.214 -10.626 -7.817
0.097 0.13 0.852 -9.008 -8.55 -8.718
0.087 0.131 0.869 -11.115 -16.519 -9.924
0.09 0.125 0.865 -12.244 -16.092 -10.153
0.073 0.131 0.879 -13.542 -16.931 -10.168
0.069 0.136 0.872 -14.504 -18.916 -9.954
0.075 0.138 0.869 -16.229 -19.725 -9.649
0.072 0.136 0.868 -17.695 -20.977 -9.191
0.073 0.139 0.866 -19.71 -23.344 -8.504
0.064 0.13 0.878 -20.244 -25.252 -7.863
0.091 0.125 0.901 -19.511 -24.397 -7.13
0.099 0.12 0.908 -17.786 -19.664 -6.702
0.086 0.114 0.911 -16.092 -13.649 -5.023
0.083 0.099 0.898 -13.893 -7.282 -2.809
0.076 0.107 0.85 -12.351 -4.992 -0.427
0.079 0.105 0.81 -12.718 -0.183 1.481
0.089 0.105 0.767 -14.275 -4.092 3.008
0.128 0.103 0.719 -16.763 -7.817 2.55
0.125 0.096 0.715 -22.962 -11.374 1.099
0.12 0.09 0.764 -25.969 -21.328 -0.382
0.13 0.084 0.819 -25.557 -30.427 -1.649
0.138 0.075 0.854 -22.55 -36.26 -2.779
0.145 0.073 0.868 -17.496 -39.344 -3.542
0.149 0.057 0.843 -10.336 -37.71 -2.885
0.166 0.054 0.784 -6.397 -32.611 -1.634
0.177 0.049 0.69 -6.458 -19.237 0.794
0.197 0.026 0.603 -14.427 2.718 2.244
0.14 0.04 0.543 -30.336 16.779 5.557
0.072 0.025 0.641 -46.611 17.176 10.443
0.054 -0.006 0.819 -56.015 -1.588 13.664
0.107 0.0 0.915 -60.962 -19.084 16.229
0.153 -0.025 1.097 -54.809 -37.069 15.588
0.211 0.009 1.138 -45.328 -55.328 12.595
0.267 -0.02 1.051 -40.931 -55.969 10.153
0.243 -0.041 0.995 -33.252 -55.42 8.748
0.243 -0.046 0.853 -31.496 -52.076 10.183
0.27 -0.044 0.699 -36.076 -30.366 13.695
0.268 -0.043 0.663 -49.557 -6.275 17.954
0.249 -0.06 0.774 -59.832 11.344 21.847
0.239 -0.063 0.888 -69.832 5.573 22.977
0.222 -0.08 1.096 -74.305 -9.863 22.672
0.256 -0.099 1.234 -67.756 -32.031 21.191
0.312 -0.123 1.333 -58.015 -40.595 18.489
0.324 -0.135 1.341 -42.397 -45.832 15.511
0.272 -0.134 1.254 -35.573 -66.992 13.817
0.33 -0.15 1.167 -24.137 -64.947 14.809
0.405 -0.143 0.944 -26.412 -46.962 16.183
0.431 -0.133 0.826 -35.069 -15.893 17.878
0.429 -0.132 0.865 -45.145 14.672 18.061
0.349 -0.14 1.015 -54.122 22.702 17.405
0.325 -0.183 1.241 -51.893 14.55 17.145
0.399 -0.282 1.471 -24.168 28.198 14.855
0.297 -0.238 1.499 -15.023 -28.901 10.534
0.404 -0.225 1.392 -10.916 -33.221 7.069
0.39 -0.246 1.458 1.74 -32.26 4.473
0.432 -0.18 1.287 5.588 -38.565 4.092
0.421 -0.185 1.137 1.115 -17.573 6.107
0.398 -0.168 1.028 -9.176 8.275 6.092
0.381 -0.141 1.004 -23.832 3.924 3.282
0.342 -0.128 1.066 -33.511 -8.168 0.855
0.338 -0.189 1.177 -31.588 -18.321 -1.939
0.279 -0.123 1.226 -39.893 -36.687 -5.221
0.29 -0.157 1.294 -37.725 -24.84 -5.145
0.221 -0.122 1.328 -39.649 -17.16 -1.756
0.234 -0.167 1.366 -38.473 -10.916 2.656
0.246 -0.166 1.345 -36.366 -0.672 5.725
0.267 -0.17 1.308 -35.176 10.198 7.74
0.264 -0.164 1.234 -36.443 15.084 8.275
0.26 -0.178 1.191 -38.397 14.198 8.382
0.245 -0.187 1.151 -40.534 9.252 9.16
0.255 -0.194 1.123 -42.687 2.687 10.092
0.296 -0.225 1.134 -43.45 -0.641 9.878
0.329 -0.229 1.145 -43.893 1.832 7.969
0.31 -0.234 1.148 -45.282 3.557 5.176
0.257 -0.236 1.186 -45.893 3.756 4.412
0.197 -0.255 1.219 -45.313 -0.015 6.29
0.197 -0.309 1.305 -22.519 8.641 11.252
0.108 -0.3 1.379 -32.687 -13.481 13.023
0.176 -0.289 1.262 -33.664 -18.962 15.542
0.265 -0.28 1.264 -25.847 -14.015 17.252
0.326 -0.295 1.289 -27.16 -6.198 14.198
0.285 -0.287 1.3 -28.336 13.588 13.008
0.274 -0.308 1.274 -20.153 18.687 13.771
0.266 -0.295 1.212 -22.0 11.16 13.359
0.265 -0.305 1.203 -18.015 2.153 14.092
0.267 -0.323 1.234 -14.87 -10.336 13.527
0.292 -0.313 1.187 -14.015 -18.763 12.443
0.324 -0.31 1.162 -11.679 -19.42 11.802
0.356 -0.311 1.159 -8.382 -13.023 11.16
0.334 -0.309 1.141 -7.435 -4.031 9.832
0.337 -0.306 1.114 -10.992 -7.252 8.595
0.359 -0.279 1.06 -6.137 2.977 7.237
0.351 -0.295 1.031 -9.13 0.061 5.115
0.337 -0.294 1.018 -9.969 -2.565 3.634
0.345 -0.278 1.009 -10.641 -3.13 2.214
0.476 -0.307 0.905 -6.855 6.244 2.229
0.277 -0.287 1.078 -8.687 3.115 1.588
0.313 -0.303 1.063 -6.382 1.42 1.374
0.278 -0.305 1.092 -6.733 -5.756 0.947
0.302 -0.304 1.044 -9.74 -4.84 -0.153
0.306 -0.3 1.049 -5.176 2.595 -0.626
0.287 -0.288 1.049 -6.702 5.557 -0.794
0.27 -0.281 1.065 -5.908 4.656 -0.656
0.266 -0.294 1.076 -7.359 2.55 -0.885
0.266 -0.292 1.086 -4.473 2.412 -0.504
0.266 -0.291 1.09 -3.481 1.634 -0.351
0.264 -0.293 1.067 -1.282 2.351 -0.366
0.265 -0.29 1.036 -0.534 1.511 -0.519
0.262 -0.289 1.01 -0.977 0.824 -0.26
0.266 -0.28 1.019 -1.191 -1.557 -0.305
0.229 -0.263 1.03 -3.237 -9.023 -1.008
0.341 -0.27 0.973 -0.473 2.031 -1.115
0.249 -0.262 1.007 0.214 -1.496 -0.473
0.329 -0.276 0.951 -0.702 4.321 -0.565
0.279 -0.274 0.972 -2.305 5.053 -0.489
0.277 -0.277 0.96 -3.313 4.26 -0.137
0.291 -0.269 0.947 -5.756 5.71 -0.504
0.279 -0.266 0.953 -6.748 3.466 -1.496
0.248 -0.273 1.0 -9.267 -0.55 -1.71
0.23 -0.271 1.041 -8.198 -3.435 -0.992
0.225 -0.275 1.063 -5.74 -4.824 0.275
0.239 -0.271 1.079 -3.374 -4.504 1.023
0.247 -0.262 1.058 -1.527 -3.282 1.206
0.262 -0.266 1.036 -0.443 0.458 1.786
0.272 -0.263 1.006 -1.023 2.641 1.908
0.273 -0.264 0.979 -2.122 3.71 1.878
0.278 -0.262 0.967 -4.885 3.053 1.573
0.27 -0.261 0.97 -6.489 1.267 1.435
0.283 -0.276 0.992 -6.489 -0.443 1.557
0.281 -0.274 0.985 -5.664 -2.275 1.74
0.284 -0.271 0.99 -4.733 -1.42 1.695
0.291 -0.281 0.993 -5.573 -0.885 0.916
0.298 -0.277 0.987 -5.206 -2.382 0.046
0.289 -0.276 1.023 -6.779 -0.412 -0.031
0.283 -0.28 0.997 -4.107 -1.313 -0.092
0.269 -0.28 0.977 -3.924 0.901 0.168
0.262 -0.279 0.978 -4.534 -2.702 1.023
0.27 -0.28 0.967 -5.618 -4.687 1.45
0.273 -0.283 0.989 -5.939 -5.573 1.298
0.279 -0.284 1.013 -5.725 -3.45 1.252
0.285 -0.29 1.01 -4.977 -0.977 1.466
0.284 -0.288 1.01 -3.71 -0.748 1.71
0.291 -0.29 1.006 -2.611 -0.397 1.191
0.3 -0.292 0.995 -1.405 -1.008 0.107
0.273 -0.282 0.97 -1.344 -2.687 -0.031
0.272 -0.274 0.971 -2.015 -4.26 -0.137
0.268 -0.276 0.961 -2.992 -5.771 -0.076
0.266 -0.277 0.967 -4.336 -6.046 0.351
0.271 -0.268 0.965 -6.031 -3.374 0.702
0.265 -0.273 0.991 -5.634 -0.992 0.687
0.249 -0.266 0.996 -5.786 -2.351 1.069
0.256 -0.272 1.03 -5.878 -6.107 1.573
0.273 -0.27 1.03 -4.977 -8.198 1.435
0.279 -0.273 1.044 -3.191 -8.137 0.977
0.286 -0.269 1.04 -2.214 -6.611 0.473
0.289 -0.265 1.03 -2.351 -3.985 0.519
0.282 -0.262 1.003 -2.656 -0.901 0.214
0.281 -0.268 1.002 -3.267 -0.229 0.107
0.273 -0.262 1.01 -4.443 -1.328 0.275
0.27 -0.269 1.013 -5.542 -3.664 0.748
0.273 -0.264 1.02 -6.137 -4.931 1.069
0.291 -0.27 1.031 -6.489 -5.145 1.206
0.292 -0.265 1.031 -6.305 -2.168 0.534
0.289 -0.271 1.036 -6.031 0.733 0.229
0.283 -0.273 1.033 -5.496 2.107 0.015
0.279 -0.278 1.033 -4.504 1.466 -0.168
0.279 -0.28 1.035 -3.313 0.794 -0.336
0.275 -0.278 1.016 -2.489 0.473 0.076
0.273 -0.274 1.009 -1.878 -3.237 0.351
0.294 -0.275 0.987 -2.947 -8.458 -0.244
0.313 -0.281 0.982 -2.794 -1.435 -0.29
0.298 -0.276 1.005 -0.061 5.954 0.336
0.282 -0.283 0.997 -3.573 4.565 0.015
0.283 -0.276 0.988 -4.595 1.313 -0.824
0.29 -0.274 0.984 -4.137 -2.565 -1.389
0.284 -0.277 0.973 -5.252 -2.779 -1.802
0.28 -0.28 0.983 -3.908 1.13 -1.359
0.277 -0.268 0.956 -4.962 3.344 -0.702
0.272 -0.275 0.966 -6.656 1.817 -0.992
0.264 -0.273 0.962 -8.55 0.733 -1.084
0.267 -0.275 0.965 -8.641 0.687 -1.145
0.274 -0.274 0.992 -8.29 1.802 -0.885
0.266 -0.274 0.996 -7.053 0.916 -0.718
0.256 -0.275 0.998 -6.198 -1.191 -0.687
0.26 -0.281 1.003 -5.405 -2.733 -0.244
0.281 -0.278 1.019 -4.58 -3.145 -0.061
0.286 -0.275 1.014 -4.0 -2.061 -0.443
0.271 -0.28 1.006 -3.695 -0.718 -0.504
0.277 -0.28 0.996 -3.679 0.092 -0.137
0.28 -0.276 0.987 -4.473 0.427 -0.168
0.277 -0.275 0.992 -5.832 -0.412 -0.397
0.275 -0.275 1.0 -6.641 -1.771 -0.183
0.279 -0.28 1.012 -6.351 -2.779 0.107
0.297 -0.276 1.016 -5.664 -2.153 -0.473
0.298 -0.27 1.012 -5.695 -0.489 -1.282
0.281 -0.28 1.012 -5.176 0.198 -1.603
0.259 -0.274 1.014 -5.496 -0.198 -1.328
0.259 -0.276 1.02 -5.008 -1.634 -0.672
0.27 -0.277 1.019 -4.26 -2.305 -0.55
0.272 -0.28 1.003 -3.969 -1.588 -0.534
0.267 -0.271 0.993 -4.672 -1.282 -0.26
0.266 -0.271 0.987 -6.061 -0.794 -0.046
0.273 -0.278 0.994 -6.015 -0.427 0.168
0.284 -0.275 1.001 -5.725 0.595 -0.366
0.281 -0.27 1.005 -5.176 0.763 -0.565
0.271 -0.27 0.999 -5.466 -0.504 -0.473
0.273 -0.279 1.0 -5.954 -2.397 -0.366
0.291 -0.281 1.0 -6.183 -0.656 -0.519
0.285 -0.281 1.01 -5.847 2.733 -0.763
0.268 -0.282 1.006 -5.206 3.053 -0.718
0.262 -0.28 1.022 -4.947 0.748 -0.718
0.266 -0.283 1.0 -4.809 -1.802 0.0
0.27 -0.278 0.986 -5.481 -2.122 0.092
0.272 -0.281 0.994 -4.931 -1.603 0.061
0.281 -0.285 1.0 -4.412 -0.198 -0.031
0.286 -0.279 0.981 -4.427 1.71 -0.382
0.291 -0.276 0.976 -5.13 2.55 -0.824
0.272 -0.282 0.979 -6.198 1.878 -0.794
0.265 -0.281 0.987 -6.382 -0.55 -0.702
0.268 -0.281 0.992 -5.832 -2.702 -0.931
0.268 -0.287 1.005 -5.115 -2.611 -0.84
0.265 -0.284 0.995 -4.702 -2.962 -0.611
0.276 -0.286 0.99 -4.626 -3.328 -0.824
0.285 -0.279 0.992 -5.053 -2.519 -1.252
0.271 -0.281 1.001 -5.496 -0.672 -1.405
0.258 -0.283 0.998 -5.74 -0.55 -1.206
0.237 -0.279 1.01 -5.649 -3.573 -0.687
0.24 -0.287 1.025 -5.053 -6.519 0.046
0.257 -0.288 1.006 -4.611 -6.55 1.16
0.249 -0.284 1.029 -4.198 -7.466 1.863
0.293 -0.276 0.996 -4.0 -8.443 2.107
0.299 -0.277 0.984 -4.595 -6.382 1.756
0.317 -0.283 0.982 -4.931 -4.519 0.672
0.302 -0.273 0.973 -5.893 -4.519 0.153
0.303 -0.278 0.987 -6.489 -3.664 -0.687
0.281 -0.281 1.004 -6.504 -3.832 -1.176
0.265 -0.28 1.018 -5.542 -6.122 -0.748
0.261 -0.284 1.019 -5.847 -6.107 -0.244
0.267 -0.283 1.043 -2.779 -5.74 0.962
0.266 -0.284 1.036 -3.176 -5.542 0.885
0.277 -0.28 1.017 -1.954 -3.573 1.023
0.281 -0.275 1.01 -2.519 -4.763 1.176
0.297 -0.279 1.008 -2.962 -5.344 0.626
0.305 -0.278 1.004 -3.74 -2.977 0.137
0.307 -0.281 1.014 -3.359 -0.977 -0.29
0.312 -0.28 0.997 -3.71 -0.58 -0.595
0.286 -0.284 1.023 -5.023 -2.26 -1.42
0.29 -0.277 1.01 -4.824 0.031 -0.87
0.282 -0.281 1.025 -3.908 1.13 -1.145
0.269 -0.279 1.017 -3.282 -0.55 -0.84
0.256 -0.275 1.01 -3.786 -2.885 -0.336
0.273 -0.275 0.983 -4.809 -3.74 0.397
0.3 -0.271 0.983 -5.435 0.443 0.382
0.296 -0.28 1.0 -5.023 2.565 0.229
0.285 -0.281 0.991 -5.008 0.809 -0.107
0.281 -0.284 1.002 -4.687 -1.038 0.122
0.296 -0.285 1.0 -4.595 -2.55 -0.55
0.293 -0.284 1.01 -4.183 -0.901 -1.893
0.286 -0.28 0.993 -3.389 2.137 -1.771
0.283 -0.281 0.983 -3.237 2.916 -1.557
0.276 -0.279 0.99 -4.458 1.389 -1.252
0.274 -0.277 0.987 -5.084 0.748 -1.053
0.275 -0.28 0.99 -4.534 -0.107 -0.534
0.275 -0.279 0.974 -4.183 -1.282 -0.321
0.279 -0.279 0.972 -5.099 -2.977 -0.122
0.287 -0.278 0.961 -6.046 -3.878 0.046
0.292 -0.28 0.969 -6.458 -3.756 0.107
0.303 -0.28 0.983 -5.74 -2.977 -0.214
0.304 -0.285 0.967 -5.328 -2.015 -1.221
0.302 -0.292 0.975 -5.496 -1.878 -1.664
0.29 -0.288 0.982 -5.786 -2.107 -1.893
0.282 -0.278 0.987 -6.137 -3.969 -1.771
0.27 -0.275 1.007 -6.336 -5.405 -1.542
0.262 -0.274 1.02 -6.015 -7.16 -0.702
0.268 -0.279 1.013 -4.885 -6.931 -0.183
0.282 -0.273 1.013 -3.71 -5.145 0.29
0.279 -0.271 1.004 -3.74 -3.878 0.58
0.296 -0.285 1.004 -3.771 -3.282 0.412
0.312 -0.281 1.002 -3.847 -1.985 -0.305
0.309 -0.28 1.003 -3.924 -1.71 -1.038
0.307 -0.276 1.0 -4.0 -1.924 -1.374
0.308 -0.287 1.009 -4.412 -0.962 -1.74
0.298 -0.279 1.001 -4.58 -0.336 -2.031
0.284 -0.278 1.001 -4.962 0.031 -2.107
0.272 -0.265 1.013 -5.405 -0.809 -1.588
0.283 -0.278 1.008 -5.023 -0.183 -1.649
0.278 -0.271 1.021 -4.412 0.947 -1.603
0.27 -0.277 1.026 -4.046 1.679 -1.481
0.285 -0.282 1.01 -3.985 1.374 -1.237
0.279 -0.275 1.01 -4.534 1.405 -1.359
0.271 -0.277 1.024 -4.748 0.763 -1.038
0.269 -0.274 1.021 -4.321 -0.275 -0.534
0.277 -0.278 1.014 -4.443 -0.489 -0.336
0.291 -0.284 1.01 -4.336 -0.992 -0.229
0.284 -0.281 1.01 -4.29 -0.595 -0.26
0.286 -0.276 1.003 -4.275 0.031 -0.351
0.278 -0.279 1.006 -4.412 -0.153 -0.122
0.283 -0.285 0.99 -4.58 -0.87 0.107
0.3 -0.28 0.983 -5.405 -1.45 0.046
0.295 -0.284 0.982 -5.679 -0.656 -0.29
0.294 -0.284 1.005 -5.588 -0.198 -0.641
0.285 -0.289 1.007 -5.008 0.824 -0.534
0.289 -0.283 1.008 -4.763 0.489 -0.748
0.285 -0.281 1.011 -3.511 0.595 -1.099
0.281 -0.282 0.996 -3.359 0.702 -0.931
0.269 -0.285 0.984 -3.282 -0.473 -0.702
0.27 -0.277 0.983 -4.168 -1.786 -0.473
0.276 -0.279 0.976 -4.87 -2.473 0.153
0.276 -0.276 0.963 -5.42 -1.817 0.122
0.276 -0.278 0.974 -5.466 -2.855 0.458
0.279 -0.282 0.99 -6.0 -4.443 0.534
0.297 -0.28 0.993 -5.908 -4.565 0.321
0.298 -0.279 0.997 -5.863 -4.275 -0.168
0.288 -0.278 1.004 -5.466 -3.374 -0.183
0.286 -0.287 0.997 -5.435 -4.198 -0.26
0.279 -0.28 1.012 -5.206 -5.252 0.015
0.283 -0.277 1.005 -4.565 -5.527 0.321