0.12 0.11 1.073 -6.046 -2.55 -0.198
0.125 0.109 1.067 -5.603 -1.069 -0.626
0.12 0.108 1.065 -5.252 -0.061 -0.672
0.125 0.104 1.079 -4.702 -1.13 -1.084
0.138 0.1 1.076 -4.26 -0.87 -1.756
0.12 0.103 1.081 -3.71 -1.298 -2.0
0.113 0.104 1.081 -3.206 -1.924 -2.198
0.119 0.099 1.075 -2.977 -1.023 -2.214
0.114 0.106 1.069 -3.267 -0.305 -1.74
0.126 0.111 1.071 -3.221 -0.885 -1.664
0.122 0.109 1.056 -3.496 -0.901 -1.74
0.125 0.104 1.055 -3.893 -1.328 -1.969
0.114 0.104 1.067 -3.573 -1.878 -1.771
0.115 0.11 1.067 -3.267 -2.595 -1.893
0.122 0.105 1.046 -3.282 -1.237 -1.908
0.113 0.103 1.047 -3.817 0.015 -2.0
0.114 0.109 1.039 -4.58 -0.443 -2.0
0.112 0.106 1.035 -5.695 -0.702 -2.122
0.101 0.106 1.045 -6.153 -1.802 -2.122
0.104 0.106 1.052 -6.214 -3.557 -1.695
0.097 0.1 1.049 -5.985 -3.145 -1.389
0.095 0.101 1.044 -5.802 -4.046 -0.992
0.102 0.102 1.04 -5.725 -3.618 -0.595
0.115 0.1 1.035 -5.664 -4.061 -0.336
0.125 0.107 1.049 -5.405 -2.916 -0.382
0.119 0.098 1.051 -5.328 -4.092 -0.702
0.124 0.1 1.047 -5.298 -5.023 -1.13
0.135 0.096 1.051 -5.74 -4.168 -1.634
0.11 0.094 1.061 -6.122 -3.954 -1.664
0.113 0.084 1.063 -6.305 -5.267 -1.481
0.112 0.09 1.073 -6.351 -2.824 -1.481
0.099 0.09 1.086 -5.481 -3.252 -1.221
0.098 0.1 1.082 -4.611 -4.092 -0.626
0.104 0.108 1.067 -4.076 -3.847 -0.427
0.108 0.107 1.053 -4.55 -3.13 -0.427
0.101 0.109 1.07 -4.412 -3.878 0.29
0.118 0.108 1.064 -4.29 -5.756 0.366
0.124 0.112 1.064 -4.534 -4.0 0.366
0.12 0.111 1.06 -4.809 -3.863 0.427
0.121 0.108 1.051 -5.496 -3.267 0.641
0.131 0.111 1.049 -6.153 -2.87 1.084
0.134 0.112 1.049 -6.809 -2.595 0.672
0.127 0.109 1.056 -6.733 -2.565 0.412
0.131 0.105 1.058 -6.351 -3.252 0.107
0.138 0.116 1.063 -5.847 -3.191 -0.366
0.133 0.105 1.06 -5.557 -2.992 -0.702
0.133 0.108 1.051 -5.557 -2.824 -0.702
0.126 0.107 1.052 -5.847 -3.374 -0.855
0.127 0.111 1.054 -5.969 -3.817 -0.916
0.12 0.1 1.046 -5.924 -5.511 -0.611
0.128 0.107 1.059 -5.542 -6.641 -0.458
0.131 0.116 1.054 -5.725 -7.344 -0.611
0.126 0.117 1.042 -5.481 -7.573 -0.58
0.13 0.122 1.037 -5.664 -8.244 -0.656
0.145 0.127 1.021 -6.595 -5.802 -1.466
0.145 0.123 1.024 -5.405 -6.0 -1.756
0.141 0.12 1.008 -5.557 -5.847 -2.382
0.133 0.119 0.99 -5.267 -4.137 -2.855
0.139 0.12 0.99 -4.855 -5.16 -3.374
0.146 0.122 0.983 -4.779 -3.679 -3.939
0.133 0.119 0.975 -4.58 -4.336 -4.031
0.15 0.114 0.965 -4.321 -4.015 -4.229
0.157 0.116 0.935 -4.672 -2.748 -4.687
0.154 0.124 0.906 -5.42 -3.985 -5.481
0.151 0.127 0.904 -5.557 -4.382 -6.214
0.157 0.125 0.882 -6.015 -5.115 -7.389
0.148 0.125 0.854 -7.588 -5.176 -8.153
0.135 0.117 0.853 -8.656 -6.427 -9.008
0.115 0.116 0.843 -9.084 -7.618 -8.87
0.103 0.114 0.843 -10.504 -10.779 -8.901
0.093 0.106 0.832 -11.313 -14.214 -8.458
0.081 0.104 0.849 -11.695 -17.924 -7.756
0.079 0.113 0.841 -12.412 -18.962 -7.038
0.075 0.118 0.835 -13.985 -14.153 -5.252
0.078 0.121 0.817 -16.107 -2.473 -1.267
0.068 0.117 0.81 -18.107 11.496 3.374
0.075 0.123 0.785 -20.809 18.473 7.786
0.101 0.113 0.752 -24.733 23.924 10.763
0.12 0.107 0.728 -28.763 27.771 11.985
0.145 0.103 0.725 -34.305 26.107 11.649
0.151 0.074 0.742 -38.122 19.038 9.756
0.14 0.06 0.795 -41.053 0.412 5.863
0.151 0.047 0.814 -43.481 -13.481 3.023
0.145 0.036 0.833 -45.908 -25.924 0.565
0.148 0.012 0.884 -47.359 -37.084 -0.55
0.163 -0.003 0.911 -46.58 -43.176 -1.298
0.191 -0.006 0.931 -44.351 -41.863 -1.496
0.197 -0.021 0.926 -40.595 -36.885 -0.84
0.198 -0.035 0.889 -37.985 -30.901 0.198
0.192 -0.037 0.854 -35.496 -24.901 1.679
0.211 -0.045 0.807 -34.427 -20.626 3.45
0.241 -0.044 0.755 -36.0 -15.679 3.939
0.244 -0.05 0.719 -39.191 -10.565 3.282
0.259 -0.054 0.731 -42.58 -8.412 1.542
0.274 -0.049 0.74 -45.008 -5.603 -0.763
0.275 -0.051 0.749 -48.26 -2.397 -3.496
0.284 -0.065 0.784 -53.145 -0.489 -6.702
0.244 -0.096 0.877 -54.58 -16.275 -11.634
0.184 -0.106 0.935 -61.695 -30.885 -13.42
0.144 -0.141 1.07 -63.237 -31.206 -11.924
0.119 -0.152 1.185 -62.931 -34.718 -8.809
0.1 -0.174 1.25 -59.099 -28.504 -4.824
0.071 -0.185 1.308 -52.779 -24.794 0.672
0.058 -0.187 1.295 -46.0 -24.015 6.931
0.088 -0.176 1.249 -39.511 -24.702 13.618
0.169 -0.157 1.155 -36.015 -28.015 17.45
0.247 -0.142 1.088 -36.061 -27.42 17.221
0.29 -0.136 1.066 -38.595 -30.305 16.443
0.328 -0.145 1.064 -41.634 -32.031 14.901
0.375 -0.163 1.066 -44.748 -26.519 13.374
0.372 -0.178 1.11 -47.221 -19.695 11.985
0.362 -0.193 1.18 -48.198 -14.687 10.626
0.324 -0.209 1.228 -46.168 -7.557 9.389
0.313 -0.227 1.292 -41.145 -7.053 10.55
0.304 -0.202 1.26 -37.71 -10.26 9.557
0.272 -0.186 1.267 -36.519 -18.656 6.794
0.217 -0.197 1.272 -36.748 -23.71 7.206
0.204 -0.169 1.286 -34.153 -27.038 9.099
0.23 -0.179 1.327 -30.015 -32.122 12.214
0.29 -0.205 1.326 -23.74 -26.168 14.809
0.327 -0.21 1.294 -16.198 -11.924 15.878
0.349 -0.211 1.214 -12.687 1.374 16.061
0.365 -0.213 1.13 -13.878 8.244 14.763
0.362 -0.217 1.081 -18.29 5.71 11.267
0.339 -0.221 1.096 -24.626 -4.26 7.786
0.309 -0.235 1.165 -27.954 -16.595 5.573
0.302 -0.254 1.238 -28.168 -25.786 4.626
0.315 -0.272 1.284 -24.779 -23.573 4.489
0.302 -0.27 1.289 -21.023 -16.855 4.84
0.289 -0.285 1.3 -16.55 -9.954 4.962
0.272 -0.287 1.269 -11.878 -0.916 6.198
0.251 -0.29 1.23 -9.282 6.076 7.878
0.215 -0.291 1.182 -8.214 3.573 9.435
0.191 -0.288 1.116 -11.618 -4.565 11.939
0.2 -0.291 1.113 -12.885 -12.565 13.817
0.212 -0.285 1.094 -14.534 -23.908 15.695
0.253 -0.291 1.101 -14.061 -21.664 17.267
0.287 -0.303 1.092 -13.634 -17.725 18.168
0.333 -0.3 1.079 -12.656 -9.573 16.977
0.317 -0.3 1.082 -12.718 -5.374 15.374
0.302 -0.311 1.09 -12.55 -6.092 14.229
0.165 -0.53 1.541 13.16 -91.42 12.015
0.212 -0.241 1.13 -11.634 2.092 12.58
0.224 -0.306 1.114 -7.878 -29.176 14.534
0.17 -0.308 1.26 -12.198 -23.939 12.962
0.256 -0.315 1.156 -10.275 -32.687 14.519
0.328 -0.264 1.079 -14.412 -17.221 14.122
0.351 -0.289 1.074 -13.603 -16.733 13.344
0.357 -0.274 1.049 -12.321 -6.244 12.885
0.338 -0.284 1.092 -13.542 -9.634 11.069
0.342 -0.29 1.07 -10.534 -7.71 10.779
0.348 -0.278 1.067 -11.771 -10.824 9.664
0.336 -0.284 1.104 -9.924 -20.931 8.87
0.322 -0.302 1.142 -9.359 -19.817 8.168
0.327 -0.299 1.151 -9.786 -14.458 7.618
0.324 -0.327 1.198 -9.053 -5.496 7.221
0.381 -0.275 1.09 -10.046 3.42 6.489
0.361 -0.271 1.11 -9.71 4.748 5.16
0.332 -0.304 1.187 -5.298 3.908 4.458
0.348 -0.287 1.115 -1.374 -1.664 4.137
0.323 -0.31 1.147 -0.061 -5.237 2.641
0.343 -0.281 1.055 0.076 -5.74 1.099
0.355 -0.29 1.045 -0.122 -2.397 -0.153
0.323 -0.255 1.003 -1.45 1.344 -0.321
0.328 -0.287 1.025 0.275 2.626 -0.397
0.298 -0.269 0.994 -2.168 5.634 -0.565
0.305 -0.271 0.982 -4.397 6.412 -1.191
0.294 -0.27 0.97 -5.908 5.313 -1.435
0.279 -0.277 0.983 -6.443 2.336 -0.702
0.284 -0.269 0.985 -6.29 1.374 -0.153
0.281 -0.269 0.998 -6.366 0.031 -0.137
0.279 -0.277 0.995 -5.695 0.443 0.137
0.271 -0.273 0.982 -5.313 0.382 0.183
0.269 -0.272 0.977 -5.008 -1.511 0.656
0.274 -0.28 0.979 -5.939 -4.183 0.885
0.264 -0.279 1.0 -6.122 -6.382 1.282
0.273 -0.283 1.007 -4.901 -6.885 1.802
0.291 -0.286 1.01 -3.191 -6.275 2.137
0.301 -0.282 1.008 -2.427 -6.031 1.817
0.299 -0.274 0.991 -2.611 -6.656 1.71
0.305 -0.272 0.98 -2.809 -6.595 1.618
0.303 -0.274 0.988 -3.145 -6.885 1.221
0.298 -0.267 0.988 -3.893 -7.679 1.176
0.301 -0.267 1.005 -4.015 -6.824 1.45
0.302 -0.268 1.008 -3.954 -6.916 1.328
0.309 -0.273 1.024 -3.45 -6.137 1.802
0.325 -0.262 0.991 -3.496 -1.878 1.863
0.32 -0.266 1.004 -2.595 -7.053 1.786
0.321 -0.265 0.989 -2.366 -4.748 2.015
0.339 -0.266 1.0 -3.389 -3.13 1.313
0.348 -0.265 0.999 -2.58 0.779 1.023
0.344 -0.273 1.0 -2.137 3.695 0.397
0.333 -0.271 1.009 -1.252 4.779 0.137
0.335 -0.269 1.006 -2.076 4.565 -0.092
0.321 -0.271 1.008 -3.038 4.351 -0.397
0.316 -0.269 1.013 -3.45 3.542 -0.55
0.328 -0.271 1.032 -3.023 2.901 -1.069
0.319 -0.27 1.008 -3.145 4.321 -1.374
0.314 -0.271 0.99 -3.71 4.855 -1.817
0.307 -0.265 0.988 -3.847 4.748 -1.832
0.299 -0.264 0.974 -4.565 4.26 -1.664
0.304 -0.264 0.961 -5.252 3.542 -1.298
0.307 -0.257 0.95 -6.351 2.641 -1.359
0.297 -0.258 0.969 -7.053 2.809 -1.313
0.291 -0.257 0.976 -7.282 2.656 -1.237
0.284 -0.262 0.979 -6.489 1.573 -0.977
0.29 -0.264 0.985 -6.214 0.611 -0.595
0.292 -0.265 0.983 -6.198 -0.397 -0.809
0.28 -0.266 0.993 -6.26 -2.076 -0.901
0.271 -0.273 0.997 -6.214 -4.046 -0.366
0.285 -0.275 1.012 -5.756 -4.122 -0.122
0.297 -0.274 1.018 -5.008 -3.573 0.046
0.295 -0.271 1.007 -4.733 -3.557 0.397
0.294 -0.271 1.011 -4.748 -5.16 0.779
0.303 -0.271 1.012 -4.534 -5.924 0.687
0.317 -0.272 1.005 -4.061 -4.779 0.489
0.323 -0.272 1.005 -3.847 -4.046 0.351
0.325 -0.263 1.001 -4.519 -2.992 -0.015
0.33 -0.276 1.002 -4.901 -1.74 -0.641
0.318 -0.269 0.997 -4.977 -1.313 -1.405
0.307 -0.265 1.004 -4.718 -1.618 -1.389
0.31 -0.267 1.002 -4.931 -1.221 -1.634
0.309 -0.271 1.003 -5.206 -0.015 -2.214
0.283 -0.268 1.006 -4.58 0.198 -1.847
0.276 -0.268 1.012 -4.168 -1.023 -0.962
0.287 -0.267 1.002 -4.061 -2.565 -0.473
0.312 -0.256 0.996 -4.382 -0.687 -0.626
0.307 -0.268 0.996 -4.489 1.527 -1.145
0.282 -0.266 0.989 -4.473 0.443 -0.534
0.282 -0.263 0.995 -4.87 -2.031 -0.275
0.302 -0.27 0.994 -4.992 -3.344 -0.473
0.312 -0.268 1.004 -5.267 -3.328 -0.855
0.302 -0.263 1.021 -4.931 -4.214 -1.053
0.312 -0.266 0.992 -5.145 1.191 -0.26
0.294 -0.275 1.021 -4.595 -0.473 -0.214
0.296 -0.268 1.015 -4.473 -0.58 -0.046
0.299 -0.273 1.003 -4.473 -2.092 -0.198
0.3 -0.269 1.011 -3.878 -0.977 -0.504
0.294 -0.268 1.011 -3.359 -1.252 -0.26
0.288 -0.271 1.002 -3.359 -2.107 -0.092
0.298 -0.271 0.989 -3.267 -2.931 0.611
0.312 -0.262 0.973 -3.832 -1.649 0.427
0.319 -0.269 0.983 -4.687 -1.038 0.321
0.3 -0.267 0.997 -5.176 -1.511 0.046
0.292 -0.272 0.993 -5.099 -3.573 0.366
0.313 -0.275 0.993 -4.611 -3.832 0.458
0.317 -0.271 1.0 -4.443 -3.099 -0.031
0.319 -0.269 0.985 -4.748 -2.168 -0.076
0.315 -0.27 0.987 -5.328 -1.481 -0.244
0.322 -0.274 0.987 -5.252 0.092 -0.779
0.319 -0.266 0.989 -5.359 0.779 -1.069
0.3 -0.267 0.997 -5.389 -0.153 -1.13
0.303 -0.265 0.997 -5.45 -0.748 -0.809
0.299 -0.273 0.992 -5.664 -1.344 -0.885
0.311 -0.27 1.0 -5.405 -1.405 -1.053
0.302 -0.273 0.998 -5.099 -0.641 -1.069
0.304 -0.268 0.989 -4.779 -0.885 -1.008
0.304 -0.268 0.983 -4.779 0.107 -0.809
0.302 -0.26 0.985 -5.237 0.198 -0.962
0.292 -0.267 0.984 -5.099 -0.855 -0.87
0.292 -0.262 0.997 -5.176 -2.595 -0.443
0.289 -0.269 0.999 -5.359 -3.863 -0.382
0.3 -0.268 1.01 -5.115 -3.908 -0.168
0.313 -0.277 1.005 -4.794 -1.832 -0.137
0.314 -0.273 0.998 -4.076 0.29 -0.092
0.314 -0.268 0.985 -4.748 0.336 -0.26
0.307 -0.266 0.983 -5.588 -0.504 -0.672
0.311 -0.265 0.987 -6.168 -2.855 -0.824
0.315 -0.269 0.991 -5.771 -4.992 -0.962
0.316 -0.275 0.977 -6.275 0.061 -0.763
0.298 -0.275 1.008 -5.511 -1.603 -0.947
0.294 -0.28 1.004 -5.267 -0.489 -0.779
0.309 -0.278 1.016 -5.313 -0.809 -0.809
0.301 -0.276 1.012 -5.298 0.031 -0.565
0.291 -0.272 1.008 -4.763 -0.137 -0.305
0.293 -0.274 1.019 -4.687 -1.389 -0.015
0.301 -0.279 1.005 -4.718 -1.634 -0.046
0.305 -0.276 1.006 -4.321 -1.756 -0.061
0.308 -0.274 0.986 -3.954 -1.13 -0.305
0.312 -0.265 0.978 -4.107 -1.252 -0.107
0.307 -0.272 0.994 -5.313 -2.198 -0.565
0.3 -0.266 0.995 -5.42 -2.168 -1.206
0.296 -0.265 0.997 -5.023 -1.908 -0.672
0.295 -0.27 1.004 -4.885 -2.565 -0.122
0.292 -0.261 1.003 -5.191 -4.412 0.122
0.312 -0.273 0.999 -5.359 -4.031 0.275
0.318 -0.271 1.006 -4.595 -1.725 -0.076
0.311 -0.274 1.0 -4.305 -0.962 -0.092
0.302 -0.269 0.996 -4.595 -2.412 -0.061
0.315 -0.269 0.983 -5.878 -4.336 0.122
0.324 -0.272 1.001 -5.802 -3.221 -0.55
0.325 -0.27 1.008 -5.038 -0.107 -0.824
0.307 -0.274 0.995 -4.275 -0.046 -0.763
0.305 -0.267 1.003 -4.702 -1.863 -0.733
0.317 -0.268 0.989 -5.298 -2.504 -0.702
0.315 -0.272 0.99 -5.405 0.046 -0.595
0.309 -0.268 0.991 -4.656 1.893 -0.824
0.303 -0.266 1.003 -5.023 0.901 -0.687
0.309 -0.264 0.994 -5.725 -0.427 -0.733
0.296 -0.265 0.986 -6.29 -0.214 -0.763
0.3 -0.274 1.007 -6.092 -1.084 -0.382
0.295 -0.269 1.012 -5.496 -1.786 -0.107
0.307 -0.277 1.015 -5.16 -2.214 -0.122
0.313 -0.272 1.004 -5.069 -1.496 0.046
0.318 -0.278 1.0 -4.55 0.427 -0.092
0.321 -0.281 1.006 -4.0 1.374 -0.931
0.308 -0.271 1.002 -4.275 1.267 -0.977
0.313 -0.276 0.994 -4.504 1.405 -1.008
0.316 -0.277 0.993 -4.733 1.42 -1.053
0.314 -0.271 0.997 -4.779 0.656 -1.542
0.297 -0.269 0.987 -5.557 0.534 -1.221
0.301 -0.28 1.005 -6.061 0.611 -0.947
0.308 -0.276 1.011 -5.893 1.389 -0.885
0.308 -0.275 1.007 -5.374 3.405 -1.344
0.286 -0.277 1.013 -4.794 2.962 -1.13
0.282 -0.273 1.007 -4.931 0.916 -0.611
0.298 -0.275 1.0 -4.382 -0.061 -0.718
0.302 -0.274 0.989 -4.0 0.779 -0.992
0.284 -0.276 0.989 -3.527 -0.672 -0.534
0.291 -0.272 0.985 -5.023 -2.901 -0.183
0.307 -0.278 0.99 -5.282 -2.565 0.168
0.324 -0.281 0.993 -5.008 0.122 -0.336
0.314 -0.279 1.004 -4.427 1.466 -0.916
0.297 -0.279 0.991 -4.931 0.641 -1.099
0.29 -0.28 0.998 -5.191 0.076 -0.901
0.293 -0.273 0.994 -4.565 -0.443 -1.023
0.288 -0.28 1.0 -4.412 -1.313 -0.794
0.291 -0.276 1.003 -4.534 -1.756 -0.504
0.298 -0.278 0.995 -4.595 -1.71 -0.061
0.305 -0.278 0.997 -3.969 -0.931 -0.229
0.306 -0.272 0.993 -3.985 -1.13 -0.183
0.297 -0.271 0.989 -4.565 -1.603 -0.107
0.299 -0.276 0.993 -4.565 -2.076 -0.382
0.3 -0.285 0.994 -4.397 -2.733 -0.366
0.296 -0.279 0.993 -4.366 -3.053 -0.275
0.295 -0.282 0.989 -4.641 -3.496 0.29
0.311 -0.283 0.987 -4.809 -3.389 0.153
0.313 -0.278 0.985 -5.038 -2.672 -0.031
0.311 -0.274 0.987 -5.115 -2.26 -0.168
0.307 -0.278 0.991 -5.527 -2.504 -0.473
0.302 -0.278 1.008 -5.267 -3.221 -0.901
0.303 -0.274 1.014 -4.351 -2.244 -1.16
0.307 -0.279 1.0 -3.405 -0.962 -1.221
0.292 -0.271 0.994 -3.481 -1.069 -1.206
0.297 -0.273 1.007 -4.0 -1.267 -1.252
0.293 -0.268 0.997 -3.71 -1.511 -1.115
0.291 -0.267 0.982 -3.328 -1.954 -0.641
0.292 -0.268 0.988 -3.771 -3.053 -0.229
0.294 -0.266 0.981 -4.214 -3.695 0.076
0.302 -0.271 0.977 -4.214 -3.832 0.29
0.303 -0.269 0.986 -4.244 -4.275 0.473
0.315 -0.272 1.001 -4.656 -4.458 0.382
0.319 -0.268 0.99 -4.718 -3.878 -0.046
0.311 -0.275 0.997 -4.611 -3.511 -0.366
0.303 -0.273 1.013 -4.718 -3.42 -0.412
0.311 -0.271 1.002 -4.458 -3.038 -0.565
0.302 -0.276 0.998 -4.122 -2.809 -0.351
0.298 -0.269 0.986 -4.336 -3.649 0.076
0.302 -0.266 0.991 -5.038 -4.534 0.153
0.304 -0.271 0.993 -5.328 -3.939 0.107
0.296 -0.272 1.01 -4.58 -3.038 0.244
0.301 -0.277 1.008 -4.168 -3.359 0.458
0.312 -0.276 0.994 -3.969 -3.038 0.26
0.314 -0.272 1.002 -4.046 -3.344 0.473
0.314 -0.276 1.0 -4.031 -4.061 0.336
0.318 -0.282 0.998 -4.0 -4.626 0.305
0.337 -0.271 0.989 -4.244 -3.45 0.092
0.328 -0.275 0.987 -4.351 -1.481 -0.305
0.323 -0.267 0.992 -4.595 -0.809 -0.656
0.32 -0.271 0.993 -4.489 0.046 -0.779
0.319 -0.271 0.996 -5.084 -0.153 -0.672
0.32 -0.273 1.003 -5.282 0.351 -1.099
0.308 -0.275 1.004 -4.977 0.672 -1.038
0.298 -0.278 1.011 -4.58 0.29 -1.008
0.303 -0.278 0.997 -4.519 -1.13 -0.641
0.315 -0.276 1.006 -4.931 -0.87 -0.809
0.316 -0.271 0.996 -4.977 0.977 -0.901
0.301 -0.274 0.998 -4.794 1.298 -0.992
0.291 -0.273 0.996 -4.733 0.336 -0.534
0.295 -0.271 0.992 -5.42 -0.489 -0.137
0.308 -0.272 1.0 -5.573 0.382 -0.626
0.292 -0.281 1.007 -5.069 0.336 -0.718
0.287 -0.276 1.007 -4.901 -1.023 -0.351
0.308 -0.276 1.003 -4.733 -1.588 -0.382
0.312 -0.275 1.001 -4.55 -0.519 -0.534
0.309 -0.274 1.003 -4.183 0.687 -0.702
0.298 -0.275 1.004 -3.649 -0.458 -0.458
0.304 -0.277 0.992 -3.634 -1.725 -0.321
0.31 -0.272 0.987 -4.015 -2.641 -0.107
0.298 -0.283 0.988 -4.061 -3.099 0.29
0.313 -0.274 0.988 -3.527 -2.26 0.26
0.31 -0.273 0.981 -3.435 -0.168 -0.031
0.311 -0.275 0.988 -3.16 -0.015 -0.214
0.295 -0.271 0.985 -2.824 -1.053 -0.198
0.3 -0.273 0.994 -2.672 -2.061 -0.061
0.309 -0.272 0.98 -2.916 -2.855 0.092
0.3 -0.266 0.979 -3.191 -2.58 0.26
0.312 -0.265 0.966 -3.649 -2.733 0.305
0.315 -0.262 0.977 -4.87 -1.893 0.504
0.323 -0.268 0.991 -5.695 -0.168 0.336