0.091 0.143 1.057 -3.679 2.489 -0.58
0.094 0.147 1.064 -3.679 2.107 -0.168
0.102 0.15 1.064 -2.962 1.13 0.198
0.115 0.147 1.06 -2.84 -0.092 -0.321
0.113 0.154 1.04 -2.794 0.336 -0.519
0.105 0.157 1.052 -3.099 -1.344 -0.901
0.104 0.154 1.039 -3.969 -0.718 -0.962
0.095 0.159 1.034 -4.779 -1.344 -0.534
0.103 0.16 1.038 -5.221 0.153 -0.29
0.091 0.16 1.037 -5.863 1.023 -0.137
0.103 0.156 1.051 -5.664 0.992 -0.046
0.111 0.156 1.057 -5.435 1.863 0.137
0.108 0.151 1.045 -5.832 7.344 0.229
0.084 0.144 1.092 -4.901 6.489 0.0
0.086 0.147 1.07 -4.489 -2.916 0.015
0.116 0.151 1.059 -3.206 2.092 0.26
0.116 0.159 1.063 -3.115 0.779 -0.947
0.105 0.151 1.037 -3.008 2.183 -0.977
0.099 0.154 1.05 -2.931 -0.672 -1.069
0.11 0.152 1.035 -3.252 -1.573 -1.328
0.098 0.156 1.049 -3.954 -0.595 -1.618
0.095 0.156 1.059 -4.183 -1.099 -1.328
0.096 0.155 1.065 -3.878 -1.557 -0.977
0.105 0.163 1.057 -3.221 -0.87 -0.992
0.108 0.161 1.055 -2.763 0.351 -1.115
0.102 0.161 1.047 -2.443 -0.718 -1.298
0.094 0.164 1.041 -2.534 -1.878 -1.344
0.099 0.16 1.054 -2.626 -1.71 -1.496
0.09 0.167 1.038 -2.733 -1.344 -1.252
0.087 0.165 1.05 -2.901 -2.382 -0.977
0.091 0.164 1.034 -2.901 -2.412 -0.718
0.095 0.159 1.04 -2.962 -1.985 -0.718
0.1 0.164 1.04 -2.412 -2.229 -0.718
0.107 0.161 1.033 -2.275 -2.779 -0.916
0.115 0.148 1.041 -4.687 -7.389 -1.847
0.095 0.163 1.013 -0.061 1.053 -1.511
0.087 0.166 1.01 -1.298 -1.649 -1.252
0.099 0.162 0.98 0.244 0.382 -1.084
0.095 0.167 0.971 0.794 1.374 -1.359
0.101 0.165 0.945 1.527 1.481 -1.863
0.09 0.162 0.91 1.45 0.122 -2.473
0.086 0.174 0.889 1.252 -0.565 -3.008
0.082 0.183 0.882 0.198 -2.824 -3.099
0.094 0.186 0.878 0.046 -4.412 -4.244
0.098 0.182 0.881 1.115 -5.328 -5.389
0.09 0.179 0.87 2.763 -6.107 -6.626
0.094 0.18 0.854 4.489 -7.435 -7.878
0.086 0.177 0.818 5.679 -8.519 -9.389
0.059 0.167 0.785 4.733 -11.527 -10.183
0.045 0.166 0.768 1.893 -11.863 -9.725
0.025 0.177 0.749 0.366 -15.725 -9.206
0.017 0.187 0.741 -3.053 -20.336 -8.0
0.031 0.196 0.735 -5.618 -23.618 -7.053
0.044 0.199 0.738 -7.435 -26.641 -5.939
0.056 0.194 0.702 -8.397 -30.061 -5.603
0.068 0.193 0.669 -9.023 -32.58 -5.13
0.079 0.198 0.637 -11.634 -32.916 -4.0
0.101 0.189 0.629 -14.565 -26.855 -2.611
0.109 0.18 0.593 -20.565 -14.519 -0.198
0.096 0.173 0.622 -27.389 -6.183 3.603
0.108 0.169 0.662 -33.74 -4.794 6.611
0.138 0.159 0.726 -36.672 -4.977 8.55
0.171 0.153 0.755 -40.458 -9.511 8.26
0.19 0.134 0.805 -42.931 -14.58 6.718
0.186 0.123 0.814 -45.084 -24.275 5.221
0.207 0.113 0.826 -45.878 -32.58 3.405
0.212 0.102 0.871 -44.565 -41.756 1.298
0.227 0.073 0.865 -40.718 -51.954 -0.779
0.237 0.073 0.838 -43.878 -59.176 -3.496
0.181 0.058 0.876 -47.145 -57.344 -2.733
0.132 0.065 0.98 -46.107 -57.115 1.038
0.112 0.088 1.012 -42.702 -52.611 7.527
0.133 0.073 1.044 -34.321 -45.267 13.573
0.167 0.052 1.014 -24.595 -48.763 19.344
0.278 0.048 0.884 -20.244 -50.443 20.885
0.353 0.045 0.762 -21.481 -46.412 20.672
0.433 0.044 0.652 -30.397 -42.382 16.351
0.422 0.043 0.616 -50.244 -28.107 13.481
0.355 0.008 0.713 -66.809 -16.855 13.939
0.297 -0.028 0.885 -76.702 -17.328 16.229
0.299 -0.058 1.093 -73.756 -17.221 18.733
0.291 -0.078 1.198 -73.908 -22.809 21.176
0.361 -0.114 1.291 -62.092 -24.534 20.779
0.388 -0.108 1.233 -54.473 -28.702 17.42
0.427 -0.108 1.19 -48.427 -20.55 14.992
0.393 -0.123 1.153 -46.443 -6.153 13.053
0.345 -0.13 1.092 -47.893 -0.824 13.099
0.33 -0.136 1.042 -51.16 3.542 14.076
0.296 -0.136 1.051 -57.74 0.519 13.053
0.245 -0.151 1.147 -61.16 -9.542 13.206
0.208 -0.167 1.275 -56.092 -15.924 15.939
0.208 -0.173 1.409 -36.473 -5.435 19.756
0.113 -0.159 1.268 -37.221 -48.275 25.878
0.274 -0.192 1.276 -30.733 -58.565 30.641
0.301 -0.185 1.169 -29.664 -59.084 32.55
0.335 -0.217 1.166 -31.16 -40.229 31.435
0.382 -0.204 1.229 -44.885 -28.137 33.176
0.408 -0.246 1.378 -43.649 12.29 30.214
0.276 -0.173 1.298 -42.534 7.237 33.115
0.318 -0.221 1.343 -43.099 4.519 35.557
0.279 -0.217 1.336 -38.702 -4.519 35.282
0.325 -0.212 1.283 -37.847 -23.038 35.527
0.374 -0.217 1.271 -37.374 -34.748 33.969
0.452 -0.249 1.327 -30.244 -32.611 30.397
0.439 -0.202 1.333 -34.26 -23.756 26.855
0.466 -0.229 1.344 -28.931 -5.176 26.29
0.419 -0.202 1.439 -27.206 22.626 26.397
0.405 -0.23 1.322 -28.794 30.565 26.046
0.364 -0.228 1.287 -23.359 21.466 26.504
0.39 -0.224 1.201 -18.84 7.496 26.153
0.44 -0.224 1.137 -17.618 -1.542 24.794
0.507 -0.211 1.073 -17.893 -0.534 20.947
0.516 -0.209 1.0 -21.74 -0.763 14.611
0.569 -0.217 0.994 -24.046 11.084 9.664
0.526 -0.196 0.981 -28.198 20.473 1.328
0.42 -0.22 1.075 -31.466 20.473 -4.336
0.377 -0.08 1.191 -54.198 22.076 -9.878
0.176 -0.233 1.189 -31.206 19.817 -3.802
0.139 -0.226 1.227 -20.687 -8.076 0.153
0.187 -0.232 1.204 -22.855 -8.168 3.74
0.204 -0.218 1.22 -20.046 -11.405 6.504
0.209 -0.239 1.252 -12.794 -18.015 8.58
0.312 -0.225 1.192 -12.824 -6.992 8.794
0.328 -0.221 1.162 -10.931 8.977 9.954
0.348 -0.242 1.172 -14.046 15.954 9.099
0.341 -0.243 1.172 -13.267 8.779 6.84
0.324 -0.237 1.174 -12.137 -0.061 4.412
0.297 -0.25 1.201 -9.328 -7.954 2.931
0.289 -0.261 1.195 -9.237 -10.0 2.58
0.291 -0.25 1.163 -7.267 -14.931 2.55
0.337 -0.243 1.16 -5.023 -14.458 2.748
0.335 -0.277 1.195 -1.511 -8.931 1.832
0.339 -0.244 1.134 0.321 -7.634 0.84
0.343 -0.235 1.078 3.267 -3.267 -0.015
0.331 -0.238 1.086 2.565 -2.763 -0.672
0.314 -0.22 1.008 2.275 -2.916 0.153
0.311 -0.219 0.974 1.496 -6.0 1.008
0.321 -0.222 0.979 -1.725 -9.252 0.885
0.333 -0.229 1.015 -2.718 -11.588 0.092
0.38 -0.244 1.017 -6.702 -13.878 -1.038
0.357 -0.227 0.976 -2.137 0.809 -2.443
0.352 -0.238 1.015 -6.061 -4.305 -4.244
0.331 -0.229 0.989 -7.252 -1.695 -5.298
0.299 -0.248 1.08 -8.336 -4.0 -6.305
0.288 -0.244 1.08 -6.26 -2.031 -5.985
0.24 -0.243 1.084 -5.084 -5.008 -5.313
0.259 -0.244 1.06 -4.321 -5.557 -4.305
0.259 -0.244 1.061 -2.733 -4.336 -2.687
0.243 -0.231 1.031 -2.092 -1.603 -1.405
0.285 -0.226 1.005 -3.786 2.626 -0.992
0.276 -0.225 1.009 -3.481 4.031 -0.504
0.276 -0.244 1.029 -3.084 -6.962 -0.275
0.281 -0.243 1.011 -4.244 4.076 0.87
0.281 -0.234 1.032 -5.038 -0.84 0.748
0.295 -0.226 1.034 -5.74 -17.053 -0.565
0.319 -0.256 1.041 -3.954 -2.382 -0.214
0.317 -0.248 1.041 -1.557 2.458 0.26
0.312 -0.243 1.036 -2.443 2.702 -0.809
0.305 -0.243 1.022 -2.84 3.527 -1.237
0.298 -0.241 1.023 -1.939 -5.908 -1.679
0.315 -0.24 1.004 -1.985 2.168 -1.099
0.302 -0.237 0.995 -2.382 2.687 -0.305
0.3 -0.23 0.994 -2.107 0.962 0.26
0.307 -0.228 1.0 -4.29 -0.198 -0.244
0.318 -0.23 1.027 -2.931 1.115 -0.672
0.311 -0.236 1.02 -2.718 2.504 -0.55
0.311 -0.226 1.01 -2.58 2.489 -0.565
0.323 -0.229 1.013 -3.008 1.237 -1.252
0.312 -0.226 0.994 -2.718 1.893 -1.359
0.304 -0.221 0.994 -2.214 -0.626 -1.252
0.292 -0.214 0.981 -4.962 -3.939 -1.313
0.299 -0.216 0.982 -5.725 -5.435 -1.099
0.286 -0.215 1.006 -5.435 -7.389 -0.901
0.275 -0.222 1.023 -5.634 -7.847 -0.489
0.268 -0.217 1.023 -5.679 -7.527 0.382
0.259 -0.223 1.031 -5.725 -6.626 1.221
0.258 -0.228 1.035 -4.092 -5.725 3.16
0.284 -0.229 1.016 -2.962 -5.13 4.275
0.303 -0.218 0.988 -2.916 -3.542 4.992
0.32 -0.219 0.978 -4.198 -2.046 5.374
0.346 -0.222 0.959 -4.656 0.183 5.16
0.352 -0.23 0.968 -5.435 0.809 4.611
0.356 -0.234 0.976 -6.611 -0.702 3.038
0.368 -0.236 0.963 -9.649 -3.191 1.527
0.37 -0.241 1.005 -10.397 -2.092 -0.58
0.334 -0.238 1.028 -8.611 -0.168 -1.634
0.324 -0.243 1.04 -7.649 -0.763 -1.939
0.311 -0.25 1.053 -6.153 -4.153 -1.939
0.313 -0.247 1.041 -4.321 -6.031 -2.137
0.311 -0.241 1.028 -2.534 -6.443 -1.725
0.307 -0.245 1.006 -1.557 -4.29 -0.962
0.304 -0.234 0.979 -2.198 -1.176 -0.031
0.33 -0.235 0.981 -3.084 0.351 0.107
0.33 -0.239 0.981 -5.008 1.664 -1.191
0.327 -0.237 0.99 -4.229 -0.305 -1.496
0.308 -0.24 0.986 -6.947 -1.023 -1.878
0.317 -0.244 1.013 -2.046 -2.427 -1.374
0.351 -0.243 1.005 -7.908 -12.412 -4.504
0.283 -0.253 1.041 -0.198 6.244 -1.893
0.28 -0.23 1.004 -4.427 0.656 -1.573
0.253 -0.23 1.025 -4.015 -14.366 -1.603
0.341 -0.243 0.986 -5.176 -3.74 -1.115
0.295 -0.219 1.025 -3.649 -0.947 -0.702
0.307 -0.223 1.005 -5.344 -1.084 -1.466
0.298 -0.232 1.01 -4.824 -0.901 -0.855
0.287 -0.237 1.011 -3.817 -4.015 0.015
0.305 -0.23 1.004 -5.023 -6.626 -0.031
0.325 -0.232 1.013 -4.779 -4.153 0.061
0.335 -0.239 1.015 -4.733 0.672 -0.336
0.329 -0.23 1.021 -5.435 1.664 -0.718
0.314 -0.234 1.026 -4.702 1.084 -0.794
0.32 -0.233 1.028 -4.397 -0.718 -0.687
0.317 -0.233 1.032 -4.809 -2.137 -0.916
0.307 -0.236 1.031 -4.565 -2.336 -0.794
0.31 -0.232 1.021 -3.359 -1.908 -0.595
0.313 -0.232 1.028 -2.977 -1.802 -0.198
0.327 -0.231 1.024 -2.809 0.153 -0.336
0.323 -0.228 1.017 -3.038 1.176 -0.519
0.312 -0.232 1.01 -3.16 1.328 -0.198
0.309 -0.233 1.003 -2.962 -0.427 0.229
0.322 -0.231 0.993 -3.359 -1.267 0.427
0.329 -0.232 1.0 -3.649 -0.702 -0.198
0.332 -0.23 0.99 -3.939 0.794 -0.55
0.32 -0.233 0.991 -4.122 0.733 -0.733
0.315 -0.227 0.988 -4.214 -1.389 -0.748
0.302 -0.222 0.99 -5.008 -4.275 -0.58
0.329 -0.227 1.0 -5.069 -3.771 -1.084
0.34 -0.234 1.025 -3.969 0.397 -2.046
0.333 -0.228 1.01 -2.092 4.107 -2.916
0.299 -0.226 1.001 -2.168 2.611 -2.565
0.294 -0.226 0.981 -2.794 -0.992 -1.588
0.296 -0.222 0.976 -4.321 -2.58 -0.718
0.3 -0.229 0.993 -5.038 -3.71 -0.137
0.309 -0.224 0.999 -5.191 -3.725 0.168
0.311 -0.229 1.003 -4.885 -3.084 0.366
0.317 -0.225 1.004 -4.977 -2.382 0.397
0.318 -0.222 1.008 -5.237 -1.863 0.198
0.317 -0.226 1.016 -4.611 -1.313 0.0
0.321 -0.229 1.036 -2.183 0.183 -0.183
0.311 -0.217 1.027 -4.779 -3.695 -0.748
0.326 -0.221 1.015 -3.45 -2.473 -0.366
0.319 -0.222 1.019 -4.26 -0.153 -0.137
0.32 -0.22 1.025 -5.344 -0.26 -0.153
0.322 -0.229 1.032 -5.099 1.802 0.015
0.313 -0.23 1.021 -3.832 0.153 0.351
0.316 -0.228 1.01 -3.42 -0.84 0.55
0.322 -0.223 1.009 -4.107 -1.634 0.153
0.319 -0.229 1.0 -3.908 -1.328 -0.015
0.332 -0.225 1.005 -4.092 -1.13 -0.198
0.336 -0.23 1.001 -4.168 0.0 -0.947
0.341 -0.226 1.001 -4.504 1.969 -1.359
0.326 -0.226 0.996 -4.992 2.611 -1.405
0.316 -0.226 0.999 -5.344 1.176 -1.084
0.31 -0.227 1.009 -5.481 -1.267 -0.824
0.313 -0.227 1.002 -5.634 -2.382 -0.702
0.315 -0.231 1.015 -4.992 -1.71 -0.748
0.328 -0.222 1.008 -4.092 -0.748 -1.115
0.341 -0.193 0.995 1.557 -8.794 -1.618
0.324 -0.232 1.01 -3.145 -4.092 -2.168
0.314 -0.247 1.02 0.931 -4.763 -1.282
0.329 -0.233 1.004 -2.26 -1.237 -1.359
0.308 -0.224 1.004 -4.412 -2.55 -1.344
0.324 -0.231 0.989 -3.328 0.29 -1.023
0.315 -0.223 0.991 -3.847 1.405 -1.053
0.326 -0.222 0.995 -3.695 1.328 -0.885
0.328 -0.22 0.993 -5.725 1.939 -1.45
0.332 -0.219 0.984 -6.55 2.702 -1.557
0.323 -0.227 0.99 -5.527 3.557 -1.649
0.309 -0.212 0.997 -4.901 2.412 -1.588
0.317 -0.221 1.011 -5.557 0.656 -1.695
0.311 -0.222 1.001 -5.679 -1.908 -1.573
0.314 -0.224 1.005 -5.237 -4.244 -1.359
0.325 -0.224 0.999 -5.939 -3.115 -1.023
0.323 -0.221 0.997 -3.359 -5.74 -1.45
0.316 -0.22 0.993 -7.878 -0.534 -1.45
0.309 -0.233 1.02 -6.87 -0.58 -0.901
0.303 -0.226 1.024 -4.763 1.817 -0.611
0.303 -0.233 1.022 -5.313 -0.489 -0.992
0.298 -0.225 1.019 -6.321 -1.176 -0.672
0.302 -0.23 1.028 -6.641 -2.718 -0.168
0.315 -0.229 1.022 -5.542 -1.267 -0.198
0.309 -0.232 1.025 -4.29 0.641 -0.275
0.304 -0.23 1.029 -4.687 -0.458 -0.321
0.294 -0.226 1.012 -5.328 -2.84 0.153
0.305 -0.227 1.011 -5.252 -4.55 0.641
0.314 -0.234 0.999 -4.931 -4.824 0.702
0.33 -0.231 1.018 -4.534 -4.137 0.351
0.326 -0.22 1.001 -4.305 -2.214 -0.107
0.325 -0.225 0.994 -4.534 -1.389 -0.29
0.325 -0.229 1.016 -4.824 -1.557 -0.656
0.325 -0.227 1.028 -4.382 -1.038 -1.023
0.316 -0.229 1.018 -3.954 -1.053 -1.328
0.31 -0.227 1.008 -3.634 -1.542 -0.763
0.303 -0.223 1.011 -3.802 -2.229 -0.305
0.318 -0.222 1.004 -4.015 -2.992 0.122
0.33 -0.227 1.001 -4.046 -2.092 0.031
0.332 -0.226 0.99 -3.832 -1.221 -0.092
0.337 -0.224 0.982 -3.817 -0.763 -0.443
0.342 -0.222 0.991 -4.656 -0.382 -1.008
0.333 -0.225 0.985 -5.237 -0.214 -1.756
0.319 -0.222 0.994 -5.557 -0.427 -1.924
0.304 -0.226 0.994 -5.45 -1.008 -1.527
0.302 -0.224 1.013 -5.145 -1.71 -0.962
0.317 -0.233 1.0 -4.656 -2.137 -0.473
0.32 -0.219 1.016 2.916 -7.221 -0.046
0.334 -0.212 0.986 -3.664 -3.298 -0.87
0.316 -0.226 0.996 -2.824 -4.794 -0.611
0.327 -0.233 1.003 -2.992 -3.359 -0.458
0.318 -0.222 1.011 -4.443 -3.924 -1.115
0.302 -0.235 1.024 -1.313 -9.511 -1.74
0.347 -0.214 0.972 -4.84 4.565 -0.687
0.313 -0.224 1.0 -3.71 -1.557 -0.702
0.321 -0.219 1.001 -6.29 0.855 -1.16
0.326 -0.222 1.006 -6.366 1.634 -0.779
0.313 -0.223 1.02 -5.328 0.611 -0.55
0.315 -0.224 1.014 -4.916 1.298 -0.382
0.322 -0.228 1.04 -4.977 0.137 -0.595
0.32 -0.232 1.026 -4.962 0.015 -0.656
0.327 -0.223 1.024 -4.244 0.168 -0.901
0.317 -0.229 1.022 -3.511 0.443 -0.87
0.324 -0.227 1.006 -3.802 0.321 -0.672
0.316 -0.219 1.004 -4.733 -0.122 -0.733
0.33 -0.225 0.997 -5.481 0.595 -0.656
0.331 -0.223 0.999 -5.832 1.359 -0.763
0.323 -0.226 1.006 -5.481 2.214 -0.733
0.322 -0.227 1.012 -5.557 2.092 -0.977
0.307 -0.221 1.02 0.931 -12.901 -1.771
0.322 -0.216 1.0 -5.71 -2.794 -1.786
0.308 -0.228 1.008 -2.458 -6.321 -1.176
0.314 -0.214 0.989 -3.206 -3.237 -0.916
0.316 -0.225 1.004 -3.71 -2.565 -0.534
0.325 -0.225 0.997 -4.519 1.786 -0.733
0.333 -0.215 0.995 -4.031 2.046 -0.87
0.327 -0.222 0.997 -4.931 2.611 -0.885
0.323 -0.224 1.005 -5.053 1.42 -0.962
0.315 -0.217 0.994 -5.71 -0.718 -0.87
0.318 -0.224 0.994 -5.511 -0.718 -1.023
0.317 -0.22 0.996 -5.695 -1.313 -1.328
0.302 -0.217 1.007 -1.542 -10.351 -1.328
0.33 -0.212 0.993 -7.069 0.458 -1.053
0.323 -0.223 1.007 -5.573 0.947 -0.962
0.308 -0.221 1.008 -3.771 1.634 -0.29
0.302 -0.222 1.007 -4.458 -1.573 -0.458
0.317 -0.222 1.01 -5.756 -1.42 -0.534
0.318 -0.227 1.014 -6.046 -2.443 -0.611
0.325 -0.228 1.01 -4.382 -2.122 -0.351
0.328 -0.219 1.016 -3.756 -0.565 -0.473
0.336 -0.22 1.006 -4.412 2.076 -1.42
0.326 -0.215 1.001 -4.626 3.298 -2.076
0.304 -0.228 1.003 -4.55 1.924 -1.939
0.303 -0.213 0.999 -4.672 0.275 -1.16
0.307 -0.218 0.989 -5.252 -0.916 -0.687
0.314 -0.221 0.991 -6.183 -1.191 -0.412
0.325 -0.217 0.987 -6.595 -0.672 -0.595
0.338 -0.212 1.001 -6.748 1.45 -0.702
0.326 -0.215 1.024 -7.084 2.916 -1.313
0.299 -0.227 1.046 -3.145 -7.466 -1.618
0.339 -0.216 1.013 -6.794 1.74 -1.542
0.309 -0.228 1.037 -7.389 0.244 -1.908
0.314 -0.229 1.033 -5.099 3.695 -1.145
0.294 -0.223 1.039 -5.832 0.977 -1.115
0.308 -0.224 1.032 -5.878 0.824 -0.58
0.312 -0.225 1.029 -5.954 0.412 -0.26
0.308 -0.237 1.05 0.947 -13.695 -0.55
0.328 -0.224 1.029 -4.046 -2.305 -0.763
0.325 -0.228 1.019 -1.176 -4.489 -0.595
0.339 -0.22 0.991 -4.015 0.244 -0.779
0.334 -0.222 0.996 -4.626 1.221 -1.099
0.326 -0.23 0.999 -2.626 1.71 -0.809
0.317 -0.22 0.991 -1.725 -5.74 -1.145
0.32 -0.223 0.983 -7.42 0.763 -1.298
0.31 -0.228 1.01 -2.321 -4.122 -1.008
0.309 -0.223 1.006 -4.076 -3.252 -1.084
0.314 -0.232 1.001 -5.435 0.473 -0.855
0.323 -0.228 1.003 -3.618 2.076 -0.84
0.322 -0.226 1.007 -4.0 1.099 -1.298
0.312 -0.22 1.005 -4.794 3.282 -1.45
0.298 -0.232 1.02 -4.321 0.214 -0.947
0.29 -0.22 1.001 -4.397 -2.229 -0.611
0.298 -0.222 1.0 -4.29 -2.992 -0.122
0.303 -0.224 1.009 -4.687 -4.366 0.366
0.309 -0.226 1.01 -4.489 -3.496 0.382
0.315 -0.217 1.012 -1.954 -5.405 0.366
0.325 -0.221 1.008 -4.885 -2.504 0.031
0.331 -0.228 1.009 -4.244 -2.168 0.061
0.334 -0.224 1.004 -2.84 -1.695 0.168
0.331 -0.221 1.002 -2.672 -1.863 -0.122
0.327 -0.218 0.998 -4.275 -1.969 -0.58
0.325 -0.221 0.996 -5.191 -3.328 -0.626
0.326 -0.22 1.001 -5.374 -2.656 -0.412
0.326 -0.219 1.007 -4.672 -1.893 -0.168
0.327 -0.217 1.008 -4.641 -1.023 -0.214
0.325 -0.219 1.009 -4.794 -0.489 -0.443
0.316 -0.213 1.015 -4.748 0.122 -0.763
0.317 -0.22 1.008 -4.443 -0.214 -0.534
0.314 -0.221 1.01 -4.031 -0.687 -0.611
0.309 -0.219 0.991 -4.473 0.198 -0.656
0.313 -0.216 0.998 -4.87 -0.443 -0.275
0.314 -0.216 1.001 -5.13 -0.855 -0.107
0.317 -0.223 1.009 -5.053 -0.809 0.015