0.058 0.084 1.06 -4.244 1.344 1.115
0.053 0.085 1.06 -4.87 3.069 1.374
0.056 0.081 1.064 -5.298 3.771 1.466
0.05 0.078 1.077 -4.702 4.153 1.985
0.084 0.081 1.072 -4.779 5.634 1.053
0.057 0.068 1.098 -3.893 5.191 0.595
0.065 0.066 1.085 -2.55 3.069 0.458
0.073 0.066 1.073 -1.802 1.038 -0.672
0.067 0.062 1.068 -1.664 -0.321 -2.015
0.052 0.071 1.058 -1.786 -2.87 -2.29
0.052 0.077 1.052 -2.397 -4.382 -2.794
0.053 0.076 1.049 -3.084 -4.992 -3.053
0.047 0.071 1.053 -3.267 -5.664 -3.13
0.039 0.08 1.051 -3.221 -4.458 -2.916
0.037 0.08 1.044 -3.481 -3.618 -2.519
0.031 0.08 1.037 -4.092 -1.405 -1.863
0.031 0.078 1.053 -4.855 -0.718 -0.687
0.044 0.084 1.061 -5.481 0.947 -0.397
0.039 0.073 1.072 -5.496 0.046 -0.168
0.049 0.078 1.087 -4.931 -0.809 -0.229
0.046 0.083 1.086 -4.092 -2.275 -0.382
0.051 0.082 1.082 -3.328 -2.198 -0.855
0.052 0.074 1.089 -2.626 -3.374 -1.16
0.052 0.075 1.072 -2.366 -3.176 -1.405
0.048 0.074 1.072 -2.473 -1.939 -1.16
0.047 0.068 1.061 -3.038 -2.168 -0.824
0.049 0.075 1.068 -3.847 -2.58 -0.489
0.05 0.079 1.07 -4.168 -3.298 -0.275
0.053 0.076 1.072 -4.092 -2.763 -0.153
0.049 0.081 1.074 -3.786 -2.916 -0.061
0.063 0.079 1.066 -3.695 -2.26 -0.427
0.057 0.077 1.059 -3.664 -1.191 -0.702
0.057 0.079 1.07 -4.031 -0.809 -0.565
0.065 0.084 1.064 -4.122 -0.87 -0.763
0.067 0.076 1.068 -3.969 -0.489 -1.038
0.06 0.08 1.077 -3.618 -0.87 -1.344
0.058 0.08 1.046 -3.618 -0.947 -1.802
0.054 0.074 1.063 -3.435 -1.527 -1.771
0.055 0.077 1.063 -3.328 -1.359 -1.893
0.047 0.083 1.061 -3.45 -0.809 -1.817
0.044 0.079 1.05 -3.924 -0.931 -1.878
0.035 0.077 1.053 -3.924 -1.511 -1.664
0.04 0.08 1.044 -3.74 -1.771 -1.496
0.038 0.081 1.037 -3.237 -1.679 -1.359
0.041 0.076 1.041 -2.641 -3.511 -1.252
0.052 0.074 1.015 -1.664 -4.55 -1.42
0.055 0.083 0.995 -1.634 -4.962 -1.695
0.057 0.082 0.975 -2.489 -4.351 -1.802
0.056 0.085 0.969 -2.901 -4.092 -1.786
0.061 0.08 0.948 -3.328 -4.275 -1.878
0.06 0.087 0.943 -3.557 -6.473 -2.168
0.066 0.078 0.931 -4.092 -9.832 -2.534
0.064 0.066 0.901 -4.702 -13.985 -3.176
0.062 0.071 0.879 -5.084 -18.824 -3.542
0.073 0.081 0.847 -5.679 -24.031 -4.763
0.087 0.088 0.803 -7.298 -26.55 -6.29
0.067 0.085 0.765 -14.534 -32.458 -8.122
0.064 0.091 0.773 -11.405 -30.336 -7.527
0.058 0.099 0.753 -14.84 -34.137 -6.992
0.07 0.095 0.752 -15.679 -33.679 -7.664
0.049 0.103 0.745 -18.473 -33.74 -7.45
0.041 0.104 0.746 -21.084 -33.466 -6.519
0.034 0.099 0.757 -23.466 -32.58 -5.038
0.046 0.09 0.766 -25.542 -30.015 -3.115
0.058 0.088 0.779 -28.351 -26.214 -1.099
0.072 0.077 0.81 -29.786 -23.344 0.748
0.105 0.068 0.847 -30.26 -22.046 1.435
0.123 0.054 0.855 -30.061 -23.053 0.931
0.135 0.035 0.862 -29.573 -25.053 0.0
0.139 0.031 0.858 -29.008 -29.725 -1.069
0.163 0.03 0.831 -28.366 -31.481 -1.954
0.154 0.024 0.799 -28.122 -32.901 -2.443
0.163 0.033 0.759 -29.282 -34.031 -2.336
0.173 0.03 0.708 -32.015 -31.618 -2.061
0.168 0.026 0.718 -36.382 -24.947 -1.267
0.167 0.017 0.773 -39.053 -17.511 1.695
0.198 0.022 0.806 -38.382 6.107 5.115
0.194 0.01 0.882 -34.687 28.29 8.0
0.209 0.014 0.87 -29.038 40.641 9.664
0.253 0.019 0.805 -26.382 47.206 7.389
0.269 0.018 0.727 -33.145 45.008 0.885
0.211 0.009 0.719 -40.901 47.435 -3.74
0.101 -0.02 0.803 -47.344 28.351 -6.763
0.065 -0.049 0.895 -47.221 5.802 -6.687
0.052 -0.069 0.999 -50.489 -21.878 -5.695
0.083 -0.095 1.09 -47.573 -41.023 -4.55
0.096 -0.117 1.149 -41.481 -48.29 -2.458
0.103 -0.126 1.167 -32.061 -39.038 3.237
0.145 -0.119 1.077 -25.282 -18.702 9.893
0.192 -0.11 0.921 -28.687 -0.229 13.725
0.192 -0.112 0.87 -38.794 3.954 14.794
0.216 -0.129 0.927 -46.015 -4.061 13.603
0.257 -0.143 1.018 -49.328 -20.183 10.672
0.303 -0.16 1.093 -48.565 -38.702 5.74
0.303 -0.179 1.12 -47.588 -57.221 -1.374
0.257 -0.186 1.22 -47.084 -71.374 -4.855
0.221 -0.201 1.294 -42.702 -65.588 -2.763
0.267 -0.225 1.236 -36.0 -39.618 1.298
0.262 -0.199 1.255 -38.305 -17.557 5.298
0.25 -0.199 1.24 -38.443 6.473 7.954
0.227 -0.195 1.193 -40.351 10.366 8.336
0.289 -0.151 1.175 -42.58 6.321 5.679
0.22 -0.197 1.265 -42.198 -9.466 1.298
0.218 -0.219 1.308 -36.244 -25.282 -0.534
0.218 -0.212 1.289 -36.214 -37.359 -2.458
0.189 -0.205 1.284 -36.489 -36.504 -2.534
0.176 -0.219 1.364 -34.733 -31.298 -1.176
0.174 -0.233 1.486 -28.351 -13.252 1.282
0.191 -0.229 1.43 -28.672 5.908 5.115
0.179 -0.229 1.404 -23.023 14.58 6.443
0.15 -0.216 1.325 -19.542 14.504 8.534
0.145 -0.204 1.252 -17.664 6.916 9.725
0.125 -0.221 1.2 -22.412 -9.908 10.534
0.177 -0.209 1.194 -24.977 -13.74 11.374
0.184 -0.22 1.212 -27.267 -8.885 12.977
0.181 -0.225 1.219 -28.092 -2.916 14.962
0.237 -0.237 1.213 -28.687 4.55 16.55
0.312 -0.237 1.19 -27.893 24.321 15.206
0.293 -0.236 1.194 -27.649 35.145 11.954
0.159 -0.266 1.134 31.969 -40.198 11.511
0.155 -0.208 1.245 -29.863 44.122 6.275
0.083 -0.254 1.167 -27.481 -2.214 5.053
0.18 -0.248 1.146 -28.473 16.137 7.313
0.107 -0.283 1.249 -24.015 -4.489 9.16
0.172 -0.31 1.249 -17.053 3.282 10.092
0.126 -0.3 1.299 -19.679 -1.45 12.504
0.185 -0.3 1.259 -18.672 2.198 14.244
0.204 -0.3 1.238 -15.74 -1.832 13.908
0.229 -0.31 1.248 -14.061 1.588 12.046
0.227 -0.3 1.215 -12.641 1.939 11.16
0.2 -0.319 1.216 -8.901 -1.756 10.137
0.199 -0.293 1.23 -8.809 -13.313 7.466
0.224 -0.298 1.187 -5.618 -6.55 7.145
0.197 -0.32 1.179 -5.008 -7.954 6.779
0.217 -0.306 1.179 -3.405 -5.542 5.863
0.209 -0.297 1.194 -1.511 -7.221 4.885
0.209 -0.3 1.17 0.412 -0.122 4.443
0.215 -0.284 1.145 1.771 0.779 4.58
0.186 -0.263 1.118 -2.183 -3.359 3.74
0.242 -0.26 1.092 0.534 4.733 3.466
0.212 -0.294 1.123 -0.336 1.481 2.305
0.24 -0.259 1.075 0.565 4.244 1.969
0.196 -0.255 1.064 1.282 2.58 1.527
0.213 -0.258 1.041 2.092 3.878 1.115
0.201 -0.262 1.013 0.107 0.183 1.282
0.2 -0.245 0.989 -1.679 2.275 1.206
0.2 -0.247 0.975 -1.603 1.954 0.656
0.189 -0.243 0.986 -2.626 2.214 -0.397
0.168 -0.154 0.902 -24.794 -5.252 -4.0
0.226 -0.263 1.003 -6.412 -8.672 -2.183
0.123 -0.221 1.026 -11.908 -6.977 -0.931
0.187 -0.253 1.059 -4.458 -6.427 -0.183
0.152 -0.248 1.053 -2.244 -2.748 0.382
0.147 -0.248 1.045 -1.542 -4.031 0.855
0.143 -0.245 1.042 -1.252 -7.481 1.481
0.158 -0.244 1.038 -1.542 -8.718 1.985
0.158 -0.242 1.042 -2.244 -11.176 2.702
0.161 -0.242 1.023 -3.786 -12.656 3.588
0.185 -0.247 1.037 -4.336 -11.985 3.679
0.198 -0.245 1.038 -4.718 -11.573 3.496
0.234 -0.24 1.033 -4.763 -9.42 3.115
0.237 -0.249 1.027 -4.809 -6.702 2.107
0.233 -0.242 1.037 -4.901 -3.176 1.221
0.222 -0.247 1.025 -5.053 -2.534 0.702
0.215 -0.243 1.036 -5.466 -3.969 0.275
0.226 -0.256 1.061 -5.634 -3.985 -0.183
0.215 -0.258 1.053 -4.046 -1.817 -0.656
0.206 -0.248 1.047 -1.634 1.267 0.031
0.178 -0.244 1.063 -1.298 -2.183 0.397
0.188 -0.256 1.061 -1.191 -5.282 0.977
0.205 -0.246 1.025 -0.504 0.626 1.725
0.208 -0.241 1.014 -1.099 1.939 0.763
0.199 -0.239 1.001 -2.702 1.252 0.168
0.197 -0.245 0.999 -3.389 0.489 -0.137
0.191 -0.245 0.989 -4.641 0.153 -0.763
0.198 -0.235 1.008 -6.305 0.015 -0.962
0.196 -0.246 1.027 -7.298 0.595 -1.053
0.192 -0.241 1.022 -6.992 0.504 -1.069
0.196 -0.248 1.041 -5.985 -0.336 -1.13
0.193 -0.253 1.038 -4.656 -0.321 -1.237
0.189 -0.246 1.04 -3.847 -1.313 -1.069
0.195 -0.248 1.02 -3.954 -1.176 -0.87
0.197 -0.249 1.016 -4.229 -0.321 -1.084
0.189 -0.254 1.014 -4.748 0.534 -0.733
0.186 -0.246 1.025 -4.809 0.031 0.061
0.188 -0.257 1.02 -5.038 -0.901 0.55
0.19 -0.253 1.034 -5.008 -3.71 0.779
0.21 -0.252 1.031 -4.931 -4.26 0.885
0.209 -0.253 1.035 -4.565 -4.397 0.443
0.204 -0.248 1.03 -3.924 -4.336 -0.015
0.209 -0.249 1.031 -3.695 -2.443 -0.504
0.2 -0.253 1.029 -3.786 -1.45 -0.84
0.187 -0.244 1.028 -3.939 -1.847 -0.702
0.172 -0.241 1.018 -4.672 -2.779 -0.382
0.172 -0.24 1.016 -4.977 -3.985 0.244
0.175 -0.245 1.016 -5.42 -5.115 0.916
0.179 -0.243 1.016 -6.504 -5.878 1.344
0.198 -0.25 1.035 -5.71 -3.756 1.328
0.218 -0.241 1.025 -6.061 -2.748 0.947
0.218 -0.245 1.035 -6.443 0.748 0.641
0.203 -0.25 1.047 -4.214 2.336 0.962
0.198 -0.247 1.047 -3.008 0.794 0.947
0.21 -0.245 1.037 -3.45 -2.87 0.473
0.218 -0.246 1.024 -3.618 -5.603 -0.382
0.214 -0.242 1.01 -3.023 -3.618 -0.351
0.215 -0.237 1.005 -3.13 -2.031 -0.214
0.217 -0.239 1.017 -4.046 -0.641 -0.336
0.227 -0.24 1.016 -4.244 0.748 -0.656
0.226 -0.244 1.017 -4.046 1.527 -1.267
0.221 -0.24 1.022 -4.687 2.519 -1.71
0.195 -0.244 1.022 -4.504 2.107 -1.969
0.19 -0.252 1.027 -4.58 1.069 -1.649
0.177 -0.246 1.042 -4.061 -1.573 -1.511
0.186 -0.248 1.037 -3.13 -0.947 -1.588
0.187 -0.248 1.047 -2.901 -0.397 -1.42
0.193 -0.25 1.038 -2.641 -1.511 -1.573
0.196 -0.251 1.032 -2.382 -1.817 -1.344
0.2 -0.247 1.031 -2.305 -1.786 -1.267
0.199 -0.245 1.019 -1.924 -2.397 -1.13
0.199 -0.239 1.009 -2.84 -3.679 -1.069
0.216 -0.241 1.002 -3.267 -3.221 -0.885
0.225 -0.242 1.0 -3.344 -0.916 -1.634
0.22 -0.237 1.016 -4.427 -1.115 -2.382
0.199 -0.239 1.026 -5.023 -1.954 -2.672
0.186 -0.242 1.045 -4.076 -2.275 -2.351
0.173 -0.241 1.044 -3.282 -3.115 -1.664
0.186 -0.24 1.038 -3.786 -3.252 -1.328
0.192 -0.235 1.02 -3.802 0.015 -0.718
0.186 -0.232 1.024 -4.076 0.015 -0.015
0.196 -0.24 1.037 -4.565 -0.687 -0.168
0.2 -0.242 1.025 -4.84 -1.511 -0.412
0.197 -0.239 1.038 -4.565 -2.26 -0.748
0.179 -0.239 1.043 -4.229 -3.115 0.046
0.175 -0.242 1.042 -4.153 -4.29 0.84
0.196 -0.242 1.041 -4.824 -3.924 1.252
0.221 -0.236 1.031 -5.13 -2.244 0.534
0.21 -0.24 1.04 -5.206 -0.565 0.061
0.2 -0.234 1.037 -4.855 -0.504 0.382
0.198 -0.239 1.025 -5.389 -1.298 0.458
0.22 -0.242 1.023 -5.969 -1.191 -0.244
0.204 -0.246 1.027 -6.046 0.366 -0.534
0.194 -0.24 1.04 -5.786 1.557 -0.458
0.181 -0.241 1.051 -5.756 -1.084 -0.153
0.196 -0.249 1.038 -4.947 -2.153 0.183
0.218 -0.245 1.033 -4.519 -0.58 -0.214
0.204 -0.247 1.042 -4.55 1.74 -0.427
0.192 -0.245 1.035 -4.183 1.985 -0.305
0.189 -0.24 1.022 -4.656 -0.29 0.122
0.204 -0.242 1.019 -5.542 -2.061 0.275
0.22 -0.241 1.015 -5.924 0.092 -0.29
0.216 -0.249 1.032 -5.344 2.29 -1.13
0.2 -0.246 1.041 -4.519 1.954 -1.282
0.186 -0.243 1.038 -4.153 0.015 -0.84
0.199 -0.241 1.03 -4.366 -0.947 -0.351
0.203 -0.243 1.024 -4.504 -0.992 -0.534
0.205 -0.249 1.027 -4.427 -0.58 -0.519
0.207 -0.241 1.027 -4.061 -1.023 -0.443
0.212 -0.235 1.025 -3.008 -4.29 -0.626
0.216 -0.241 1.017 -4.092 -7.115 -1.344
0.234 -0.242 1.011 -4.397 -2.611 -1.756
0.221 -0.247 1.032 -4.412 2.321 -1.832
0.212 -0.236 1.043 -4.305 2.626 -2.366
0.196 -0.237 1.026 -4.504 0.534 -2.412
0.18 -0.242 1.04 -4.473 -1.664 -2.26
0.19 -0.24 1.028 -5.008 -1.786 -1.618
0.197 -0.242 1.032 -4.336 2.519 -0.931
0.19 -0.247 1.031 -4.168 4.718 -0.824
0.186 -0.241 1.023 -4.55 3.405 -1.023
0.182 -0.242 1.021 -4.702 0.489 -0.809
0.178 -0.241 1.018 -4.443 -2.58 -0.366
0.186 -0.235 1.016 -5.344 -6.748 -0.443
0.194 -0.239 1.017 -5.924 -6.092 -0.595
0.21 -0.239 1.025 -5.679 -1.71 -0.397
0.204 -0.241 1.03 -5.16 1.466 -0.26
0.201 -0.24 1.031 -5.023 2.092 -0.473
0.198 -0.243 1.02 -6.015 1.221 -0.748
0.192 -0.25 1.026 -5.878 -0.412 -0.672
0.195 -0.249 1.018 -5.466 -2.244 -0.626
0.214 -0.242 1.011 -6.489 -1.71 -1.084
0.205 -0.244 1.04 -6.489 1.053 -1.176
0.198 -0.244 1.055 -5.206 3.023 -1.206
0.181 -0.246 1.045 -3.634 2.641 -1.053
0.172 -0.244 1.043 -3.267 0.046 -0.855
0.183 -0.241 1.029 -4.046 -1.74 -0.076
0.195 -0.244 1.007 -5.053 -0.092 -0.031
0.206 -0.245 1.013 -5.756 1.71 -0.168
0.193 -0.242 1.021 -5.618 1.008 -0.489
0.187 -0.239 1.025 -5.771 -1.405 -0.153
0.201 -0.252 1.012 -6.519 -2.443 -0.015
0.223 -0.243 1.023 -6.763 0.26 -0.855
0.213 -0.245 1.042 -6.015 2.168 -1.466
0.195 -0.242 1.039 -5.206 3.191 -1.679
0.181 -0.245 1.035 -4.809 1.954 -1.267
0.18 -0.24 1.028 -5.252 0.763 -0.809
0.184 -0.252 1.037 0.931 -5.191 0.992
0.221 -0.246 1.009 -9.435 -8.595 -1.481
0.18 -0.241 1.051 -0.611 1.496 1.557
0.203 -0.239 1.019 -5.603 1.542 0.412
0.198 -0.242 1.036 -3.832 2.214 0.137
0.197 -0.24 1.014 -6.931 -0.168 -0.244
0.221 -0.226 1.008 -8.122 -11.74 -1.817
0.224 -0.259 1.027 -4.809 1.084 -1.084
0.19 -0.244 1.04 -6.748 2.092 -1.221
0.177 -0.247 1.044 -6.076 0.55 -1.053
0.175 -0.252 1.047 -7.069 -1.313 -0.504
0.186 -0.25 1.041 -4.626 1.099 0.061
0.17 -0.267 1.059 -0.397 -7.053 0.061
0.22 -0.258 1.024 -5.45 -2.641 -1.191
0.196 -0.246 1.038 -2.58 0.534 -0.489
0.199 -0.249 1.021 -4.534 0.29 -1.069
0.184 -0.245 1.02 -5.13 0.214 -1.206
0.186 -0.247 1.017 -5.344 -1.542 -0.641
0.181 -0.245 1.034 -6.443 -4.351 -0.519
0.184 -0.252 1.047 -5.542 -3.267 -0.275
0.196 -0.251 1.047 -4.122 -2.626 -0.137
0.187 -0.25 1.038 -3.74 -2.794 -0.534
0.191 -0.251 1.045 -3.527 -1.191 -0.214
0.189 -0.249 1.023 -3.405 -0.458 -0.031
0.187 -0.245 1.02 -3.282 -0.992 0.183
0.192 -0.252 1.019 -3.511 -1.496 0.153
0.198 -0.252 1.022 -3.13 -1.588 0.26
0.204 -0.248 1.006 -3.588 -1.924 -0.076
0.205 -0.243 1.018 -4.107 -1.695 -0.137
0.214 -0.252 1.02 -4.427 -1.069 -0.519
0.208 -0.25 1.036 -4.076 0.504 -1.115
0.19 -0.255 1.033 -3.42 1.084 -1.038
0.191 -0.254 1.038 -2.656 1.466 -1.282
0.187 -0.253 1.027 -2.427 -0.58 -0.672
0.19 -0.251 1.023 -2.611 -1.328 -0.595
0.195 -0.238 1.021 -2.855 -1.42 -0.489
0.198 -0.243 1.02 -3.435 -1.344 -0.534
0.191 -0.244 1.006 -3.985 -0.992 -0.489
0.194 -0.237 1.004 -5.206 0.397 -0.183
0.203 -0.239 1.016 -5.221 2.275 -0.198
0.207 -0.242 1.031 -4.565 3.45 -0.626
0.199 -0.243 1.038 -5.053 1.359 -1.588
0.19 -0.238 1.044 -5.053 0.702 -1.618
0.177 -0.24 1.045 -3.878 0.015 -1.145
0.175 -0.241 1.037 -3.649 -1.542 -0.702
0.167 -0.243 1.041 -3.893 -3.435 0.0
0.189 -0.236 1.026 -3.634 -3.466 0.656
0.204 -0.24 1.018 -4.076 -1.344 0.458
0.204 -0.241 1.023 -4.58 -0.473 -0.244
0.192 -0.239 1.027 -4.641 -2.168 -0.107
0.204 -0.238 1.026 -4.641 -2.87 -0.092
0.213 -0.246 1.012 -4.748 -2.626 -0.519
0.21 -0.242 1.016 -4.977 -1.115 -0.855
0.2 -0.24 1.018 -4.824 -0.183 -0.885
0.191 -0.243 1.028 -4.992 -0.321 -0.702
0.201 -0.242 1.028 -5.115 -0.336 -1.008
0.194 -0.239 1.023 -5.267 0.031 -1.13
0.192 -0.243 1.033 -4.992 -1.084 -1.115
0.19 -0.246 1.026 -5.16 -1.344 -0.947
0.196 -0.243 1.017 -5.42 -1.099 -0.794
0.197 -0.242 1.015 -5.328 0.397 -0.733
0.19 -0.24 1.03 -5.588 0.473 -0.595
0.188 -0.244 1.043 -5.374 0.046 -0.321
0.185 -0.249 1.029 -5.176 -0.779 -0.137
0.181 -0.246 1.034 -5.008 -1.496 -0.183
0.186 -0.247 1.04 -4.931 -1.863 -0.214
0.194 -0.248 1.037 -4.977 -1.206 -0.122
0.195 -0.252 1.036 -3.359 -0.336 0.26
0.24 -0.245 0.991 -9.481 -6.076 -2.0
0.199 -0.249 1.043 -1.695 -0.779 -0.031
0.201 -0.239 1.02 -5.557 -1.527 -0.824
0.194 -0.244 1.036 -3.74 -0.794 -0.977
0.185 -0.243 1.03 -6.153 -1.756 -1.176
0.165 -0.254 1.06 -1.267 -8.84 -0.672
0.198 -0.244 1.032 -6.443 -3.405 -1.252
0.18 -0.239 1.033 -4.947 -1.176 -0.748
0.18 -0.246 1.049 -3.863 -2.198 -0.076
0.185 -0.24 1.026 -5.511 -1.786 -0.641
0.191 -0.247 1.031 -4.214 0.046 0.076
0.188 -0.237 1.023 -5.557 -0.137 0.107
0.191 -0.241 1.035 -5.832 -0.351 -0.031
0.187 -0.244 1.031 -6.168 -1.985 0.153
0.185 -0.248 1.027 -6.626 -3.527 0.229
0.189 -0.249 1.027 -6.443 -3.634 0.214
0.198 -0.249 1.028 -6.214 -3.695 0.015
0.199 -0.243 1.031 -6.183 -4.397 -0.214
0.205 -0.243 1.024 -5.908 -3.649 -0.489
0.202 -0.243 1.034 -4.977 -1.573 -0.58
0.19 -0.239 1.028 -4.672 -1.878 -0.489
0.202 -0.243 1.03 -4.183 -1.771 -0.29
0.195 -0.246 1.026 -4.58 -1.985 -0.519
0.203 -0.237 1.014 -4.947 -1.099 -0.855
0.206 -0.238 1.006 -5.603 0.046 -0.977
0.193 -0.241 1.023 -6.061 -0.489 -1.053
0.189 -0.241 1.044 -6.412 -1.924 -0.672
0.194 -0.239 1.039 -6.534 -1.573 0.031
0.204 -0.242 1.052 -6.046 -1.206 0.244
0.219 -0.249 1.061 -5.74 -0.901 0.076
0.216 -0.248 1.054 -5.053 0.504 -0.168
0.215 -0.255 1.049 -4.443 0.992 -0.519
0.205 -0.252 1.049 -3.863 0.763 -0.397
0.249 -0.198 0.978 -9.344 -13.313 -2.824
0.224 -0.238 0.992 -4.458 -3.008 -1.786
0.201 -0.242 0.999 -1.282 -2.382 -0.794
0.211 -0.243 0.991 -4.397 -0.061 -0.794
0.202 -0.241 0.99 -5.847 -1.16 -1.053