0.264 0.123 1.013 -5.053 -2.656 -0.198
0.26 0.124 1.022 -5.634 -1.786 0.443
0.259 0.126 1.027 -6.29 -2.321 1.115
0.262 0.118 1.033 -6.351 -1.603 2.061
0.257 0.123 1.065 -5.573 -2.626 3.389
0.275 0.116 1.061 -4.916 -0.962 2.153
0.273 0.118 1.049 -4.229 -1.237 1.221
0.272 0.124 1.036 -4.092 -0.626 0.168
0.269 0.119 1.029 -4.504 -0.275 0.092
0.273 0.122 1.023 -5.328 -1.221 0.214
0.277 0.126 1.03 -6.198 0.183 -0.046
0.266 0.121 1.049 -6.626 0.489 -0.397
0.27 0.123 1.042 -5.893 -0.229 -0.519
0.272 0.12 1.045 -5.42 -1.069 -0.275
0.272 0.119 1.039 -5.023 -1.008 -0.183
0.266 0.119 1.035 -5.13 -1.313 -0.168
0.272 0.12 1.018 -5.771 1.344 0.0
0.257 0.124 1.029 -5.756 1.771 0.366
0.269 0.125 1.033 -5.924 0.779 0.336
0.275 0.123 1.035 -5.481 1.282 -0.168
0.275 0.11 1.038 -5.45 1.863 -0.763
0.278 0.113 1.051 -5.145 1.053 -1.389
0.278 0.101 1.056 -4.718 -0.504 -1.878
0.286 0.104 1.058 -3.878 -1.908 -2.855
0.287 0.103 1.052 -3.069 -2.519 -3.786
0.283 0.115 1.042 -3.115 -2.962 -4.198
0.28 0.117 1.046 -2.794 -3.221 -4.672
0.271 0.118 1.048 -2.901 -3.221 -4.672
0.26 0.126 1.032 -3.389 0.672 -4.092
0.252 0.122 1.037 -3.939 -1.206 -4.0
0.239 0.129 1.031 -4.366 -4.092 -3.16
0.25 0.125 1.036 -4.885 -0.061 -2.244
0.247 0.129 1.04 -5.023 0.305 -1.496
0.245 0.131 1.046 -5.16 1.481 -0.733
0.247 0.12 1.047 -5.221 1.664 -0.351
0.25 0.119 1.051 -5.267 0.55 0.244
0.26 0.108 1.066 -5.16 -0.382 0.489
0.266 0.118 1.055 -5.008 0.443 0.153
0.256 0.117 1.06 -4.824 -0.244 0.412
0.256 0.109 1.058 -4.534 0.489 0.763
0.267 0.11 1.072 -3.817 0.29 0.977
0.281 0.106 1.051 -3.466 0.779 0.824
0.271 0.108 1.062 -2.992 0.611 0.58
0.261 0.106 1.044 -3.053 -1.511 0.168
0.276 0.114 1.042 -2.885 -1.74 -0.122
0.269 0.116 1.044 -3.145 -3.038 -0.427
0.272 0.126 1.029 -2.794 -1.985 -0.443
0.27 0.115 1.021 -3.466 -2.031 -0.687
0.278 0.121 1.01 -4.0 0.305 -0.718
0.261 0.109 1.031 -4.565 0.412 -0.565
0.265 0.121 1.044 -4.427 -1.023 -0.519
0.272 0.124 1.04 -3.954 -1.756 -0.84
0.263 0.121 1.034 -4.29 -1.084 -1.344
0.247 0.123 1.045 -4.458 -0.412 -1.16
0.241 0.132 1.044 -3.863 -0.794 -0.992
0.252 0.13 1.042 -3.71 -1.969 -0.58
0.261 0.126 1.032 -4.412 -0.977 -0.382
0.245 0.126 1.022 -4.763 -0.244 -0.229
0.246 0.122 1.025 -5.099 0.031 0.198
0.258 0.124 1.033 -4.84 -0.779 0.733
0.267 0.123 1.023 -4.702 -1.511 0.763
0.27 0.128 1.015 -4.656 -1.969 0.137
0.272 0.118 0.99 -4.565 -0.504 -0.962
0.252 0.119 0.988 -4.87 -1.069 -1.481
0.256 0.125 0.99 -5.695 -2.702 -1.435
0.252 0.124 0.999 -6.275 -2.504 -1.588
0.253 0.122 1.01 -6.534 -3.267 -1.573
0.244 0.121 1.005 -6.962 -3.771 -1.313
0.234 0.111 1.002 -6.977 -4.244 -0.87
0.238 0.118 1.005 -6.672 -6.504 -0.87
0.24 0.124 1.011 -5.389 -6.855 -1.145
0.241 0.119 0.988 -5.206 -7.038 -1.237
0.242 0.123 0.98 -5.008 -7.878 -1.221
0.249 0.122 0.955 -5.206 -7.176 -1.053
0.238 0.134 0.95 -5.42 -7.649 -0.809
0.248 0.131 0.931 -6.168 -8.076 -0.55
0.245 0.126 0.925 -6.885 -8.427 -0.84
0.247 0.126 0.915 -7.359 -9.527 -0.824
0.249 0.125 0.903 -7.695 -11.008 -1.344
0.249 0.127 0.882 -7.786 -14.504 -2.122
0.247 0.125 0.854 -7.908 -17.878 -3.038
0.249 0.13 0.83 -8.366 -23.099 -4.489
0.253 0.132 0.773 -9.405 -28.0 -6.427
0.239 0.137 0.698 -13.145 -35.954 -8.122
0.299 0.139 0.652 -19.038 -33.084 -9.191
0.229 0.118 0.649 -19.496 -47.313 -9.573
0.253 0.135 0.592 -21.847 -52.855 -10.962
0.265 0.145 0.597 -26.656 -54.198 -13.008
0.264 0.135 0.602 -28.962 -47.756 -13.237
0.226 0.126 0.643 -31.664 -29.511 -10.229
0.185 0.105 0.739 -32.962 -14.031 -5.527
0.209 0.098 0.8 -32.321 -7.679 -1.557
0.231 0.084 0.828 -30.443 -6.855 0.687
0.257 0.074 0.833 -29.115 -10.718 1.45
0.267 0.064 0.827 -28.611 -19.679 0.366
0.295 0.069 0.785 -29.16 -34.687 -1.679
0.329 0.079 0.72 -33.802 -53.13 -3.359
0.342 0.086 0.697 -32.687 -60.168 -4.244
0.344 0.102 0.654 -37.145 -73.16 -5.573
0.376 0.09 0.649 -41.282 -72.763 -5.924
0.367 0.077 0.698 -43.481 -58.305 -4.168
0.353 0.053 0.759 -43.16 -30.733 1.023
0.311 0.032 0.813 -41.359 -3.115 7.42
0.285 0.031 0.866 -36.916 11.817 13.191
0.284 0.033 0.868 -31.939 11.359 16.489
0.319 0.036 0.841 -27.206 -0.962 16.748
0.352 0.03 0.78 -24.992 -10.977 15.313
0.3 0.016 0.7 -27.71 -28.275 16.504
0.407 -0.017 0.615 -33.756 -37.527 16.122
0.437 -0.032 0.571 -41.924 -36.351 15.191
0.448 -0.062 0.615 -54.061 -49.405 14.626
0.466 -0.086 0.749 -63.435 -51.588 16.092
0.476 -0.117 0.918 -66.0 -52.809 18.763
0.536 -0.134 1.043 -61.74 -51.511 19.237
0.576 -0.138 1.111 -54.305 -46.458 17.099
0.542 -0.137 1.133 -45.847 -40.473 15.099
0.501 -0.134 1.116 -36.992 -38.87 14.58
0.475 -0.125 1.045 -31.313 -36.977 16.229
0.465 -0.124 0.929 -32.611 -40.305 17.664
0.453 -0.127 0.855 -39.511 -42.885 19.954
0.464 -0.135 0.915 -49.115 -53.115 21.832
0.511 -0.166 1.037 -52.58 -59.786 23.328
0.573 -0.175 1.146 -50.55 -62.076 23.191
0.596 -0.195 1.209 -45.527 -57.496 22.504
0.626 -0.203 1.259 -36.443 -40.198 23.603
0.621 -0.195 1.251 -27.435 -11.618 26.229
0.579 -0.226 1.237 -20.397 5.71 28.87
0.614 -0.202 1.117 -21.969 18.198 30.107
0.617 -0.194 1.047 -27.405 27.878 29.664
0.593 -0.211 1.115 -37.008 16.992 27.634
0.595 -0.238 1.204 -41.16 -2.595 26.061
0.597 -0.258 1.319 -38.595 -17.771 24.489
0.608 -0.271 1.342 -34.84 -36.565 22.855
0.624 -0.28 1.375 -24.595 -41.282 22.168
0.633 -0.281 1.366 -17.435 -48.519 21.191
0.671 -0.282 1.322 -8.031 -41.924 21.389
0.673 -0.264 1.211 -2.595 -24.29 22.611
0.677 -0.242 1.083 -8.107 -17.298 23.221
0.691 -0.241 1.051 -8.855 -7.374 24.137
0.694 -0.25 1.011 -12.763 -1.267 23.252
0.692 -0.248 1.034 -16.275 -1.893 20.947
0.674 -0.256 1.062 -18.611 -8.26 19.13
0.646 -0.294 1.097 -16.107 -15.206 18.55
0.657 -0.289 1.167 -17.038 -12.733 18.198
1.461 -0.142 -0.005 -16.565 -36.58 22.427
0.582 -0.249 1.123 -43.328 -5.496 7.908
0.611 -0.287 1.228 -3.237 -22.092 14.443
0.587 -0.291 1.214 3.618 -5.298 14.427
0.805 -0.243 0.977 12.26 -15.359 16.183
0.634 -0.278 1.017 12.84 0.214 15.481
0.588 -0.267 0.987 7.603 -15.863 15.527
0.596 -0.274 0.996 8.595 -25.466 15.969
0.635 -0.255 0.954 7.023 -33.573 15.084
0.683 -0.252 0.941 5.756 -32.626 14.412
0.688 -0.258 0.986 4.901 -28.458 11.649
0.706 -0.261 0.998 6.168 -17.145 7.817
0.676 -0.251 1.007 6.321 -4.458 4.092
0.631 -0.254 0.982 7.237 2.183 3.069
0.592 -0.251 0.975 6.473 -0.916 3.786
0.575 -0.223 0.927 3.573 -3.267 4.153
0.605 -0.211 0.871 0.916 -10.901 5.389
0.527 -0.236 0.995 3.252 -18.137 7.206
0.574 -0.23 0.957 1.695 -18.794 8.29
0.606 -0.235 0.959 1.786 -8.55 8.305
0.651 -0.206 0.899 0.351 2.534 8.107
0.624 -0.215 0.94 0.992 12.443 7.649
0.609 -0.229 0.953 -2.611 10.229 6.137
0.618 -0.201 0.884 -2.641 6.534 5.313
0.57 -0.202 0.896 -4.794 -1.115 5.908
0.617 -0.192 0.85 -4.947 -4.336 6.779
0.579 -0.211 0.885 -8.443 -7.634 6.26
0.579 -0.235 0.921 -6.366 -12.427 6.366
0.592 -0.242 0.94 -9.191 -8.427 5.725
0.659 -0.199 0.87 -18.397 5.649 3.084
0.62 -0.223 0.93 -8.931 3.527 3.603
0.587 -0.236 0.942 -4.748 7.603 4.504
0.574 -0.218 0.915 -7.237 5.145 4.229
0.546 -0.221 0.927 -11.908 -4.947 3.344
0.599 -0.189 0.879 -17.527 -9.847 2.55
0.598 -0.204 0.915 -10.87 -17.466 4.366
0.595 -0.221 0.97 -11.084 -19.74 4.214
0.615 -0.229 0.983 -6.763 -16.519 4.214
0.619 -0.239 0.991 1.42 -18.076 4.183
0.493 -0.29 1.164 5.863 -19.557 4.29
0.616 -0.242 0.967 2.779 -7.954 0.916
0.609 -0.23 0.923 1.908 -7.145 0.55
0.605 -0.227 0.898 1.878 -4.992 0.321
0.598 -0.224 0.895 2.443 -4.763 0.718
0.62 -0.203 0.879 -14.947 8.351 -2.565
0.64 -0.202 0.868 -0.382 1.969 -0.611
0.672 -0.141 0.748 -14.977 17.374 -3.557
0.622 -0.201 0.878 -2.656 10.122 -1.832
0.572 -0.24 0.909 -3.969 11.069 -1.389
0.622 -0.165 0.789 -13.221 20.489 -4.046
0.571 -0.205 0.868 -6.366 12.672 -2.641
0.557 -0.19 0.853 -7.618 12.305 -2.55
0.51 -0.224 0.916 -5.664 4.977 -1.725
0.546 -0.192 0.866 -9.176 5.634 -1.084
0.551 -0.205 0.915 -4.977 -0.031 -0.473
0.547 -0.215 0.917 -4.565 -0.626 0.153
0.56 -0.215 0.909 -4.519 0.382 0.473
0.572 -0.224 0.906 -4.809 0.504 0.641
0.574 -0.218 0.905 -5.145 0.092 0.87
0.592 -0.219 0.897 -5.313 1.527 0.489
0.59 -0.219 0.896 -5.405 3.511 0.107
0.588 -0.221 0.889 -5.725 4.198 -0.153
0.585 -0.229 0.889 -5.145 3.313 -0.076
0.584 -0.215 0.888 -5.542 5.481 -0.366
0.585 -0.223 0.893 -4.519 8.962 -0.916
0.574 -0.219 0.886 -5.695 8.702 -1.328
0.566 -0.214 0.885 -5.573 8.672 -1.42
0.562 -0.223 0.884 -6.519 7.496 -1.771
0.55 -0.22 0.907 -5.832 8.397 -1.252
0.542 -0.216 0.912 -5.954 6.519 -0.901
0.544 -0.218 0.909 -7.084 2.092 -0.748
0.557 -0.222 0.915 -6.092 3.069 -0.611
0.571 -0.22 0.924 -6.153 8.458 -0.458
0.571 -0.224 0.92 -6.702 9.313 -1.344
0.555 -0.231 0.934 -3.863 4.947 -1.13
0.561 -0.227 0.913 -3.267 0.779 -1.985
0.567 -0.226 0.905 -5.084 4.168 -2.382
0.542 -0.225 0.909 -5.328 5.939 -2.427
0.542 -0.223 0.906 -5.389 3.313 -2.366
0.546 -0.223 0.89 -5.557 2.763 -2.321
0.541 -0.223 0.886 -6.183 2.992 -2.214
0.54 -0.216 0.893 -6.504 5.267 -1.45
0.543 -0.216 0.899 -7.74 6.137 -1.16
0.531 -0.221 0.92 -8.198 6.214 -0.809
0.525 -0.235 0.938 -8.061 4.244 -0.626
0.527 -0.232 0.947 -7.206 0.458 -0.382
0.528 -0.231 0.946 -7.435 -0.015 -0.214
0.525 -0.221 0.934 -7.954 1.344 0.489
0.532 -0.226 0.938 -6.168 -2.092 1.511
0.539 -0.211 0.91 -6.137 -4.336 1.756
0.562 -0.211 0.907 -6.901 -2.809 1.74
0.583 -0.217 0.903 -7.237 0.855 1.435
0.58 -0.217 0.904 -7.634 6.046 0.733
0.57 -0.222 0.908 -7.603 7.771 0.26
0.554 -0.222 0.908 -7.16 7.008 0.275
0.567 -0.23 0.912 -8.122 2.397 -0.748
0.569 -0.23 0.911 -8.015 1.038 -1.618
0.548 -0.242 0.925 -5.832 0.031 -1.939
0.547 -0.238 0.914 -5.771 1.191 -1.924
0.526 -0.234 0.923 -4.718 1.679 -1.481
0.536 -0.237 0.899 -4.351 5.618 -1.649
0.525 -0.233 0.884 -5.237 4.962 -1.893
0.517 -0.232 0.887 -5.389 1.832 -1.221
0.519 -0.241 0.879 -6.366 0.122 -0.809
0.526 -0.237 0.888 -5.939 -1.527 -0.534
0.54 -0.235 0.878 -7.542 0.504 -0.947
0.536 -0.241 0.898 -6.962 3.053 -0.305
0.521 -0.245 0.901 -8.198 3.969 -0.519
0.504 -0.239 0.902 -7.191 0.153 0.046
0.508 -0.245 0.906 -8.672 -1.878 0.412
0.523 -0.242 0.904 -7.969 -2.763 1.313
0.604 -0.234 0.834 -15.282 -32.977 -2.702
0.533 -0.255 0.953 1.756 8.519 2.29
0.518 -0.238 0.902 -8.412 1.13 0.351
0.53 -0.238 0.934 -6.687 -2.458 0.718
0.538 -0.244 0.918 -7.42 -2.198 0.473
0.539 -0.241 0.945 -5.878 -4.0 -0.076
0.54 -0.241 0.937 -4.718 -2.641 0.076
0.545 -0.234 0.938 -3.145 -2.656 0.076
0.545 -0.236 0.91 -4.092 -3.328 -0.412
0.556 -0.242 0.906 -4.0 -3.344 -0.763
0.543 -0.237 0.909 -4.702 -2.885 -0.473
0.542 -0.237 0.913 -5.45 -4.595 -0.534
0.546 -0.237 0.918 -4.824 -4.137 -0.031
0.544 -0.24 0.924 -4.214 -3.267 -0.29
0.535 -0.232 0.923 -3.191 -2.779 -0.168
0.546 -0.237 0.913 -2.885 -2.504 -0.26
0.542 -0.233 0.895 -3.16 -2.153 -0.336
0.539 -0.238 0.893 -3.74 -2.519 -0.214
0.537 -0.231 0.885 -4.702 -4.0 0.153
0.535 -0.237 0.902 -5.191 -5.221 0.55
0.552 -0.238 0.906 -5.038 -5.511 0.26
0.563 -0.235 0.91 -4.275 -4.443 0.0
0.567 -0.233 0.901 -3.466 -1.939 -0.473
0.564 -0.233 0.895 -3.557 -1.695 -0.962
0.556 -0.231 0.901 -4.031 -2.885 -1.374
0.551 -0.231 0.893 -4.214 -2.87 -1.069
0.555 -0.234 0.892 -4.321 -2.321 -0.931
0.54 -0.231 0.884 -4.84 -1.435 -1.573
0.544 -0.232 0.899 -5.435 -1.237 -1.496
0.545 -0.233 0.902 -5.313 -0.458 -1.328
0.53 -0.232 0.895 -4.855 -0.718 -0.916
0.534 -0.232 0.898 -4.534 -1.664 -0.458
0.542 -0.227 0.883 -4.916 -2.489 -0.427
0.542 -0.226 0.898 -5.542 -3.099 -0.061
0.544 -0.23 0.904 -5.756 -3.16 0.183
0.559 -0.241 0.924 -6.107 -2.092 0.092
0.545 -0.233 0.895 -4.595 -3.786 -0.076
0.56 -0.231 0.91 -5.328 -0.412 -0.153
0.555 -0.235 0.922 -4.977 -3.008 -0.244
0.55 -0.238 0.905 -4.611 -1.084 -0.366
0.547 -0.233 0.906 -4.779 -1.038 -0.305
0.556 -0.234 0.92 -4.611 -0.885 -0.427
0.556 -0.228 0.908 -4.351 0.55 -0.443
0.557 -0.231 0.919 -4.489 1.084 -0.336
0.553 -0.238 0.923 -4.366 0.626 -0.87
0.551 -0.235 0.907 -4.718 0.672 -0.992
0.552 -0.237 0.914 -4.061 1.16 -1.16
0.553 -0.228 0.911 -4.153 1.939 -1.282
0.56 -0.234 0.901 -4.412 3.618 -1.42
0.552 -0.234 0.892 -5.542 4.092 -1.237
0.548 -0.227 0.9 -6.26 3.679 -1.008
0.539 -0.23 0.904 -7.237 2.473 -1.084
0.542 -0.234 0.916 -7.557 1.969 -0.779
0.538 -0.235 0.921 -7.328 1.557 -0.473
0.544 -0.233 0.931 -7.206 1.13 -0.321
0.543 -0.239 0.941 -6.702 1.115 -0.534
0.542 -0.243 0.938 -5.802 1.542 -0.641
0.552 -0.235 0.935 -4.779 2.534 -0.58
0.551 -0.233 0.93 -4.672 2.58 -0.809
0.551 -0.239 0.918 -4.947 2.366 -1.023
0.541 -0.231 0.898 -5.344 1.527 -1.282
0.541 -0.239 0.899 -5.634 1.298 -1.16
0.531 -0.24 0.91 -5.634 0.779 -0.84
0.532 -0.237 0.902 -5.405 0.962 -0.947
0.531 -0.238 0.899 -5.542 2.214 -1.16
0.522 -0.236 0.894 -5.374 2.565 -0.992
0.517 -0.24 0.889 -5.389 0.84 -0.763
0.513 -0.24 0.894 -5.435 -0.26 -0.275
0.51 -0.244 0.888 -5.786 -1.832 0.198
0.519 -0.237 0.884 -5.756 -1.954 0.55
0.53 -0.242 0.901 -6.153 -2.641 0.656
0.533 -0.242 0.913 -5.74 -2.046 0.595
0.534 -0.242 0.896 -5.664 -2.611 0.595
0.531 -0.245 0.896 -5.969 -4.718 0.687
0.54 -0.25 0.917 -6.137 -6.382 0.351
0.54 -0.251 0.92 -5.74 -7.115 0.046
0.552 -0.248 0.923 -5.344 -6.29 0.092
0.542 -0.24 0.921 -4.977 -5.832 0.122
0.541 -0.24 0.918 -4.748 -5.45 0.061
0.545 -0.238 0.916 -4.626 -5.649 -0.076
0.547 -0.239 0.915 -4.275 -6.107 -0.061
0.547 -0.237 0.91 -4.305 -6.977 0.015
0.546 -0.244 0.92 -4.031 -6.489 0.031
0.549 -0.242 0.92 -3.588 -5.282 -0.061
0.553 -0.24 0.914 -3.237 -3.985 -0.061
0.549 -0.234 0.915 -3.267 -3.939 0.076
0.552 -0.234 0.924 -3.16 -3.985 -0.183
0.556 -0.231 0.915 -2.427 -4.198 -0.122
0.55 -0.229 0.899 -2.321 -4.427 -0.198
0.552 -0.234 0.899 -2.733 -3.939 -0.366
0.547 -0.235 0.9 -3.191 -3.221 -0.076
0.551 -0.237 0.897 -3.099 -1.771 0.122
0.558 -0.234 0.906 -3.069 -1.527 0.031
0.561 -0.238 0.894 -3.374 -1.511 -0.397
0.558 -0.227 0.884 -3.511 -0.58 -0.87
0.566 -0.236 0.895 -3.496 -0.443 -1.176
0.563 -0.237 0.896 -3.481 0.275 -1.695
0.556 -0.241 0.889 -3.771 2.0 -1.939
0.551 -0.24 0.891 -3.802 2.504 -1.573
0.541 -0.24 0.904 -3.908 1.969 -1.359
0.53 -0.25 0.901 -4.076 -1.099 -1.145
0.517 -0.244 0.911 -4.809 -4.565 -0.229
0.518 -0.255 0.908 -5.588 -6.58 0.656
0.541 -0.252 0.923 -5.542 -7.16 1.13
0.56 -0.251 0.936 -5.069 -7.191 0.916
0.562 -0.255 0.935 -4.198 -6.489 0.351
0.556 -0.248 0.922 -3.496 -5.557 -0.046
0.551 -0.242 0.919 -2.87 -6.565 -0.046
0.549 -0.249 0.917 -2.55 -7.664 -0.168
0.546 -0.24 0.905 -2.412 -7.969 -0.244
0.546 -0.246 0.906 -2.595 -7.664 0.092
0.549 -0.231 0.894 -2.504 -6.198 -0.214
0.554 -0.233 0.885 -2.183 -5.42 -0.382
0.544 -0.232 0.889 -2.076 -4.366 -0.336
0.543 -0.229 0.877 -3.13 -3.511 -0.214
0.548 -0.225 0.882 -2.687 -1.618 0.046
0.545 -0.22 0.876 -3.221 -2.305 0.122
0.544 -0.227 0.882 -3.695 -4.992 0.107
0.55 -0.226 0.88 -4.092 -5.023 0.092
0.551 -0.222 0.875 -4.137 -4.244 0.076
0.543 -0.226 0.884 -4.55 -3.878 0.321
0.524 -0.228 0.917 -5.298 -4.718 1.13
0.527 -0.26 0.91 -14.519 21.924 0.275
0.558 -0.233 0.912 -7.893 3.008 2.122
0.584 -0.229 0.907 -4.153 -1.557 2.885
0.569 -0.217 0.901 -2.015 -7.939 3.374
0.576 -0.221 0.9 -1.481 -5.664 2.458
0.576 -0.231 0.9 -2.443 -9.817 1.527
0.613 -0.227 0.873 -2.687 -3.344 0.351
0.58 -0.226 0.887 -2.198 -2.947 0.397
0.587 -0.233 0.873 -4.168 -0.275 -0.076
0.59 -0.237 0.888 -4.824 1.481 -0.305
0.589 -0.23 0.895 -5.863 1.71 -0.733
0.583 -0.233 0.903 -5.481 1.893 -0.901
0.575 -0.231 0.91 -5.878 2.26 -1.74
0.57 -0.239 0.914 -5.817 1.45 -2.305
0.552 -0.239 0.916 -4.824 1.985 -1.985
0.548 -0.232 0.916 -4.321 1.939 -1.618
0.552 -0.234 0.919 -4.26 2.473 -0.977
0.55 -0.238 0.889 -4.809 4.656 -1.191
0.543 -0.231 0.893 -4.901 3.481 -0.947
0.537 -0.231 0.888 -4.992 4.29 -0.656
0.535 -0.237 0.903 -5.237 0.84 -0.321
0.549 -0.236 0.896 -5.298 1.237 -0.244
0.547 -0.237 0.898 -5.725 0.336 -0.351