-0.008 0.108 1.063 -6.473 -1.969 -1.282
-0.004 0.106 1.065 -6.137 -1.237 -1.221
-0.005 0.107 1.082 -5.13 0.107 -0.977
-0.014 0.107 1.073 -4.565 1.954 -0.504
-0.006 0.107 1.073 -4.794 1.435 -0.031
0.002 0.099 1.066 -4.427 1.145 -0.092
0.003 0.105 1.068 -4.809 0.458 -0.641
-0.005 0.106 1.065 -5.053 -0.733 -0.733
-0.007 0.105 1.077 -5.008 -1.771 -0.87
-0.006 0.117 1.063 -4.718 -2.565 -0.702
-0.011 0.106 1.066 -4.565 -1.786 -0.626
-0.005 0.112 1.052 -4.931 -1.725 -0.443
-0.009 0.115 1.052 -5.267 -1.42 -0.275
-0.009 0.115 1.048 -5.969 -1.771 0.031
0.003 0.111 1.049 -6.321 -2.0 0.305
0.009 0.11 1.063 -6.687 -1.557 0.137
0.009 0.104 1.071 -6.137 -1.664 -0.29
0.004 0.109 1.067 -6.092 -1.664 -0.351
0.004 0.099 1.067 -5.71 -2.137 -0.427
0.005 0.108 1.072 -5.496 -1.221 -0.366
0.003 0.099 1.083 -5.252 -0.58 -0.427
0.002 0.105 1.081 -5.145 -1.191 -0.565
0.0 0.107 1.081 -4.794 -2.687 -0.87
0.005 0.105 1.071 -4.321 -2.229 -0.855
0.005 0.102 1.077 -4.046 0.153 -0.855
-0.002 0.109 1.084 -3.466 1.588 -0.947
-0.001 0.115 1.072 -3.282 -0.351 -1.145
-0.014 0.104 1.069 -3.603 -3.511 -0.595
0.0 0.104 1.061 -3.405 -2.336 -0.321
0.012 0.112 1.065 -3.42 0.962 -0.519
0.001 0.114 1.073 -2.931 1.817 -0.84
-0.002 0.11 1.05 -3.374 -0.275 -0.885
-0.005 0.107 1.064 -3.618 -3.206 -0.84
0.001 0.107 1.05 -3.588 -2.107 -0.824
0.01 0.107 1.057 -4.092 0.275 -0.962
-0.001 0.101 1.051 -4.229 0.427 -1.237
0.002 0.104 1.058 -4.641 -1.588 -0.885
0.001 0.107 1.042 -5.115 -3.679 -0.901
0.006 0.104 1.06 -5.313 -3.45 -1.145
0.003 0.099 1.068 -4.565 -3.099 -1.374
0.016 0.097 1.071 -4.0 -1.847 -1.466
0.011 0.103 1.084 -3.542 -2.0 -1.527
0.022 0.099 1.071 -2.794 -1.496 -1.832
0.015 0.106 1.072 -2.885 -1.695 -1.939
0.01 0.11 1.065 -2.947 -2.122 -2.061
0.019 0.109 1.052 -3.038 -2.153 -2.55
0.018 0.115 1.053 -3.618 -1.374 -3.145
0.0 0.117 1.06 -4.183 -1.313 -3.618
0.005 0.113 1.054 -4.412 -1.924 -3.725
0.01 0.116 1.061 -4.183 -2.672 -4.137
0.001 0.117 1.053 -4.214 -2.351 -4.061
-0.015 0.122 1.065 -3.908 -1.557 -3.786
-0.009 0.113 1.054 -3.664 -1.237 -3.511
-0.017 0.112 1.049 -3.588 -0.412 -3.16
-0.015 0.118 1.052 -3.71 -0.702 -2.626
-0.013 0.116 1.052 -3.695 -0.443 -2.198
-0.008 0.11 1.055 -4.351 -0.626 -1.969
-0.005 0.111 1.051 -4.947 -1.237 -1.863
-0.002 0.117 1.065 -5.588 -1.878 -1.618
-0.001 0.105 1.071 -5.786 -2.397 -1.664
0.006 0.109 1.082 -5.237 -2.046 -1.893
0.008 0.099 1.095 -4.58 -2.0 -1.802
0.007 0.108 1.081 -3.542 -1.16 -2.015
0.006 0.106 1.061 -3.084 -0.809 -2.061
0.006 0.108 1.052 -3.588 -0.855 -2.168
0.01 0.112 1.052 -4.122 -0.84 -2.458
0.009 0.113 1.053 -4.733 -1.42 -2.611
0.006 0.117 1.053 -5.145 -1.45 -2.702
0.002 0.118 1.053 -5.038 -2.656 -2.611
0.007 0.116 1.057 -5.664 -3.588 -2.626
0.011 0.109 1.058 -5.649 -3.74 -2.366
0.022 0.114 1.062 -5.893 -3.221 -2.443
0.021 0.11 1.068 -4.885 -1.374 -3.206
0.015 0.111 1.067 -4.153 -1.084 -3.542
0.014 0.107 1.058 -3.542 -1.71 -3.695
0.013 0.115 1.055 -3.496 -2.107 -4.076
0.007 0.115 1.032 -4.0 -2.916 -4.183
0.009 0.111 1.031 -4.87 -4.504 -4.168
0.009 0.11 1.031 -6.015 -6.107 -4.275
0.016 0.106 1.029 -6.763 -7.893 -4.702
0.024 0.107 1.029 -6.87 -8.748 -5.405
0.028 0.104 1.04 -6.885 -10.092 -6.565
0.037 0.102 1.041 -6.061 -10.015 -8.351
0.006 0.103 1.058 -5.71 -8.443 -8.733
0.001 0.106 1.055 -5.328 -5.71 -8.84
0.003 0.109 1.065 -5.496 -1.908 -9.695
-0.007 0.107 1.072 -5.511 -1.298 -10.153
-0.013 0.116 1.071 -5.573 -3.832 -11.053
-0.001 0.122 1.069 -6.244 -5.573 -12.015
0.001 0.117 1.076 -6.962 -4.947 -14.382
-0.045 0.116 1.077 -7.649 -4.595 -16.137
-0.13 0.123 1.116 -8.046 -5.466 -14.076
-0.193 0.132 1.157 -7.939 -6.473 -9.466
-0.223 0.126 1.201 -5.695 -4.947 -4.443
-0.238 0.135 1.227 -1.908 -4.198 0.916
-0.228 0.134 1.223 2.092 -4.58 5.618
-0.194 0.134 1.206 5.771 -4.855 8.885
-0.136 0.138 1.13 5.511 -11.725 6.901
-0.221 0.152 1.189 9.252 -4.931 12.076
-0.17 0.129 1.161 4.809 -9.893 13.863
-0.27 0.159 1.172 8.366 -7.954 16.901
-0.248 0.125 1.162 8.855 -10.26 19.42
-0.337 0.145 1.192 8.046 -16.412 23.45
-0.363 0.139 1.229 11.832 -12.763 28.366
-0.39 0.148 1.208 12.412 -15.664 32.519
-0.441 0.164 1.246 14.229 -16.26 37.099
-0.428 0.154 1.23 19.298 -15.008 42.855
-0.441 0.14 1.205 24.611 -6.962 48.779
-0.424 0.139 1.167 28.427 2.382 55.221
-0.397 0.141 1.114 30.122 8.916 60.29
-0.359 0.137 1.049 30.321 10.611 64.412
-0.324 0.142 1.018 28.489 10.214 66.351
-0.268 0.138 0.979 25.908 5.45 67.389
-0.213 0.144 0.977 23.511 5.573 65.725
-0.158 0.14 0.977 22.763 2.58 62.092
-0.145 0.145 0.953 22.748 1.206 56.794
-0.162 0.14 0.944 22.046 -0.611 52.611
-0.216 0.144 0.929 21.847 -1.588 51.786
-0.239 0.121 0.908 18.305 -2.824 54.061
-0.235 0.095 0.922 16.626 7.573 58.275
-0.19 0.083 0.988 17.267 31.008 64.626
-0.274 0.087 0.907 10.84 28.26 72.58
-0.174 0.036 0.958 7.084 42.901 77.389
-0.154 0.037 0.992 2.931 28.244 82.55
-0.065 0.032 0.989 1.649 27.145 83.786
-0.015 0.036 1.014 -0.931 23.664 83.42
0.072 0.031 1.125 2.458 25.71 82.214
0.019 0.083 1.002 1.298 16.473 79.252
0.101 0.043 0.995 7.237 33.74 75.084
0.113 0.062 0.927 5.863 33.969 70.611
0.094 0.074 0.891 3.038 47.435 65.74
0.067 0.06 0.852 -1.802 47.069 63.618
0.061 0.057 0.848 -9.954 45.435 62.656
0.071 0.022 0.859 -10.58 50.595 61.405
0.122 0.047 0.938 -26.733 29.664 59.863
0.07 0.034 1.012 -25.206 26.84 59.725
0.169 0.011 1.01 -25.267 21.618 58.885
0.176 0.022 1.043 -24.595 36.916 56.885
0.169 0.029 1.044 -22.061 48.107 54.962
0.164 0.043 1.044 -21.786 53.908 53.893
0.165 -0.0 1.008 -15.298 61.359 53.069
0.161 0.075 0.948 -27.802 49.008 52.58
0.117 0.073 0.976 -29.435 49.893 51.191
0.136 0.067 0.989 -32.947 33.786 49.878
0.108 0.077 1.037 -36.504 26.748 48.443
0.122 0.069 1.042 -35.649 25.527 48.183
0.133 0.071 1.059 -34.656 32.473 46.824
0.151 0.044 1.144 -30.412 46.733 45.496
0.044 0.117 1.049 -35.969 32.214 46.244
0.041 0.089 1.067 -34.748 36.489 46.87
0.04 0.085 1.06 -36.977 20.26 48.382
0.055 0.096 1.075 -39.237 17.557 48.641
0.046 0.081 1.046 -34.916 12.641 48.122
0.166 0.076 1.1 -40.412 5.313 47.053
0.097 0.076 1.159 -38.107 5.023 46.489
0.157 0.071 1.156 -33.725 11.405 45.191
0.206 -0.006 1.185 -26.229 25.267 42.412
0.1 0.115 1.129 -32.061 17.099 41.405
0.059 0.098 1.15 -27.679 16.947 40.748
0.075 0.1 1.106 -27.802 0.641 41.313
0.068 0.106 1.092 -29.344 -5.466 40.595
0.076 0.102 1.081 -30.031 -9.969 39.985
0.103 0.093 1.086 -30.076 -2.0 39.221
0.086 0.098 1.099 -29.084 9.023 38.901
0.08 0.095 1.119 -28.122 16.534 38.84
0.073 0.103 1.125 -27.389 15.038 39.481
0.089 0.097 1.147 -27.053 5.725 38.26
0.101 0.101 1.164 -25.679 -5.023 35.756
0.098 0.104 1.146 -23.115 -13.618 32.519
0.066 0.112 1.146 -22.321 -18.321 30.901
0.058 0.114 1.134 -20.748 -17.756 30.885
0.056 0.115 1.129 -18.885 -12.305 31.023
0.06 0.11 1.11 -18.214 -6.382 30.748
0.061 0.113 1.1 -17.267 -4.305 30.198
0.062 0.105 1.107 -17.16 -4.26 29.313
0.074 0.102 1.113 -16.885 -4.855 28.061
0.071 0.1 1.122 -15.405 -4.687 26.015
0.079 0.094 1.115 -15.267 -6.962 24.397
0.081 0.09 1.124 -15.695 -13.221 21.542
0.034 0.098 1.162 -13.649 -7.939 20.443
0.079 0.087 1.113 -12.443 -6.244 18.779
0.043 0.107 1.13 -12.397 1.313 17.924
0.061 0.094 1.103 -10.244 2.412 17.267
0.064 0.1 1.095 -10.489 2.733 15.847
0.055 0.098 1.096 -10.321 0.244 14.336
0.051 0.1 1.081 -10.458 -1.802 12.565
0.034 0.099 1.097 -10.992 -2.137 11.496
0.04 0.088 1.095 -9.45 1.053 10.198
0.036 0.085 1.088 -9.389 4.992 8.885
0.026 0.083 1.097 -9.466 6.168 7.359
-0.003 0.085 1.114 -9.008 4.412 6.534
-0.001 0.085 1.133 -7.298 1.298 5.832
-0.018 0.084 1.134 -5.481 -2.794 5.13
-0.038 0.087 1.128 -3.832 -5.496 5.969
-0.007 0.082 1.097 -2.611 -6.168 6.244
0.013 0.079 1.068 -2.198 -4.168 5.298
0.021 0.086 1.054 -2.794 -2.687 3.786
0.011 0.085 1.043 -3.466 -1.176 2.229
-0.022 0.087 1.06 -4.763 -0.626 1.847
-0.032 0.094 1.07 -5.16 -1.511 1.939
-0.035 0.093 1.06 -5.45 -2.198 1.893
-0.029 0.09 1.064 -5.344 -1.405 1.679
-0.031 0.092 1.061 -5.145 -1.863 1.725
-0.018 0.094 1.055 -4.397 -0.473 1.695
-0.003 0.089 1.041 -4.397 1.069 0.763
-0.01 0.09 1.041 -4.931 1.939 -0.779
-0.034 0.09 1.054 -5.74 0.626 -2.198
-0.07 0.094 1.059 -6.443 -1.573 -2.229
-0.079 0.087 1.077 -5.969 -2.153 -1.74
-0.101 0.092 1.102 -4.809 -2.977 -0.733
-0.109 0.087 1.092 -3.557 -2.992 0.977
-0.105 0.089 1.088 -2.382 -3.115 2.992
-0.065 0.083 1.06 -0.763 -1.221 4.061
-0.043 0.087 1.025 -1.649 3.099 3.42
-0.034 0.081 1.023 -2.84 3.863 3.038
-0.044 0.08 1.022 -4.244 2.931 2.214
-0.049 0.074 1.052 -5.359 1.511 1.542
-0.047 0.077 1.067 -5.084 0.366 0.473
-0.071 0.077 1.073 -4.809 -0.931 0.397
-0.083 0.077 1.076 -4.977 -3.298 0.855
-0.085 0.076 1.076 -4.641 -4.198 1.573
-0.081 0.076 1.071 -4.244 -4.092 1.725
-0.077 0.085 1.058 -3.771 -2.992 2.198
-0.065 0.081 1.055 -3.878 -1.511 2.397
-0.064 0.083 1.035 -4.107 0.137 2.321
-0.056 0.086 1.04 -4.595 1.023 2.519
-0.053 0.083 1.022 -5.664 0.29 2.122
-0.058 0.088 1.026 -7.282 -1.328 1.634
-0.051 0.087 1.029 -8.366 -1.954 1.664
-0.065 0.08 1.045 -8.763 -1.176 1.527
-0.072 0.082 1.078 -8.824 -0.565 1.45
-0.077 0.079 1.099 -7.282 -0.595 1.725
-0.08 0.077 1.102 -5.344 -0.901 1.542
-0.086 0.086 1.097 -3.466 -0.55 2.397
-0.095 0.082 1.068 -3.115 -1.45 3.344
-0.093 0.085 1.067 -3.71 -3.282 4.504
-0.07 0.087 1.051 -4.168 -3.847 5.389
-0.045 0.08 1.043 -4.794 -2.962 5.557
-0.03 0.091 1.041 -5.45 -1.466 4.901
-0.023 0.078 1.036 -6.336 -0.611 3.985
-0.016 0.082 1.032 -6.824 0.427 3.13
-0.02 0.077 1.048 -7.405 1.099 2.031
-0.029 0.076 1.051 -7.435 1.71 1.099
-0.03 0.072 1.065 -7.115 2.382 0.076
-0.055 0.08 1.081 -6.427 1.344 -0.26
-0.068 0.078 1.088 -5.74 0.947 0.321
-0.07 0.078 1.103 -4.626 -0.382 1.008
-0.071 0.08 1.097 -3.282 -0.977 1.359
-0.066 0.081 1.072 -2.794 -1.191 2.092
-0.055 0.08 1.061 -3.344 -1.756 2.519
-0.047 0.087 1.057 -3.908 -0.992 2.794
-0.034 0.092 1.049 -4.58 0.824 2.519
-0.032 0.088 1.039 -5.191 1.878 1.893
-0.036 0.086 1.047 -5.679 1.74 1.603
-0.036 0.082 1.042 -6.29 0.656 1.252
-0.04 0.082 1.052 -6.458 -0.382 0.824
-0.046 0.081 1.06 -6.122 -0.504 0.565
-0.053 0.079 1.068 -5.359 0.794 -0.046
-0.076 0.085 1.068 -4.947 1.939 0.183
-0.09 0.082 1.073 -4.168 2.275 0.916
-0.095 0.087 1.084 -4.092 1.328 1.954
-0.102 0.083 1.073 -3.908 -0.718 3.099
-0.088 0.081 1.075 -3.939 -2.733 4.046
-0.074 0.083 1.06 -3.71 -3.832 4.397
-0.055 0.082 1.041 -3.847 -1.908 4.198
-0.034 0.08 1.039 -4.473 0.0 3.252
-0.031 0.09 1.047 -5.237 0.702 2.214
-0.018 0.081 1.043 -5.664 -1.16 0.824
-0.034 0.082 1.041 -5.985 -2.687 -0.687
-0.059 0.082 1.065 -6.26 -3.725 -1.16
-0.067 0.078 1.067 -5.557 -3.221 -1.328
-0.084 0.083 1.059 -6.275 -2.611 -0.901
-0.079 0.08 1.076 -5.893 -1.878 -0.137
-0.078 0.083 1.091 -4.87 -1.725 0.046
-0.071 0.078 1.077 -4.351 -2.229 0.794
-0.065 0.083 1.073 -3.527 -2.473 1.069
-0.062 0.087 1.065 -3.527 -2.962 1.069
-0.051 0.086 1.046 -3.802 -2.947 0.977
-0.043 0.079 1.047 -4.076 -1.115 0.275
-0.051 0.076 1.051 -4.977 0.748 0.107
-0.059 0.083 1.051 -5.252 1.405 -0.427
-0.053 0.075 1.054 -5.786 1.237 -0.779
-0.059 0.087 1.054 -5.695 -0.672 -0.779
-0.059 0.088 1.056 -5.939 -2.092 -1.206
-0.066 0.086 1.07 -5.954 -2.061 -0.901
-0.077 0.084 1.07 -6.046 -1.115 -0.473
-0.076 0.083 1.073 -5.893 -0.748 0.031
-0.066 0.081 1.075 -5.542 -1.374 0.382
-0.067 0.08 1.071 -4.916 -2.031 0.168
-0.066 0.081 1.081 -4.641 -2.718 0.305
-0.058 0.076 1.081 -4.534 -3.084 0.473
-0.062 0.079 1.07 -4.473 -2.733 0.748
-0.056 0.079 1.072 -4.351 -1.74 0.84
-0.05 0.08 1.068 -4.26 -1.511 0.824
-0.05 0.082 1.078 -3.908 -1.863 0.718
-0.039 0.075 1.066 -3.603 -2.748 0.321
-0.04 0.081 1.063 -3.084 -2.641 -0.153
-0.037 0.081 1.056 -3.74 -3.145 -0.611
-0.034 0.08 1.064 -4.0 -1.878 -1.328
-0.041 0.082 1.058 -4.107 -1.115 -1.908
-0.05 0.08 1.061 -4.519 -0.672 -2.305
-0.065 0.083 1.074 -4.55 -0.061 -2.366
-0.076 0.085 1.078 -3.954 -0.565 -1.832
-0.077 0.086 1.083 -3.389 -1.954 -1.466
-0.076 0.081 1.076 -2.824 -3.328 -0.718
-0.069 0.084 1.057 -2.489 -3.817 -0.443
-0.068 0.085 1.051 -2.382 -1.771 -0.29
-0.058 0.082 1.04 -3.16 -1.069 0.031
-0.062 0.086 1.056 -3.618 -0.931 0.046
-0.05 0.082 1.043 -4.366 -1.985 -0.382
-0.044 0.083 1.058 -4.244 -2.718 -0.458
-0.051 0.083 1.051 -3.802 -1.71 -0.84
-0.044 0.083 1.055 -3.588 -0.58 -1.145
-0.06 0.089 1.049 -4.26 -0.824 -1.099
-0.045 0.077 1.044 -4.809 -0.412 -1.557
-0.054 0.084 1.069 -5.038 -0.565 -2.122
-0.072 0.083 1.079 -4.519 -0.55 -1.908
-0.084 0.078 1.077 -4.351 -1.099 -1.008
-0.077 0.085 1.071 -4.153 -2.336 0.0
-0.067 0.083 1.062 -4.58 -4.305 0.122
-0.054 0.083 1.06 -4.992 -5.389 0.244
-0.041 0.083 1.052 -4.504 -3.786 -0.321
-0.036 0.081 1.061 -4.397 -1.985 -0.885
-0.056 0.084 1.065 -4.458 -1.313 -1.328
-0.063 0.083 1.066 -4.55 -2.092 -1.16
-0.06 0.086 1.062 -4.611 -2.748 -0.931
-0.059 0.082 1.052 -4.58 -2.412 -0.809
-0.054 0.081 1.057 -4.55 -0.519 -0.901
-0.058 0.084 1.05 -4.87 -0.672 -0.947
-0.062 0.085 1.063 -5.16 -1.282 -0.992
-0.06 0.088 1.065 -4.931 -1.939 -0.718
-0.064 0.089 1.067 -4.687 -2.595 -0.458
-0.068 0.082 1.075 -4.397 -2.015 -0.504
-0.071 0.084 1.081 -3.557 -1.695 -0.031
-0.06 0.082 1.073 -3.145 -0.458 0.122
-0.054 0.085 1.055 -3.45 0.397 -0.076
-0.054 0.079 1.048 -3.802 0.458 -0.397
-0.056 0.082 1.061 -4.321 -0.977 -0.29
-0.057 0.088 1.055 -4.29 -1.939 -0.198
-0.048 0.078 1.063 -4.443 -0.977 -0.29
-0.04 0.078 1.059 -4.26 -0.305 -0.656
-0.044 0.081 1.054 -4.107 -0.092 -0.809
-0.047 0.083 1.053 -3.802 0.229 -1.13
-0.036 0.081 1.054 -3.756 0.489 -1.389
-0.038 0.078 1.048 -4.046 1.206 -1.939
-0.051 0.09 1.048 -4.885 -0.183 -2.26
-0.06 0.085 1.062 -5.053 -1.771 -2.198
-0.071 0.09 1.06 -5.191 -2.718 -2.183
-0.082 0.093 1.067 -5.023 -3.038 -1.405
-0.084 0.089 1.065 -4.58 -3.405 -0.565
-0.078 0.09 1.061 -4.092 -2.107 0.214
-0.068 0.088 1.058 -4.26 -1.374 0.519
-0.068 0.093 1.043 -4.809 -1.695 0.733
-0.053 0.085 1.043 -5.359 -2.366 0.931
-0.05 0.08 1.064 -5.374 -2.763 0.779
-0.037 0.083 1.062 -4.962 -2.305 0.122
-0.038 0.074 1.06 -5.023 -1.221 -0.489
-0.042 0.078 1.065 -4.763 -0.718 -0.916
-0.064 0.079 1.073 -4.321 -1.802 -1.023
-0.069 0.082 1.067 -4.656 -2.58 -0.733
-0.065 0.081 1.062 -4.855 -3.466 -0.55
-0.059 0.083 1.055 -5.481 -4.26 -0.794
-0.057 0.08 1.061 -5.42 -3.496 -0.489
-0.059 0.085 1.081 -3.527 1.588 -0.809
-0.067 0.083 1.069 -3.115 3.282 -0.611
-0.083 0.083 1.068 -3.74 1.313 0.107
-0.068 0.088 1.038 -4.779 -2.931 0.84
-0.057 0.084 1.048 -5.237 -5.511 0.672
-0.052 0.085 1.054 -5.176 -5.542 0.397
-0.045 0.081 1.055 -4.183 -2.565 0.198
-0.054 0.091 1.051 -4.168 0.931 0.351
-0.05 0.086 1.055 -4.977 1.802 0.122
-0.045 0.086 1.06 -5.878 0.153 -0.305
-0.037 0.087 1.066 -5.588 -2.382 -0.794
-0.046 0.083 1.079 -4.977 -3.252 -0.901
-0.047 0.082 1.069 -4.901 -1.557 -0.672
-0.039 0.079 1.07 -4.779 0.412 -0.901
-0.041 0.083 1.054 -5.084 -0.153 -1.588
-0.052 0.083 1.055 -5.664 -2.107 -1.893
-0.061 0.085 1.082 -4.916 -3.115 -1.74
-0.07 0.083 1.077 -3.069 -0.595 -1.191
-0.083 0.089 1.068 -2.885 1.45 -0.382
-0.077 0.086 1.052 -2.84 1.557 0.29
-0.065 0.08 1.052 -3.496 1.099 0.656
-0.06 0.082 1.06 -3.603 0.809 0.809
-0.052 0.092 1.053 -4.092 0.015 0.672
-0.045 0.085 1.048 -4.87 -2.443 0.565
-0.042 0.085 1.054 -4.595 -4.504 0.412
-0.037 0.087 1.047 -4.763 -5.344 -0.107
-0.04 0.087 1.048 -5.16 -4.733 -0.58
-0.042 0.085 1.05 -6.031 -3.252 -1.191
-0.045 0.088 1.062 -5.603 -1.481 -1.679
-0.066 0.085 1.062 -5.74 -1.74 -1.679
-0.085 0.086 1.067 -5.74 -2.55 -1.023
-0.084 0.086 1.079 -5.267 -3.939 -0.107
-0.067 0.079 1.086 -3.908 -2.855 0.336
-0.053 0.081 1.073 -3.786 -1.603 0.336
-0.046 0.083 1.05 -3.389 0.87 -0.076
-0.045 0.081 1.064 -3.267 1.176 -0.489
-0.061 0.086 1.053 -3.527 -0.626 -0.412