0.174 0.07 1.063 -4.763 -1.237 -1.328
0.173 0.072 1.064 -4.153 -1.511 -1.16
0.176 0.077 1.063 -4.275 -2.366 -1.145
0.169 0.074 1.06 -3.985 -1.664 -0.901
0.173 0.072 1.048 -4.397 -0.626 -0.626
0.174 0.075 1.052 -4.718 -0.107 -0.58
0.176 0.077 1.055 -4.809 -0.885 -0.595
0.177 0.075 1.068 -5.267 -2.397 -0.763
0.182 0.069 1.06 -4.611 -1.603 -0.763
0.18 0.075 1.069 -4.366 -0.061 -1.038
0.179 0.07 1.062 -4.031 0.473 -1.252
0.18 0.069 1.072 -3.985 -0.824 -1.221
0.174 0.074 1.065 -4.046 -2.076 -0.901
0.171 0.072 1.061 -4.031 -2.443 -0.855
0.179 0.073 1.054 -4.321 -2.015 -0.641
0.169 0.076 1.055 -4.534 -3.511 -0.366
0.167 0.075 1.06 -4.611 -5.649 -0.198
0.188 0.073 1.058 -4.427 -6.763 -0.076
0.198 0.071 1.039 -4.076 -2.366 -1.053
0.189 0.069 1.052 -4.748 0.351 -1.237
0.181 0.08 1.06 -4.58 0.336 -1.42
0.181 0.077 1.066 -4.718 -1.191 -1.237
0.177 0.072 1.069 -4.473 -1.924 -0.779
0.179 0.073 1.071 -4.336 -1.145 -0.885
0.179 0.084 1.058 -4.702 -1.42 -0.977
0.179 0.077 1.051 -5.084 -2.748 -0.718
0.181 0.077 1.058 -4.855 -3.42 -0.626
0.183 0.076 1.065 -4.412 -2.702 -0.672
0.178 0.077 1.069 -4.168 -1.008 -1.069
0.17 0.068 1.063 -4.519 -1.099 -0.87
0.176 0.073 1.071 -4.656 -2.153 -0.718
0.174 0.078 1.064 -4.672 -2.443 -0.687
0.176 0.078 1.066 -4.687 -2.626 -0.58
0.179 0.074 1.06 -4.351 -2.611 -0.504
0.174 0.08 1.052 -4.55 -2.824 -0.29
0.151 0.093 1.085 -4.855 -3.649 0.137
0.19 0.065 1.05 -3.878 -3.832 -0.29
0.182 0.067 1.062 -4.168 -5.023 -0.168
0.18 0.075 1.048 -4.046 -4.092 -0.458
0.188 0.073 1.056 -4.305 -2.687 -0.641
0.186 0.073 1.053 -4.336 -2.962 -0.672
0.192 0.067 1.06 -4.198 -2.855 -0.824
0.191 0.073 1.064 -4.321 -1.969 -1.084
0.192 0.07 1.069 -4.229 -1.206 -1.237
0.188 0.073 1.07 -3.893 -1.878 -1.389
0.19 0.082 1.069 -3.557 -2.076 -1.344
0.18 0.079 1.07 -3.542 -2.321 -1.267
0.179 0.075 1.065 -3.115 -1.374 -1.282
0.172 0.079 1.056 -3.053 -1.298 -0.992
0.177 0.081 1.051 -3.588 -2.107 -0.58
0.178 0.074 1.053 -3.771 -1.924 -0.519
0.183 0.077 1.051 -4.198 -2.855 -0.351
0.194 0.073 1.047 -4.137 -2.305 -0.626
0.198 0.074 1.045 -4.473 -2.214 -0.824
0.198 0.074 1.055 -4.672 -1.084 -1.405
0.193 0.078 1.062 -4.107 -0.84 -1.435
0.192 0.072 1.06 -4.168 -1.023 -1.405
0.183 0.072 1.059 -3.817 -1.13 -1.924
0.188 0.079 1.06 -3.924 -1.588 -1.817
0.182 0.075 1.058 -3.618 -1.71 -1.817
0.185 0.073 1.055 -3.527 -2.076 -1.893
0.177 0.076 1.054 -4.107 -1.954 -1.664
0.18 0.088 1.053 -3.924 -1.496 -1.344
0.186 0.078 1.047 -4.473 -0.748 -1.282
0.186 0.078 1.06 -4.885 -0.779 -1.313
0.185 0.077 1.053 -5.069 -1.847 -1.374
0.185 0.076 1.049 -5.496 -3.557 -1.084
0.191 0.08 1.057 -5.374 -3.145 -1.328
0.186 0.079 1.053 -5.817 -2.565 -1.237
0.189 0.076 1.061 -5.45 -2.092 -1.557
0.186 0.072 1.068 -5.191 -2.885 -1.573
0.185 0.082 1.075 -4.977 -3.176 -1.42
0.185 0.08 1.065 -4.855 -3.13 -1.344
0.186 0.073 1.067 -4.748 -2.687 -1.542
0.177 0.079 1.058 -4.977 -3.282 -1.298
0.181 0.078 1.059 -4.901 -2.198 -1.16
0.18 0.085 1.061 -5.374 -2.214 -0.809
0.179 0.075 1.066 -4.672 -0.779 -1.084
0.176 0.081 1.074 -4.473 -0.962 -0.84
0.186 0.075 1.07 -4.0 -1.817 -0.519
0.197 0.069 1.053 -3.695 -1.176 -0.87
0.199 0.07 1.041 -4.137 -0.611 -1.191
0.197 0.062 1.043 -4.321 -0.641 -1.527
0.192 0.064 1.036 -4.885 -0.855 -1.817
0.203 0.07 1.036 -5.45 -1.954 -2.015
0.198 0.066 1.031 -5.496 -1.924 -2.565
0.178 0.071 1.041 -6.046 -2.443 -2.855
0.166 0.081 1.046 -6.137 -2.931 -2.229
0.159 0.085 1.049 -6.015 -2.885 -1.603
0.157 0.091 1.045 -6.473 -2.733 -0.641
0.168 0.08 1.051 -6.565 -1.802 0.183
0.179 0.084 1.061 -6.58 -1.328 0.534
0.189 0.087 1.067 -6.702 -0.733 0.702
0.203 0.07 1.084 -6.366 -1.16 0.641
0.214 0.074 1.085 -5.908 -1.405 0.168
0.222 0.076 1.095 -5.557 -2.076 -0.489
0.223 0.068 1.083 -5.038 -2.397 -1.13
0.215 0.072 1.09 -4.824 -2.748 -1.893
0.212 0.072 1.073 -4.076 -1.786 -2.748
0.187 0.073 1.072 -4.153 -0.626 -2.992
0.187 0.076 1.061 -3.634 -0.916 -2.809
0.178 0.082 1.062 -3.481 -1.817 -2.626
0.169 0.079 1.067 -3.267 -2.565 -2.168
0.168 0.072 1.047 -3.176 -2.015 -1.863
0.169 0.071 1.034 -3.664 -1.435 -1.389
0.166 0.07 1.035 -4.29 -0.916 -0.824
0.171 0.065 1.027 -5.023 -1.847 -0.321
0.182 0.063 1.027 -5.74 -3.145 -0.29
0.193 0.064 1.033 -6.214 -3.679 -0.504
0.198 0.063 1.04 -6.0 -3.053 -0.947
0.201 0.074 1.038 -6.519 -3.45 -1.344
0.198 0.076 1.05 -6.672 -3.038 -1.771
0.196 0.077 1.062 -6.504 -1.802 -2.061
0.19 0.075 1.065 -6.626 -1.298 -2.244
0.192 0.077 1.075 -6.26 -1.374 -1.924
0.195 0.085 1.078 -5.817 -1.405 -1.878
0.203 0.084 1.083 -5.908 -2.076 -1.466
0.195 0.083 1.078 -5.878 -2.656 -1.145
0.213 0.083 1.073 -5.359 -2.885 -1.282
0.217 0.083 1.068 -4.84 -2.198 -1.954
0.219 0.079 1.076 -3.74 -0.565 -2.58
0.214 0.069 1.07 -2.733 1.435 -3.282
0.203 0.073 1.07 -3.435 -0.519 -3.313
0.19 0.074 1.07 -2.779 -0.947 -3.191
0.185 0.073 1.066 -2.595 -1.389 -3.038
0.176 0.075 1.06 -2.916 -2.473 -2.626
0.18 0.079 1.063 -2.885 -3.206 -2.198
0.183 0.077 1.059 -2.809 -4.611 -1.405
0.197 0.078 1.042 -2.137 -1.695 -1.695
0.195 0.083 1.041 -3.084 0.397 -1.725
0.198 0.08 1.051 -3.374 1.45 -1.939
0.196 0.075 1.047 -3.863 0.229 -1.771
0.193 0.073 1.052 -4.061 -1.298 -1.985
0.195 0.072 1.054 -4.061 -1.527 -2.198
0.185 0.08 1.064 -3.817 -2.641 -2.427
0.178 0.075 1.042 -3.985 -3.771 -1.695
0.185 0.073 1.042 -3.802 -1.603 -1.695
0.175 0.082 1.046 -4.366 -0.076 -1.16
0.183 0.081 1.063 -4.672 0.504 -0.794
0.185 0.08 1.06 -4.595 -0.092 -0.427
0.193 0.081 1.059 -4.977 0.214 -0.519
0.199 0.075 1.061 -5.191 -0.092 -0.58
0.203 0.066 1.073 -5.008 -0.229 -0.672
0.204 0.068 1.075 -4.641 -1.527 -0.992
0.194 0.076 1.07 -4.29 -3.588 -1.206
0.198 0.068 1.059 -4.244 -3.542 -0.962
0.201 0.072 1.056 -4.183 -3.053 -1.42
0.204 0.073 1.065 -3.298 -0.718 -2.351
0.194 0.081 1.063 -3.389 -1.542 -2.153
0.188 0.076 1.062 -2.458 -1.45 -2.473
0.178 0.081 1.047 -2.519 0.336 -2.763
0.173 0.083 1.049 -2.977 1.069 -2.748
0.159 0.081 1.042 -3.221 1.252 -2.427
0.167 0.085 1.041 -3.588 0.519 -1.756
0.158 0.085 1.045 -3.527 0.916 -1.878
0.144 0.087 1.048 -3.634 1.649 -1.878
0.124 0.085 1.069 -3.893 1.634 -2.305
0.086 0.08 1.076 -3.16 1.496 -2.229
0.062 0.077 1.074 -2.565 1.771 -1.237
0.042 0.081 1.045 -2.855 1.939 0.656
0.03 0.081 1.031 -2.901 2.305 2.443
0.035 0.089 1.021 -3.618 1.924 3.908
0.046 0.094 1.011 -4.565 0.214 3.573
0.054 0.103 1.011 -5.588 -2.015 1.298
0.074 0.107 1.027 -4.504 -3.542 -2.534
0.023 0.129 1.054 -6.519 -12.534 -7.542
-0.005 0.122 1.077 -2.458 -10.87 -11.634
-0.044 0.128 1.067 -1.282 -13.695 -13.893
-0.064 0.123 1.076 2.076 -7.084 -16.427
-0.109 0.117 1.083 6.137 -3.191 -16.672
-0.174 0.101 1.08 12.458 1.847 -14.153
-0.223 0.097 1.023 14.046 2.885 -9.053
-0.227 0.084 0.952 10.855 3.405 -2.076
-0.226 0.069 0.939 6.55 2.992 6.29
-0.193 0.051 0.976 1.267 -1.252 16.443
-0.098 0.061 1.06 -3.863 4.061 24.351
-0.095 0.023 1.101 -5.008 4.229 29.832
0.001 0.007 1.187 -5.618 4.519 33.634
0.032 0.0 1.25 -2.794 -0.092 36.718
0.101 0.006 1.192 2.718 -2.321 38.565
0.148 0.011 1.136 3.374 -0.565 38.687
0.212 0.007 1.077 2.519 0.504 38.29
0.239 0.018 1.089 -0.244 -0.092 37.664
0.28 0.013 1.092 -0.641 1.588 36.26
0.303 0.031 1.103 -1.237 3.237 36.351
0.335 0.043 1.104 -2.702 10.305 35.206
0.342 0.045 1.123 -2.885 14.198 33.939
0.386 0.042 1.098 -1.145 16.962 31.221
0.391 0.065 1.082 -3.435 16.733 27.649
0.392 0.064 1.095 -2.702 16.29 23.695
0.368 0.078 1.095 -1.71 17.13 20.962
0.338 0.079 1.109 -2.137 17.252 20.779
0.324 0.09 1.109 -0.87 18.473 21.344
0.316 0.099 1.095 -0.565 17.008 22.183
0.315 0.101 1.096 -0.427 13.069 23.191
0.323 0.1 1.059 -0.611 8.046 23.16
0.333 0.106 1.054 -1.725 5.16 22.061
0.307 0.107 1.043 -1.634 2.656 21.45
0.297 0.108 1.024 -1.71 0.26 20.534
0.294 0.108 1.031 -2.641 0.397 19.771
0.268 0.112 1.017 -2.947 -0.855 19.267
0.264 0.097 1.0 -3.145 1.695 19.282
0.245 0.097 1.019 -3.649 4.519 20.061
0.263 0.089 0.999 -4.229 7.145 20.519
0.281 0.08 0.998 -5.908 6.641 20.198
0.287 0.082 1.023 -6.565 3.817 20.366
0.318 0.078 1.028 -7.42 1.511 18.87
0.345 0.077 1.062 -7.924 2.962 16.855
0.362 0.089 1.069 -8.748 4.565 17.206
0.371 0.089 1.084 -7.145 4.763 12.611
0.362 0.092 1.09 -4.824 0.962 10.489
0.361 0.099 1.073 -4.855 -0.504 8.641
0.359 0.111 1.066 -5.16 -4.107 7.053
0.372 0.108 1.064 -5.74 -4.992 5.13
0.366 0.114 1.058 -5.954 -6.443 2.84
0.359 0.12 1.064 -5.481 -7.313 0.534
0.35 0.115 1.066 -5.176 -6.611 -2.168
0.323 0.113 1.067 -4.611 -3.588 -4.473
0.284 0.113 1.089 -3.893 -1.328 -6.153
0.247 0.115 1.09 -2.641 -2.015 -6.443
0.219 0.105 1.1 -1.679 -2.809 -6.198
0.196 0.103 1.091 -0.229 -4.153 -5.695
0.19 0.097 1.084 0.336 -4.947 -5.481
0.179 0.087 1.067 1.435 -4.58 -5.695
0.158 0.093 1.057 1.389 -4.58 -5.176
0.149 0.096 1.037 0.87 -2.092 -4.718
0.142 0.091 1.045 0.977 0.351 -4.29
0.137 0.094 1.018 0.29 0.321 -3.389
0.139 0.086 1.028 -0.458 0.305 -2.855
0.137 0.081 1.014 -1.237 0.458 -3.084
0.129 0.089 1.015 -2.565 0.763 -3.008
0.121 0.094 1.031 -3.618 0.87 -2.29
0.124 0.087 1.03 -3.863 0.305 -2.0
0.126 0.083 1.038 -4.137 -0.962 -1.634
0.117 0.087 1.037 -4.977 -0.901 -0.809
0.13 0.09 1.031 -5.344 0.885 -0.168
0.147 0.093 1.026 -5.863 1.847 -0.198
0.139 0.091 1.05 -6.198 1.618 -0.122
0.134 0.094 1.038 -6.305 -0.26 0.443
0.158 0.094 1.034 -6.458 -0.824 0.687
0.178 0.092 1.041 -6.687 -0.214 -0.153
0.186 0.097 1.048 -6.122 0.305 -0.885
0.17 0.101 1.055 -6.489 0.672 -1.084
0.178 0.094 1.056 -6.611 1.618 -1.145
0.173 0.092 1.066 -6.931 1.74 -1.13
0.177 0.105 1.072 -7.191 0.672 -1.557
0.172 0.108 1.086 -6.397 -1.359 -1.145
0.177 0.101 1.088 -6.366 -2.168 -1.176
0.186 0.102 1.077 -5.679 -1.282 -2.046
0.188 0.104 1.075 -4.55 -0.611 -2.672
0.161 0.103 1.058 -4.656 -2.061 -2.55
0.175 0.1 1.067 -4.641 -1.71 -2.809
0.166 0.094 1.067 -4.779 -1.374 -2.901
0.172 0.102 1.061 -4.366 -0.901 -3.13
0.169 0.093 1.054 -4.977 -1.145 -3.267
0.17 0.097 1.056 -5.237 -1.374 -3.481
0.176 0.093 1.049 -5.252 -1.206 -3.725
0.169 0.098 1.044 -5.603 -0.687 -3.71
0.18 0.093 1.044 -6.153 -0.962 -4.244
0.171 0.086 1.061 -5.832 -1.023 -4.626
0.157 0.091 1.06 -5.618 -1.42 -4.244
0.147 0.095 1.053 -5.863 -0.992 -3.893
0.151 0.096 1.056 -6.076 -0.458 -3.435
0.151 0.098 1.062 -6.168 -0.641 -3.618
0.146 0.094 1.056 -6.092 -0.992 -3.313
0.143 0.092 1.073 -5.893 -0.977 -3.359
0.146 0.098 1.075 -5.176 -1.069 -2.885
0.138 0.099 1.081 -4.718 -1.634 -2.565
0.133 0.093 1.075 -4.122 -1.359 -1.557
0.134 0.093 1.077 -3.496 -0.565 -0.702
0.142 0.097 1.058 -3.588 1.725 0.092
0.147 0.092 1.074 -3.496 1.435 0.55
0.16 0.092 1.059 -3.511 0.656 0.763
0.159 0.094 1.057 -3.588 -0.229 0.916
0.169 0.091 1.046 -4.26 -0.733 0.84
0.173 0.092 1.049 -5.115 -0.534 0.244
0.182 0.084 1.054 -5.084 0.015 -1.038
0.167 0.094 1.067 -4.901 -0.443 -1.542
0.167 0.095 1.038 -5.023 -1.115 -1.344
0.165 0.097 1.061 -5.053 -1.389 -1.359
0.163 0.089 1.067 -5.13 -2.061 -1.542
0.152 0.098 1.058 -4.931 -1.924 -1.237
0.156 0.097 1.063 -4.931 -1.435 -0.87
0.146 0.104 1.06 -4.626 -0.962 -0.534
0.146 0.101 1.069 -3.908 -0.641 -0.168
0.147 0.102 1.078 -3.74 -1.847 0.641
0.149 0.1 1.059 -3.42 -2.015 1.359
0.172 0.093 1.059 -3.481 -2.336 1.237
0.181 0.101 1.065 -3.374 -2.061 0.458
0.187 0.098 1.061 -3.756 -2.656 -0.153
0.183 0.091 1.055 -3.863 -3.252 -1.008
0.18 0.085 1.057 -3.45 -2.55 -1.771
0.164 0.097 1.055 -3.466 -0.87 -1.985
0.154 0.092 1.062 -3.847 -0.656 -1.74
0.149 0.092 1.049 -4.0 -0.29 -1.237
0.148 0.094 1.054 -4.504 0.153 -1.42
0.137 0.092 1.054 -4.473 -0.214 -1.16
0.127 0.088 1.055 -4.855 -1.466 -0.427
0.133 0.104 1.061 -5.191 -2.763 0.397
0.144 0.1 1.058 -4.947 -2.565 1.008
0.153 0.09 1.062 -4.427 -0.626 0.992
0.146 0.09 1.056 -3.893 1.42 0.977
0.162 0.097 1.062 -4.076 0.718 0.611
0.154 0.101 1.062 -4.366 -0.794 0.427
0.163 0.095 1.058 -4.901 -2.626 0.366
0.173 0.092 1.043 -5.573 -2.718 0.031
0.168 0.104 1.054 -5.496 -1.466 -0.031
0.167 0.097 1.063 -5.756 -0.916 -0.29
0.166 0.096 1.066 -5.237 0.046 -0.565
0.162 0.101 1.059 -5.328 -0.244 -0.534
0.159 0.096 1.056 -5.267 -0.733 -0.443
0.163 0.095 1.06 -5.038 -1.13 -0.107
0.154 0.098 1.069 -5.45 -1.679 0.183
0.162 0.098 1.065 -5.237 -2.794 0.382
0.169 0.099 1.064 -4.916 -2.763 -0.107
0.176 0.091 1.07 -4.137 -1.252 -0.504
0.167 0.091 1.056 -4.26 -1.069 -0.351
0.166 0.098 1.054 -4.321 -1.511 -0.412
0.177 0.091 1.052 -4.718 -0.977 -0.626
0.176 0.094 1.059 -4.733 -1.176 -0.947
0.176 0.099 1.055 -4.504 -1.466 -1.115
0.165 0.102 1.053 -4.809 -2.076 -1.023
0.157 0.096 1.058 -5.328 -3.328 -0.779
0.15 0.092 1.051 -4.733 -4.229 -0.366
0.151 0.09 1.047 -4.275 -2.626 -0.305
0.146 0.092 1.036 -4.809 -1.45 0.168
0.151 0.091 1.033 -5.176 -1.267 0.534
0.153 0.09 1.04 -5.328 -0.565 0.84
0.164 0.093 1.043 -5.328 0.366 1.16
0.159 0.097 1.052 -5.466 1.267 1.191
0.163 0.093 1.073 -5.252 1.786 1.344
0.161 0.094 1.071 -4.916 1.725 1.053
0.158 0.095 1.073 -4.336 0.137 0.855
0.148 0.1 1.076 -4.0 -0.626 0.763
0.147 0.102 1.062 -4.534 -1.298 0.855
0.144 0.095 1.063 -5.328 -2.733 1.466
0.161 0.103 1.066 -5.908 -2.275 1.45
0.169 0.089 1.067 -5.573 -0.702 0.992
0.173 0.097 1.076 -5.45 0.443 0.489
0.171 0.095 1.088 -5.908 -0.076 -0.061
0.178 0.09 1.09 -5.359 -1.435 -0.198
0.169 0.093 1.083 -4.473 -1.313 -0.351
0.168 0.097 1.065 -4.061 -0.137 -0.763
0.152 0.098 1.079 -4.061 0.153 -0.748
0.159 0.098 1.076 -3.908 -0.565 -0.473
0.152 0.099 1.079 -3.771 -1.863 -0.26
0.153 0.093 1.07 -3.481 -2.229 -0.076
0.145 0.1 1.052 -3.71 -2.275 0.443
0.157 0.095 1.047 -3.847 -1.191 0.534
0.161 0.099 1.052 -4.229 -0.962 0.58
0.162 0.09 1.053 -4.137 -1.13 0.519
0.169 0.094 1.057 -4.58 -2.229 0.0
0.167 0.085 1.053 -4.855 -3.008 -0.443
0.168 0.094 1.041 -4.687 -3.679 -0.763
0.165 0.09 1.041 -4.809 -2.183 -0.824
0.161 0.089 1.04 -5.405 -2.122 -0.427
0.159 0.093 1.047 -6.0 -2.351 -0.458
0.163 0.088 1.054 -5.573 -1.527 -0.55
0.159 0.088 1.061 -5.115 -1.282 -0.443
0.158 0.092 1.052 -5.008 -0.122 -0.229
0.166 0.097 1.064 -5.099 0.595 -0.214
0.163 0.095 1.068 -4.885 0.55 -0.183
0.158 0.091 1.066 -4.809 -0.198 -0.26
0.166 0.093 1.063 -4.977 -1.069 0.168
0.157 0.095 1.071 -4.962 -2.351 0.26
0.157 0.098 1.07 -4.702 -3.298 0.733
0.144 0.099 1.065 -4.504 -3.115 1.237
0.161 0.099 1.06 -4.107 -3.099 1.206
0.166 0.094 1.052 -4.58 -3.267 1.191
0.169 0.091 1.059 -4.427 -3.649 0.977
0.171 0.089 1.062 -4.611 -3.71 0.962
0.175 0.092 1.061 -4.626 -2.366 0.458
0.166 0.083 1.055 -4.611 -1.435 0.122
0.165 0.094 1.055 -4.626 -1.267 0.0
0.16 0.094 1.066 -4.947 -2.0 0.092
0.152 0.097 1.067 -4.58 -2.092 0.244
0.146 0.093 1.071 -4.366 -2.122 0.809
0.151 0.098 1.06 -3.908 -2.076 1.13
0.154 0.099 1.054 -4.305 -2.275 1.389
0.153 0.092 1.054 -4.58 -1.71 1.786
0.16 0.087 1.064 -4.611 -1.053 1.802
0.163 0.093 1.057 -4.55 -0.046 1.771
0.165 0.092 1.054 -5.115 -0.366 1.435
0.167 0.092 1.061 -4.87 -0.595 1.267
0.17 0.094 1.06 -5.115 -1.542 1.298
0.177 0.093 1.057 -5.45 -0.168 0.779
0.175 0.094 1.066 -5.374 0.107 0.29
0.17 0.099 1.065 -5.42 -1.176 0.153
0.158 0.097 1.066 -5.13 -2.092 0.336
0.162 0.097 1.079 -4.489 -2.687 0.626
0.171 0.094 1.067 -3.511 -2.382 0.351
0.162 0.098 1.06 -3.267 -2.214 0.519
0.163 0.093 1.059 -3.832 -2.794 0.931
0.165 0.099 1.063 -4.26 -3.969 0.855
0.18 0.093 1.062 -4.107 -4.641 0.412
0.165 0.1 1.055 -3.878 -3.649 0.092
0.167 0.1 1.053 -4.26 -3.649 0.076
0.161 0.096 1.058 -4.214 -4.427 0.565
0.161 0.088 1.055 -4.87 -4.947 0.473
0.168 0.091 1.063 -5.13 -5.939 0.443