0.079 0.085 1.082 -2.015 -4.107 -0.824
0.074 0.085 1.094 -0.84 -4.244 -0.947
0.065 0.078 1.099 0.779 -5.191 -0.84
0.07 0.079 1.106 2.183 -4.84 -0.87
0.073 0.087 1.065 2.489 -2.198 -1.237
0.075 0.086 1.044 2.504 -0.916 -1.389
0.046 0.088 1.093 4.107 -5.863 -1.527
0.061 0.109 1.014 0.748 -10.855 -1.237
0.081 0.094 1.006 -2.641 -3.389 -0.626
0.088 0.094 1.024 -5.756 -4.366 -0.87
0.075 0.099 1.033 -7.344 -2.824 -0.733
0.079 0.089 1.053 -8.336 -2.931 -0.718
0.079 0.087 1.079 -7.695 -4.092 -0.595
0.076 0.088 1.088 -6.748 -3.176 -0.855
0.074 0.084 1.096 -5.328 -2.885 -0.794
0.079 0.082 1.089 -4.214 -3.084 -0.947
0.083 0.089 1.072 -4.183 -2.214 -1.267
0.077 0.09 1.055 -4.58 -0.626 -1.405
0.071 0.097 1.054 -5.359 -0.198 -1.282
0.068 0.103 1.058 -6.015 -0.504 -0.718
0.068 0.093 1.066 -6.244 -1.16 -0.519
0.071 0.095 1.066 -6.137 -1.405 -0.321
0.068 0.092 1.074 -5.939 -0.443 0.046
0.069 0.094 1.068 -6.214 -0.26 0.305
0.074 0.09 1.067 -6.275 -0.397 0.458
0.085 0.086 1.074 -5.878 -0.87 0.565
0.084 0.087 1.071 -6.046 -2.122 0.427
0.097 0.091 1.068 -6.107 -2.626 -0.198
0.104 0.09 1.074 -5.939 -3.389 -0.672
0.095 0.08 1.056 -5.756 -3.282 -1.405
0.093 0.088 1.066 -6.137 -2.0 -1.466
0.088 0.084 1.053 -6.656 -1.832 -1.771
0.085 0.082 1.08 -6.885 -1.939 -1.588
0.087 0.088 1.082 -6.137 -3.206 -1.496
0.081 0.086 1.084 -5.71 -3.847 -1.756
0.073 0.087 1.068 -5.374 -3.557 -1.664
0.071 0.092 1.055 -5.435 -3.252 -1.298
0.069 0.086 1.062 -5.527 -2.26 -0.885
0.069 0.085 1.055 -5.374 -2.473 -0.702
0.073 0.092 1.043 -5.74 -3.573 -0.58
0.081 0.091 1.041 -6.412 -3.527 -0.275
0.093 0.086 1.065 -7.267 -2.321 -0.366
0.096 0.081 1.057 -7.802 -1.573 -0.595
0.088 0.076 1.065 -8.046 -2.229 -0.855
0.093 0.078 1.076 -8.015 -3.939 -1.176
0.1 0.076 1.073 -7.588 -2.321 -1.695
0.095 0.075 1.075 -7.221 -1.298 -2.137
0.081 0.075 1.062 -7.298 -0.763 -2.229
0.065 0.076 1.068 -7.267 -1.282 -2.153
0.069 0.087 1.064 -7.405 -2.473 -1.74
0.076 0.08 1.054 -7.588 -2.031 -1.725
0.072 0.089 1.059 -7.313 -1.328 -1.511
0.071 0.089 1.08 -6.336 -2.229 -1.481
0.076 0.081 1.07 -5.939 -2.214 -1.115
0.081 0.085 1.073 -5.618 -2.183 -1.176
0.08 0.082 1.076 -5.725 -1.908 -1.405
0.077 0.081 1.075 -5.527 -2.275 -1.481
0.08 0.076 1.079 -5.496 -3.344 -1.237
0.081 0.085 1.083 -5.023 -3.924 -1.023
0.082 0.082 1.072 -4.626 -4.092 -1.282
0.086 0.08 1.064 -4.427 -3.924 -1.389
0.099 0.08 1.064 -4.168 -3.053 -1.969
0.108 0.077 1.064 -4.351 -2.718 -3.069
0.09 0.077 1.053 -5.069 -2.489 -3.603
0.086 0.079 1.065 -4.763 -3.435 -4.107
0.071 0.081 1.082 -4.29 -4.183 -3.908
0.117 0.085 1.059 -4.626 -8.397 -4.702
0.162 0.081 1.031 -5.725 -14.244 -10.84
0.109 0.087 1.051 -5.618 -22.611 -14.718
0.133 0.089 1.062 -6.244 -24.305 -16.656
0.112 0.089 1.065 -7.221 -19.389 -18.061
0.082 0.083 1.102 -2.977 -15.084 -19.756
0.087 0.102 1.061 -6.55 -7.74 -19.649
0.107 0.076 1.106 -4.061 4.076 -18.748
0.006 0.112 1.072 -8.214 -9.954 -16.87
0.019 0.083 1.114 -5.878 1.695 -15.344
-0.005 0.077 1.136 -4.763 -9.038 -12.275
0.017 0.073 1.09 0.824 3.145 -11.008
0.059 0.036 1.097 -4.183 -4.321 -10.885
-0.018 0.069 1.121 -3.511 -4.26 -10.718
0.017 0.045 1.077 -0.611 -10.031 -13.069
0.021 0.057 1.028 -2.733 -12.412 -14.733
0.041 0.058 1.022 -3.099 -11.038 -18.565
-0.021 0.064 0.955 1.053 -5.374 -22.58
-0.03 0.053 1.027 -3.893 -5.74 -23.45
-0.135 0.084 1.068 -2.504 -10.901 -20.855
-0.112 0.085 1.015 2.565 1.786 -20.87
-0.05 0.065 1.073 -2.26 0.229 -22.29
-0.094 0.083 1.095 -1.527 -0.947 -23.832
-0.157 0.079 1.047 1.237 -4.214 -24.427
-0.111 0.042 1.123 1.496 0.733 -24.092
-0.206 0.057 1.13 1.954 -5.191 -19.267
-0.203 0.067 1.102 3.191 0.626 -13.405
-0.089 0.008 1.082 5.679 11.618 -10.687
-0.095 0.07 1.068 -2.519 3.832 -9.679
-0.084 0.045 1.112 0.504 8.275 -11.023
-0.026 0.037 1.13 2.366 5.496 -13.679
-0.025 0.047 1.111 3.481 6.015 -17.527
-0.007 0.059 1.081 3.725 9.939 -20.382
-0.008 0.057 1.052 4.137 14.687 -23.603
-0.029 0.064 1.103 8.031 18.824 -28.275
-0.037 0.058 1.004 12.641 9.359 -31.45
0.028 0.029 0.98 7.374 19.237 -34.992
-0.09 0.066 0.944 7.511 19.481 -38.244
-0.099 0.052 0.932 2.382 33.969 -38.809
-0.191 0.075 0.958 -4.443 33.069 -34.901
-0.236 0.052 0.958 -6.015 41.588 -29.344
-0.311 0.063 0.933 -8.992 42.015 -18.885
-0.27 0.067 0.998 -17.985 42.885 -5.908
-0.261 0.056 1.072 -19.115 45.557 6.26
-0.185 0.047 1.093 -18.55 45.328 14.122
-0.146 0.029 1.11 -19.969 43.084 20.0
-0.175 0.046 1.131 -21.176 37.511 28.198
-0.135 0.031 1.147 -21.328 35.053 34.962
-0.095 0.02 1.179 -21.878 39.237 40.092
-0.093 0.01 1.221 -19.725 42.076 45.053
-0.119 0.019 1.171 -14.794 33.893 51.176
-0.096 0.018 1.13 -17.802 32.718 55.45
-0.128 0.022 1.074 -16.947 24.962 57.786
-0.185 0.012 1.145 -16.458 19.908 63.145
-0.321 0.017 1.117 -6.198 6.336 74.55
-0.132 -0.018 1.033 -3.557 5.573 82.26
-0.001 -0.02 0.903 -11.069 8.107 81.511
0.137 -0.053 0.946 -15.649 42.84 74.168
0.156 -0.064 0.902 -21.481 51.252 69.023
0.224 -0.042 0.945 -35.573 78.718 61.069
0.083 -0.031 1.071 -43.13 79.053 57.634
0.011 -0.01 1.138 -38.458 71.267 58.168
-0.015 -0.014 1.188 -38.214 56.412 62.962
0.016 0.0 1.229 -40.595 38.137 67.282
0.003 0.011 1.264 -33.618 29.817 71.939
0.084 0.004 1.288 -29.527 13.802 76.122
0.185 0.047 1.263 -29.878 10.046 76.198
0.333 0.011 1.266 -21.16 26.107 69.13
0.391 0.028 1.212 -20.718 36.26 60.962
0.375 0.045 1.252 -29.756 42.641 53.557
0.211 0.08 1.28 -16.382 40.824 50.718
0.238 0.077 1.206 -13.221 26.733 49.725
0.207 0.083 1.214 -13.542 12.473 50.183
0.25 0.095 1.205 -8.595 4.519 48.015
0.284 0.09 1.193 -6.977 0.947 45.099
0.32 0.088 1.175 -4.351 0.504 39.588
0.33 0.088 1.167 -3.267 2.977 32.977
0.33 0.09 1.115 -1.084 7.313 24.84
0.294 0.101 1.076 -1.527 13.664 17.298
0.207 0.112 1.085 -1.939 12.519 11.282
0.153 0.117 1.034 0.626 6.58 7.695
0.103 0.127 1.021 -0.962 2.656 5.511
0.084 0.119 1.029 -0.26 1.099 3.511
0.041 0.126 1.022 0.321 1.939 1.771
0.022 0.124 1.013 0.611 0.229 0.061
-0.009 0.124 0.994 0.092 -2.366 -0.931
-0.013 0.122 1.005 -0.031 -0.702 -2.412
-0.007 0.112 1.017 0.321 3.099 -4.626
-0.026 0.114 0.987 1.588 9.344 -6.763
-0.073 0.114 0.974 -1.252 8.779 -7.45
-0.115 0.115 1.007 -2.443 6.84 -7.16
-0.126 0.105 1.038 -1.939 3.664 -6.489
-0.145 0.104 1.04 -1.42 0.794 -5.863
-0.167 0.099 1.033 0.229 -0.687 -4.718
-0.171 0.098 1.022 -0.229 -3.252 -3.45
-0.137 0.081 1.021 -0.183 -3.71 -2.855
-0.115 0.089 1.027 -0.885 -1.664 -3.679
-0.11 0.084 1.03 -0.794 0.947 -5.221
-0.13 0.077 1.03 -1.405 -0.672 -5.344
-0.144 0.079 1.041 -1.511 -3.542 -4.595
-0.124 0.075 1.051 -1.603 -4.87 -4.061
-0.131 0.067 1.043 -1.405 -4.87 -4.092
-0.118 0.071 1.06 -1.45 -3.863 -4.305
-0.13 0.066 1.047 -1.389 -2.519 -5.145
-0.141 0.068 1.045 -1.649 -1.756 -5.053
-0.148 0.066 1.045 -1.557 -1.145 -5.344
-0.144 0.06 1.033 -1.832 -0.229 -5.176
-0.158 0.069 1.029 -1.985 1.42 -5.298
-0.172 0.064 1.041 -2.305 2.397 -4.718
-0.181 0.064 1.05 -2.977 1.649 -4.214
-0.198 0.07 1.058 -3.038 2.061 -3.42
-0.207 0.063 1.072 -2.992 -0.672 -1.802
-0.199 0.062 1.064 -3.221 -3.008 -0.702
-0.186 0.061 1.04 -3.908 -3.74 0.275
-0.182 0.054 1.041 -4.107 -2.885 0.565
-0.169 0.06 1.026 -4.885 -2.092 0.718
-0.176 0.067 1.046 -5.374 -1.206 0.366
-0.167 0.069 1.035 -5.618 -0.489 0.611
-0.173 0.069 1.047 -6.183 -1.679 0.931
-0.171 0.06 1.046 -5.74 -1.847 1.145
-0.181 0.07 1.048 -6.275 -2.779 2.351
-0.156 0.07 1.065 -6.168 -3.221 2.794
-0.146 0.06 1.064 -5.099 -1.985 2.84
-0.146 0.07 1.045 -5.13 -1.099 2.947
-0.15 0.073 1.042 -5.863 0.015 3.16
-0.124 0.061 1.054 -5.603 -0.229 2.55
-0.123 0.068 1.045 -5.298 -0.061 1.679
-0.148 0.075 1.022 -6.458 0.137 1.817
-0.14 0.076 1.039 -7.374 -0.26 1.863
-0.153 0.07 1.055 -7.13 -0.092 1.908
-0.157 0.071 1.053 -6.855 -0.809 2.351
-0.146 0.074 1.049 -6.809 -1.786 2.794
-0.143 0.069 1.037 -6.015 -1.13 2.656
-0.134 0.08 1.026 -7.786 0.321 3.496
-0.122 0.074 1.05 -7.038 4.122 2.336
-0.135 0.092 0.999 -7.817 -3.45 1.664
-0.167 0.073 1.061 -2.977 1.603 2.794
-0.126 0.071 1.05 -4.626 -2.336 3.206
-0.141 0.081 1.054 -6.122 -2.489 3.664
-0.122 0.07 1.048 -4.763 -1.435 3.527
-0.103 0.075 1.051 -5.328 -1.191 2.489
-0.113 0.073 1.038 -4.489 -0.382 1.756
-0.111 0.071 1.044 -5.542 1.344 0.931
-0.121 0.078 1.048 -5.237 2.702 0.489
-0.126 0.082 1.055 -4.58 2.824 0.229
-0.135 0.081 1.056 -5.069 2.366 -0.305
-0.137 0.079 1.049 -3.863 1.985 -0.015
-0.128 0.065 1.031 -4.824 4.382 -0.015
-0.127 0.078 1.059 -5.267 3.969 0.489
-0.132 0.082 1.059 -3.863 6.641 -0.382
-0.143 0.072 1.06 -2.794 5.267 -0.595
-0.144 0.078 1.047 -3.435 3.557 -0.427
-0.157 0.081 1.045 -4.046 1.557 0.366
-0.156 0.075 1.051 -4.824 -1.603 1.298
-0.14 0.075 1.032 -4.84 -1.878 1.038
-0.137 0.072 1.037 -5.237 -1.298 0.458
-0.142 0.079 1.044 -5.756 -2.0 0.076
-0.133 0.071 1.061 -6.137 -1.954 -0.366
-0.138 0.076 1.053 -5.817 -1.802 -0.504
-0.158 0.077 1.055 -5.252 -1.496 -0.076
-0.15 0.071 1.043 -4.489 -0.763 0.198
-0.158 0.072 1.033 -4.55 -0.58 0.534
-0.153 0.076 1.034 -5.084 -0.046 0.519
-0.154 0.08 1.033 -5.557 -0.519 0.489
-0.149 0.073 1.05 -5.908 -0.397 0.26
-0.156 0.07 1.056 -5.099 0.29 0.015
-0.167 0.07 1.057 -5.374 -0.351 0.305
-0.163 0.08 1.047 -5.527 -1.481 0.733
-0.148 0.072 1.057 -4.397 -1.282 0.855
-0.155 0.075 1.055 -4.534 -1.832 0.718
-0.143 0.076 1.065 -4.382 -1.649 0.641
-0.142 0.071 1.053 -4.458 -0.84 -0.031
-0.145 0.07 1.055 -4.275 0.687 -0.626
-0.158 0.076 1.041 -4.336 1.359 -0.733
-0.159 0.078 1.049 -4.489 -0.336 -0.198
-0.161 0.078 1.043 -4.733 -1.374 0.122
-0.149 0.076 1.04 -5.115 -1.344 -0.046
-0.153 0.076 1.046 -5.618 -0.595 -0.229
-0.16 0.073 1.052 -5.618 0.198 -0.275
-0.174 0.078 1.064 -5.664 -0.55 0.183
-0.166 0.073 1.059 -4.58 -0.626 0.809
-0.161 0.066 1.051 -3.924 -0.824 0.885
-0.158 0.07 1.045 -3.649 -0.366 1.145
-0.166 0.067 1.056 -3.405 -0.611 1.664
-0.152 0.07 1.052 -3.252 -2.046 1.435
-0.154 0.077 1.052 -2.916 -1.893 1.405
-0.163 0.075 1.029 -3.221 -1.405 1.603
-0.157 0.075 1.029 -4.473 -1.023 1.878
-0.162 0.072 1.03 -4.794 -1.435 2.305
-0.156 0.071 1.041 -6.153 -0.824 2.351
-0.164 0.045 1.047 -6.901 1.176 2.26
-0.165 0.07 1.051 -3.542 -1.74 2.656
-0.136 0.069 1.053 -4.153 0.702 2.198
-0.138 0.069 1.05 -3.405 -0.611 1.771
-0.151 0.067 1.035 -2.779 2.305 1.725
-0.158 0.073 1.047 -2.977 2.076 2.031
-0.156 0.075 1.033 -3.145 0.0 2.382
-0.153 0.079 1.014 -4.351 -1.145 2.763
-0.138 0.075 1.031 -4.534 -1.634 2.87
-0.112 0.069 1.04 -5.053 -0.046 2.046
-0.116 0.089 1.046 -6.229 1.237 0.763
-0.147 0.081 1.041 -4.916 2.107 -0.229
-0.128 0.078 1.031 -5.695 4.0 -0.718
-0.149 0.071 1.049 -5.847 3.481 -1.069
-0.158 0.078 1.05 -5.282 3.435 -1.084
-0.167 0.077 1.052 -5.053 2.031 -0.412
-0.174 0.079 1.049 -5.298 0.046 0.122
-0.172 0.079 1.039 -5.237 -1.649 1.16
-0.151 0.075 1.037 -5.145 -3.008 1.344
-0.152 0.077 1.042 -5.221 -2.015 0.779
-0.15 0.079 1.037 -4.947 -0.397 0.321
-0.161 0.082 1.036 -5.527 -0.137 0.26
-0.17 0.074 1.056 -5.145 -0.229 0.412
-0.158 0.08 1.057 -4.611 -1.634 0.87
-0.168 0.082 1.049 -4.427 -2.748 1.374
-0.165 0.084 1.044 -4.672 -3.802 1.573
-0.15 0.082 1.034 -4.855 -3.603 1.435
-0.144 0.078 1.035 -5.145 -2.397 1.008
-0.153 0.081 1.05 -5.771 -1.084 0.305
-0.147 0.078 1.042 -6.046 -1.389 0.244
-0.154 0.077 1.05 -6.122 -2.046 0.061
-0.156 0.079 1.066 -5.267 -1.405 -0.092
-0.154 0.074 1.056 -5.252 -0.977 0.107
-0.159 0.075 1.041 -5.42 0.153 0.122
-0.162 0.081 1.035 -6.168 0.061 0.183
-0.159 0.076 1.051 -6.595 -0.458 0.107
-0.157 0.073 1.072 -5.878 -0.916 -0.305
-0.166 0.072 1.072 -3.542 0.534 0.107
-0.173 0.074 1.067 -3.344 -0.076 0.656
-0.169 0.077 1.056 -3.359 -1.282 1.695
-0.149 0.07 1.06 -3.466 -1.389 1.649
-0.133 0.075 1.049 -3.511 -0.443 0.87
-0.138 0.075 1.042 -3.466 0.779 -0.489
-0.169 0.082 1.036 -3.863 -0.611 -0.321
-0.159 0.083 1.038 -4.26 -2.534 0.214
-0.158 0.081 1.026 -5.023 -4.382 0.26
-0.142 0.071 1.044 -4.809 -3.527 0.046
-0.148 0.07 1.039 -4.366 -0.183 -0.076
-0.167 0.076 1.034 -4.595 1.802 0.122
-0.165 0.076 1.057 -4.947 1.45 0.336
-0.171 0.076 1.054 -4.763 0.656 1.084
-0.172 0.075 1.048 -4.565 0.656 1.817
-0.148 0.071 1.039 -5.206 1.481 1.71
-0.149 0.065 1.069 -5.145 1.725 1.771
-0.151 0.078 1.032 -4.336 -0.565 1.511
-0.145 0.096 1.005 -8.321 1.878 1.45
-0.167 0.063 1.038 -4.29 1.374 0.885
-0.147 0.073 1.031 -5.298 0.962 1.008
-0.168 0.075 1.031 -5.557 1.588 1.176
-0.168 0.076 1.034 -4.58 -0.779 1.267
-0.165 0.075 1.03 -5.267 -2.794 1.206
-0.155 0.076 1.028 -5.511 -3.771 1.313
-0.162 0.077 1.033 -6.229 -3.939 1.206
-0.15 0.073 1.045 -6.015 -3.206 0.87
-0.154 0.074 1.045 -5.939 -1.893 0.855
-0.152 0.075 1.056 -6.305 -2.137 0.687
-0.168 0.078 1.053 -5.618 -2.733 1.023
-0.148 0.066 1.05 -5.45 -2.687 0.565
-0.148 0.076 1.059 -5.13 -2.565 0.122
-0.139 0.071 1.048 -4.947 -1.725 -0.214
-0.145 0.074 1.038 -5.267 -0.947 -0.947
-0.152 0.076 1.061 -5.252 -0.84 -1.588
-0.167 0.073 1.062 -4.519 -0.733 -1.588
-0.182 0.074 1.058 -4.58 -0.855 -1.16
-0.191 0.075 1.059 -4.565 -1.969 -0.031
-0.178 0.068 1.064 -4.168 -2.87 0.84
-0.161 0.072 1.056 -3.389 -2.84 1.13
-0.158 0.076 1.049 -3.45 -1.466 1.16
-0.158 0.077 1.049 -3.282 0.229 1.115
-0.159 0.077 1.036 -3.954 0.137 1.45
-0.155 0.075 1.051 -3.985 -1.145 1.099
-0.147 0.073 1.039 -3.542 -3.084 0.855
-0.138 0.079 1.033 -4.214 -3.267 0.443
-0.144 0.081 1.038 -4.931 -2.137 0.168
-0.138 0.074 1.035 -5.588 -0.595 0.046
-0.144 0.074 1.042 -5.786 -0.779 -0.321
-0.15 0.072 1.058 -5.359 -2.168 -0.489
-0.147 0.079 1.048 -4.656 -3.466 -0.183
-0.14 0.075 1.045 -4.229 -4.168 -0.321
-0.138 0.067 1.035 -4.656 -4.198 -0.519
-0.142 0.075 1.023 -5.252 -4.656 -0.58
-0.144 0.069 1.033 -4.229 -5.527 -0.885
-0.15 0.066 1.039 -3.588 -4.015 -1.542
-0.159 0.074 1.021 -4.122 -3.221 -1.13
-0.151 0.081 1.015 -5.023 -2.183 -0.824
-0.147 0.072 1.062 -7.191 -1.71 -0.473
-0.157 0.088 1.005 -6.366 -2.534 -0.168
-0.139 0.073 1.021 -7.038 1.099 -0.321
-0.155 0.067 1.042 -7.252 -1.74 -0.107
-0.157 0.073 1.055 -6.427 -1.573 -0.183
-0.158 0.071 1.064 -5.985 -2.855 -0.168
-0.164 0.069 1.054 -5.618 -4.397 -0.076
-0.156 0.078 1.061 -5.053 -4.748 0.092
-0.148 0.071 1.056 -4.382 -2.916 -0.244
-0.162 0.073 1.059 -4.122 -1.42 0.031
-0.163 0.075 1.061 -4.168 -1.893 0.427
-0.163 0.075 1.061 -4.26 -3.374 0.947
-0.163 0.073 1.06 -4.229 -4.061 0.885
-0.147 0.074 1.045 -4.626 -4.061 0.641
-0.143 0.077 1.045 -4.962 -3.389 0.412
-0.137 0.072 1.04 -5.267 -3.252 0.015
-0.136 0.085 1.03 -6.061 -4.458 -0.443
-0.14 0.077 1.029 -6.748 -5.298 -0.87
-0.146 0.074 1.035 -6.702 -6.046 -1.115
-0.144 0.072 1.031 -7.252 -5.954 -1.527
-0.161 0.068 1.057 -6.672 -4.962 -1.099
-0.157 0.067 1.061 -6.931 -4.702 -0.84
-0.146 0.073 1.083 -6.107 -3.802 -1.008
-0.149 0.067 1.089 -4.595 -3.206 -1.328
-0.158 0.071 1.067 -4.107 -2.718 -0.962
-0.162 0.076 1.058 -4.122 -2.718 -0.244
-0.148 0.075 1.059 -4.244 -4.153 0.168
-0.152 0.072 1.048 -3.969 -4.626 0.672
-0.136 0.072 1.029 -4.015 -5.145 0.977
-0.133 0.075 1.034 -4.519 -4.046 0.901
-0.12 0.072 1.021 -5.328 -2.626 0.489
-0.115 0.076 1.039 -5.817 -1.359 -0.29
-0.126 0.07 1.039 -5.481 -0.015 -0.901
-0.138 0.067 1.047 -5.481 0.321 -1.115
-0.145 0.072 1.045 -5.527 -1.557 -0.748
-0.142 0.07 1.053 -5.435 -2.702 -0.519
-0.144 0.067 1.067 -4.55 -2.565 -0.153
-0.141 0.074 1.056 -4.595 -0.84 -0.168
-0.149 0.077 1.063 -4.84 -0.443 0.382
-0.15 0.076 1.054 -4.824 -1.679 0.626
-0.141 0.076 1.057 -4.534 -2.321 0.794
-0.128 0.068 1.053 -4.443 -2.412 0.641
-0.132 0.082 1.043 -4.26 -2.504 0.809
-0.127 0.074 1.034 -4.84 -1.679 0.748
-0.106 0.071 1.031 -5.679 -1.634 -0.443
-0.127 0.069 1.041 -6.29 -2.046 -1.099
-0.129 0.062 1.065 -5.053 -0.641 -1.344
-0.153 0.072 1.059 -4.626 0.55 -0.977
-0.155 0.074 1.057 -4.763 0.809 -0.382