0.029 0.125 1.062 -4.015 -2.092 1.649
0.02 0.131 1.058 -3.908 -1.298 1.282
0.009 0.132 1.058 -4.198 -2.748 1.328
0.016 0.13 1.06 -4.275 -3.588 1.053
0.025 0.131 1.062 -4.336 -3.42 0.641
0.021 0.139 1.065 -4.458 -2.702 0.519
0.017 0.135 1.057 -4.427 -3.282 0.198
0.02 0.128 1.06 -4.58 -4.275 -0.382
0.007 0.136 1.067 -4.718 -5.679 -0.565
0.002 0.135 1.056 -4.656 -6.382 -0.244
0.003 0.14 1.057 -4.626 -6.947 0.107
-0.003 0.14 1.057 -4.779 -7.145 0.885
-0.004 0.134 1.049 -4.794 -7.679 1.847
0.005 0.138 1.043 -4.855 -6.626 2.489
0.01 0.132 1.053 -5.588 -6.519 2.87
0.008 0.131 1.062 -5.496 -5.985 3.008
0.017 0.124 1.055 -5.847 -6.183 3.038
0.029 0.13 1.056 -5.588 -5.969 2.565
0.031 0.131 1.05 -5.908 -3.802 1.893
0.031 0.125 1.062 -5.985 -2.947 1.74
0.041 0.131 1.067 -5.45 -2.244 1.374
0.029 0.129 1.081 -4.901 -0.84 1.008
0.033 0.122 1.084 -3.985 -0.015 0.626
0.023 0.129 1.08 -3.542 -0.519 0.351
0.021 0.131 1.066 -3.053 -1.206 0.702
0.023 0.135 1.053 -3.298 -0.427 0.626
0.022 0.135 1.048 -3.71 -0.092 0.611
0.022 0.131 1.042 -3.649 0.595 0.443
0.014 0.14 1.05 -4.565 -0.519 0.611
0.011 0.134 1.05 -5.053 -2.794 0.718
0.013 0.136 1.042 -5.405 -2.916 0.916
0.014 0.142 1.062 -5.618 -2.565 1.359
0.024 0.127 1.063 -5.344 -0.351 1.466
0.024 0.127 1.082 -5.13 1.588 1.359
0.033 0.126 1.066 -4.656 1.344 1.053
0.028 0.13 1.087 -3.924 -1.069 0.855
0.034 0.132 1.074 -2.901 -3.084 0.626
0.035 0.124 1.066 -2.626 -2.58 0.168
0.039 0.129 1.052 -2.534 -0.107 -0.061
0.031 0.129 1.059 -3.145 0.275 -0.382
0.016 0.135 1.057 -3.771 -0.763 -0.427
0.018 0.135 1.044 -4.519 -2.107 -0.168
0.019 0.136 1.057 -4.656 -2.031 -0.382
0.022 0.137 1.064 -4.489 -1.145 -0.183
0.017 0.139 1.066 -4.336 -0.565 0.214
0.013 0.139 1.061 -4.061 0.565 0.489
0.021 0.136 1.045 -4.137 1.527 0.412
0.017 0.133 1.052 -4.672 0.351 0.626
0.024 0.133 1.05 -5.298 -0.595 0.534
0.018 0.135 1.06 -5.405 -0.824 0.672
0.019 0.135 1.065 -5.13 0.824 0.84
0.017 0.127 1.068 -4.962 2.046 1.405
0.027 0.134 1.067 -4.519 2.565 1.16
0.036 0.128 1.059 -4.779 2.076 0.992
0.026 0.136 1.057 -5.145 0.748 0.718
0.023 0.134 1.059 -5.695 -1.053 0.55
0.029 0.132 1.055 -5.756 -1.908 -0.031
0.02 0.13 1.066 -5.908 -3.221 -0.29
0.02 0.134 1.063 -6.183 -4.122 -0.137
0.024 0.135 1.072 -6.092 -3.527 0.015
0.029 0.137 1.064 -5.588 -1.374 -0.046
0.013 0.137 1.075 -5.099 0.305 -0.229
0.012 0.138 1.068 -4.641 -0.412 -0.092
0.019 0.131 1.065 -4.275 -0.962 0.0
0.02 0.135 1.058 -4.031 -0.718 0.015
0.022 0.137 1.049 -4.595 0.244 -0.244
0.022 0.125 1.064 -5.16 -0.046 -0.321
0.013 0.128 1.069 -5.405 -0.947 -0.275
0.022 0.13 1.068 -5.389 -1.13 -0.229
0.017 0.129 1.057 -4.84 -0.443 -0.519
0.017 0.128 1.078 -4.443 0.061 -0.412
0.014 0.134 1.059 -3.634 0.198 -0.672
0.01 0.138 1.065 -4.733 -2.076 -0.794
0.008 0.134 1.048 -4.122 -2.107 -0.397
0.018 0.135 1.033 -4.733 -1.13 -0.198
0.003 0.135 1.05 -5.206 -1.618 0.229
0.016 0.14 1.056 -6.183 -2.611 0.412
0.018 0.129 1.044 -5.588 -3.282 0.55
0.026 0.124 1.056 -5.954 -0.244 0.382
0.021 0.127 1.065 -5.725 2.168 0.427
0.029 0.13 1.058 -5.267 3.588 0.183
0.015 0.128 1.069 -5.573 1.16 0.107
0.024 0.118 1.073 -5.954 -1.42 0.305
0.035 0.12 1.081 -5.756 -0.351 -0.015
0.029 0.124 1.092 -4.733 1.008 -0.504
0.022 0.129 1.092 -3.389 1.832 -0.702
0.017 0.131 1.09 -2.519 0.626 -0.672
0.011 0.136 1.058 -2.534 -0.84 -0.58
0.016 0.131 1.051 -3.634 -1.802 -0.534
0.011 0.14 1.048 -4.977 -3.817 -0.443
0.017 0.137 1.048 -5.328 -3.634 -0.473
0.022 0.139 1.06 -5.313 -2.153 -0.183
0.022 0.135 1.068 -5.328 -0.611 -0.397
0.024 0.129 1.072 -4.855 -0.885 -0.366
0.02 0.129 1.066 -4.687 -2.183 -0.336
0.022 0.132 1.052 -4.397 -2.489 -0.076
0.028 0.123 1.058 -4.794 -1.099 -0.321
0.035 0.132 1.052 -4.397 1.237 -0.885
0.031 0.122 1.059 -4.412 1.802 -1.695
0.023 0.127 1.072 -5.069 -0.031 -1.802
0.021 0.134 1.067 -4.412 -2.122 -1.893
0.011 0.129 1.069 -4.382 -2.443 -1.847
0.014 0.13 1.066 -4.382 -1.313 -1.389
0.009 0.13 1.057 -3.588 0.58 -1.115
0.015 0.132 1.054 -3.863 1.191 -1.069
0.017 0.141 1.045 -4.198 -0.122 -1.099
0.025 0.136 1.048 -4.748 -0.641 -1.237
0.018 0.136 1.052 -4.977 -1.557 -1.573
0.015 0.137 1.059 -4.885 -1.786 -1.74
0.017 0.132 1.067 -5.023 -2.336 -1.817
0.018 0.129 1.064 -4.901 -2.748 -1.74
0.017 0.127 1.079 -4.489 -1.511 -1.878
0.02 0.132 1.071 -4.321 -0.702 -2.198
0.02 0.131 1.064 -4.382 -0.977 -2.183
0.015 0.13 1.055 -4.427 -2.351 -2.275
0.011 0.132 1.066 -4.26 -3.618 -2.672
0.001 0.13 1.077 -3.344 -3.969 -2.504
-0.002 0.139 1.077 -3.038 -3.802 -2.076
0.003 0.135 1.066 -2.947 -2.855 -1.313
0.011 0.141 1.053 -3.176 -2.321 -1.084
0.012 0.135 1.054 -3.252 -2.656 -0.947
0.021 0.129 1.056 -3.939 -3.252 -0.916
0.027 0.135 1.06 -4.611 -4.733 -1.176
0.032 0.129 1.061 -5.053 -5.527 -1.328
0.024 0.122 1.062 -5.313 -5.466 -1.313
0.037 0.134 1.072 -5.267 -4.641 -1.466
0.029 0.134 1.071 -4.901 -2.977 -1.679
0.031 0.13 1.059 -4.565 -2.107 -2.198
0.021 0.13 1.067 -4.0 -1.282 -2.55
0.013 0.138 1.062 -3.542 -1.45 -2.611
0.007 0.14 1.062 -2.947 -1.649 -2.779
-0.008 0.15 1.059 -2.977 -1.771 -2.931
-0.012 0.145 1.051 -3.16 -1.71 -2.214
-0.031 0.147 1.039 -3.618 -0.336 -1.496
-0.048 0.152 1.042 -4.489 -0.504 -0.168
-0.043 0.151 1.047 -5.084 -1.405 0.55
-0.053 0.147 1.055 -5.588 -2.061 0.87
-0.083 0.156 1.07 -5.649 -3.374 1.206
-0.11 0.156 1.082 -5.038 -4.427 2.504
-0.139 0.157 1.092 -4.198 -4.061 4.214
-0.158 0.154 1.113 -2.275 -2.427 6.763
-0.165 0.16 1.105 -1.344 -0.198 9.664
-0.174 0.16 1.106 -0.489 -0.198 11.542
-0.193 0.156 1.087 0.595 -1.71 13.496
-0.201 0.159 1.093 0.779 -3.252 15.71
-0.233 0.155 1.077 0.458 -5.023 18.733
-0.235 0.153 1.068 0.061 -4.26 21.267
-0.253 0.158 1.08 -0.702 -2.947 23.786
-0.271 0.157 1.09 -0.504 -1.588 26.702
-0.287 0.154 1.108 0.672 0.244 29.893
-0.31 0.153 1.11 2.824 3.924 32.992
-0.337 0.157 1.106 4.611 5.679 36.046
-0.36 0.166 1.101 5.802 6.626 39.954
-0.379 0.164 1.069 7.115 7.42 43.786
-0.38 0.167 1.065 7.435 10.595 47.237
-0.388 0.171 1.057 8.244 16.779 50.58
-0.388 0.174 1.065 9.985 23.802 54.122
-0.363 0.18 1.037 11.878 33.74 57.313
-0.373 0.203 1.043 11.832 41.344 59.573
-0.33 0.183 1.011 14.626 47.832 60.443
-0.288 0.172 0.996 13.756 46.947 60.58
-0.28 0.171 0.965 13.053 48.046 59.221
-0.246 0.158 0.95 9.069 44.672 56.687
-0.235 0.145 0.968 4.595 38.504 53.16
-0.422 0.258 1.186 -3.496 7.603 58.305
-0.164 0.122 0.901 4.702 10.977 47.847
-0.131 0.106 1.032 -2.321 14.458 43.557
-0.149 0.081 0.987 4.473 21.969 42.061
-0.093 0.068 0.952 3.466 44.489 40.214
-0.135 0.066 0.991 3.435 54.321 38.855
-0.166 0.066 0.932 3.237 53.206 37.176
-0.191 0.063 0.943 -4.687 46.168 36.855
-0.192 0.067 0.967 -9.786 30.076 36.901
-0.117 0.031 0.975 -13.679 26.26 34.87
-0.109 0.018 1.025 -14.275 26.092 33.13
-0.061 -0.044 1.007 -4.809 35.42 32.076
-0.067 0.014 0.947 -14.733 39.481 31.817
-0.149 0.019 0.997 -15.786 53.725 33.099
-0.17 0.029 0.959 -20.611 46.214 36.427
-0.242 0.022 0.924 -22.626 40.107 42.031
-0.154 0.001 1.021 -32.718 27.71 46.763
-0.155 -0.016 1.067 -30.855 23.588 50.412
-0.026 -0.105 1.034 -24.504 16.366 53.023
-0.015 -0.024 0.989 -33.939 14.168 51.939
-0.05 -0.041 1.104 -33.481 18.046 53.573
-0.024 -0.032 1.072 -31.435 18.061 56.641
-0.052 -0.011 1.089 -34.26 27.359 60.84
-0.016 -0.016 1.093 -35.435 17.282 64.504
0.044 -0.013 1.105 -36.718 7.466 65.496
0.087 -0.001 1.121 -36.962 -6.168 66.718
0.228 -0.045 1.105 -36.397 -13.389 65.45
0.217 0.014 1.064 -34.046 8.137 61.863
0.197 0.011 1.05 -32.687 25.725 59.435
0.207 0.021 1.074 -34.84 24.046 56.733
0.185 0.031 1.116 -35.786 10.443 53.588
0.179 0.05 1.16 -32.595 -7.13 52.305
0.215 0.065 1.118 -30.229 -8.87 52.473
0.282 0.062 1.086 -29.618 5.71 50.076
0.295 0.067 1.066 -30.153 20.412 44.947
0.254 0.088 1.089 -32.214 23.374 39.832
0.175 0.086 1.141 -33.435 15.756 36.763
0.124 0.099 1.193 -33.389 6.321 36.443
0.075 0.106 1.229 -31.328 -0.427 37.038
0.057 0.113 1.249 -29.13 -5.069 37.817
0.059 0.112 1.272 -24.763 -6.58 38.656
-0.025 0.158 1.348 -20.87 -14.443 42.458
0.043 0.13 1.183 -13.466 -3.115 40.153
0.055 0.118 1.193 -12.641 1.099 40.611
0.05 0.121 1.153 -10.351 -8.26 41.634
0.063 0.118 1.129 -10.137 -11.802 42.305
0.088 0.12 1.099 -9.237 -16.84 42.015
0.105 0.123 1.088 -9.679 -13.267 40.336
0.1 0.121 1.094 -9.832 -10.489 38.702
0.11 0.118 1.101 -9.42 -9.771 36.504
0.099 0.115 1.123 -8.733 -9.695 33.496
0.058 0.112 1.13 -6.321 -10.626 32.168
0.03 0.117 1.135 -3.908 -12.992 32.519
0.031 0.124 1.134 -2.336 -16.214 32.687
0.018 0.12 1.123 -0.443 -19.252 33.267
0.048 0.114 1.097 1.42 -19.084 32.733
0.076 0.111 1.067 1.893 -16.565 30.611
0.071 0.125 1.052 1.359 -16.107 28.641
0.07 0.125 1.036 1.038 -16.992 27.038
0.067 0.127 1.005 0.321 -17.45 25.817
0.086 0.127 0.997 -0.947 -15.771 23.969
0.104 0.136 0.987 -2.84 -14.214 21.267
0.098 0.14 0.997 -3.695 -12.198 17.863
0.065 0.14 1.009 -4.687 -8.672 14.901
0.048 0.135 1.041 -4.977 -3.573 13.282
0.03 0.143 1.042 -4.916 -0.58 11.527
-0.01 0.141 1.063 -5.282 0.397 11.71
-0.01 0.139 1.056 -5.16 0.137 12.168
-0.006 0.143 1.075 -5.267 0.305 11.511
-0.01 0.142 1.097 -4.855 -1.511 11.618
-0.011 0.145 1.11 -3.924 -3.878 11.481
-0.013 0.149 1.114 -1.71 -3.786 11.282
0.012 0.143 1.079 -1.038 -3.527 10.87
0.022 0.146 1.065 -1.359 -2.275 9.832
0.013 0.144 1.056 -1.802 -1.985 9.176
0.04 0.138 1.055 -1.71 -0.947 6.397
0.007 0.142 1.057 -2.336 -2.382 4.351
-0.029 0.147 1.081 -3.008 -4.183 3.099
-0.054 0.149 1.081 -3.252 -5.176 3.817
-0.035 0.142 1.101 -3.115 -2.107 4.656
-0.034 0.146 1.109 -2.779 1.069 4.504
-0.016 0.143 1.111 -1.344 1.786 4.031
-0.014 0.145 1.1 -0.321 0.26 2.824
-0.02 0.146 1.08 0.336 -1.282 1.924
-0.028 0.143 1.068 0.229 -1.176 1.374
-0.028 0.146 1.05 -0.595 -0.244 1.435
-0.013 0.143 1.047 -1.313 2.611 0.779
-0.003 0.15 1.039 -1.969 3.618 -0.076
-0.007 0.147 1.026 -3.328 2.168 -1.618
-0.02 0.14 1.022 -4.412 1.191 -3.069
-0.038 0.14 1.052 -5.252 0.473 -3.481
-0.043 0.138 1.063 -5.481 1.466 -3.71
-0.059 0.136 1.076 -5.313 1.878 -3.893
-0.088 0.139 1.087 -4.504 0.87 -3.374
-0.087 0.131 1.082 -3.237 0.885 -2.046
-0.08 0.135 1.093 -1.756 1.328 -1.115
-0.09 0.127 1.081 -0.824 0.55 -0.26
-0.089 0.135 1.07 -0.748 -2.29 1.313
-0.064 0.133 1.048 -0.26 -2.916 1.802
-0.039 0.13 1.032 -0.611 -0.885 1.878
-0.028 0.129 1.014 -1.206 2.519 0.977
-0.033 0.137 1.016 -2.458 3.069 -0.305
-0.042 0.137 1.029 -3.679 0.672 -0.779
-0.066 0.143 1.045 -4.0 -1.725 -0.519
-0.068 0.144 1.041 -4.412 -2.244 0.076
-0.048 0.138 1.039 -4.519 -1.084 0.061
-0.053 0.134 1.046 -3.832 -0.84 -0.565
-0.074 0.144 1.046 -3.771 -1.664 -0.366
-0.086 0.141 1.04 -3.71 -2.702 0.58
-0.099 0.14 1.038 -4.107 -1.863 1.74
-0.084 0.141 1.033 -5.053 -0.855 3.023
-0.074 0.14 1.025 -5.115 -0.626 3.603
-0.053 0.142 1.014 -5.954 -0.504 4.137
-0.046 0.143 1.013 -7.282 0.595 3.374
-0.037 0.133 1.037 -8.519 1.374 2.443
-0.047 0.133 1.053 -8.916 1.298 1.573
-0.058 0.136 1.084 -8.092 -0.427 1.74
-0.055 0.142 1.092 -6.305 -0.901 2.122
-0.054 0.132 1.079 -4.809 -0.977 2.672
-0.038 0.135 1.066 -4.183 0.382 2.168
-0.037 0.142 1.058 -4.55 -0.046 1.924
-0.042 0.14 1.062 -4.611 1.069 1.389
-0.035 0.136 1.056 -4.55 2.565 0.641
-0.06 0.14 1.065 -4.061 3.42 0.763
-0.057 0.136 1.057 -4.351 1.847 1.267
-0.059 0.144 1.056 -5.008 -0.214 1.344
-0.057 0.135 1.069 -4.718 -0.26 1.42
-0.057 0.141 1.076 -4.687 0.122 1.786
-0.055 0.14 1.074 -4.427 0.626 1.573
-0.059 0.137 1.073 -3.664 -0.076 1.45
-0.056 0.146 1.063 -3.679 -1.053 1.603
-0.057 0.137 1.065 -3.847 -0.687 1.328
-0.069 0.141 1.075 -3.557 -0.366 1.237
-0.073 0.14 1.057 -3.267 -1.191 1.878
-0.07 0.146 1.046 -3.725 -2.809 2.458
-0.065 0.148 1.046 -4.702 -3.267 2.947
-0.059 0.145 1.055 -4.947 -2.458 3.252
-0.047 0.146 1.061 -5.038 -1.145 3.206
-0.044 0.142 1.071 -4.656 0.107 2.794
-0.041 0.141 1.067 -3.863 -0.58 2.748
-0.032 0.14 1.05 -3.924 -0.962 2.397
-0.029 0.141 1.038 -3.817 0.626 1.359
-0.041 0.142 1.036 -4.779 1.16 0.504
-0.056 0.143 1.045 -5.405 0.763 0.351
-0.055 0.141 1.052 -5.313 -0.137 0.26
-0.072 0.13 1.071 -4.748 -0.55 0.382
-0.079 0.138 1.064 -3.878 -1.374 1.328
-0.075 0.142 1.054 -3.618 -1.481 2.198
-0.056 0.143 1.045 -3.863 -1.145 2.595
-0.046 0.142 1.039 -4.595 -0.733 2.473
-0.046 0.143 1.042 -4.336 0.107 1.863
-0.043 0.138 1.053 -4.244 0.137 1.939
-0.035 0.138 1.053 -3.42 1.939 1.328
-0.032 0.143 1.051 -3.13 1.328 0.931
-0.032 0.137 1.049 -3.053 1.053 0.504
-0.038 0.143 1.035 -3.756 -0.321 -0.183
-0.044 0.146 1.026 -4.855 -1.435 -0.305
-0.049 0.146 1.036 -5.084 -0.779 -0.351
-0.042 0.142 1.047 -5.084 -0.351 -0.687
-0.052 0.143 1.057 -4.382 1.053 -0.901
-0.069 0.149 1.059 -4.183 0.26 -0.84
-0.081 0.141 1.066 -3.878 -1.298 -0.641
-0.096 0.144 1.06 -3.252 -3.847 0.748
-0.075 0.14 1.061 -2.885 -6.336 1.969
-0.071 0.142 1.026 -2.901 -7.496 2.519
-0.046 0.145 1.024 -3.466 -6.809 2.382
-0.029 0.145 0.999 -4.275 -4.458 1.725
-0.021 0.146 1.016 -5.389 -1.985 0.626
-0.031 0.14 1.031 -6.321 -1.908 -0.214
-0.037 0.135 1.05 -6.351 -2.916 -0.626
-0.051 0.141 1.065 -5.908 -4.076 -0.656
-0.056 0.138 1.058 -5.802 -5.42 -0.275
-0.061 0.14 1.057 -6.214 -6.0 0.076
-0.051 0.141 1.069 -6.58 -5.099 -0.214
-0.048 0.137 1.074 -6.122 -4.198 -0.641
-0.059 0.142 1.077 -4.809 0.092 -1.206
-0.079 0.142 1.072 -4.534 0.931 -0.565
-0.085 0.144 1.066 -4.611 -0.779 0.244
-0.078 0.148 1.065 -4.718 -3.573 1.053
-0.065 0.139 1.059 -4.58 -4.794 1.359
-0.048 0.144 1.052 -4.504 -2.656 1.099
-0.05 0.147 1.052 -4.611 -0.427 1.069
-0.054 0.145 1.051 -4.748 0.412 1.069
-0.045 0.148 1.055 -5.389 -0.977 0.977
-0.029 0.146 1.054 -6.168 -2.672 0.366
-0.03 0.147 1.068 -6.137 -3.878 -0.473
-0.034 0.141 1.076 -5.679 -4.55 -0.931
-0.043 0.151 1.07 -3.588 0.489 -1.16
-0.051 0.146 1.061 -4.565 2.412 -0.626
-0.066 0.15 1.068 -4.443 3.542 -0.244
-0.067 0.144 1.071 -4.489 1.511 0.473
-0.058 0.152 1.073 -4.611 -0.748 1.115
-0.047 0.149 1.061 -4.534 -1.573 1.252
-0.036 0.147 1.061 -4.443 -1.206 1.252
-0.039 0.143 1.055 -4.031 -1.588 1.191
-0.02 0.146 1.047 -3.588 -0.718 0.595
-0.025 0.143 1.042 -4.214 -0.855 -0.137
-0.027 0.146 1.042 -4.55 -0.992 -0.748
-0.037 0.151 1.051 -5.313 -1.038 -0.916
-0.035 0.145 1.057 -5.588 -0.611 -1.008
-0.044 0.143 1.07 -5.588 -1.405 -1.328
-0.058 0.136 1.068 -4.855 -2.275 -1.038
-0.065 0.142 1.067 -4.366 -2.519 -0.702
-0.054 0.142 1.067 -4.0 -1.267 -0.214
-0.047 0.141 1.062 -3.359 0.58 -0.458
-0.052 0.136 1.062 -3.115 1.573 -0.595
-0.048 0.142 1.061 -3.176 0.198 -0.473
-0.053 0.143 1.053 -3.542 -1.496 -0.305
-0.049 0.147 1.042 -4.0 -2.947 -0.26
-0.038 0.145 1.041 -4.443 -2.611 -0.855
-0.048 0.14 1.046 -5.023 -1.328 -1.16
-0.039 0.144 1.06 -4.733 0.748 -1.45
-0.056 0.14 1.068 -3.298 1.557 -1.649
-0.058 0.14 1.068 -2.351 0.336 -1.511
-0.059 0.146 1.063 -1.969 -2.504 -0.901
-0.048 0.136 1.051 -1.71 -3.756 -0.641
-0.05 0.138 1.044 -1.939 -4.458 -0.84
-0.051 0.142 1.033 -2.458 -3.908 -0.855
-0.047 0.144 1.048 -2.519 -2.198 -0.397
-0.044 0.14 1.044 -2.855 -0.687 -0.397
-0.046 0.135 1.028 -3.802 -0.489 -0.504
-0.041 0.143 1.032 -4.626 -2.015 -0.458
-0.049 0.146 1.036 -4.977 -3.511 -0.198
-0.045 0.152 1.03 -5.695 -3.466 -0.305
-0.043 0.146 1.033 -5.954 -1.939 -0.58
-0.041 0.152 1.048 -6.29 -1.252 -0.641
-0.052 0.146 1.047 -6.595 -1.588 -0.58
-0.036 0.142 1.061 -6.489 -1.695 -1.084
-0.041 0.142 1.061 -5.511 -0.947 -1.71
-0.05 0.15 1.043 -5.893 -0.916 -1.557
-0.059 0.149 1.055 -6.229 -1.756 -1.313
-0.057 0.144 1.05 -7.038 -3.206 -1.023
-0.041 0.144 1.065 -6.977 -2.305 -1.466
-0.047 0.151 1.076 -5.832 0.962 -1.649
-0.056 0.152 1.07 -5.695 0.916 -1.45
-0.072 0.144 1.062 -6.015 -1.802 -0.824