-0.083 0.084 1.002 -4.092 -4.58 9.099
-0.073 0.103 1.016 -9.374 -3.878 8.672
-0.074 0.095 1.051 -8.947 -5.191 7.679
-0.028 0.066 1.06 -7.817 -6.443 6.061
-0.052 0.087 1.077 -7.908 -7.847 4.382
-0.059 0.091 1.075 -6.366 -5.847 3.206
-0.051 0.083 1.071 -4.794 -3.42 2.137
-0.075 0.091 1.072 -4.214 -2.076 1.695
-0.085 0.099 1.056 -3.664 -1.374 2.061
-0.09 0.097 1.052 -4.214 -0.947 2.962
-0.089 0.104 1.042 -5.237 -0.84 3.282
-0.089 0.104 1.047 -5.634 -0.733 3.588
-0.093 0.099 1.078 -5.969 -4.458 3.496
-0.1 0.101 1.084 -5.466 -6.687 4.153
-0.079 0.098 1.091 -4.672 -5.084 4.336
-0.061 0.096 1.082 -4.656 -4.076 3.618
-0.073 0.102 1.072 -3.695 -3.42 2.733
-0.073 0.093 1.062 -3.725 -4.061 2.198
-0.077 0.096 1.073 -3.71 -4.046 2.015
-0.082 0.1 1.075 -3.74 -4.351 1.893
-0.078 0.106 1.064 -3.389 -4.427 1.954
-0.086 0.097 1.043 -3.695 -4.519 2.458
-0.082 0.099 1.05 -4.092 -3.74 2.672
-0.094 0.103 1.049 -4.061 -4.122 3.221
-0.079 0.1 1.054 -4.198 -3.389 4.122
-0.086 0.102 1.054 -3.985 -4.26 4.397
-0.075 0.1 1.037 -4.061 -3.969 3.908
-0.075 0.098 1.034 -5.313 -3.405 3.679
-0.081 0.109 1.034 -5.573 -4.168 3.817
-0.079 0.104 1.03 -6.244 -4.916 3.802
-0.064 0.098 1.031 -7.267 -5.344 3.985
-0.06 0.095 1.062 -7.573 -4.641 3.145
-0.052 0.088 1.06 -6.29 -5.344 1.924
-0.065 0.088 1.075 -5.618 -6.305 1.099
-0.066 0.091 1.073 -4.87 -7.496 0.656
-0.05 0.085 1.07 -3.924 -6.992 -0.015
-0.051 0.1 1.048 -4.626 -6.046 -0.794
-0.059 0.099 1.05 -5.374 -5.71 -1.298
-0.064 0.105 1.037 -5.786 -5.298 -1.267
-0.065 0.103 1.049 -6.321 -4.504 -1.237
-0.066 0.101 1.051 -6.29 -5.313 -1.298
-0.068 0.1 1.059 -5.985 -5.008 -1.267
-0.07 0.097 1.06 -6.031 -5.16 -0.916
-0.059 0.102 1.055 -5.527 -4.397 -0.824
-0.062 0.097 1.065 -5.313 -2.702 -0.824
-0.063 0.1 1.069 -4.641 -2.702 -0.656
-0.049 0.085 1.078 -3.664 -2.214 -1.496
-0.051 0.09 1.07 -3.206 -2.763 -2.015
-0.055 0.093 1.064 -2.87 -4.504 -2.473
-0.064 0.101 1.057 -3.099 -6.733 -2.168
-0.063 0.102 1.061 -2.855 -7.008 -1.878
-0.061 0.105 1.056 -2.565 -4.229 -1.527
-0.052 0.097 1.052 -3.679 -4.076 -1.832
-0.053 0.101 1.044 -3.664 -3.389 -2.137
-0.053 0.097 1.04 -4.336 -3.466 -2.519
-0.058 0.107 1.046 -5.038 -4.489 -2.305
-0.045 0.099 1.041 -5.481 -4.489 -2.443
-0.044 0.094 1.051 -5.771 -3.893 -2.977
-0.035 0.092 1.058 -5.496 -2.321 -3.481
-0.04 0.09 1.073 -4.611 -3.16 -4.092
-0.036 0.085 1.078 -2.733 -4.489 -4.794
-0.035 0.089 1.069 -1.756 -5.13 -5.252
-0.047 0.092 1.059 -1.649 -5.206 -5.924
-0.05 0.1 1.037 -2.519 -4.366 -6.0
-0.057 0.1 1.025 -3.634 -4.107 -5.679
-0.065 0.1 1.037 -4.595 -4.321 -5.298
-0.072 0.103 1.056 -5.267 -3.649 -4.656
-0.083 0.104 1.067 -5.084 -4.076 -3.542
-0.079 0.095 1.067 -4.397 -3.588 -2.595
-0.061 0.098 1.066 -4.687 -2.992 -1.893
-0.061 0.098 1.068 -3.954 -2.382 -1.817
-0.053 0.099 1.063 -3.618 -1.679 -2.076
-0.06 0.098 1.071 -3.725 -1.786 -1.939
-0.045 0.1 1.065 -3.542 -2.992 -2.046
-0.047 0.1 1.052 -3.634 -3.756 -1.954
-0.048 0.094 1.048 -4.092 -4.122 -2.168
-0.043 0.103 1.06 -4.244 -5.206 -2.748
-0.048 0.1 1.076 -4.504 -5.985 -2.977
-0.056 0.095 1.072 -3.679 -6.046 -3.084
-0.047 0.103 1.071 -2.809 -5.878 -3.328
-0.051 0.104 1.064 -1.771 -3.237 -3.557
-0.047 0.102 1.056 -2.779 -1.191 -3.573
-0.059 0.1 1.059 -2.412 -1.511 -3.695
-0.072 0.097 1.046 -2.183 -2.595 -3.115
-0.056 0.102 1.055 -3.603 -0.794 -2.58
-0.055 0.097 1.074 -3.878 -2.473 -2.473
-0.042 0.098 1.074 -3.13 -3.16 -2.962
-0.043 0.1 1.074 -2.153 -3.45 -3.557
-0.05 0.094 1.051 -2.076 -3.176 -4.305
-0.052 0.102 1.043 -2.229 -1.084 -5.282
-0.053 0.093 1.039 -2.351 -0.84 -6.153
-0.057 0.107 1.046 -3.359 -0.794 -7.221
-0.096 0.121 1.077 -2.595 -0.824 -9.328
-0.078 0.091 1.054 -2.244 -0.397 -10.611
-0.116 0.105 1.041 -1.573 -2.321 -11.221
-0.119 0.101 1.037 -2.198 -0.092 -11.359
-0.147 0.101 1.034 2.977 7.634 -11.573
-0.134 0.095 0.99 -4.87 -5.145 -11.573
-0.177 0.106 1.076 -5.389 1.435 -11.42
-0.194 0.097 1.06 -2.26 -2.153 -10.473
-0.186 0.116 1.071 -3.053 6.229 -9.038
-0.271 0.109 1.046 -1.13 -0.641 -6.046
-0.227 0.091 1.007 -0.321 3.481 -3.618
-0.26 0.097 1.01 -3.618 -2.382 -0.687
-0.24 0.093 1.01 -2.58 -0.702 0.565
-0.27 0.093 1.003 -1.542 0.427 2.137
-0.209 0.089 1.0 -5.511 0.015 3.893
-0.234 0.034 1.017 -4.672 7.588 2.672
-0.218 0.08 0.999 -8.519 -3.252 4.061
-0.144 0.042 1.024 -10.84 7.069 0.473
-0.181 0.09 1.065 -11.985 -6.076 -0.489
-0.2 0.05 1.028 -8.702 -2.427 -3.252
-0.195 0.045 1.033 -10.718 4.397 -3.145
-0.253 0.059 1.038 -10.244 15.053 -0.962
-0.259 0.061 1.013 -7.359 24.611 2.412
-0.291 0.053 0.982 -11.756 22.55 5.206
-0.267 0.045 1.002 -18.504 17.191 9.145
-0.228 0.035 1.049 -19.71 15.16 11.084
-0.192 0.032 1.063 -19.282 15.985 11.023
-0.175 0.018 1.063 -16.458 17.649 10.626
-0.123 0.014 1.066 -16.534 19.191 9.664
-0.196 0.021 1.065 -10.626 26.107 10.122
-0.14 0.015 1.029 -12.489 34.748 11.847
-0.176 0.018 1.068 -11.679 45.664 13.71
-0.22 0.045 1.03 -11.496 38.718 17.603
-0.177 0.03 1.021 -15.985 39.924 19.038
-0.168 0.019 1.091 -17.908 22.763 19.908
-0.149 0.019 1.091 -15.893 19.908 19.969
-0.141 0.013 1.071 -14.122 26.687 20.58
-0.179 0.044 1.03 -14.748 38.107 22.885
-0.213 0.051 1.018 -15.252 46.244 25.74
-0.182 0.039 1.041 -19.405 40.244 27.023
-0.163 0.033 1.075 -19.863 34.061 28.397
-0.13 0.018 1.047 -19.298 28.183 27.725
-0.142 0.032 1.076 -21.466 28.87 27.176
-0.181 0.033 1.114 -15.023 28.031 28.153
-0.203 0.046 1.085 -12.305 26.244 29.664
-0.218 0.05 1.028 -13.435 29.786 32.595
-0.244 0.063 0.982 -14.931 28.656 36.412
-0.263 0.079 0.965 -19.42 28.58 40.656
-0.295 0.076 0.93 -21.221 22.626 45.252
-0.304 0.086 0.919 -25.176 16.611 50.611
-0.296 0.082 0.92 -28.382 11.511 56.489
-0.226 0.073 0.916 -31.695 11.359 60.489
-0.124 0.054 0.935 -34.611 15.053 58.641
-0.058 0.033 0.962 -34.305 19.542 53.557
-0.024 0.021 0.968 -34.794 29.252 45.771
-0.066 0.03 1.034 -35.282 31.008 40.58
-0.122 0.023 1.063 -32.733 29.313 36.931
-0.155 0.027 1.046 -32.702 30.153 36.397
-0.235 0.042 1.06 -32.382 21.511 39.221
-0.134 0.012 1.027 -33.023 20.626 40.397
-0.173 0.019 1.048 -34.931 14.748 40.305
-0.102 -0.006 1.052 -34.305 20.061 38.992
-0.075 -0.008 1.105 -35.099 26.183 36.427
-0.036 -0.014 1.135 -32.473 35.603 30.504
-0.094 0.011 1.164 -30.55 39.145 27.282
-0.145 0.008 1.142 -26.931 37.344 26.244
-0.159 0.018 1.104 -27.008 33.588 26.153
-0.178 0.023 1.115 -28.534 27.008 27.115
-0.187 -0.0 1.142 -26.229 21.466 28.87
-0.179 -0.002 1.148 -23.313 20.534 28.931
-0.176 0.005 1.132 -22.107 18.916 28.626
-0.157 0.004 1.131 -21.221 20.702 28.29
-0.132 -0.004 1.14 -20.244 21.084 27.252
-0.106 0.002 1.156 -20.183 22.885 24.87
-0.132 0.003 1.181 -19.252 19.679 23.099
-0.128 0.001 1.214 -17.679 15.679 21.847
-0.142 0.002 1.234 -12.351 9.618 20.748
-0.196 0.03 1.213 -6.366 8.809 21.771
-0.148 0.056 1.172 -6.84 6.534 16.427
-0.159 0.044 1.137 1.71 11.939 18.626
-0.131 0.029 1.069 1.725 17.176 15.786
-0.146 0.028 1.04 0.397 12.931 14.0
-0.185 0.053 1.026 -0.855 4.534 13.588
-0.183 0.05 1.016 -2.168 -2.626 13.389
-0.179 0.042 1.042 -2.031 -1.527 13.038
-0.129 0.026 1.059 0.977 4.87 10.183
-0.148 0.025 1.062 3.221 7.954 7.13
-0.177 0.042 1.038 4.687 6.168 5.374
-0.2 0.04 1.0 5.237 6.168 4.855
-0.219 0.054 0.972 3.679 7.435 3.847
-0.236 0.053 0.957 1.924 8.382 3.374
-0.258 0.062 0.956 -1.496 7.71 3.344
-0.276 0.054 0.963 -2.824 5.649 3.618
-0.28 0.048 0.976 -4.443 2.336 3.985
-0.286 0.044 0.985 -4.779 2.244 4.275
-0.282 0.039 1.019 -3.695 2.641 3.466
-0.309 0.048 1.025 -3.115 1.878 3.939
-0.336 0.053 1.011 -2.412 -1.405 5.298
-0.315 0.048 1.001 -1.908 -0.977 6.748
-0.308 0.054 0.992 -2.626 -0.962 7.588
-0.285 0.054 0.997 -3.603 -2.473 7.145
-0.298 0.054 0.99 -3.618 -2.84 7.084
-0.306 0.057 0.98 -5.038 -5.023 7.634
-0.305 0.053 0.969 -6.183 -3.511 8.015
-0.284 0.045 0.989 -7.023 -1.267 7.664
-0.286 0.045 1.0 -7.069 -0.55 7.328
-0.304 0.046 1.021 -7.13 -1.435 7.695
-0.309 0.043 1.008 -6.015 -2.305 7.954
-0.316 0.041 1.025 -5.038 -1.771 8.595
-0.299 0.042 0.993 -3.954 -0.336 7.786
-0.304 0.046 0.997 -4.107 -0.107 7.603
-0.319 0.052 0.99 -4.779 0.183 8.015
-0.312 0.053 0.995 -5.679 -0.84 8.382
-0.304 0.048 0.993 -5.969 -2.076 8.443
-0.302 0.049 0.997 -5.893 -4.168 8.672
-0.275 0.051 0.997 -6.0 -3.145 8.046
-0.266 0.046 0.994 -6.992 -0.092 6.748
-0.271 0.048 1.016 -7.206 0.427 5.557
-0.292 0.053 1.024 -6.382 -1.206 5.252
-0.295 0.05 1.019 -5.878 -3.237 6.015
-0.281 0.046 1.013 -5.527 -5.115 6.244
-0.261 0.046 1.003 -5.557 -3.756 5.344
-0.257 0.042 1.01 -4.931 -2.962 3.771
-0.281 0.056 1.016 -5.084 -3.374 3.328
-0.293 0.048 1.023 -3.908 -3.115 2.962
-0.305 0.053 1.029 -3.573 -3.771 3.115
-0.321 0.057 1.016 -2.687 -4.641 4.046
-0.301 0.043 1.021 -2.29 -5.649 4.733
-0.29 0.055 0.998 -2.275 -5.115 4.748
-0.287 0.054 0.993 -2.855 -4.916 4.229
-0.284 0.051 0.989 -3.145 -4.351 3.389
-0.286 0.047 1.007 -3.557 -5.405 2.947
-0.279 0.059 0.996 -2.885 -5.344 2.794
-0.293 0.06 0.989 -3.42 -6.656 2.366
-0.273 0.048 0.988 -4.137 -6.733 1.786
-0.281 0.052 0.994 -4.504 -4.29 1.176
-0.297 0.059 1.002 -4.489 -1.893 0.595
-0.331 0.064 0.998 -5.008 -2.275 1.053
-0.327 0.062 1.011 -5.603 -4.473 1.924
-0.322 0.06 1.013 -6.656 -8.137 3.328
-0.308 0.061 1.012 -6.595 -7.328 3.267
-0.272 0.053 0.994 -7.679 -5.557 2.687
-0.276 0.061 1.015 -7.893 -4.397 1.878
-0.277 0.078 0.998 -9.878 -4.366 0.794
-0.285 0.052 1.034 -5.099 -4.122 0.26
-0.284 0.049 1.014 -4.26 -5.802 0.336
-0.308 0.056 1.027 -4.214 -6.076 0.763
-0.293 0.049 1.022 -2.656 -5.588 1.008
-0.298 0.054 1.025 -2.473 -4.397 0.824
-0.29 0.05 1.017 -0.458 -3.313 0.718
-0.295 0.061 1.003 -1.45 -5.084 1.542
-0.3 0.06 0.99 -1.634 -5.359 1.802
-0.284 0.051 0.996 -2.015 -4.153 1.863
-0.287 0.058 0.983 -2.229 -2.214 1.359
-0.288 0.058 0.99 -3.176 -0.626 1.145
-0.307 0.06 1.011 -3.679 -1.374 1.573
-0.304 0.056 1.005 -3.863 -2.718 2.626
-0.29 0.055 1.007 -3.878 -3.191 2.855
-0.279 0.047 1.003 -3.374 -3.145 2.656
-0.267 0.059 0.999 -3.817 -3.313 2.26
-0.268 0.061 1.003 -3.374 -1.511 1.466
-0.278 0.054 0.995 -3.221 0.046 0.779
-0.288 0.058 1.002 -4.198 0.137 0.992
-0.292 0.064 1.005 -4.504 -0.458 1.145
-0.295 0.053 1.018 -3.802 -0.809 1.466
-0.294 0.052 1.001 -3.893 -0.992 1.969
-0.287 0.058 1.004 -4.489 -1.206 2.168
-0.279 0.049 1.008 -4.611 -0.519 1.832
-0.277 0.054 1.013 -4.061 0.443 1.771
-0.285 0.049 1.028 -3.42 1.099 1.328
-0.294 0.059 1.026 -3.16 0.366 1.603
-0.294 0.057 0.989 -3.237 -2.198 2.198
-0.281 0.054 0.994 -3.908 -3.267 2.229
-0.272 0.066 0.997 -4.382 -2.58 1.908
-0.286 0.061 0.996 -4.458 -1.511 1.664
-0.29 0.058 1.007 -4.626 -2.046 1.725
-0.293 0.06 1.016 -4.748 -3.725 1.832
-0.287 0.056 1.012 -4.473 -4.931 1.756
-0.278 0.051 1.002 -4.26 -2.748 1.527
-0.279 0.059 1.005 -4.397 -1.847 1.466
-0.276 0.056 1.006 -3.954 -1.557 1.176
-0.28 0.052 0.996 -2.977 -1.573 0.885
-0.28 0.062 1.008 -3.359 -1.649 0.885
-0.284 0.064 0.989 -3.527 -1.023 1.023
-0.284 0.06 0.998 -3.954 -1.298 1.252
-0.278 0.064 1.009 -4.137 -2.947 1.13
-0.289 0.066 1.01 -4.366 -4.137 0.916
-0.28 0.062 1.02 -4.305 -4.061 0.901
-0.279 0.065 1.014 -3.893 -3.328 0.855
-0.287 0.066 1.02 -3.069 -3.908 1.023
-0.289 0.063 1.019 -3.298 -4.565 1.527
-0.288 0.065 1.017 -3.023 -5.176 2.351
-0.3 0.07 1.02 -2.611 -4.275 2.916
-0.304 0.067 1.036 -1.481 -1.527 4.275
-0.289 0.073 1.024 -0.733 0.672 5.023
-0.277 0.062 1.015 0.046 3.176 5.221
-0.286 0.068 1.006 0.412 3.13 5.832
-0.273 0.066 1.0 0.733 2.595 6.061
-0.257 0.074 0.984 0.55 1.008 4.992
-0.21 0.057 0.955 -0.214 3.389 2.473
-0.208 0.071 1.038 -4.794 1.145 1.878
-0.224 0.075 0.968 -3.084 -1.267 -1.145
-0.242 0.072 0.992 -4.916 2.107 -2.305
-0.275 0.069 0.976 -5.695 -1.634 -3.053
-0.292 0.086 0.974 -6.885 -2.076 -2.656
-0.289 0.073 0.978 -8.076 -3.588 -2.718
-0.293 0.07 0.997 -8.656 -3.42 -2.947
-0.297 0.063 1.02 -6.916 -1.023 -3.664
-0.322 0.072 1.032 -5.817 0.779 -3.328
-0.332 0.073 1.029 -5.176 0.107 -2.351
-0.341 0.073 1.031 -4.885 -1.176 -1.115
-0.329 0.074 1.03 -4.565 -2.351 0.122
-0.333 0.072 1.026 -4.58 -3.954 1.145
-0.316 0.076 1.022 -4.702 -5.221 2.122
-0.304 0.072 1.026 -4.763 -6.687 2.443
-0.272 0.064 1.016 -3.573 -2.885 1.664
-0.273 0.07 1.021 -4.183 -1.74 1.069
-0.288 0.074 1.01 -3.863 -1.206 0.748
-0.288 0.072 1.009 -3.206 -1.099 0.519
-0.295 0.07 1.003 -4.397 -2.336 0.779
-0.292 0.076 1.012 -4.794 -2.58 1.176
-0.286 0.069 1.022 -4.962 -2.84 1.344
-0.266 0.065 1.022 -4.702 -2.565 0.947
-0.273 0.074 1.016 -5.008 -2.534 0.656
-0.273 0.073 1.0 -5.466 -3.649 0.275
-0.283 0.071 1.02 -6.076 -4.55 0.29
-0.286 0.067 1.012 -5.695 -4.046 0.29
-0.291 0.067 1.009 -5.695 -3.023 0.809
-0.303 0.076 1.024 -4.901 -3.13 1.16
-0.3 0.07 1.027 -4.336 -4.321 2.183
-0.285 0.07 1.018 -3.374 -5.771 2.977
-0.268 0.076 1.01 -2.947 -4.519 3.282
-0.257 0.071 0.996 -3.282 -2.122 3.099
-0.25 0.071 0.996 -3.695 -1.176 2.443
-0.25 0.075 0.995 -4.473 -2.107 1.863
-0.246 0.077 0.992 -4.198 -3.313 1.527
-0.255 0.07 1.002 -4.29 -2.794 0.916
-0.248 0.07 0.988 -4.229 -2.412 0.321
-0.256 0.07 0.999 -4.046 -1.71 -0.015
-0.263 0.069 0.993 -4.153 -3.008 -0.076
-0.259 0.075 0.995 -4.656 -2.397 -0.458
-0.276 0.075 1.01 -5.328 -2.977 -0.733
-0.297 0.069 1.023 -4.901 -2.702 -0.122
-0.308 0.075 1.035 -4.779 -3.374 1.084
-0.312 0.073 1.025 -4.351 -3.817 2.565
-0.286 0.077 1.011 -3.985 -2.718 3.069
-0.281 0.076 0.996 -4.366 -1.695 3.176
-0.28 0.071 0.999 -4.534 -0.473 2.901
-0.27 0.078 1.007 -4.779 -0.824 2.733
-0.263 0.077 1.006 -4.931 -1.206 2.58
-0.264 0.082 1.021 -4.84 -2.336 2.122
-0.259 0.077 1.029 -4.489 -1.282 1.74
-0.255 0.078 1.04 -3.908 -2.168 1.481
-0.256 0.076 1.034 -2.809 -2.733 1.023
-0.258 0.074 1.027 -2.351 -3.466 0.962
-0.251 0.08 1.016 -2.779 -2.855 0.55
-0.246 0.078 1.003 -3.267 -2.29 -0.489
-0.25 0.083 1.009 -3.893 -1.267 -1.298
-0.255 0.081 1.022 -3.985 -2.046 -2.046
-0.271 0.089 1.021 -3.802 -3.405 -1.74
-0.281 0.071 1.023 -3.725 -3.802 -1.527
-0.294 0.081 1.022 -3.786 -3.71 -0.824
-0.282 0.076 1.025 -3.344 -2.748 -0.626
-0.291 0.083 1.017 -3.13 -1.832 -0.611
-0.299 0.087 1.002 -3.435 -2.351 0.122
-0.287 0.083 1.005 -4.183 -3.908 0.565
-0.262 0.072 1.009 -3.573 -1.725 0.275
-0.265 0.073 1.017 -3.389 -0.275 -0.397
-0.276 0.074 1.008 -3.527 0.214 -0.641
-0.281 0.079 0.99 -4.122 -0.855 -0.122
-0.271 0.074 1.0 -5.115 -2.275 0.214
-0.255 0.068 1.014 -5.725 -2.427 -0.198
-0.254 0.07 1.028 -4.26 -0.168 -1.069
-0.27 0.075 1.018 -3.252 0.641 -1.389
-0.284 0.083 1.005 -3.511 -0.321 -0.55
-0.284 0.083 1.018 -3.679 -0.84 0.031
-0.279 0.07 1.03 -3.435 -1.71 0.427
-0.287 0.077 1.01 -3.099 -2.183 0.977
-0.267 0.075 0.996 -3.588 -2.046 1.237
-0.256 0.074 0.992 -4.458 -1.557 0.458
-0.256 0.075 1.001 -5.206 -1.878 0.137
-0.249 0.07 1.001 -4.214 -0.443 -0.336
-0.259 0.073 1.003 -4.153 0.641 -0.336
-0.265 0.079 1.0 -3.878 1.832 -0.305
-0.265 0.073 1.004 -4.473 1.649 -0.198
-0.271 0.082 1.008 -4.443 0.824 -0.275
-0.278 0.082 1.016 -4.626 -0.061 -0.214
-0.285 0.082 1.025 -4.779 0.29 0.061
-0.286 0.078 1.025 -4.26 -1.313 0.519
-0.285 0.079 1.015 -4.183 -3.099 0.916
-0.267 0.086 1.004 -4.458 -4.58 1.176
-0.254 0.077 1.002 -5.038 -4.595 0.427
-0.241 0.084 1.003 -5.924 -2.916 -0.168
-0.26 0.084 1.009 -5.038 0.046 -0.641
-0.27 0.089 1.015 -5.053 1.008 -0.427
-0.281 0.079 1.02 -5.13 0.702 0.031
-0.271 0.081 1.024 -4.26 0.58 -0.092
-0.287 0.084 1.022 -3.863 0.534 0.0
-0.279 0.076 1.027 -3.756 -0.336 0.473
-0.276 0.084 1.005 -3.481 -0.947 0.55
-0.271 0.087 1.009 -3.924 -2.076 0.779
-0.252 0.085 0.993 -4.595 -2.504 0.229
-0.256 0.082 1.003 -5.13 -1.374 -0.305
-0.264 0.084 0.997 -5.496 -0.351 -0.595
-0.265 0.084 0.999 -5.878 -0.321 -0.824
-0.26 0.083 1.021 -5.71 -1.099 -1.008
-0.26 0.079 1.029 -4.458 -0.687 -1.16
-0.267 0.085 1.018 -4.382 -0.595 -1.298