-0.202 0.086 1.062 -10.061 0.855 -2.702
-0.204 0.078 1.07 -8.977 1.695 -1.206
-0.194 0.081 1.082 -8.031 1.664 0.046
-0.181 0.075 1.067 -6.748 1.435 1.053
-0.164 0.062 1.054 -6.076 0.885 1.878
-0.141 0.059 1.044 -6.107 0.489 1.267
-0.143 0.061 1.029 -7.176 -1.023 1.13
-0.138 0.055 1.032 -7.527 -1.832 0.794
-0.136 0.058 1.046 -8.26 -1.298 0.427
-0.129 0.053 1.052 -7.786 -0.504 -0.229
-0.128 0.057 1.066 -7.985 -1.221 -0.611
-0.124 0.057 1.057 -7.863 -3.924 -1.695
-0.134 0.058 1.061 -7.985 -7.359 -2.458
-0.139 0.058 1.056 -7.969 -8.443 -2.626
-0.132 0.052 1.059 -7.344 -6.122 -2.962
-0.135 0.058 1.068 -7.099 -4.824 -3.389
-0.128 0.059 1.074 -6.198 -3.344 -3.695
-0.142 0.058 1.084 -5.328 -5.374 -4.015
-0.14 0.063 1.08 -3.878 -5.405 -3.985
-0.149 0.059 1.077 -2.87 -2.962 -4.275
-0.157 0.063 1.075 -2.183 -4.031 -4.443
-0.165 0.073 1.08 -1.786 -7.038 -3.969
-0.165 0.078 1.054 -1.74 -9.893 -3.588
-0.15 0.083 1.029 -2.382 -8.107 -3.206
-0.153 0.087 1.032 -3.481 -5.908 -2.397
-0.139 0.078 1.032 -4.565 -4.244 -1.924
-0.133 0.077 1.036 -5.603 -3.252 -1.344
-0.12 0.07 1.031 -6.458 -3.679 -2.076
-0.11 0.07 1.041 -7.023 -4.397 -2.901
-0.109 0.066 1.057 -7.679 -6.198 -4.397
-0.12 0.066 1.069 -7.221 -9.695 -5.359
-0.127 0.069 1.074 -6.779 -12.137 -5.985
-0.149 0.057 1.079 -5.756 -12.427 -5.435
-0.136 0.052 1.081 -4.565 -9.405 -4.794
-0.124 0.064 1.083 -2.687 -3.13 -3.985
-0.124 0.061 1.08 -1.817 -0.809 -3.863
-0.123 0.062 1.074 -0.962 -1.893 -4.015
-0.134 0.06 1.065 -0.427 -3.16 -3.282
-0.115 0.059 1.053 -0.87 -3.954 -3.42
-0.112 0.064 1.064 -1.115 -2.641 -3.847
-0.122 0.068 1.057 -1.069 -2.29 -3.985
-0.125 0.056 1.06 -0.855 -2.626 -3.573
-0.125 0.066 1.069 -0.443 -3.145 -2.779
-0.102 0.066 1.069 -0.244 -2.122 -2.122
-0.097 0.058 1.068 0.321 -1.573 -2.87
-0.111 0.057 1.08 0.458 -4.076 -3.496
-0.097 0.052 1.076 1.053 -6.519 -4.229
-0.08 0.056 1.076 1.618 -7.115 -6.031
-0.11 0.056 1.097 3.496 -7.252 -7.588
-0.094 0.052 1.09 5.191 -6.305 -8.473
-0.093 0.055 1.084 6.931 -4.443 -9.786
-0.133 0.065 1.065 8.626 -2.321 -9.649
-0.115 0.08 1.055 8.504 -0.122 -9.756
-0.096 0.09 1.076 8.611 -0.931 -11.71
-0.087 0.077 1.061 8.244 -4.779 -14.702
-0.14 0.085 1.178 7.893 -8.061 -17.847
-0.163 0.081 1.106 15.45 -17.863 -18.412
-0.149 0.084 1.074 13.969 -15.023 -19.908
-0.2 0.077 1.064 10.718 -12.519 -21.13
-0.282 0.093 1.078 14.504 -7.084 -18.672
-0.27 0.107 1.065 15.679 -8.0 -14.122
-0.22 0.099 0.992 17.756 -5.74 -13.71
-0.221 0.123 0.957 16.046 -2.214 -15.084
-0.288 0.15 0.924 13.924 -3.267 -16.29
-0.333 0.157 0.909 10.351 -8.794 -16.351
-0.371 0.161 0.901 5.481 -15.435 -14.473
-0.331 0.143 0.938 2.198 -13.328 -14.366
-0.312 0.122 0.972 3.374 -4.58 -16.534
-0.407 0.118 1.032 5.985 0.641 -15.893
-0.435 0.115 1.02 8.229 3.649 -14.611
-0.505 0.122 1.021 12.779 8.55 -10.214
-0.568 0.143 1.002 12.763 6.153 -3.389
-0.528 0.168 0.985 11.45 6.931 2.412
-0.4 0.178 0.996 11.053 7.908 2.733
-0.372 0.176 1.009 13.649 9.191 -1.252
-0.414 0.176 1.025 15.237 7.481 -1.985
-0.406 0.174 1.002 14.458 6.244 -0.763
-0.344 0.151 0.986 14.092 14.26 -1.817
-0.371 0.134 0.957 11.786 30.992 -2.382
-0.625 0.165 0.967 4.397 18.473 8.443
-0.571 0.125 1.032 0.244 13.969 20.031
-0.541 0.15 1.087 -3.924 -1.267 30.84
-0.366 0.125 1.082 0.641 2.595 33.832
-0.281 0.124 1.09 2.702 4.031 31.496
-0.245 0.13 1.081 8.412 6.489 27.618
-0.175 0.135 1.008 12.366 9.664 21.786
-0.067 0.185 1.02 13.511 23.496 14.321
-0.206 0.137 0.86 17.511 23.466 6.718
-0.297 0.112 0.852 12.977 32.809 7.969
-0.398 0.138 0.854 2.153 31.359 17.267
-0.308 0.12 0.871 -8.214 30.733 22.153
-0.196 0.132 0.969 -16.656 22.794 20.748
-0.187 0.084 0.969 -13.985 -0.809 14.382
-0.176 0.077 1.077 -17.42 -19.344 11.557
-0.254 0.05 1.198 -9.695 -23.786 12.977
-0.146 0.096 1.113 -7.511 0.336 16.275
-0.048 0.065 1.042 -6.473 28.443 13.985
-0.023 0.097 1.044 -9.069 31.756 7.206
-0.016 0.103 0.9 -11.969 1.313 -0.855
0.018 0.093 0.839 -26.321 -23.557 -11.053
-0.039 0.091 0.846 -40.061 -54.504 -17.42
-0.064 0.114 0.877 -55.924 -75.282 -21.481
-0.099 0.127 0.933 -61.603 -72.321 -17.267
0.032 0.012 1.164 -46.031 -70.122 -8.092
0.175 0.095 1.274 -35.191 -33.725 -4.244
0.252 0.057 1.093 -21.328 16.733 -10.992
0.245 0.024 1.085 -18.031 46.962 -20.015
0.018 0.082 1.137 -10.626 35.924 -20.84
-0.14 0.108 1.084 -15.13 -17.023 -16.84
-0.146 0.098 1.101 -13.588 -45.557 -9.878
-0.172 0.11 1.075 -13.847 -67.252 -1.893
-0.092 0.094 1.097 -10.366 -63.527 6.992
0.088 0.073 1.047 -4.107 -36.565 13.618
0.215 0.074 0.956 -2.061 14.107 13.115
0.197 0.087 0.918 -6.595 59.099 10.611
0.126 0.04 1.011 -6.519 82.809 5.649
-0.004 0.121 1.079 -20.092 32.931 8.382
-0.01 0.09 1.127 -12.84 8.534 8.901
-0.015 0.094 1.171 -9.969 -20.321 12.412
0.008 0.103 1.142 -6.977 -20.763 16.305
0.063 0.1 1.106 -3.481 -9.069 18.885
0.108 0.106 1.065 -4.183 5.756 18.183
0.099 0.115 1.031 -6.794 22.58 16.076
0.05 0.126 1.062 -10.122 26.427 15.573
0.007 0.137 1.093 -13.008 17.588 15.756
-0.025 0.127 1.127 -13.878 2.977 16.351
-0.021 0.119 1.163 -12.519 -11.725 17.008
0.018 0.116 1.167 -9.313 -15.298 16.565
0.059 0.104 1.128 -2.885 -7.313 16.031
0.077 0.121 1.081 -3.847 8.214 12.916
0.04 0.125 1.059 -6.656 19.649 10.137
0.003 0.129 1.089 -8.534 18.26 8.687
-0.034 0.132 1.117 -8.87 11.237 8.656
-0.047 0.13 1.128 -7.969 5.053 9.328
-0.032 0.122 1.125 -7.618 -0.458 9.099
-0.032 0.128 1.122 -6.305 -4.55 8.244
-0.023 0.125 1.123 -4.824 -3.344 8.183
-0.027 0.126 1.106 -2.87 -1.038 7.099
-0.038 0.134 1.072 -4.107 6.534 6.321
-0.058 0.144 1.087 -5.466 6.947 6.733
-0.069 0.142 1.101 -4.947 5.328 7.221
-0.03 0.135 1.074 -6.611 4.366 6.611
-0.072 0.164 1.176 -7.817 9.405 5.405
-0.033 0.119 1.124 -2.931 4.107 4.992
-0.027 0.126 1.133 -1.191 3.45 4.397
-0.028 0.125 1.116 0.489 -0.565 3.008
-0.038 0.124 1.098 0.763 -0.626 2.153
-0.045 0.133 1.096 2.0 -1.298 0.855
-0.07 0.126 1.085 2.611 -2.931 -0.214
-0.084 0.139 1.09 3.282 -2.489 -0.137
-0.088 0.138 1.069 3.695 -2.366 -0.366
-0.1 0.137 1.053 3.191 -1.176 -0.412
-0.091 0.14 1.036 3.237 -1.344 -0.244
-0.085 0.133 1.02 1.221 -1.893 -0.656
-0.086 0.141 1.024 -0.458 -3.115 -0.87
-0.057 0.134 1.014 -3.191 -2.84 -2.321
-0.089 0.136 1.041 -3.053 -0.443 -2.473
-0.07 0.126 1.033 -1.115 -1.145 -3.603
0.01 0.1 0.967 -1.298 6.595 -8.198
-0.089 0.115 1.115 -4.061 8.87 -9.985
-0.16 0.126 1.092 4.137 2.58 -8.244
-0.132 0.129 1.03 3.573 2.595 -7.679
-0.169 0.131 1.054 1.481 -2.26 -7.084
-0.16 0.129 1.002 4.061 -2.458 -5.954
-0.158 0.134 1.001 1.084 -0.611 -4.901
-0.124 0.117 1.002 1.389 -0.244 -5.45
-0.125 0.127 1.006 0.504 0.702 -5.878
-0.132 0.132 0.987 -0.458 0.229 -6.55
-0.135 0.132 0.99 -2.733 -1.802 -6.137
-0.137 0.134 0.99 -4.718 -3.282 -5.969
-0.12 0.128 1.017 -6.595 -6.26 -6.183
-0.125 0.124 1.018 -7.45 -7.16 -7.191
-0.156 0.124 1.041 -7.069 -7.74 -6.84
-0.163 0.123 1.047 -6.733 -5.237 -5.985
-0.164 0.112 1.062 -5.802 -2.748 -5.618
-0.184 0.105 1.084 -4.794 -1.466 -4.84
-0.203 0.115 1.09 -2.855 -2.473 -3.435
-0.218 0.117 1.099 -2.122 -3.878 -1.038
-0.207 0.116 1.078 -1.145 -6.183 1.038
-0.187 0.109 1.062 -0.901 -8.29 2.626
-0.156 0.121 1.031 -1.496 -6.076 2.962
-0.135 0.12 1.019 -2.901 -4.504 3.115
-0.11 0.126 1.008 -4.0 -1.344 2.611
-0.096 0.115 1.024 -5.374 -0.26 1.405
-0.101 0.122 1.038 -4.733 -0.473 0.137
-0.113 0.125 1.035 -4.641 -1.893 -0.55
-0.109 0.116 1.021 -4.885 -1.695 -1.16
-0.118 0.124 1.042 -5.405 -0.626 -1.954
-0.14 0.123 1.043 -5.221 -0.305 -1.924
-0.153 0.13 1.037 -5.939 0.855 -1.603
-0.171 0.124 1.052 -6.351 0.763 -0.382
-0.154 0.121 1.067 -6.382 -1.969 0.153
-0.145 0.121 1.052 -5.374 -2.168 -0.015
-0.146 0.121 1.03 -5.099 -0.336 0.107
-0.169 0.13 1.04 -6.534 1.038 1.282
-0.16 0.128 1.043 -6.366 1.481 2.626
-0.147 0.125 1.04 -5.969 0.947 3.038
-0.117 0.113 1.054 -5.893 0.87 1.832
-0.125 0.128 1.06 -4.855 1.664 1.099
-0.137 0.128 1.041 -4.809 4.641 0.947
-0.159 0.13 1.047 -5.542 2.962 1.786
-0.15 0.128 1.041 -5.893 -0.885 2.962
-0.14 0.122 1.047 -5.725 -3.16 3.298
-0.121 0.123 1.049 -5.664 -4.153 3.008
-0.105 0.118 1.061 -4.931 -1.328 2.382
-0.096 0.12 1.047 -4.321 2.198 1.328
-0.13 0.125 1.05 -3.908 4.824 1.267
-0.136 0.127 1.051 -3.527 4.183 1.557
-0.133 0.13 1.039 -3.786 -0.137 1.298
-0.127 0.12 1.035 -3.359 -2.26 0.947
-0.126 0.13 1.023 -3.16 -0.687 1.45
-0.117 0.124 1.023 -3.908 1.206 1.237
-0.121 0.128 1.02 -4.702 0.534 1.267
-0.122 0.126 1.025 -5.206 -0.275 0.916
-0.128 0.121 1.031 -5.679 -1.237 0.962
-0.125 0.127 1.009 -5.954 -1.267 0.702
-0.114 0.128 1.018 -7.42 -2.198 0.489
-0.118 0.122 1.036 -7.221 -3.038 -0.992
-0.127 0.121 1.049 -5.405 -1.191 -1.573
-0.156 0.135 1.043 -4.992 -0.168 -1.221
-0.163 0.131 1.047 -5.16 -1.13 -0.015
-0.155 0.13 1.044 -5.191 -1.863 0.687
-0.143 0.137 1.026 -5.74 -2.977 1.237
-0.125 0.129 1.043 -6.351 -1.847 0.87
-0.133 0.125 1.049 -5.786 -2.29 0.718
-0.115 0.13 1.058 -4.992 -2.427 0.779
-0.103 0.126 1.034 -4.748 -0.061 0.153
-0.107 0.127 1.042 -5.649 2.595 -1.008
-0.125 0.127 1.048 -6.351 3.084 -2.183
-0.153 0.122 1.07 -5.954 2.092 -1.817
-0.165 0.127 1.073 -5.298 -0.321 -1.42
-0.17 0.123 1.069 -4.672 0.076 -1.008
-0.182 0.115 1.071 -4.122 -0.565 -0.229
-0.173 0.121 1.062 -3.527 -0.916 0.305
-0.167 0.125 1.048 -3.832 -1.42 0.504
-0.174 0.122 1.047 -4.0 -1.084 0.916
-0.173 0.122 1.053 -4.031 -1.725 1.481
-0.168 0.128 1.053 -3.954 -3.985 2.153
-0.142 0.123 1.057 -4.336 -5.756 2.321
-0.124 0.123 1.058 -2.84 -4.183 1.557
-0.13 0.127 1.054 -2.718 -1.298 1.282
-0.129 0.126 1.04 -2.794 0.626 1.221
-0.121 0.125 1.037 -3.115 -0.443 1.115
-0.111 0.13 1.03 -4.046 -1.542 0.626
-0.101 0.118 1.026 -4.397 -0.473 -0.534
-0.115 0.127 1.043 -4.397 0.0 -1.756
-0.14 0.126 1.051 -3.099 1.252 -1.954
-0.15 0.126 1.033 -3.786 -0.489 -1.221
-0.149 0.125 1.041 -4.321 -1.298 -0.977
-0.132 0.132 1.04 -4.611 -1.603 -0.641
-0.115 0.124 1.038 -4.87 -1.298 -1.42
-0.135 0.12 1.05 -4.718 -1.13 -2.015
-0.143 0.125 1.054 -4.336 -1.557 -1.618
-0.148 0.127 1.049 -4.397 -3.267 -1.145
-0.153 0.121 1.055 -4.565 -4.901 -0.504
-0.147 0.12 1.052 -4.565 -5.756 -0.351
-0.127 0.122 1.052 -3.496 -2.733 -0.351
-0.152 0.128 1.041 -2.229 0.824 0.046
-0.141 0.127 1.026 -2.748 1.695 0.947
-0.125 0.125 1.026 -3.45 1.802 1.023
-0.128 0.126 1.021 -3.74 1.053 1.115
-0.132 0.129 1.014 -4.183 1.298 1.16
-0.13 0.133 1.007 -4.809 1.756 1.466
-0.117 0.133 1.028 -5.603 1.878 1.405
-0.121 0.131 1.043 -5.252 0.443 1.221
-0.13 0.13 1.047 -4.29 0.153 0.885
-0.12 0.128 1.033 -5.008 -1.191 0.321
-0.15 0.132 1.05 -5.191 -2.55 0.076
-0.156 0.128 1.051 -4.977 -4.031 0.565
-0.154 0.131 1.055 -4.901 -4.58 0.977
-0.158 0.124 1.051 -3.924 -3.71 1.313
-0.147 0.123 1.036 -3.817 -3.664 1.74
-0.138 0.125 1.028 -3.969 -4.26 1.237
-0.143 0.125 1.014 -4.427 -4.382 1.313
-0.136 0.127 1.006 -5.206 -2.885 1.282
-0.143 0.123 1.016 -6.458 -0.763 1.237
-0.138 0.119 1.029 -6.794 1.634 0.916
-0.136 0.117 1.044 -6.275 3.328 0.534
-0.152 0.122 1.043 -6.412 3.191 0.458
-0.149 0.121 1.038 -6.84 1.496 0.336
-0.149 0.121 1.059 -6.947 -1.008 0.122
-0.159 0.12 1.049 -6.534 -1.099 0.534
-0.151 0.129 1.03 -7.221 -0.382 0.84
-0.146 0.122 1.038 -8.168 0.626 0.916
-0.141 0.123 1.051 -8.366 -0.076 0.595
-0.146 0.121 1.073 -7.756 -2.443 0.473
-0.141 0.123 1.091 -6.0 -2.336 0.443
-0.143 0.123 1.08 -4.626 -2.458 0.702
-0.131 0.12 1.072 -4.198 -2.198 0.489
-0.143 0.129 1.062 -3.771 -3.13 0.412
-0.135 0.127 1.05 -4.183 -3.069 0.198
-0.124 0.126 1.035 -4.748 -1.389 -0.412
-0.124 0.131 1.036 -5.16 0.992 -1.038
-0.137 0.131 1.039 -5.771 0.885 -1.099
-0.13 0.134 1.048 -5.802 -0.351 -1.328
-0.129 0.131 1.048 -5.695 -1.603 -1.374
-0.127 0.125 1.036 -6.183 -2.458 -1.328
-0.118 0.13 1.032 -7.115 -2.916 -1.328
-0.109 0.122 1.038 -6.947 -1.847 -2.061
-0.117 0.123 1.03 -6.779 -1.16 -2.534
-0.136 0.127 1.04 -6.382 -0.168 -2.55
-0.146 0.124 1.048 -6.397 0.015 -1.954
-0.147 0.126 1.052 -5.771 0.153 -1.282
-0.135 0.111 1.051 -5.115 1.053 -1.389
-0.143 0.117 1.05 -4.214 2.076 -0.962
-0.153 0.126 1.056 -4.382 -1.099 -0.321
-0.148 0.126 1.057 -3.771 -0.87 -0.031
-0.125 0.121 1.034 -3.42 -2.153 -0.244
-0.12 0.125 1.026 -4.397 -1.634 -0.87
-0.134 0.127 1.026 -4.443 -1.13 -1.45
-0.141 0.127 1.03 -4.87 -1.405 -1.557
-0.143 0.118 1.025 -5.71 -3.13 -1.481
-0.121 0.12 1.033 -5.74 -3.634 -1.817
-0.125 0.131 1.029 -5.13 -1.557 -2.168
-0.139 0.123 1.034 -5.634 -0.275 -2.412
-0.146 0.126 1.037 -5.725 -0.275 -2.397
-0.155 0.121 1.045 -6.443 -1.664 -1.893
-0.143 0.124 1.051 -6.672 -1.847 -1.863
-0.137 0.12 1.057 -6.137 -0.748 -1.939
-0.149 0.118 1.058 -5.099 1.344 -1.664
-0.163 0.118 1.06 -4.885 1.13 -1.435
-0.153 0.118 1.058 -4.29 0.305 -0.672
-0.146 0.119 1.055 -4.229 -0.153 -0.901
-0.129 0.116 1.051 -4.656 -1.069 -1.038
-0.134 0.116 1.048 -4.809 -2.611 -1.405
-0.138 0.114 1.059 -4.382 -2.702 -1.053
-0.117 0.111 1.032 -4.565 -2.153 -1.282
-0.107 0.12 1.042 -5.023 -0.305 -2.092
-0.123 0.116 1.037 -5.45 -0.779 -2.55
-0.132 0.113 1.051 -4.992 -3.008 -2.519
-0.119 0.115 1.049 -4.137 -2.137 -3.069
-0.141 0.12 1.029 -4.076 -0.702 -3.496
-0.146 0.121 1.032 -4.855 0.29 -3.481
-0.16 0.119 1.033 -5.313 -1.298 -2.763
-0.165 0.12 1.045 -5.252 -2.473 -2.076
-0.16 0.107 1.036 -5.328 -1.45 -1.802
-0.175 0.11 1.043 -5.725 -1.527 -1.252
-0.177 0.114 1.052 -5.603 -3.206 -0.275
-0.167 0.106 1.059 -4.718 -5.634 0.336
-0.154 0.11 1.048 -4.168 -6.962 0.962
-0.146 0.111 1.046 -4.305 -5.954 1.496
-0.138 0.121 1.013 -4.718 -4.824 1.313
-0.114 0.115 1.041 -5.878 -3.344 1.069
-0.12 0.114 1.044 -5.298 -0.794 0.29
-0.12 0.11 1.037 -5.527 -0.534 -0.397
-0.137 0.115 1.043 -5.145 -1.359 -0.534
-0.142 0.115 1.046 -4.809 -4.183 -0.031
-0.122 0.116 1.042 -5.038 -5.496 -0.183
-0.122 0.121 1.031 -4.992 -4.473 -0.534
-0.116 0.113 1.027 -6.153 -2.626 -0.931
-0.125 0.112 1.033 -6.702 -2.076 -1.328
-0.135 0.115 1.057 -6.031 -3.298 -1.176
-0.138 0.111 1.065 -4.58 -3.099 -1.023
-0.142 0.112 1.046 -4.153 -2.275 -0.626
-0.155 0.12 1.066 -4.137 -2.046 0.046
-0.134 0.115 1.049 -3.969 -2.229 0.427
-0.134 0.12 1.049 -4.076 -2.061 0.031
-0.133 0.118 1.044 -4.58 -2.901 0.321
-0.126 0.125 1.036 -5.191 -2.809 0.321
-0.121 0.125 1.05 -5.267 -2.779 -0.244
-0.129 0.122 1.051 -5.344 -3.588 -0.031
-0.128 0.126 1.057 -5.313 -5.466 -0.015
-0.127 0.111 1.06 -4.427 -4.779 -0.214
-0.135 0.116 1.05 -4.26 -3.802 -0.046
-0.133 0.117 1.049 -4.626 -1.832 -0.076
-0.134 0.116 1.053 -4.916 -1.389 0.0
-0.126 0.115 1.042 -5.038 -1.221 0.046
-0.131 0.121 1.06 -4.794 -0.214 -0.489
-0.15 0.124 1.047 -4.458 -0.763 -0.214
-0.153 0.119 1.039 -4.931 -2.809 0.595
-0.154 0.122 1.043 -5.466 -5.206 1.42
-0.123 0.118 1.047 -6.031 -6.244 1.435
-0.11 0.115 1.062 -4.809 -3.038 0.382
-0.123 0.12 1.064 -4.336 -2.84 0.244
-0.138 0.122 1.061 -4.168 -3.389 0.595
-0.129 0.116 1.058 -4.718 -5.863 1.069
-0.109 0.114 1.058 -4.733 -7.16 1.084
-0.094 0.122 1.03 -5.924 -3.298 -1.435
-0.093 0.111 1.054 -3.16 3.405 -1.023
-0.131 0.128 1.022 -5.084 -1.939 -0.168
-0.104 0.115 1.04 -5.588 2.779 -0.626
-0.109 0.116 1.056 -4.015 -0.321 -1.359
-0.121 0.119 1.043 -4.916 0.718 -1.511
-0.135 0.127 1.05 -4.489 -1.924 -1.008
-0.127 0.119 1.055 -4.58 -3.557 -0.916
-0.13 0.114 1.055 -4.092 -4.366 -0.733
-0.131 0.115 1.042 -3.359 -3.954 -0.321
-0.133 0.123 1.034 -3.878 -3.664 -0.046
-0.113 0.121 1.03 -4.595 -3.359 0.0
-0.107 0.121 1.023 -4.656 -0.198 -0.656
-0.107 0.121 1.035 -5.603 0.977 -0.733
-0.127 0.119 1.042 -5.786 1.466 -0.534
-0.145 0.128 1.06 -6.061 2.565 0.885
-0.136 0.118 1.084 -4.168 2.229 2.29
-0.129 0.105 1.073 -3.344 0.305 2.183
-0.118 0.113 1.065 -2.718 -2.84 1.771
-0.104 0.116 1.052 -2.015 -7.786 1.145
-0.103 0.12 1.041 -2.275 -5.42 0.153
-0.108 0.115 1.038 -3.618 -0.824 -0.29
-0.117 0.121 1.037 -3.969 0.0 -0.366