0.135 0.051 1.059 -4.611 -3.176 -0.626
0.129 0.054 1.073 -4.565 -2.962 -0.748
0.133 0.055 1.067 -4.687 -3.099 -0.763
0.131 0.067 1.063 -5.008 -3.969 -0.702
0.123 0.059 1.057 -5.038 -4.977 -0.626
0.119 0.055 1.075 -4.229 -5.557 -0.275
0.122 0.053 1.067 -2.672 -3.817 -0.336
0.139 0.056 1.062 -2.992 -1.435 -0.061
0.144 0.056 1.058 -3.13 -0.198 -0.321
0.139 0.058 1.039 -4.183 -1.176 -0.412
0.135 0.056 1.049 -5.389 -2.87 -0.153
0.139 0.061 1.056 -6.565 -3.985 0.061
0.147 0.053 1.064 -6.962 -4.031 -0.183
0.146 0.052 1.083 -6.611 -5.298 -0.565
0.156 0.052 1.073 -5.45 -5.481 -0.84
0.151 0.056 1.068 -5.237 -4.305 -1.298
0.146 0.051 1.073 -4.885 -1.42 -1.924
0.13 0.06 1.073 -4.519 -0.229 -1.878
0.125 0.061 1.067 -4.779 -1.191 -1.359
0.12 0.063 1.068 -5.282 -2.947 -0.962
0.128 0.06 1.074 -5.679 -4.565 -0.29
0.13 0.054 1.073 -4.58 -3.649 -0.137
0.138 0.056 1.074 -3.771 -2.87 0.153
0.145 0.046 1.061 -3.252 -1.389 -0.092
0.149 0.056 1.056 -3.603 -1.221 -0.489
0.147 0.052 1.065 -4.519 -2.198 -0.641
0.149 0.052 1.066 -4.412 -3.252 -0.748
0.142 0.056 1.073 -4.489 -3.71 -0.687
0.152 0.054 1.064 -4.244 -3.359 -1.115
0.155 0.053 1.065 -4.198 -3.649 -1.344
0.143 0.058 1.057 -4.58 -4.672 -1.603
0.136 0.057 1.063 -4.504 -4.611 -1.405
0.142 0.055 1.063 -3.618 -1.344 -1.695
0.137 0.052 1.066 -3.542 0.672 -1.71
0.135 0.052 1.058 -3.13 1.527 -1.603
0.136 0.055 1.055 -3.511 0.641 -1.603
0.13 0.057 1.057 -3.939 -1.008 -1.298
0.134 0.055 1.044 -4.656 -2.504 -0.87
0.132 0.058 1.042 -5.695 -2.901 -0.55
0.134 0.06 1.042 -6.382 -3.282 -0.443
0.134 0.057 1.043 -6.779 -3.328 -0.351
0.149 0.051 1.063 -6.214 -2.504 -0.107
0.147 0.051 1.082 -6.275 -1.313 -0.366
0.143 0.05 1.084 -5.45 -1.344 -0.733
0.137 0.051 1.081 -5.16 -3.206 -0.656
0.136 0.055 1.07 -5.511 -4.565 -0.229
0.144 0.063 1.076 -5.588 -4.779 -0.137
0.146 0.063 1.07 -5.298 -3.176 -0.611
0.143 0.057 1.071 -5.511 -2.519 -0.351
0.15 0.06 1.073 -5.542 -1.969 -0.336
0.15 0.054 1.079 -5.557 -1.466 -0.397
0.15 0.05 1.073 -5.115 -1.618 -0.519
0.149 0.049 1.084 -4.214 -2.046 -0.305
0.156 0.052 1.078 -3.496 -2.55 -0.26
0.149 0.048 1.076 -3.435 -1.527 -0.87
0.158 0.05 1.06 -3.344 -1.435 -1.053
0.148 0.057 1.053 -3.817 -1.679 -1.008
0.142 0.056 1.065 -3.756 -1.527 -0.763
0.149 0.054 1.052 -3.756 -2.962 -0.412
0.143 0.053 1.053 -4.122 -3.191 -0.489
0.142 0.051 1.049 -4.672 -3.328 -0.489
0.146 0.05 1.056 -4.718 -2.122 -0.321
0.15 0.057 1.049 -4.916 -0.794 -0.458
0.145 0.056 1.054 -4.763 -0.153 -0.58
0.147 0.052 1.067 -4.962 -1.053 -0.641
0.138 0.055 1.073 -4.412 -2.26 -0.702
0.137 0.057 1.075 -4.061 -3.053 -0.336
0.145 0.054 1.071 -3.756 -3.16 -0.214
0.152 0.055 1.074 -3.74 -3.069 -0.275
0.156 0.054 1.073 -3.71 -3.038 -0.595
0.156 0.057 1.07 -4.183 -4.427 -0.336
0.15 0.057 1.054 -4.504 -5.282 -0.382
0.149 0.06 1.05 -5.023 -4.947 -0.519
0.153 0.054 1.053 -5.511 -4.168 -0.366
0.152 0.053 1.051 -5.679 -2.305 -0.626
0.158 0.052 1.07 -5.618 -1.924 -0.534
0.154 0.05 1.08 -4.718 -2.107 -0.656
0.154 0.054 1.078 -3.985 -2.855 -0.672
0.166 0.053 1.073 -3.42 -2.122 -0.855
0.163 0.052 1.057 -3.588 -1.45 -1.053
0.16 0.049 1.041 -4.534 -1.298 -0.947
0.157 0.056 1.038 -5.313 -1.496 -1.16
0.16 0.052 1.057 -6.137 -2.153 -1.45
0.156 0.06 1.05 -6.183 -2.794 -1.618
0.15 0.053 1.07 -6.305 -3.374 -1.542
0.144 0.054 1.067 -6.015 -3.176 -1.389
0.134 0.057 1.068 -5.679 -2.794 -1.176
0.129 0.055 1.083 -5.557 -2.992 -0.656
0.143 0.061 1.07 -5.359 -3.282 -0.336
0.151 0.052 1.072 -5.206 -3.542 -0.168
0.146 0.054 1.064 -4.626 -2.519 -0.107
0.154 0.053 1.065 -4.26 -0.275 -0.183
0.161 0.056 1.058 -5.038 0.061 -0.122
0.165 0.051 1.055 -5.191 -0.153 -0.534
0.166 0.052 1.065 -5.405 -1.16 -0.855
0.17 0.049 1.074 -5.374 -1.71 -1.206
0.167 0.048 1.071 -5.176 -2.321 -1.328
0.162 0.048 1.058 -5.069 -1.832 -1.832
0.157 0.058 1.043 -5.313 -1.924 -1.679
0.154 0.05 1.041 -5.603 -1.664 -1.863
0.155 0.057 1.041 -5.802 -0.076 -2.107
0.149 0.054 1.044 -5.863 0.885 -2.153
0.149 0.052 1.04 -6.244 -0.122 -1.847
0.137 0.054 1.042 -6.046 -0.656 -2.183
0.132 0.044 1.037 -6.779 -2.076 -1.863
0.136 0.041 1.02 -7.16 -1.71 -2.168
0.13 0.036 1.006 -8.351 -0.595 -2.855
0.109 0.043 1.011 -8.885 -0.015 -4.015
0.076 0.058 0.982 -8.656 -0.168 -4.443
0.041 0.077 0.939 -10.427 0.382 -4.687
-0.006 0.084 0.929 -13.176 2.29 -4.626
-0.052 0.089 0.913 -14.763 4.58 -3.924
0.022 0.051 0.925 -9.221 31.496 -8.443
-0.21 0.12 1.02 -19.954 3.771 0.275
-0.146 0.078 1.008 -9.664 13.313 1.206
-0.167 0.086 1.036 -9.16 10.122 2.901
-0.168 0.065 1.033 0.244 27.771 0.519
-0.271 0.09 1.002 -0.473 31.13 3.389
-0.29 0.064 0.982 3.542 41.267 5.588
-0.381 0.072 0.951 -2.076 28.443 14.351
-0.337 0.017 0.954 -2.931 25.237 23.557
-0.315 0.033 0.958 -16.061 13.496 35.679
-0.243 -0.001 1.108 -20.519 17.618 44.687
-0.135 -0.021 1.18 -19.695 12.885 50.321
-0.058 -0.021 1.217 -18.824 4.641 52.0
-0.025 -0.02 1.274 -14.58 1.389 53.298
0.025 -0.025 1.274 -9.649 3.359 52.794
0.034 -0.014 1.287 -7.023 13.786 52.092
0.039 -0.025 1.339 -2.275 24.443 51.008
0.025 -0.015 1.35 1.969 26.947 51.71
0.029 -0.012 1.346 3.359 22.687 52.87
0.027 -0.037 1.307 7.817 12.824 53.496
0.05 -0.031 1.3 12.0 9.634 53.466
0.033 0.008 1.246 8.382 -16.183 53.924
0.076 0.023 1.253 11.45 -12.397 53.176
0.107 0.015 1.208 13.435 -13.802 49.786
0.104 0.024 1.223 16.504 -3.679 47.221
0.055 0.011 1.189 19.603 5.634 46.275
0.03 0.002 1.17 21.588 10.962 49.221
0.037 -0.008 1.14 21.16 12.061 54.672
0.088 -0.028 1.123 20.305 11.939 58.336
0.146 -0.017 1.064 18.046 12.702 61.573
0.202 -0.05 1.022 18.29 8.153 59.527
0.225 -0.034 1.008 14.458 -3.634 58.733
0.28 -0.026 0.985 10.763 -6.473 54.229
0.327 -0.035 0.989 9.115 -7.618 48.687
0.331 -0.017 0.994 8.992 -1.176 42.748
0.334 -0.003 0.984 8.672 6.977 36.427
0.274 0.013 0.989 8.351 10.076 33.466
0.239 0.03 0.971 7.069 9.756 32.595
0.263 0.032 0.958 5.557 11.908 31.908
0.26 0.044 0.969 2.092 11.802 31.359
0.26 0.046 0.969 -0.397 11.481 29.481
0.267 0.046 0.99 -2.321 8.992 28.58
0.271 0.055 1.026 -2.779 6.992 27.374
0.302 0.054 1.03 -2.611 6.29 24.427
0.335 0.053 1.054 -2.305 11.588 21.053
0.304 0.067 1.076 -0.84 12.687 17.542
0.289 0.077 1.06 -0.244 13.313 15.038
0.261 0.086 1.065 -1.466 9.618 13.42
0.246 0.092 1.053 -1.802 5.099 12.061
0.248 0.095 1.061 -3.13 1.496 10.885
0.245 0.089 1.067 -3.557 -0.855 9.557
0.261 0.09 1.066 -4.153 -1.069 7.985
0.256 0.089 1.073 -3.618 -0.84 5.42
0.251 0.085 1.08 -3.038 0.733 3.481
0.24 0.083 1.075 -1.298 5.053 0.855
0.218 0.087 1.08 -0.656 5.634 -1.344
0.188 0.089 1.091 -0.687 2.611 -2.641
0.183 0.083 1.071 -0.168 -3.191 -3.786
0.161 0.086 1.082 0.229 -7.496 -4.366
0.17 0.083 1.068 0.412 -7.603 -4.412
0.146 0.088 1.06 0.626 -4.168 -4.916
0.149 0.084 1.053 0.29 -0.458 -4.718
0.146 0.091 1.052 -0.092 0.031 -5.176
0.148 0.096 1.049 0.504 1.939 -6.168
0.133 0.101 1.041 -0.183 0.855 -6.916
0.118 0.1 1.042 -0.534 -0.885 -7.099
0.119 0.101 1.031 -0.901 -2.198 -8.107
0.109 0.11 1.033 -0.916 -2.382 -9.344
0.102 0.096 1.037 -1.221 -2.855 -10.092
0.084 0.103 1.042 -2.275 -1.954 -10.092
0.084 0.098 1.046 -2.244 -0.015 -10.275
0.063 0.104 1.059 -2.137 1.237 -9.969
0.044 0.102 1.051 -2.611 0.763 -9.389
0.029 0.109 1.053 -3.16 -2.015 -8.076
0.044 0.102 1.053 -2.931 -3.145 -7.282
0.029 0.103 1.055 -2.656 -3.481 -6.443
0.019 0.109 1.048 -3.511 -3.74 -4.763
0.033 0.104 1.054 -3.496 -1.985 -3.45
0.035 0.106 1.058 -3.191 -1.725 -2.534
0.053 0.103 1.048 -3.817 -0.794 -1.939
0.063 0.097 1.05 -4.412 -0.168 -1.893
0.069 0.098 1.057 -4.992 0.397 -2.046
0.074 0.106 1.046 -5.756 0.305 -2.366
0.061 0.103 1.052 -5.924 0.702 -2.412
0.052 0.106 1.053 -6.412 1.282 -2.153
0.044 0.104 1.055 -6.931 -0.229 -1.313
0.05 0.11 1.069 -6.809 -0.58 -0.763
0.059 0.109 1.067 -6.611 0.015 -0.885
0.073 0.11 1.079 -6.58 0.87 -1.115
0.059 0.107 1.093 -5.664 1.405 -1.527
0.053 0.106 1.087 -5.053 -0.031 -1.42
0.059 0.104 1.083 -3.557 -1.206 -0.855
0.063 0.108 1.081 -2.992 -2.061 -0.504
0.065 0.107 1.063 -3.176 -2.229 -0.305
0.077 0.105 1.063 -3.847 -3.16 -0.076
0.085 0.107 1.05 -4.565 -4.275 -0.443
0.1 0.097 1.044 -5.206 -3.16 -1.496
0.086 0.108 1.052 -5.588 -2.702 -2.55
0.071 0.103 1.065 -5.756 -2.916 -2.733
0.071 0.108 1.07 -6.015 -2.489 -3.023
0.07 0.104 1.095 -5.252 -3.16 -3.359
0.058 0.103 1.089 -3.893 -2.779 -3.267
0.056 0.103 1.075 -3.008 -1.191 -3.252
0.038 0.103 1.058 -2.901 -0.947 -2.336
0.055 0.101 1.048 -3.267 -0.687 -1.45
0.061 0.11 1.045 -4.489 -1.985 -0.824
0.077 0.106 1.049 -4.977 -0.702 -1.481
0.074 0.105 1.061 -5.008 -0.687 -2.58
0.058 0.11 1.064 -5.145 -1.985 -2.748
0.045 0.108 1.072 -5.13 -4.275 -1.802
0.036 0.107 1.07 -5.313 -6.84 -0.595
0.051 0.108 1.073 -5.069 -7.71 0.29
0.07 0.105 1.073 -5.16 -7.74 0.626
0.084 0.099 1.075 -4.351 -5.985 0.153
0.095 0.091 1.072 -4.504 -4.519 -0.779
0.095 0.103 1.075 -4.168 -3.802 -1.481
0.094 0.096 1.089 -3.878 -3.756 -1.863
0.089 0.108 1.07 -3.878 -2.977 -2.458
0.086 0.095 1.069 -3.573 -2.916 -2.718
0.075 0.112 1.074 -3.695 -3.664 -2.443
0.082 0.104 1.05 -3.45 -2.733 -2.336
0.09 0.099 1.036 -4.107 -2.183 -2.641
0.068 0.108 1.043 -4.718 -2.183 -2.504
0.067 0.102 1.046 -4.733 -2.458 -2.244
0.067 0.098 1.051 -5.344 -2.916 -1.786
0.075 0.101 1.062 -4.916 -2.214 -1.511
0.084 0.106 1.069 -4.168 -0.641 -1.74
0.079 0.11 1.063 -4.214 0.534 -1.71
0.065 0.104 1.058 -3.878 0.305 -1.115
0.063 0.102 1.051 -4.153 -1.069 -0.595
0.079 0.104 1.045 -4.656 -1.695 -0.565
0.082 0.102 1.048 -5.298 -3.573 -0.611
0.09 0.106 1.05 -5.282 -3.954 -1.053
0.089 0.103 1.058 -5.45 -3.374 -1.573
0.07 0.109 1.064 -5.954 -2.336 -1.45
0.063 0.111 1.068 -5.679 -0.992 -1.282
0.063 0.098 1.067 -5.74 -1.405 -0.672
0.07 0.101 1.07 -5.344 -0.504 -0.458
0.073 0.099 1.061 -5.435 -0.061 -0.718
0.073 0.104 1.062 -5.511 -0.58 -0.687
0.071 0.11 1.072 -6.458 -1.618 -0.565
0.084 0.099 1.087 -5.221 0.58 -1.252
0.077 0.106 1.081 -4.168 1.557 -1.527
0.064 0.109 1.092 -3.267 1.389 -1.42
0.052 0.108 1.066 -3.786 -1.374 -0.244
0.06 0.109 1.047 -4.87 -3.603 0.733
0.104 0.096 1.052 -5.176 -0.824 -0.137
0.1 0.097 1.069 -4.397 3.527 -1.42
0.087 0.099 1.052 -4.183 4.748 -1.893
0.061 0.112 1.072 -4.504 1.725 -1.435
0.057 0.104 1.066 -5.221 -2.977 -0.779
0.056 0.108 1.057 -6.672 -5.786 0.198
0.088 0.101 1.078 -6.931 -4.702 -0.214
0.092 0.101 1.096 -4.107 0.534 -1.527
0.083 0.1 1.087 -3.13 0.931 -1.74
0.062 0.106 1.073 -3.13 -0.427 -1.405
0.07 0.105 1.063 -3.435 -1.893 -1.176
0.071 0.112 1.06 -4.275 -2.672 -1.053
0.077 0.109 1.059 -4.58 -2.382 -0.947
0.073 0.11 1.058 -5.176 -3.053 -0.733
0.072 0.102 1.082 -5.16 -3.908 -0.824
0.074 0.104 1.074 -4.565 -4.198 -0.794
0.081 0.1 1.063 -4.305 -3.985 -0.901
0.076 0.1 1.069 -4.427 -5.435 -0.947
0.072 0.101 1.079 -4.061 -7.435 -0.794
0.084 0.104 1.06 -4.489 -8.382 -0.489
0.09 0.102 1.047 -4.0 -4.229 -1.13
0.085 0.105 1.046 -4.656 -0.229 -1.756
0.069 0.11 1.05 -4.794 1.496 -1.603
0.067 0.099 1.062 -5.099 0.977 -1.527
0.071 0.102 1.071 -4.565 -0.168 -0.885
0.072 0.102 1.065 -4.656 -0.87 -0.29
0.077 0.105 1.054 -5.084 -0.672 -0.427
0.083 0.102 1.06 -4.977 -0.489 -0.962
0.079 0.11 1.063 -4.901 -0.366 -1.267
0.068 0.1 1.063 -5.42 -1.527 -0.855
0.071 0.101 1.06 -5.176 -1.511 -0.885
0.068 0.102 1.059 -4.992 -0.962 -0.733
0.074 0.103 1.06 -5.115 -0.58 -0.55
0.067 0.111 1.05 -5.237 0.366 -0.489
0.078 0.102 1.068 -5.389 0.916 -0.534
0.075 0.103 1.069 -5.542 0.0 -0.183
0.07 0.097 1.067 -5.557 -1.298 0.0
0.076 0.106 1.064 -5.679 -2.702 -0.031
0.078 0.099 1.064 -5.298 -3.496 -0.061
0.085 0.103 1.061 -5.771 -2.763 -0.321
0.071 0.099 1.053 -5.756 -1.771 -0.305
0.076 0.101 1.064 -5.71 -2.046 -0.305
0.064 0.106 1.072 -5.328 -2.977 0.046
0.063 0.109 1.08 -4.992 -5.099 0.809
0.072 0.102 1.077 -4.275 -6.168 1.069
0.091 0.098 1.068 -4.076 -5.115 0.947
0.096 0.091 1.062 -4.153 -2.656 0.397
0.097 0.092 1.064 -4.504 0.015 -0.55
0.084 0.1 1.07 -4.687 0.992 -1.115
0.067 0.095 1.071 -4.809 0.519 -0.84
0.07 0.102 1.069 -5.038 -0.122 -0.595
0.066 0.105 1.063 -5.206 -0.992 -0.183
0.076 0.104 1.066 -5.588 -1.878 0.153
0.078 0.105 1.066 -5.618 -1.557 0.076
0.079 0.102 1.059 -5.267 -1.45 -0.336
0.077 0.101 1.073 -4.687 0.229 -0.626
0.078 0.11 1.064 -4.702 1.786 -0.534
0.074 0.098 1.067 -5.023 2.748 -0.076
0.069 0.106 1.065 -5.74 1.466 0.519
0.089 0.101 1.06 -6.87 2.321 1.267
0.09 0.095 1.069 -4.031 1.588 0.107
0.097 0.1 1.059 -3.71 1.847 -0.473
0.078 0.1 1.06 -4.366 2.458 -0.763
0.082 0.104 1.064 -4.611 0.779 -0.809
0.068 0.102 1.066 -5.069 -0.382 -0.626
0.071 0.099 1.06 -4.611 -0.687 -0.489
0.078 0.1 1.062 -4.473 -0.015 -0.198
0.075 0.102 1.052 -4.458 0.351 -0.275
0.074 0.1 1.049 -4.916 -1.069 0.092
0.083 0.097 1.059 -5.221 -1.344 0.031
0.082 0.099 1.063 -5.038 -0.931 -0.107
0.085 0.103 1.07 -4.809 -1.405 0.031
0.082 0.099 1.051 -4.763 -1.45 0.122
0.088 0.098 1.051 -5.496 -2.076 0.107
0.096 0.087 1.043 -5.802 -2.626 -0.092
0.091 0.094 1.037 -6.015 -1.679 -0.458
0.104 0.101 1.054 -6.092 -0.534 -0.763
0.105 0.102 1.045 -6.275 -0.779 -1.313
0.101 0.097 1.047 -6.733 -1.405 -1.954
0.091 0.1 1.056 -6.687 -1.863 -2.427
0.078 0.1 1.075 -6.397 -2.504 -2.382
0.075 0.103 1.089 -6.0 -1.954 -2.137
0.063 0.104 1.087 -5.893 -1.756 -1.725
0.063 0.103 1.093 -4.58 -0.595 -1.679
0.059 0.102 1.085 -3.863 -0.229 -1.221
0.057 0.106 1.093 -3.725 -0.656 -0.733
0.056 0.102 1.075 -3.664 -2.107 -0.092
0.071 0.103 1.073 -2.992 -1.038 -0.061
0.066 0.106 1.069 -3.573 -0.794 -0.214
0.062 0.101 1.07 -4.26 -1.237 -0.321
0.069 0.097 1.076 -4.977 -2.427 -0.427
0.072 0.097 1.081 -4.336 -2.916 -0.702
0.063 0.098 1.088 -3.344 -1.511 -0.794
0.057 0.099 1.069 -3.145 0.58 -0.504
0.045 0.1 1.062 -3.74 -0.427 0.458
0.044 0.096 1.06 -4.595 -2.55 1.618
0.071 0.097 1.064 -5.481 -4.168 2.336
0.094 0.098 1.073 -4.718 -3.16 2.0
0.101 0.092 1.067 -2.992 -0.168 0.702
0.086 0.099 1.054 -3.527 0.702 0.183
0.084 0.106 1.058 -4.382 -0.519 0.153
0.069 0.097 1.067 -4.733 -1.985 0.397
0.081 0.104 1.073 -4.366 -3.466 0.947
0.086 0.098 1.066 -3.832 -4.137 1.328
0.088 0.095 1.057 -3.924 -3.817 1.527
0.098 0.104 1.053 -4.137 -4.26 1.191
0.111 0.094 1.056 -4.046 -4.321 0.58
0.117 0.093 1.049 -3.893 -3.115 -0.519
0.105 0.1 1.05 -3.573 -0.473 -1.618
0.1 0.103 1.055 -3.954 2.427 -2.336
0.076 0.106 1.058 -4.351 2.229 -2.214
0.074 0.1 1.072 -4.137 1.328 -2.061
0.069 0.104 1.077 -4.046 -0.229 -1.527
0.059 0.109 1.062 -4.107 -0.733 -1.328
0.069 0.099 1.064 -4.779 -0.931 -1.023
0.076 0.107 1.065 -4.885 -1.695 -0.794
0.071 0.102 1.069 -5.038 -2.321 -0.595
0.068 0.106 1.064 -5.466 -3.099 -0.427
0.078 0.095 1.07 -5.42 -2.611 -0.641
0.072 0.094 1.067 -4.718 -1.71 -0.733
0.067 0.102 1.076 -4.168 -1.557 -0.58
0.067 0.097 1.072 -4.122 -1.374 -0.092
0.071 0.105 1.057 -3.969 -1.634 0.137
0.076 0.104 1.055 -4.046 -1.435 0.122
0.077 0.102 1.064 -4.916 -1.359 -0.092
0.075 0.102 1.047 -5.237 -1.71 -0.107
0.074 0.101 1.062 -5.389 -1.573 0.244
0.081 0.102 1.07 -5.511 -1.802 0.183
0.089 0.105 1.067 -5.191 -2.153 0.244
0.087 0.104 1.059 -5.221 -1.649 -0.366
0.099 0.087 1.111 -6.321 -1.252 -1.191
0.059 0.11 1.085 -2.58 0.244 -0.55
0.093 0.094 1.068 -3.374 -0.153 -0.58
0.073 0.113 1.07 -3.435 -1.695 -0.092
0.092 0.097 1.048 -3.328 -1.771 -0.321
0.098 0.1 1.045 -4.962 -1.237 -0.443
0.101 0.1 1.048 -5.053 -1.145 -0.977
0.107 0.095 1.049 -5.74 -1.359 -1.618
0.096 0.097 1.052 -5.511 -0.198 -2.458
0.093 0.097 1.05 -5.527 -0.275 -2.519
0.084 0.101 1.06 -5.817 0.046 -2.687
0.085 0.1 1.062 -5.527 -0.366 -2.763