-0.124 0.07 1.06 -5.344 0.427 -0.718
-0.097 0.068 1.042 -4.427 -0.046 -0.733
-0.105 0.07 1.052 -4.809 0.534 -0.977
-0.116 0.081 1.066 -4.947 -0.611 -0.748
-0.11 0.073 1.062 -5.115 -1.023 -0.656
-0.119 0.073 1.063 -4.824 -3.42 -0.458
-0.109 0.078 1.051 -4.58 -1.878 -0.672
-0.096 0.075 1.064 -4.519 -3.832 -0.702
-0.106 0.08 1.045 -4.443 -1.466 -0.901
-0.094 0.067 1.046 -4.29 -0.458 -1.511
-0.093 0.077 1.046 -4.198 -0.26 -1.71
-0.094 0.079 1.055 -3.863 0.366 -1.847
-0.101 0.07 1.057 -3.649 0.534 -1.786
-0.101 0.074 1.058 -3.542 0.809 -1.924
-0.104 0.079 1.066 -3.832 0.687 -1.832
-0.105 0.073 1.044 -3.74 1.099 -1.649
-0.118 0.094 1.064 -5.191 -0.244 -1.405
-0.11 0.086 1.054 -4.748 -0.321 -1.023
-0.095 0.069 1.042 -4.611 0.046 -1.069
-0.108 0.07 1.062 -5.099 -1.557 -0.809
-0.13 0.08 1.069 -5.221 -3.481 -0.382
-0.106 0.079 1.063 -5.008 -3.756 -0.229
-0.104 0.073 1.048 -4.672 -3.038 -0.458
-0.1 0.072 1.049 -4.504 -3.679 -0.229
-0.114 0.074 1.054 -4.641 -4.763 0.198
-0.093 0.071 1.045 -4.763 -3.191 -0.153
-0.091 0.067 1.047 -4.351 -2.763 -0.763
-0.101 0.071 1.052 -4.244 -2.137 -0.977
-0.097 0.076 1.069 -4.336 -1.099 -0.855
-0.088 0.064 1.04 -4.061 -1.145 -0.901
-0.082 0.07 1.046 -4.55 -1.679 -0.748
-0.089 0.074 1.056 -4.305 -2.015 -0.58
-0.083 0.079 1.045 -4.137 -1.481 -0.626
-0.082 0.074 1.06 -3.802 -0.55 -0.931
-0.089 0.076 1.052 -3.802 0.809 -1.206
-0.091 0.073 1.048 -4.046 0.656 -1.313
-0.096 0.073 1.054 -3.985 0.962 -1.618
-0.097 0.073 1.044 -4.092 1.237 -1.832
-0.095 0.073 1.05 -4.29 1.466 -1.71
-0.11 0.077 1.057 -4.168 1.267 -1.908
-0.111 0.067 1.058 -4.305 0.809 -1.496
-0.128 0.078 1.073 -3.985 -1.695 -1.496
-0.121 0.078 1.066 -3.969 -0.901 -1.511
-0.118 0.072 1.061 -3.725 -1.191 -1.145
-0.115 0.073 1.058 -4.0 -2.397 -0.809
-0.109 0.077 1.057 -4.031 -3.328 -0.29
-0.099 0.065 1.06 -3.924 -3.359 -0.519
-0.102 0.081 1.047 -3.832 -2.672 -0.58
-0.082 0.071 1.043 -4.153 -2.229 -0.504
-0.094 0.081 1.037 -4.26 -1.634 -0.931
-0.087 0.082 1.05 -4.427 -0.626 -1.389
-0.096 0.074 1.051 -4.443 -0.26 -1.45
-0.098 0.076 1.069 -4.656 -0.092 -1.618
-0.106 0.076 1.084 -4.046 -3.008 -1.42
-0.104 0.076 1.077 -3.191 -0.092 -1.893
-0.106 0.075 1.078 -1.725 -0.992 -2.137
-0.089 0.083 1.033 -2.092 0.137 -2.214
-0.086 0.083 1.024 -2.443 -0.229 -2.412
-0.102 0.079 1.033 -2.794 1.847 -2.763
-0.12 0.077 1.062 -2.611 0.87 -3.115
-0.114 0.082 1.059 -2.687 1.573 -3.573
-0.092 0.075 1.036 -2.611 4.748 -4.26
-0.102 0.073 1.053 -1.954 4.947 -4.809
-0.105 0.079 1.037 -1.725 5.252 -5.237
-0.135 0.082 1.048 -1.878 4.565 -4.779
-0.144 0.081 1.047 -2.626 2.275 -3.863
-0.14 0.082 1.061 -3.847 0.046 -2.672
-0.129 0.077 1.057 -7.802 1.069 -2.504
-0.121 0.085 1.065 -4.137 -3.038 -1.695
-0.112 0.079 1.074 -4.107 -2.565 -1.634
-0.12 0.08 1.054 -4.229 -3.176 -1.771
-0.11 0.083 1.033 -4.153 -3.542 -2.168
-0.121 0.083 1.051 -4.214 -4.473 -2.443
-0.119 0.08 1.047 -4.122 -5.603 -2.504
-0.121 0.076 1.04 -9.069 -3.802 -3.038
-0.125 0.07 1.058 -4.519 -8.916 -2.275
-0.093 0.082 1.024 -7.008 -6.26 -2.611
-0.121 0.082 1.049 -5.74 -8.092 -2.901
-0.107 0.078 1.029 -7.237 -5.115 -4.321
-0.129 0.084 1.045 -6.962 -7.008 -6.046
-0.158 0.085 1.039 -9.359 -7.527 -6.84
-0.221 0.087 1.062 -9.634 -12.84 -5.969
-0.254 0.097 1.062 -9.618 -17.45 -4.626
-0.271 0.093 1.042 -6.443 -10.046 -2.504
-0.325 0.104 1.073 -8.092 2.55 0.015
-0.372 0.111 1.101 -5.893 7.664 2.641
-0.437 0.125 1.106 -5.176 2.794 6.977
-0.464 0.116 1.107 -3.985 -2.153 12.031
-0.492 0.121 1.096 -3.221 -1.679 17.664
-0.505 0.114 1.091 -2.534 0.885 23.527
-0.507 0.105 1.083 -1.924 -1.542 29.802
-0.49 0.102 1.064 -0.962 -3.924 35.145
-0.467 0.096 1.042 -0.183 -5.435 39.191
-0.463 0.086 1.043 -0.031 -3.817 43.206
-0.484 0.072 1.026 0.015 0.427 48.351
-0.479 0.06 1.033 -1.817 3.298 54.58
-0.436 0.043 1.052 -3.237 8.763 60.687
-0.387 0.022 1.085 -3.771 12.489 65.359
-0.342 0.01 1.078 -3.908 12.504 68.901
-0.306 0.005 1.092 -3.679 9.634 71.313
-0.252 -0.0 1.073 -3.634 6.366 71.557
-0.229 0.01 1.071 -3.588 5.954 70.198
-0.239 0.019 1.065 -4.382 6.168 68.626
-0.258 0.023 1.065 -4.656 6.901 68.366
-0.274 0.038 1.06 -4.718 9.237 68.473
-0.313 0.034 1.062 -5.985 11.71 70.076
-0.33 0.028 1.073 -7.252 15.13 75.298
-0.304 0.006 1.111 -7.71 20.382 81.374
-0.266 -0.009 1.123 -6.412 22.031 87.695
-0.205 -0.013 1.117 -5.344 18.718 92.29
-0.136 -0.009 1.094 -4.26 12.168 94.29
-0.065 -0.016 1.059 -3.771 5.939 93.191
-0.012 -0.009 1.01 -2.992 8.0 89.771
0.012 -0.002 0.969 -3.145 12.901 84.046
-0.039 0.014 0.959 -4.244 15.695 79.725
-0.073 0.014 0.999 -6.534 16.55 77.802
-0.073 0.002 0.93 -3.924 17.13 78.519
-0.065 0.003 0.892 -6.672 30.244 80.046
-0.07 -0.01 0.893 -8.351 30.687 81.679
-0.021 -0.009 0.855 -11.084 22.137 83.527
0.036 -0.022 0.85 -17.573 13.679 83.206
0.117 -0.036 0.88 -21.405 8.336 79.985
0.164 -0.02 0.935 -25.435 10.489 73.16
0.149 -0.003 0.999 -26.458 11.588 66.061
0.142 0.002 1.031 -25.405 10.885 59.099
0.118 0.035 1.049 -24.031 12.626 54.443
0.108 0.052 1.032 -22.076 20.076 50.55
0.095 0.066 1.028 -21.985 29.588 48.26
0.068 0.085 1.012 -21.481 32.275 46.718
0.066 0.103 0.994 -23.557 29.206 46.275
0.077 0.097 1.0 -26.275 22.092 44.229
0.118 0.079 1.006 -27.695 17.023 42.015
0.11 0.095 1.066 -29.313 11.847 39.16
0.117 0.089 1.094 -27.878 14.809 34.672
0.099 0.094 1.121 -26.351 16.443 30.824
0.109 0.074 1.137 -23.16 20.916 26.489
0.11 0.063 1.115 -19.298 27.145 22.687
0.028 0.098 1.145 -19.313 24.748 21.405
0.0 0.092 1.124 -18.031 18.0 21.145
-0.018 0.093 1.136 -18.107 6.809 22.214
-0.0 0.099 1.13 -18.0 -4.26 22.656
0.015 0.103 1.131 -17.053 -8.87 21.954
0.044 0.103 1.129 -16.137 -7.695 20.412
0.076 0.091 1.117 -14.321 -2.443 17.359
0.061 0.116 1.136 -12.58 3.679 13.008
0.039 0.099 1.117 -9.756 10.122 8.015
-0.009 0.103 1.112 -9.023 9.756 5.359
-0.06 0.095 1.114 -8.366 5.603 4.0
-0.077 0.103 1.092 -7.679 -0.443 4.183
-0.1 0.106 1.078 -8.366 -4.748 5.038
-0.108 0.099 1.074 -8.962 -7.71 6.458
-0.085 0.093 1.074 -9.16 -7.634 7.099
-0.073 0.099 1.089 -8.366 -5.924 6.427
-0.05 0.099 1.074 -7.328 -1.206 4.229
-0.073 0.104 1.079 -7.084 0.656 1.969
-0.096 0.109 1.067 -6.55 0.214 0.748
-0.123 0.115 1.056 -6.397 -1.542 0.031
-0.117 0.108 1.065 -6.947 -2.229 -0.046
-0.132 0.11 1.069 -5.878 -1.527 -0.473
-0.142 0.102 1.065 -5.954 -2.275 -0.611
-0.16 0.101 1.075 -5.771 -3.099 -0.107
-0.153 0.095 1.073 -5.969 -4.0 1.206
-0.141 0.096 1.073 -5.481 -3.344 1.649
-0.123 0.095 1.083 -4.763 -3.053 1.069
-0.131 0.101 1.074 -4.015 -1.908 0.443
-0.137 0.104 1.075 -3.817 -2.076 -0.214
-0.146 0.107 1.073 -3.405 -1.817 -0.137
-0.154 0.107 1.075 -3.435 -3.16 -0.046
-0.155 0.105 1.075 -2.458 -1.985 -0.046
-0.163 0.105 1.07 -2.366 -1.466 0.443
-0.158 0.104 1.048 -2.137 -1.496 0.809
-0.148 0.095 1.056 -2.214 -2.29 0.916
-0.158 0.105 1.043 -2.046 -3.725 0.885
-0.154 0.1 1.042 -2.595 -5.038 1.344
-0.149 0.092 1.025 -3.145 -5.924 1.389
-0.121 0.087 1.021 -3.649 -5.282 0.733
-0.115 0.089 1.026 -3.237 -1.679 -0.809
-0.138 0.099 1.024 -3.282 0.015 -1.496
-0.153 0.102 1.019 -3.802 -0.58 -1.267
-0.149 0.106 1.013 -4.794 -4.198 -0.687
-0.157 0.105 1.003 -6.656 -8.321 -0.718
-0.146 0.094 1.024 -6.061 -4.504 -1.298
-0.154 0.097 1.056 -5.695 1.221 -1.481
-0.172 0.103 1.057 -4.473 4.015 -1.389
-0.186 0.1 1.049 -4.504 0.382 0.0
-0.171 0.104 1.036 -4.87 -6.061 1.374
-0.141 0.098 1.029 -5.817 -8.931 1.206
-0.112 0.091 1.045 -5.389 -4.122 -0.321
-0.128 0.096 1.08 -3.863 2.275 -1.893
-0.152 0.101 1.064 -2.977 4.336 -2.595
-0.174 0.105 1.047 -2.962 0.168 -2.092
-0.177 0.111 1.043 -4.198 -5.847 -1.099
-0.165 0.103 1.05 -4.229 -5.908 -0.046
-0.159 0.104 1.054 -3.389 -1.359 -0.275
-0.163 0.101 1.047 -3.008 0.427 -0.443
-0.192 0.106 1.047 -3.191 -2.473 0.183
-0.183 0.097 1.033 -4.183 -6.87 1.527
-0.146 0.096 1.027 -5.42 -6.55 1.832
-0.122 0.085 1.039 -4.275 -0.076 0.26
-0.142 0.088 1.052 -3.023 3.771 -0.977
-0.159 0.096 1.045 -3.206 1.389 -0.504
-0.16 0.103 1.031 -4.168 -3.466 0.427
-0.134 0.1 1.025 -5.237 -4.748 -0.031
-0.138 0.106 1.029 -5.878 -4.366 -0.58
-0.158 0.108 1.038 -6.168 -3.481 -0.595
-0.166 0.105 1.047 -5.924 -4.107 -0.137
-0.168 0.113 1.056 -6.061 -5.74 0.687
-0.152 0.1 1.047 -6.275 -6.58 1.328
-0.126 0.101 1.05 -6.58 -5.527 1.176
-0.109 0.094 1.05 -5.359 -1.557 -0.336
-0.124 0.093 1.064 -4.687 0.916 -1.405
-0.145 0.099 1.055 -4.275 -0.916 -1.603
-0.151 0.106 1.035 -4.718 -2.626 -0.84
-0.135 0.105 1.034 -5.466 -2.687 -1.13
-0.141 0.111 1.039 -5.557 -1.893 -1.542
-0.153 0.101 1.042 -5.344 -1.13 -1.435
-0.164 0.097 1.048 -5.435 -1.542 -0.763
-0.161 0.093 1.048 -5.603 -3.069 -0.076
-0.155 0.091 1.045 -5.573 -4.183 0.122
-0.145 0.086 1.054 -5.237 -4.031 0.076
-0.145 0.096 1.047 -4.473 -1.221 -0.183
-0.139 0.098 1.047 -4.595 -0.427 -0.336
-0.129 0.099 1.048 -4.534 -0.641 -0.55
-0.131 0.103 1.036 -4.534 -1.023 -0.809
-0.135 0.101 1.033 -5.145 -1.924 -0.916
-0.15 0.104 1.036 -6.061 -2.931 -0.748
-0.149 0.103 1.039 -6.626 -5.298 -0.351
-0.148 0.094 1.052 -6.916 -6.962 -0.061
-0.134 0.093 1.051 -6.412 -7.45 0.031
-0.135 0.094 1.058 -6.107 -6.015 -0.168
-0.137 0.092 1.056 -5.618 -4.885 -0.443
-0.14 0.099 1.053 -5.42 -4.809 -0.504
-0.146 0.106 1.037 -6.137 -3.71 -0.626
-0.153 0.108 1.059 -4.458 -2.061 -0.718
-0.149 0.114 1.053 -4.565 -4.107 -0.366
-0.155 0.114 1.063 -4.0 -3.74 -0.29
-0.142 0.11 1.045 -3.252 -4.58 -0.046
-0.132 0.104 1.047 -3.115 -3.084 -0.092
-0.135 0.101 1.043 -2.473 -0.092 -0.473
-0.144 0.095 1.029 -2.901 0.977 -0.458
-0.153 0.088 1.033 -3.802 -0.733 0.031
-0.147 0.087 1.044 -4.443 -2.824 0.84
-0.137 0.083 1.051 -4.412 -3.863 0.931
-0.114 0.088 1.05 -4.489 -1.405 0.137
-0.104 0.087 1.038 -4.534 1.985 -0.992
-0.128 0.094 1.054 -4.672 2.168 -1.221
-0.135 0.104 1.035 -4.626 0.168 -1.176
-0.144 0.102 1.046 -5.405 -2.656 -0.733
-0.138 0.099 1.041 -5.603 -4.305 -0.58
-0.127 0.103 1.046 -5.573 -3.389 -0.947
-0.125 0.099 1.039 -5.13 -0.214 -1.145
-0.139 0.094 1.053 -5.008 2.412 -1.344
-0.152 0.097 1.057 -4.901 1.084 -0.458
-0.144 0.089 1.062 -5.023 -2.565 0.656
-0.129 0.09 1.056 -5.16 -5.16 1.038
-0.11 0.084 1.056 -4.916 -4.656 0.534
-0.097 0.086 1.038 -5.008 -2.275 -0.672
-0.106 0.097 1.036 -5.435 -0.718 -1.74
-0.115 0.097 1.047 -5.389 -1.237 -2.198
-0.125 0.099 1.049 -5.634 -3.359 -2.031
-0.122 0.107 1.053 -5.176 -4.229 -2.061
-0.116 0.096 1.052 -4.992 -3.221 -2.427
-0.121 0.094 1.052 -4.595 -2.122 -3.084
-0.132 0.102 1.05 -4.489 -1.511 -3.344
-0.139 0.098 1.054 -4.687 -2.26 -3.084
-0.146 0.096 1.068 -4.504 -2.656 -2.794
-0.141 0.097 1.05 -4.458 -3.145 -2.473
-0.138 0.102 1.053 -4.214 -2.427 -2.244
-0.139 0.099 1.045 -4.183 -2.198 -1.985
-0.129 0.102 1.036 -4.137 -2.733 -2.031
-0.123 0.099 1.031 -4.443 -3.221 -2.321
-0.129 0.101 1.037 -4.824 -4.137 -2.656
-0.134 0.101 1.027 -5.191 -4.244 -2.473
-0.128 0.093 1.03 -5.695 -3.435 -2.458
-0.133 0.097 1.026 -5.466 -2.611 -2.748
-0.136 0.101 1.026 -5.832 -2.198 -2.84
-0.137 0.09 1.022 -6.336 -2.351 -2.382
-0.13 0.086 1.048 -6.321 -2.397 -2.26
-0.132 0.091 1.047 -5.466 -2.427 -2.153
-0.129 0.088 1.036 -5.725 -2.809 -2.015
-0.122 0.09 1.033 -6.244 -3.374 -2.015
-0.116 0.089 1.047 -6.275 -3.802 -2.336
-0.125 0.094 1.052 -6.366 -3.42 -2.412
-0.117 0.101 1.049 -5.908 -2.336 -2.595
-0.115 0.096 1.043 -6.214 -1.863 -3.038
-0.127 0.1 1.049 -6.611 -3.603 -3.038
-0.122 0.097 1.068 -6.565 -4.153 -3.023
-0.119 0.095 1.063 -5.634 -3.16 -3.267
-0.119 0.096 1.052 -4.885 0.779 -3.679
-0.134 0.095 1.053 -4.962 1.847 -3.45
-0.14 0.093 1.051 -4.641 0.305 -3.099
-0.125 0.095 1.047 -4.901 -2.137 -2.885
-0.123 0.091 1.04 -5.328 -2.748 -3.038
-0.126 0.091 1.03 -5.527 -1.969 -3.298
-0.122 0.091 1.035 -5.969 -0.947 -3.71
-0.125 0.086 1.029 -6.275 -0.87 -3.74
-0.13 0.084 1.028 -5.924 -1.344 -3.908
-0.135 0.082 1.026 -6.595 -1.221 -4.061
-0.137 0.08 1.03 -7.405 -2.183 -3.603
-0.133 0.079 1.033 -8.244 -3.618 -3.573
-0.126 0.079 1.031 -8.656 -2.809 -3.786
-0.139 0.08 1.043 -8.931 -0.977 -3.924
-0.148 0.083 1.057 -9.008 0.198 -3.802
-0.145 0.086 1.073 -8.534 -0.015 -3.618
-0.144 0.089 1.078 -7.466 -1.328 -2.992
-0.14 0.092 1.061 -6.565 -2.489 -2.687
-0.127 0.087 1.053 -6.26 -2.092 -2.702
-0.125 0.081 1.043 -6.87 -1.496 -3.023
-0.129 0.078 1.062 -7.221 -1.221 -2.947
-0.131 0.078 1.066 -7.282 -0.87 -2.718
-0.128 0.075 1.074 -6.626 -0.489 -2.931
-0.133 0.074 1.081 -5.817 -0.779 -3.145
-0.143 0.081 1.06 -5.542 -1.649 -2.824
-0.151 0.084 1.066 -5.679 -2.015 -2.336
-0.145 0.083 1.054 -5.832 -2.0 -1.924
-0.151 0.09 1.054 -6.137 -2.382 -1.435
-0.135 0.086 1.062 -6.122 -2.977 -1.16
-0.132 0.083 1.054 -6.107 -2.015 -1.45
-0.134 0.085 1.067 -5.771 -0.794 -1.74
-0.143 0.083 1.073 -5.664 -1.496 -1.573
-0.144 0.081 1.068 -5.069 -2.977 -1.023
-0.142 0.085 1.066 -4.595 -3.603 -0.718
-0.134 0.077 1.06 -4.015 -3.023 -0.702
-0.137 0.083 1.053 -3.725 -2.305 -0.809
-0.145 0.081 1.04 -4.031 -2.244 -0.29
-0.141 0.077 1.04 -4.519 -3.069 -0.046
-0.132 0.072 1.027 -4.748 -2.855 0.092
-0.128 0.071 1.035 -5.176 -2.092 -0.061
-0.121 0.079 1.025 -5.679 -2.733 -0.183
-0.122 0.074 1.039 -6.351 -3.573 -0.137
-0.113 0.068 1.034 -6.809 -3.267 -0.137
-0.112 0.077 1.054 -6.473 -1.847 -0.641
-0.107 0.072 1.054 -6.473 -0.748 -1.206
-0.128 0.085 1.05 -6.458 -2.198 -1.267
-0.125 0.084 1.055 -7.252 -4.015 -1.16
-0.125 0.083 1.058 -6.397 -2.687 -0.824
-0.127 0.075 1.077 -5.603 -1.038 -0.672
-0.129 0.073 1.074 -4.885 -0.244 -0.366
-0.123 0.074 1.072 -4.58 -1.45 -0.092
-0.104 0.076 1.066 -4.656 -2.611 -0.137
-0.102 0.077 1.064 -3.969 -2.718 -0.718
-0.097 0.069 1.053 -3.664 -1.679 -1.389
-0.11 0.08 1.049 -4.626 -1.298 -1.908
-0.116 0.08 1.05 -4.641 -1.298 -2.076
-0.121 0.088 1.051 -5.115 -2.748 -1.908
-0.122 0.081 1.06 -5.664 -4.351 -1.847
-0.127 0.075 1.077 -4.931 -4.977 -1.802
-0.131 0.073 1.075 -3.481 -5.084 -1.573
-0.129 0.081 1.064 -3.145 -3.771 -1.588
-0.126 0.077 1.058 -2.977 -2.351 -1.313
-0.131 0.078 1.055 -2.947 -1.985 -1.267
-0.125 0.077 1.054 -3.13 -1.389 -1.313
-0.126 0.079 1.061 -3.053 -1.466 -1.527
-0.134 0.079 1.047 -3.053 -2.382 -1.344
-0.13 0.077 1.049 -3.328 -3.939 -1.115
-0.134 0.082 1.04 -3.313 -4.275 -0.565
-0.131 0.08 1.046 -3.618 -3.893 -0.351
-0.122 0.071 1.05 -3.74 -2.824 -0.305
-0.108 0.075 1.037 -3.725 -1.511 -0.55
-0.102 0.073 1.037 -3.725 0.427 -1.221
-0.118 0.078 1.039 -4.061 1.099 -1.481
-0.117 0.079 1.044 -4.229 1.115 -1.618
-0.128 0.08 1.046 -4.351 0.397 -1.542
-0.125 0.078 1.046 -4.29 0.611 -1.542
-0.133 0.079 1.052 -4.26 0.809 -1.206
-0.132 0.08 1.055 -4.351 0.641 -1.145
-0.134 0.085 1.056 -4.321 0.672 -0.931
-0.128 0.083 1.067 -4.26 -0.809 -0.473
-0.133 0.088 1.066 -4.168 -1.618 -0.122
-0.123 0.078 1.057 -3.756 -0.916 -0.244
-0.116 0.075 1.05 -3.908 0.748 -0.397
-0.129 0.079 1.047 -3.756 0.626 -0.565
-0.132 0.08 1.042 -4.427 -1.16 0.122
-0.131 0.077 1.04 -4.595 -3.344 0.397
-0.129 0.085 1.05 -4.962 -4.076 0.443
-0.115 0.075 1.047 -4.84 -2.58 -0.076
-0.123 0.083 1.05 -4.504 -0.519 -0.29
-0.138 0.08 1.048 -4.29 0.092 -0.031
-0.134 0.073 1.052 -4.305 -0.992 0.702
-0.124 0.083 1.037 -4.84 -2.565 1.069
-0.108 0.08 1.039 -5.313 -2.504 1.053
-0.11 0.078 1.048 -5.679 -2.137 0.443
-0.102 0.081 1.056 -5.527 -1.069 0.351
-0.107 0.081 1.06 -5.282 -0.855 -0.305
-0.115 0.082 1.074 -5.115 -1.802 -0.443
-0.112 0.081 1.055 -4.809 -3.45 -0.107
-0.106 0.082 1.073 -4.55 -3.344 -0.153
-0.104 0.077 1.062 -4.214 -2.198 -0.336
-0.106 0.074 1.059 -3.344 -1.481 -0.519
-0.11 0.077 1.058 -3.405 -1.313 -0.885
-0.109 0.085 1.053 -3.267 -1.573 -1.084
-0.108 0.087 1.058 -3.13 -1.328 -1.084
-0.117 0.08 1.056 -2.901 -0.687 -1.405
-0.115 0.083 1.042 -3.145 0.198 -1.359
-0.117 0.087 1.049 -3.435 -0.489 -1.603
-0.125 0.087 1.047 -3.634 -1.542 -1.389
-0.13 0.08 1.052 -3.771 -2.244 -0.931
-0.117 0.083 1.044 -3.74 -1.71 -0.656
-0.111 0.077 1.03 -3.863 -0.656 -0.718
-0.101 0.074 1.047 -4.427 -0.687 -1.115