0.008 0.131 1.064 -4.885 -1.405 -0.763
0.0 0.129 1.066 -5.481 -1.725 -0.397
0.01 0.125 1.055 -5.176 -1.344 -0.244
0.012 0.125 1.067 -5.634 -1.695 -0.55
0.018 0.124 1.07 -5.328 -0.962 -0.687
0.019 0.124 1.07 -5.237 -0.29 -0.931
0.015 0.124 1.07 -5.038 -0.107 -1.084
0.011 0.129 1.066 -5.145 -0.55 -1.038
0.012 0.126 1.069 -4.55 -2.046 -0.931
0.011 0.129 1.074 -4.504 -1.924 -0.962
0.015 0.121 1.073 -4.275 -1.344 -1.145
0.007 0.13 1.06 -4.611 -1.511 -1.16
0.012 0.128 1.065 -5.084 -2.962 -0.962
0.022 0.12 1.065 -5.359 -3.695 -1.084
0.015 0.126 1.071 -4.916 -0.947 -0.87
0.016 0.124 1.064 -5.008 1.267 -0.977
0.007 0.129 1.062 -4.58 -0.794 -0.84
0.006 0.132 1.066 -4.702 -3.099 -0.489
0.012 0.126 1.058 -3.939 -3.649 -0.443
0.023 0.128 1.067 -3.588 -2.198 -0.595
0.019 0.127 1.064 -3.359 -1.038 -0.687
0.016 0.127 1.056 -3.634 -1.206 -1.16
0.009 0.128 1.061 -4.656 -2.626 -0.809
0.007 0.127 1.055 -5.13 -3.389 -0.718
0.011 0.123 1.056 -5.45 -2.534 -0.29
0.01 0.121 1.052 -5.344 -2.626 -0.26
0.018 0.129 1.058 -5.389 -3.511 0.031
0.014 0.13 1.054 -5.908 -4.412 0.076
0.024 0.133 1.062 -5.695 -0.519 -0.26
0.029 0.12 1.071 -5.359 1.42 -0.611
0.02 0.127 1.061 -5.176 0.809 -0.916
0.011 0.123 1.053 -5.466 -2.092 -0.87
0.018 0.122 1.063 -5.695 -3.405 -0.565
0.03 0.124 1.075 -4.702 -2.458 -0.794
0.027 0.12 1.063 -4.168 -0.168 -0.931
0.026 0.126 1.06 -4.153 0.229 -1.13
0.022 0.123 1.071 -3.924 -0.031 -1.176
0.021 0.13 1.068 -4.137 -1.16 -1.053
0.022 0.13 1.068 -4.611 -1.817 -1.237
0.015 0.129 1.065 -4.794 -2.977 -1.206
0.019 0.127 1.068 -4.947 -4.641 -1.282
0.021 0.131 1.068 -4.611 -3.16 -1.328
0.014 0.132 1.055 -4.885 -1.588 -1.511
0.013 0.133 1.071 -4.58 -1.328 -1.679
0.006 0.132 1.062 -4.748 -1.756 -1.298
0.01 0.131 1.058 -4.321 -1.481 -0.763
0.013 0.131 1.062 -4.519 -0.794 -1.16
0.003 0.128 1.058 -4.427 -1.42 -1.053
0.006 0.132 1.052 -4.504 -3.893 -0.87
0.003 0.134 1.056 -4.779 -4.763 -0.489
0.013 0.125 1.062 -4.977 -4.305 -0.458
0.021 0.126 1.06 -5.023 -3.527 -0.305
0.031 0.119 1.069 -4.29 -2.305 -0.718
0.043 0.122 1.066 -4.0 -1.206 -1.13
0.033 0.121 1.047 -4.214 -0.733 -1.649
0.03 0.124 1.065 -4.489 -0.763 -2.061
0.025 0.122 1.072 -4.458 -2.0 -2.321
0.013 0.121 1.075 -4.931 -3.527 -2.29
0.018 0.122 1.07 -4.718 -3.725 -1.939
0.017 0.124 1.059 -4.84 -2.366 -1.634
0.013 0.126 1.058 -4.595 -0.916 -1.664
0.01 0.127 1.052 -4.489 -1.206 -1.298
0.021 0.125 1.057 -4.29 -0.244 -1.008
0.015 0.13 1.054 -4.443 0.153 -1.115
0.014 0.135 1.054 -4.595 -0.015 -0.992
0.014 0.128 1.057 -4.824 -1.664 -0.794
0.021 0.125 1.054 -4.962 -2.641 -0.87
0.023 0.127 1.052 -5.45 -3.298 -0.87
0.035 0.129 1.062 -5.084 -2.702 -1.313
0.026 0.127 1.065 -5.557 -2.244 -1.573
0.033 0.128 1.07 -5.115 -2.947 -2.29
0.034 0.124 1.069 -4.809 -3.084 -2.779
0.038 0.127 1.066 -5.023 -3.069 -3.679
0.021 0.126 1.074 -4.473 -3.924 -4.198
0.031 0.123 1.074 -3.771 -4.87 -4.718
0.029 0.128 1.067 -3.74 -5.099 -5.511
0.031 0.122 1.063 -3.008 -4.443 -6.55
0.028 0.122 1.073 -2.641 -2.855 -7.71
0.024 0.124 1.072 -2.198 -0.534 -7.832
0.019 0.121 1.081 -1.191 2.794 -8.031
0.065 0.115 1.117 0.107 8.855 -9.817
0.074 0.109 1.133 3.542 11.282 -13.328
0.056 0.105 1.113 5.954 12.84 -16.504
0.022 0.115 1.115 7.71 12.687 -18.336
-0.019 0.11 1.078 8.611 12.672 -19.634
-0.081 0.121 1.066 6.458 12.992 -19.802
-0.1 0.13 1.034 5.481 6.947 -18.641
-0.151 0.134 1.001 3.985 2.748 -15.74
-0.15 0.14 0.986 0.458 -1.466 -13.038
-0.165 0.152 0.99 -2.198 -0.015 -11.176
-0.171 0.159 0.965 -6.656 -0.366 -10.351
-0.164 0.13 1.049 -1.084 4.84 -8.885
-0.131 0.144 1.037 -2.183 -1.71 -8.58
-0.156 0.152 1.045 -2.244 0.962 -8.366
-0.127 0.139 1.037 -1.771 0.55 -8.336
-0.124 0.138 1.039 -2.992 2.84 -8.031
-0.111 0.13 1.046 -3.313 3.282 -7.695
-0.084 0.125 1.04 -4.092 4.076 -7.847
-0.071 0.11 1.073 -3.786 5.511 -8.198
-0.052 0.102 1.088 -2.55 8.275 -9.374
-0.044 0.105 1.077 0.031 14.412 -9.924
-0.042 0.104 1.058 0.412 17.649 -11.298
-0.088 0.118 1.042 -0.015 19.038 -11.359
-0.098 0.115 1.023 -0.794 18.031 -10.763
-0.116 0.123 1.011 -2.58 16.992 -10.366
-0.135 0.13 1.046 -3.634 21.313 -9.374
-0.125 0.113 1.028 -0.748 28.351 -8.611
-0.211 0.151 1.015 -6.168 19.389 -4.031
-0.178 0.133 0.994 -4.214 25.771 -1.328
-0.154 0.136 0.985 -8.168 25.267 0.824
-0.153 0.142 0.99 -11.405 29.756 1.634
-0.132 0.123 1.016 -12.122 26.366 2.26
-0.12 0.119 1.025 -13.863 22.229 1.282
-0.109 0.109 1.039 -13.924 18.412 -0.183
-0.113 0.104 1.051 -12.87 16.885 -1.344
-0.099 0.113 1.05 -13.374 19.725 -2.275
-0.149 0.116 1.029 -13.359 15.542 -3.557
-0.121 0.106 1.027 -12.351 23.664 -4.84
-0.128 0.105 0.996 -13.71 18.702 -5.878
-0.11 0.11 0.991 -16.656 21.13 -8.122
-0.201 0.123 0.99 -19.496 12.046 -8.107
-0.137 0.078 1.05 -19.511 11.939 -9.435
-0.101 0.051 1.074 -15.74 6.687 -12.916
-0.156 0.078 1.13 -18.702 -6.336 -14.489
-0.184 0.091 1.125 -14.382 -4.779 -15.527
-0.25 0.101 1.042 -8.595 0.718 -13.893
-0.203 0.102 1.006 -14.168 10.611 -10.061
-0.26 0.131 1.05 -15.481 21.115 -5.267
-0.314 0.128 1.035 -15.191 19.634 1.847
-0.236 0.094 1.069 -16.458 18.26 8.504
-0.227 0.097 1.084 -18.168 3.832 14.351
-0.169 0.087 1.055 -14.641 -1.573 16.489
-0.111 0.075 1.059 -18.641 -5.527 18.855
-0.102 0.07 1.081 -16.382 -3.939 19.771
-0.084 0.064 1.079 -15.45 8.473 20.687
-0.091 0.07 1.08 -15.42 19.511 22.061
-0.165 0.088 1.104 -14.824 20.595 24.84
-0.163 0.073 1.084 -15.069 12.748 28.382
-0.173 0.091 1.096 -16.107 0.595 33.038
-0.143 0.079 1.064 -16.015 -2.931 35.405
-0.095 0.059 1.07 -14.55 -1.908 37.969
-0.083 0.063 1.071 -13.985 4.473 37.939
-0.073 0.057 1.042 -15.115 11.389 37.511
-0.077 0.062 1.038 -16.351 14.84 36.321
-0.086 0.068 1.045 -19.664 16.122 35.176
-0.094 0.06 1.04 -20.947 17.511 33.389
-0.124 0.039 1.058 -19.374 15.435 33.405
-0.141 0.057 1.073 -20.321 12.26 34.412
-0.177 0.051 1.1 -19.176 9.252 35.069
-0.129 0.038 1.064 -17.496 9.405 34.809
-0.156 0.053 1.07 -17.16 6.504 36.366
-0.131 0.055 1.03 -15.817 11.237 36.046
-0.094 0.049 1.016 -18.168 20.763 34.656
-0.112 0.057 1.019 -21.038 26.84 32.641
-0.124 0.054 1.034 -23.374 26.061 32.779
-0.167 0.07 1.069 -25.16 19.878 33.374
-0.194 0.06 1.086 -23.435 10.885 34.84
-0.235 0.062 1.081 -21.695 3.634 38.168
-0.224 0.059 1.06 -20.489 1.695 43.298
-0.158 0.047 1.069 -20.84 5.16 46.687
-0.105 0.045 1.025 -19.176 13.42 45.939
-0.066 0.047 0.997 -22.443 21.374 44.992
-0.043 0.043 0.999 -26.794 23.527 43.13
-0.07 0.033 1.034 -27.893 24.321 41.664
-0.06 0.023 1.072 -27.267 23.603 40.595
-0.105 0.039 1.113 -28.672 21.664 40.275
-0.094 0.02 1.099 -23.145 15.008 40.26
-0.066 0.017 1.1 -22.198 14.061 40.763
-0.074 0.033 1.103 -20.84 9.496 40.931
-0.052 0.03 1.084 -19.145 12.534 40.275
-0.042 0.041 1.068 -20.718 14.168 38.916
-0.051 0.03 1.076 -20.275 14.504 37.557
-0.034 0.026 1.046 -22.076 8.87 35.282
-0.088 0.035 1.141 -19.481 4.107 37.511
-0.053 0.039 1.052 -16.427 -0.977 36.748
-0.017 0.023 1.057 -17.573 9.328 33.74
-0.021 0.028 1.068 -14.885 14.824 30.214
-0.064 0.035 1.086 -14.519 18.458 28.321
-0.071 0.023 1.056 -12.702 19.679 26.519
-0.11 0.033 1.09 -12.794 13.282 28.244
-0.126 0.05 1.034 -12.092 5.069 29.298
-0.08 0.034 1.043 -12.87 3.527 29.099
-0.074 0.043 1.054 -12.031 1.664 27.511
-0.063 0.049 1.023 -12.229 4.122 26.26
-0.077 0.042 1.039 -12.168 4.397 24.672
-0.081 0.058 1.046 -11.511 5.634 24.0
-0.1 0.056 1.03 -11.298 6.656 23.695
-0.085 0.055 1.004 -12.29 5.405 23.008
-0.034 0.052 1.02 -16.351 1.557 21.969
-0.067 0.065 1.034 -12.794 7.252 19.634
-0.036 0.047 1.029 -12.031 9.237 16.626
-0.062 0.059 1.031 -13.298 9.099 14.656
-0.092 0.072 1.021 -10.931 11.618 12.595
-0.077 0.063 1.03 -12.977 10.031 10.84
-0.101 0.053 1.066 -13.145 8.473 9.786
-0.127 0.063 1.099 -11.16 7.695 9.435
-0.134 0.052 1.111 -7.878 7.282 8.87
-0.146 0.053 1.094 -4.595 7.405 8.58
-0.171 0.057 1.078 -3.282 5.16 8.58
-0.19 0.07 1.066 -2.427 1.786 9.908
-0.167 0.069 1.051 -1.817 1.252 10.275
-0.153 0.069 1.045 -1.817 1.969 9.71
-0.156 0.067 1.047 -2.244 1.817 9.191
-0.149 0.064 1.039 -1.985 -0.87 8.534
-0.139 0.066 1.054 -2.275 -1.344 7.557
-0.142 0.058 1.053 -1.71 0.183 6.412
-0.15 0.062 1.054 -1.481 1.374 5.481
-0.163 0.067 1.05 -1.588 0.321 4.748
-0.151 0.071 1.048 -1.405 -0.901 3.603
-0.163 0.066 1.038 -2.183 -1.908 2.687
-0.153 0.065 1.044 -2.809 -0.427 1.206
-0.182 0.067 1.058 -3.664 -0.473 0.489
-0.194 0.059 1.061 -3.679 -2.565 0.366
-0.183 0.067 1.056 -4.26 -4.366 0.489
-0.192 0.059 1.063 -4.534 -5.527 0.031
-0.209 0.065 1.072 -4.092 -5.038 -0.092
-0.208 0.067 1.088 -3.298 -6.229 0.122
-0.25 0.069 1.094 -1.374 -7.42 1.084
-0.258 0.067 1.091 0.763 -4.626 2.305
-0.239 0.057 1.087 1.359 -6.763 4.061
-0.21 0.058 1.107 1.099 -4.809 4.122
-0.184 0.064 1.06 3.542 -8.534 4.626
-0.174 0.07 1.033 3.038 -5.634 3.649
-0.178 0.062 1.032 2.26 -6.519 3.267
-0.183 0.077 1.032 1.42 -10.977 3.924
-0.143 0.062 1.018 3.023 -3.344 1.344
-0.151 0.062 0.992 1.557 -3.649 0.122
-0.178 0.079 0.978 -0.427 1.389 -1.557
-0.173 0.07 0.975 -2.198 1.573 -1.969
-0.197 0.071 1.009 -3.45 0.29 -2.26
-0.192 0.063 1.026 -3.435 -0.656 -2.718
-0.211 0.072 1.032 -3.588 -1.542 -3.053
-0.213 0.072 1.033 -4.443 -2.489 -2.611
-0.22 0.071 1.042 -4.901 -3.756 -1.725
-0.218 0.069 1.063 -3.817 -3.649 -1.45
-0.209 0.067 1.056 -2.137 -1.511 -1.74
-0.221 0.069 1.057 -1.74 -0.305 -1.282
-0.232 0.077 1.046 -1.466 -0.565 -0.519
-0.221 0.074 1.042 -1.282 -1.756 0.107
-0.208 0.067 1.047 -1.237 -2.366 0.229
-0.207 0.068 1.035 -1.344 -1.649 0.321
-0.197 0.064 1.039 -2.214 -2.244 0.427
-0.196 0.066 1.033 -1.71 -1.771 0.137
-0.193 0.069 1.026 -1.847 -1.649 0.168
-0.205 0.072 1.035 -2.534 -0.794 0.076
-0.204 0.067 1.03 -1.985 -0.641 -0.046
-0.204 0.063 1.033 -1.817 -0.931 0.229
-0.21 0.073 1.028 -2.015 -1.298 0.565
-0.186 0.073 1.038 -1.863 -2.122 0.336
-0.176 0.069 1.046 -1.191 -2.336 -0.443
-0.18 0.073 1.033 -1.221 -2.412 -0.962
-0.185 0.075 1.014 -1.725 -0.901 -1.313
-0.192 0.075 1.005 -2.351 0.198 -1.603
-0.197 0.078 1.01 -3.42 -0.046 -1.527
-0.202 0.078 1.011 -4.321 0.55 -2.031
-0.218 0.075 1.028 -4.733 -0.198 -1.908
-0.228 0.075 1.031 -4.992 -2.321 -0.779
-0.214 0.068 1.042 -4.702 -3.847 -0.595
-0.199 0.061 1.054 -3.191 -2.137 -0.901
-0.211 0.07 1.03 -2.443 -1.847 -0.427
-0.218 0.078 1.011 -3.588 -2.214 0.504
-0.208 0.072 1.003 -4.595 -3.786 0.611
-0.194 0.069 1.018 -4.061 -4.702 0.229
-0.198 0.07 1.033 -4.214 -3.695 0.076
-0.197 0.066 1.033 -3.908 -2.275 0.061
-0.208 0.074 1.021 -4.153 -4.229 0.611
-0.195 0.074 1.019 -4.473 -4.931 0.809
-0.194 0.071 1.026 -4.733 -4.748 0.916
-0.178 0.064 1.024 -4.229 -4.672 0.901
-0.181 0.062 1.012 -4.168 -4.794 0.504
-0.15 0.089 0.969 -10.092 -19.664 3.237
-0.196 0.077 0.984 -1.527 -1.038 -0.504
-0.141 0.054 0.994 -4.885 -2.733 -0.611
-0.205 0.081 1.019 -5.817 -2.809 -0.29
-0.206 0.074 1.015 -5.74 -2.458 -0.153
-0.2 0.065 1.044 -5.74 -4.656 -0.031
-0.199 0.075 1.049 -5.542 -2.809 0.061
-0.207 0.073 1.044 -4.641 -0.214 -0.031
-0.212 0.076 1.052 -4.58 -1.954 0.489
-0.213 0.077 1.032 -4.458 -4.794 1.16
-0.195 0.078 1.044 -4.198 -4.916 1.206
-0.196 0.08 1.035 -4.214 -3.802 1.13
-0.201 0.076 1.034 -4.687 -2.519 0.947
-0.201 0.074 1.04 -5.176 -2.641 0.901
-0.199 0.076 1.028 -5.481 -2.122 0.519
-0.199 0.077 1.026 -6.519 -0.916 0.748
-0.208 0.07 1.032 -6.595 -1.344 0.824
-0.202 0.072 1.039 -6.137 -2.504 0.809
-0.209 0.075 1.046 -6.458 -4.031 1.084
-0.186 0.078 1.052 -6.687 -3.71 1.557
-0.167 0.08 1.077 -6.855 0.58 0.962
-0.174 0.079 1.113 -5.237 1.221 0.229
-0.178 0.077 1.108 -3.145 0.168 0.29
-0.18 0.088 1.093 -1.511 -0.885 0.321
-0.18 0.088 1.075 -0.748 -0.366 0.366
-0.188 0.087 1.062 -0.763 0.611 0.534
-0.203 0.089 1.05 -0.656 1.344 0.595
-0.201 0.093 1.039 -0.55 1.435 0.916
-0.213 0.09 1.04 -0.718 0.855 1.679
-0.212 0.089 1.019 -0.641 0.489 1.893
-0.211 0.087 1.031 -0.565 0.794 2.458
-0.211 0.087 1.035 -0.427 -0.733 2.855
-0.192 0.086 1.018 -0.763 -2.427 2.977
-0.182 0.088 1.025 -0.977 -2.702 2.58
-0.172 0.086 1.022 -1.435 -1.939 1.817
-0.173 0.085 1.019 -2.198 -2.137 1.115
-0.171 0.09 1.009 -3.191 -2.137 0.565
-0.172 0.09 1.015 -4.031 -2.702 -0.015
-0.172 0.083 1.017 -4.336 -1.954 -0.489
-0.18 0.084 1.019 -4.916 -0.794 -0.733
-0.187 0.078 1.042 -4.336 -1.008 -1.099
-0.183 0.085 1.031 -3.832 -1.008 -1.328
-0.196 0.085 1.043 -3.893 -1.13 -1.496
-0.201 0.083 1.047 -3.618 -1.42 -1.252
-0.208 0.084 1.047 -3.344 -2.748 -0.473
-0.2 0.083 1.036 -2.779 -3.191 -0.305
-0.207 0.089 1.036 -2.977 -3.405 0.397
-0.218 0.082 1.033 -2.702 -3.435 1.084
-0.195 0.083 1.018 -3.466 -2.687 1.557
-0.185 0.088 1.015 -4.015 -2.076 1.466
-0.189 0.082 1.01 -4.26 -1.252 1.221
-0.191 0.08 1.018 -4.977 -2.076 1.557
-0.188 0.077 1.021 -4.931 -2.931 1.664
-0.178 0.08 1.025 -5.084 -3.573 1.252
-0.168 0.079 1.029 -4.061 -2.931 0.336
-0.181 0.084 1.042 -4.229 -2.534 0.55
-0.188 0.084 1.037 -4.26 -1.954 1.008
-0.167 0.084 1.05 -4.58 -1.924 1.481
-0.152 0.081 1.052 -3.634 -0.489 1.344
-0.132 0.077 1.058 -2.412 -1.282 1.511
-0.118 0.083 1.042 -2.153 -0.168 0.107
-0.135 0.086 1.033 -2.427 -2.26 -0.931
-0.157 0.092 1.022 -2.519 -1.985 -2.076
-0.188 0.092 1.02 -3.664 -2.244 -2.412
-0.195 0.099 1.025 -3.969 -3.252 -2.107
-0.191 0.096 1.019 -3.527 -3.237 -1.985
-0.205 0.101 1.019 -4.061 -2.901 -1.359
-0.19 0.095 1.026 -4.275 -2.0 -1.634
-0.201 0.097 1.025 -4.473 -2.092 -1.893
-0.201 0.096 1.039 -4.214 -0.763 -1.496
-0.201 0.097 1.038 -4.015 -0.366 -1.374
-0.204 0.098 1.038 -4.153 0.885 -1.328
-0.202 0.098 1.028 -4.748 1.588 -1.389
-0.2 0.095 1.038 -5.298 0.305 -1.374
-0.207 0.094 1.05 -4.733 -0.718 -1.069
-0.201 0.095 1.048 -4.885 -1.16 -0.656
-0.199 0.09 1.053 -5.099 -2.55 -0.122
-0.186 0.092 1.066 -4.366 -2.733 -0.427
-0.184 0.093 1.057 -3.557 -2.702 -0.504
-0.193 0.099 1.05 -2.885 -1.771 -0.87
-0.196 0.092 1.041 -3.145 -2.031 -0.519
-0.199 0.098 1.044 -3.557 -3.939 0.046
-0.172 0.085 1.051 -2.595 -3.038 -0.198
-0.188 0.089 1.041 -1.298 -1.893 -0.214
-0.19 0.091 1.028 -1.71 -1.267 -0.183
-0.197 0.097 1.021 -2.962 -2.58 0.153
-0.189 0.092 1.021 -3.679 -3.328 0.305
-0.173 0.091 1.016 -4.076 -2.641 -0.198
-0.175 0.1 1.038 -4.855 -0.885 -0.244
-0.191 0.087 1.033 -4.122 0.672 -0.534
-0.194 0.088 1.032 -4.794 -0.641 -0.229
-0.184 0.087 1.05 -4.55 -1.634 0.0
-0.179 0.078 1.042 -3.221 -0.366 -0.947
-0.191 0.085 1.027 -3.328 1.023 -0.885
-0.199 0.088 1.035 -3.74 1.649 -0.962
-0.209 0.091 1.033 -4.031 0.534 -0.641
-0.214 0.094 1.032 -3.802 -1.099 -0.198
-0.21 0.092 1.028 -4.244 -1.328 0.672
-0.208 0.096 1.023 -4.901 -0.244 1.695
-0.191 0.095 1.035 -4.794 0.473 2.137
-0.183 0.098 1.048 -3.939 1.542 2.519
-0.174 0.083 1.06 -2.763 1.13 2.473
-0.162 0.092 1.055 -1.786 1.115 2.672
-0.169 0.085 1.026 -1.405 1.282 2.397
-0.158 0.095 1.016 -1.725 2.198 2.183
-0.182 0.103 1.054 -0.366 3.557 2.305
-0.202 0.121 1.007 -0.092 4.137 2.733
-0.164 0.091 0.987 0.275 0.198 2.702
-0.15 0.094 1.023 -2.809 3.679 0.855
-0.19 0.099 1.028 -2.443 0.916 0.473
-0.201 0.091 1.013 -0.641 -2.092 2.183
-0.178 0.102 1.025 -3.435 -2.718 1.084
-0.193 0.107 1.033 -3.359 -0.122 1.084
-0.201 0.099 1.022 -3.466 -0.534 0.489
-0.214 0.103 1.035 -4.489 -1.221 0.916
-0.205 0.102 1.047 -4.305 -2.519 1.053
-0.192 0.109 1.035 -4.626 -1.573 0.947
-0.195 0.115 1.035 -4.916 -0.061 0.595
-0.201 0.105 1.027 -5.511 0.443 0.855
-0.191 0.111 1.023 -6.672 -1.328 0.794
-0.184 0.104 1.021 -6.992 -0.275 0.443
-0.18 0.105 1.043 -7.344 -0.122 0.29
-0.176 0.097 1.047 -6.58 0.031 -0.015
-0.17 0.103 1.037 -6.305 0.519 -0.794
-0.181 0.103 1.05 -6.122 1.16 -1.389
-0.192 0.104 1.062 -5.328 -0.015 -1.573
-0.206 0.104 1.063 -4.29 -1.542 -1.053
-0.201 0.102 1.041 -3.695 -3.634 -0.397
-0.2 0.109 1.038 -4.214 -3.725 0.336
-0.19 0.107 1.035 -4.168 -3.725 0.58