0.088 0.135 1.061 -5.679 -2.107 -0.214
0.095 0.138 1.062 -5.969 -3.023 -0.137
0.101 0.134 1.063 -5.878 -2.0 -0.229
0.094 0.127 1.065 -6.092 -2.595 -0.26
0.104 0.131 1.065 -6.183 -3.008 -0.229
0.1 0.119 1.064 -5.71 -2.794 -0.641
0.095 0.126 1.059 -5.313 -2.702 -0.702
0.085 0.129 1.068 -6.198 -4.351 -0.183
0.099 0.129 1.055 -6.061 -4.656 -0.092
0.1 0.125 1.06 -6.641 -4.885 0.015
0.103 0.122 1.057 -6.198 -3.634 -0.015
0.1 0.131 1.073 -6.183 -2.26 0.061
0.1 0.124 1.066 -6.092 -3.511 0.015
0.094 0.13 1.076 -5.679 -3.191 0.153
0.1 0.131 1.076 -5.221 -2.565 0.0
0.114 0.123 1.051 -3.099 1.298 0.0
0.084 0.137 1.061 -5.649 -1.176 0.168
0.108 0.123 1.051 -5.45 -4.855 -0.076
0.11 0.129 1.041 -6.473 -2.977 -0.336
0.104 0.122 1.059 -6.275 -2.351 -0.687
0.109 0.129 1.054 -5.389 1.42 -0.779
0.094 0.126 1.07 -6.153 -0.763 -0.412
0.106 0.125 1.084 -6.443 -2.977 -0.29
0.118 0.124 1.072 -5.74 -1.725 -0.214
0.114 0.122 1.08 -4.84 -1.374 -0.901
0.109 0.126 1.072 -4.26 -0.992 -0.885
0.098 0.122 1.064 -4.153 -1.802 -0.84
0.104 0.121 1.072 -4.321 -1.802 -0.611
0.094 0.128 1.067 -4.443 -2.0 -0.336
0.097 0.129 1.056 -4.473 -1.298 -0.26
0.105 0.127 1.065 -3.817 -0.321 -0.275
0.107 0.125 1.06 -3.771 -0.885 -0.397
0.104 0.127 1.054 -3.924 -0.947 -0.366
0.105 0.129 1.049 -4.702 -1.328 -0.305
0.113 0.127 1.05 -5.13 -0.977 -0.672
0.111 0.123 1.058 -5.16 -1.313 -0.748
0.099 0.13 1.063 -5.237 -1.71 -0.519
0.105 0.13 1.07 -4.656 -1.71 -0.458
0.105 0.124 1.072 -4.321 -2.153 -0.611
0.101 0.125 1.066 -3.542 -1.298 -0.595
0.097 0.126 1.053 -3.847 -1.344 -0.779
0.1 0.129 1.061 -3.695 -0.901 -0.565
0.107 0.128 1.059 -3.511 -0.397 -0.656
0.103 0.122 1.06 -3.099 -0.718 -0.321
0.113 0.113 1.07 -3.435 -1.496 -0.901
0.108 0.129 1.062 -2.656 0.489 -1.282
0.103 0.125 1.06 -3.206 -1.389 -1.344
0.113 0.132 1.05 -3.328 0.366 -1.664
0.103 0.131 1.064 -3.771 0.626 -1.374
0.123 0.128 1.053 -3.985 -0.534 -1.786
0.126 0.135 1.05 -4.458 1.42 -2.534
0.112 0.135 1.038 -4.947 0.809 -2.916
0.117 0.136 1.044 -5.679 0.595 -3.298
0.09 0.127 1.059 -5.878 1.618 -3.206
0.086 0.131 1.081 -6.061 -0.351 -2.87
0.087 0.128 1.087 -4.916 1.252 -2.672
0.064 0.127 1.088 -4.366 -0.824 -1.802
0.069 0.133 1.083 -3.45 -2.061 -0.718
0.069 0.128 1.065 -3.618 -3.237 0.061
0.09 0.129 1.055 -3.389 -3.954 0.489
0.093 0.135 1.04 -4.244 -3.71 0.809
0.104 0.133 1.043 -4.916 -4.87 1.237
0.122 0.13 1.038 -6.122 -3.679 1.099
0.123 0.124 1.05 -6.397 -2.443 0.687
0.132 0.118 1.057 -4.885 -0.183 0.183
0.125 0.119 1.066 -6.672 -2.26 -0.229
0.127 0.123 1.069 -5.878 -1.221 -1.069
0.121 0.118 1.08 -4.931 0.656 -1.466
0.097 0.129 1.067 -4.55 0.26 -1.618
0.098 0.133 1.064 -4.214 0.443 -1.466
0.086 0.136 1.052 -4.702 -0.504 -1.023
0.08 0.138 1.061 -5.435 -1.435 -0.443
0.095 0.127 1.053 -5.756 -1.924 0.107
0.095 0.129 1.069 -6.29 -1.832 0.168
0.097 0.128 1.078 -5.649 -1.176 0.137
0.108 0.122 1.083 -5.237 -1.664 0.198
0.1 0.125 1.072 -4.702 -2.336 -0.183
0.103 0.129 1.059 -4.229 -1.863 -0.29
0.098 0.123 1.05 -4.427 -1.573 -0.412
0.099 0.123 1.042 -5.099 -1.527 -0.29
0.104 0.128 1.053 -5.74 -2.489 -0.397
0.112 0.128 1.059 -6.015 -2.473 -0.046
0.119 0.125 1.063 -5.817 -1.588 -0.122
0.121 0.126 1.069 -5.511 -1.206 -0.687
0.103 0.125 1.066 -5.191 -1.557 -0.779
0.105 0.132 1.068 -4.87 -1.939 -0.87
0.1 0.126 1.064 -4.794 -2.397 -0.687
0.098 0.128 1.064 -4.641 -2.076 -0.321
0.095 0.128 1.046 -5.252 -2.656 -0.061
0.102 0.123 1.048 -5.832 -3.13 0.153
0.098 0.121 1.056 -6.183 -3.298 0.107
0.101 0.12 1.058 -6.29 -3.023 0.076
0.1 0.108 1.074 -6.153 -3.374 -0.168
0.091 0.123 1.088 -3.939 -2.092 0.168
0.11 0.125 1.069 -4.855 -2.748 0.351
0.099 0.13 1.064 -5.71 -4.107 0.366
0.106 0.134 1.051 -5.405 -3.191 0.137
0.11 0.13 1.059 -5.176 -2.87 -0.046
0.105 0.134 1.06 -3.481 0.641 0.29
0.101 0.13 1.084 -7.313 -4.458 0.107
0.118 0.122 1.074 -6.382 -3.832 0.275
0.114 0.12 1.087 -5.71 -2.916 0.153
0.123 0.115 1.085 -5.221 -2.779 0.183
0.125 0.114 1.075 -4.29 -1.023 -0.305
0.122 0.119 1.082 -3.42 -0.321 -0.55
0.109 0.113 1.067 -2.992 -0.183 -0.992
0.115 0.119 1.058 -3.511 -1.374 -1.282
0.104 0.127 1.062 -3.802 -1.191 -1.786
0.099 0.124 1.061 -2.366 0.198 -0.992
0.091 0.13 1.045 -3.527 -1.817 -0.565
0.095 0.133 1.042 -4.061 -1.954 -0.107
0.095 0.137 1.039 -5.298 -2.885 0.107
0.101 0.13 1.041 -5.969 -2.718 0.641
0.107 0.126 1.045 -6.519 -2.84 0.748
0.125 0.122 1.056 -6.687 -2.718 0.092
0.123 0.115 1.062 -6.0 -1.252 -0.641
0.117 0.115 1.074 -4.992 -1.649 -0.748
0.116 0.126 1.074 -4.198 -0.992 -0.901
0.109 0.127 1.069 -4.748 -1.298 -0.519
0.1 0.128 1.072 -4.351 -0.84 -0.672
0.103 0.125 1.085 -4.305 -0.748 -0.489
0.109 0.126 1.053 -4.26 -0.992 -0.519
0.107 0.123 1.061 -4.397 -0.779 -0.595
0.11 0.127 1.063 -4.183 -1.084 -0.58
0.107 0.124 1.066 -3.786 -0.947 -0.87
0.097 0.125 1.058 -3.756 -1.191 -0.641
0.103 0.128 1.055 -3.771 -1.832 -0.305
0.111 0.128 1.047 -4.595 -1.496 0.122
0.107 0.118 1.044 -5.466 -1.511 0.305
0.116 0.124 1.047 -6.183 -2.26 0.229
0.132 0.113 1.058 -3.74 -0.336 0.076
0.114 0.128 1.075 -6.29 -2.412 -0.656
0.113 0.125 1.072 -4.885 -2.244 -0.824
0.109 0.114 1.07 -4.687 -1.771 -0.87
0.099 0.124 1.058 -4.809 -1.969 -0.809
0.107 0.126 1.074 -4.305 -1.802 -0.672
0.101 0.123 1.067 -4.275 -1.71 -0.305
0.112 0.125 1.069 -4.443 -1.206 -0.29
0.109 0.129 1.065 -4.702 -1.023 -0.153
0.108 0.125 1.066 -4.885 -1.725 -0.29
0.106 0.126 1.069 -4.855 -1.908 -0.046
0.105 0.121 1.05 -5.237 -2.351 -0.015
0.112 0.119 1.052 -5.282 -2.305 -0.244
0.108 0.13 1.06 -5.191 -2.809 -0.229
0.113 0.12 1.055 -5.115 -2.183 -0.305
0.115 0.119 1.051 -4.794 -0.321 -0.672
0.108 0.127 1.059 -3.969 -0.076 -0.534
0.11 0.123 1.055 -5.176 -0.87 -0.214
0.117 0.12 1.04 -5.893 -0.29 -0.595
0.086 0.135 1.089 -3.725 0.687 -0.153
0.116 0.123 1.058 -5.802 -2.168 -0.26
0.114 0.123 1.072 -4.84 -0.55 0.061
0.123 0.12 1.057 -4.031 -0.656 -0.321
0.113 0.124 1.068 -4.29 -0.076 -0.351
0.11 0.12 1.06 -4.672 -2.534 -0.458
0.11 0.121 1.057 -4.702 -2.305 -0.458
0.118 0.127 1.065 -5.084 -2.122 -0.55
0.115 0.123 1.068 -4.702 -1.985 -0.565
0.115 0.123 1.065 -4.122 -0.977 -0.351
0.118 0.125 1.072 -4.046 -0.214 -0.244
0.126 0.123 1.056 -4.198 -0.611 -0.29
0.122 0.127 1.049 -4.382 -0.595 -0.748
0.118 0.126 1.047 -4.931 -0.977 -0.87
0.106 0.126 1.063 -5.13 -1.359 -1.023
0.106 0.125 1.055 -5.191 -1.542 -1.176
0.11 0.12 1.071 -5.481 -1.435 -1.084
0.109 0.121 1.067 -4.763 0.565 -1.084
0.109 0.114 1.083 -4.183 0.183 -1.053
0.109 0.125 1.069 -4.061 -0.885 -0.58
0.101 0.123 1.066 -3.466 0.397 -0.824
0.114 0.124 1.062 -3.664 -0.519 -0.962
0.116 0.121 1.055 -4.015 0.489 -1.053
0.103 0.121 1.057 -4.198 0.137 -0.931
0.105 0.128 1.059 -4.489 -0.489 -1.053
0.109 0.134 1.05 -4.718 -0.443 -1.115
0.097 0.126 1.059 -5.038 -1.573 -0.855
0.088 0.128 1.054 -5.145 -1.954 -0.244
0.1 0.127 1.064 -5.634 -2.656 0.183
0.113 0.126 1.059 -5.649 -2.733 0.412
0.121 0.122 1.064 -5.908 -2.611 0.321
0.123 0.119 1.061 -5.969 -2.458 0.29
0.129 0.11 1.07 -2.58 -0.931 -0.214
0.111 0.122 1.084 -5.817 -3.282 -0.397
0.113 0.127 1.078 -4.351 -3.237 0.122
0.118 0.121 1.062 -4.092 -1.756 0.122
0.124 0.126 1.047 -4.397 -0.061 -0.275
0.112 0.125 1.066 -4.427 -0.611 -0.29
0.115 0.123 1.064 -4.763 -1.328 -0.473
0.121 0.125 1.063 -4.763 -0.733 -0.55
0.109 0.128 1.057 -4.992 -1.298 -0.672
0.102 0.129 1.064 -4.672 -1.221 -0.672
0.091 0.13 1.063 -5.221 -1.878 -0.366
0.093 0.128 1.061 -5.496 -2.519 0.031
0.101 0.127 1.059 -5.634 -2.29 0.305
0.113 0.123 1.062 -5.405 -2.626 0.534
0.125 0.123 1.054 -5.389 -2.397 0.519
0.128 0.116 1.06 -5.267 -1.893 -0.137
0.139 0.114 1.057 -2.84 0.443 -0.321
0.114 0.122 1.063 -5.802 -2.153 -0.824
0.118 0.127 1.07 -5.13 -2.137 -0.672
0.115 0.127 1.07 -4.443 -1.588 -0.656
0.111 0.122 1.054 -4.885 -1.466 -0.626
0.106 0.131 1.057 -4.885 -1.344 -0.351
0.103 0.125 1.054 -4.992 -2.336 -0.122
0.106 0.125 1.06 -5.053 -2.427 -0.092
0.107 0.121 1.059 -5.038 -2.092 -0.26
0.116 0.121 1.064 -5.084 -2.824 -0.351
0.12 0.125 1.062 -4.305 -2.061 -0.29
0.108 0.123 1.064 -4.443 -1.053 -0.305
0.108 0.118 1.067 -4.794 -2.229 -0.198
0.12 0.118 1.058 -4.504 -0.977 -0.443
0.108 0.135 1.063 -2.824 1.679 -0.366
0.099 0.128 1.066 -4.427 -0.656 -0.412
0.118 0.119 1.059 -4.107 -1.145 -0.275
0.114 0.134 1.052 -3.954 -0.656 -0.244
0.104 0.121 1.057 -5.924 -3.313 0.168
0.11 0.123 1.063 -4.748 -1.725 0.412
0.118 0.121 1.061 -6.046 -2.84 0.275
0.125 0.114 1.064 -4.565 -1.649 0.061
0.122 0.116 1.073 -4.122 -1.298 -0.183
0.116 0.118 1.062 -5.16 -3.221 -0.244
0.12 0.118 1.06 -4.26 -2.702 -0.29
0.111 0.117 1.068 -4.427 -2.336 -0.214
0.125 0.124 1.063 -4.183 -2.244 0.153
0.129 0.126 1.056 -4.824 -1.847 -0.015
0.132 0.128 1.062 -4.504 -0.412 -0.611
0.125 0.125 1.053 -4.809 0.107 -0.748
0.129 0.123 1.054 -5.115 0.672 -1.145
0.12 0.124 1.069 -5.084 0.519 -1.252
0.116 0.119 1.069 -4.779 0.061 -1.16
0.114 0.115 1.082 -4.244 0.137 -1.13
0.109 0.12 1.074 -3.588 0.519 -1.13
0.103 0.12 1.07 -3.649 -0.244 -0.855
0.109 0.122 1.061 -3.878 -0.656 -0.595
0.106 0.126 1.051 -3.786 -1.344 -0.595
0.117 0.125 1.054 -4.244 -1.756 -0.534
0.116 0.129 1.042 -4.55 -0.565 -0.824
0.109 0.126 1.052 -5.282 -0.885 -0.626
0.114 0.124 1.067 -5.511 -1.221 -0.244
0.118 0.121 1.066 -5.527 -1.863 -0.534
0.113 0.12 1.069 -5.359 -1.496 -0.55
0.119 0.124 1.077 -4.901 -1.557 -0.565
0.107 0.121 1.077 -4.824 -1.679 -0.397
0.11 0.127 1.064 -4.84 -2.092 -0.214
0.114 0.125 1.048 -5.115 -2.305 -0.092
0.114 0.128 1.052 -5.13 -2.336 0.412
0.124 0.123 1.049 -6.061 -2.748 0.122
0.121 0.12 1.055 -5.74 -2.015 -0.137
0.133 0.118 1.053 -5.695 -1.573 -0.641
0.12 0.117 1.064 -5.42 -0.855 -0.977
0.112 0.121 1.069 -5.435 -0.885 -0.977
0.115 0.115 1.064 -5.023 0.061 -0.824
0.12 0.119 1.07 -4.565 0.214 -1.099
0.11 0.121 1.068 -4.641 0.397 -0.809
0.112 0.123 1.06 -4.595 0.595 -0.656
0.122 0.122 1.068 -4.489 0.534 -1.023
0.093 0.127 1.08 -5.038 -1.893 -1.252
0.125 0.115 1.054 -4.122 -1.802 -1.176
0.103 0.121 1.062 -4.458 0.397 -1.237
0.102 0.122 1.079 -4.855 -3.038 -1.359
0.098 0.121 1.058 -3.969 0.595 -0.87
0.09 0.121 1.072 -4.321 -2.015 -0.321
0.1 0.118 1.07 -4.489 -1.649 0.092
0.095 0.121 1.062 -4.565 -3.099 0.29
0.103 0.122 1.058 -4.58 -4.382 0.244
0.107 0.126 1.053 -4.885 -4.519 0.351
0.12 0.128 1.05 -5.145 -4.412 0.427
0.121 0.128 1.046 -5.74 -4.382 0.168
0.129 0.125 1.055 -5.649 -3.863 -0.015
0.137 0.12 1.06 -5.725 -3.206 -0.534
0.137 0.117 1.073 -5.344 -2.107 -0.824
0.128 0.119 1.077 -4.641 -2.214 -1.038
0.127 0.12 1.072 -4.061 -1.557 -1.176
0.119 0.127 1.071 -3.481 -0.366 -1.176
0.112 0.114 1.053 -3.053 -0.397 -0.855
0.107 0.126 1.04 -3.542 -0.504 -0.687
0.116 0.134 1.035 -4.061 -1.084 -0.718
0.131 0.123 1.023 -4.489 -0.137 -0.992
0.097 0.129 1.042 -5.756 -0.992 -0.305
0.122 0.121 1.05 -6.397 -2.702 -0.168
0.13 0.122 1.05 -6.565 -2.061 -0.702
0.128 0.115 1.069 -6.321 -0.58 -0.947
0.12 0.115 1.084 -5.42 0.198 -1.115
0.118 0.114 1.08 -4.733 -0.824 -1.16
0.114 0.116 1.069 -4.504 -1.023 -1.206
0.102 0.125 1.073 -4.947 -1.466 -0.84
0.11 0.121 1.07 -4.702 1.023 -0.748
0.115 0.123 1.075 -4.473 1.496 -0.809
0.106 0.127 1.078 -4.198 0.366 -0.656
0.109 0.121 1.064 -4.046 -1.099 -0.901
0.1 0.122 1.063 -4.26 -1.588 -0.489
0.103 0.125 1.057 -4.55 -2.153 -0.046
0.113 0.119 1.056 -4.794 -1.771 0.122
0.124 0.124 1.042 -4.763 -1.344 0.137
0.129 0.12 1.043 -5.328 -1.603 0.015
0.147 0.12 1.034 -6.015 -1.13 -0.382
0.149 0.117 1.046 -5.695 -1.344 -1.084
0.148 0.118 1.059 -5.344 0.061 -1.817
0.135 0.115 1.07 -4.763 0.962 -2.656
0.139 0.116 1.073 -4.504 1.878 -3.008
0.116 0.12 1.077 -3.878 2.626 -3.221
0.095 0.137 1.084 -7.008 -5.008 -2.595
0.131 0.115 1.059 -2.763 -0.473 -2.733
0.075 0.129 1.077 -3.374 2.962 -1.695
0.094 0.121 1.065 -4.458 -6.977 -1.817
0.118 0.126 1.027 -3.084 2.611 -1.878
0.082 0.13 1.054 -3.802 0.687 -1.573
0.09 0.12 1.03 -4.702 -0.244 -1.069
0.095 0.122 1.038 -6.107 -0.916 -0.198
0.111 0.12 1.05 -6.901 -2.931 -0.275
0.123 0.119 1.062 -6.977 -3.038 -0.305
0.11 0.112 1.09 -6.336 -3.16 -0.87
0.115 0.119 1.088 -5.313 -3.13 -0.962
0.114 0.12 1.086 -4.565 -3.313 -1.313
0.098 0.122 1.067 -4.244 -3.13 -1.221
0.104 0.13 1.063 -3.679 -1.863 -1.038
0.093 0.134 1.06 -2.718 -2.168 -0.565
0.094 0.142 1.063 -4.84 -3.45 -0.458
0.101 0.134 1.048 -3.618 -2.687 -1.13
0.089 0.143 1.069 -4.473 -2.427 -2.29
0.047 0.13 1.093 -5.313 -3.389 -5.802
-0.054 0.118 1.133 -1.344 -0.87 -7.389
-0.142 0.121 1.126 0.427 -0.427 -5.725
-0.201 0.102 1.114 0.122 -0.061 -3.817
-0.21 0.127 1.061 0.107 2.611 -3.16
-0.312 0.16 1.035 -2.962 5.939 -4.977
-0.565 0.202 1.078 -6.107 2.718 -6.489
-0.766 0.314 1.462 3.817 -10.992 6.198
-1.083 0.264 1.061 8.229 -50.275 10.947
-1.047 0.321 1.355 -13.313 -33.542 38.519
-1.105 0.265 1.515 -4.168 -18.611 65.115
-0.93 0.179 1.529 3.053 -19.481 87.756
-0.697 0.105 1.567 13.221 17.634 104.702
-0.514 0.01 1.557 29.847 27.282 117.053
-0.285 -0.048 1.379 43.237 39.924 122.687
-0.125 -0.073 1.244 46.595 53.053 124.656
-0.019 -0.092 1.092 47.13 47.053 122.733
0.077 -0.087 0.954 42.412 35.16 117.985
0.104 -0.071 0.852 34.473 23.191 112.031
0.138 -0.052 0.775 26.519 12.992 106.198
0.139 -0.032 0.757 17.634 6.26 99.985
0.081 -0.007 0.776 10.122 -2.061 95.985
0.001 0.003 0.812 4.412 -11.282 95.603
-0.055 0.0 0.876 1.71 -13.237 100.015
-0.013 -0.001 0.925 3.954 1.847 106.107
0.085 -0.013 0.918 8.55 32.275 108.244
0.118 -0.004 0.948 11.328 55.023 108.107
0.115 -0.004 0.925 12.092 53.542 107.847
0.152 -0.002 0.869 9.344 38.397 105.282
0.179 -0.004 0.841 3.695 24.794 101.496
0.197 -0.013 0.86 -3.908 15.634 98.336
0.194 0.044 1.014 -12.397 5.893 99.191
0.35 -0.046 0.892 -5.221 13.374 87.786
0.31 -0.014 1.055 -8.931 22.84 84.412
0.213 0.059 1.217 -8.641 11.771 85.42
0.292 -0.017 1.004 2.214 15.786 77.389
0.37 -0.03 1.004 -5.145 17.786 73.405
0.34 -0.015 1.005 -3.115 18.168 69.511
0.385 -0.082 1.044 -3.374 29.649 66.092
0.192 0.046 1.039 -12.489 18.855 67.847
0.244 0.003 1.065 -10.947 24.565 69.298
0.301 -0.004 1.139 -14.183 15.603 70.351
0.355 0.006 1.116 -10.824 17.786 68.26
0.405 0.009 1.111 -8.489 16.458 65.511
0.423 0.028 1.1 -6.611 8.107 60.611
0.437 0.047 1.052 -6.672 -1.771 53.008
0.478 -0.017 1.075 -0.397 -1.832 43.252
0.413 0.109 1.015 -9.084 -16.687 37.725
0.398 0.09 1.01 -5.206 -0.229 31.908
0.392 0.033 1.064 -1.206 14.076 26.977
0.227 0.132 1.014 0.229 15.847 31.145
0.26 0.122 1.027 -4.321 12.733 35.985
0.321 0.11 0.975 -10.061 10.244 33.573
0.346 0.104 1.066 -14.489 8.29 30.229
0.328 0.098 1.06 -12.885 0.733 25.573
0.333 0.103 1.052 -13.985 -5.817 22.595
0.354 0.103 1.08 -15.588 -7.618 19.405
0.364 0.09 1.034 -9.542 0.244 16.855
0.438 0.083 1.059 -16.824 5.924 10.29
0.358 0.112 1.132 -14.214 13.527 8.534
0.43 0.047 1.156 -12.427 11.405 4.641
0.312 0.14 1.103 -15.664 5.053 1.221
0.318 0.096 1.105 -13.435 2.366 -0.412
0.286 0.12 1.128 -15.115 -12.55 -2.733
0.289 0.08 1.112 -8.611 -11.511 -4.733
0.27 0.144 1.111 -14.183 -18.489 -5.878
0.254 0.148 1.091 -8.824 -4.55 -6.443
0.21 0.143 1.032 -5.344 4.397 -6.458
0.204 0.152 1.125 -9.832 12.305 -4.611
0.137 0.17 1.148 -7.511 5.557 -1.878
0.145 0.161 1.12 -6.702 -3.023 0.519
0.138 0.162 1.127 -7.252 -12.947 2.137
0.151 0.156 1.12 -6.58 -16.137 4.046
0.172 0.153 1.107 -6.901 -14.046 5.634
0.185 0.15 1.112 -4.855 -8.916 6.702
0.208 0.139 1.083 -4.794 -5.45 7.435
0.226 0.14 1.057 -5.313 -3.16 7.267
0.226 0.138 1.054 -6.26 -3.435 6.84
0.24 0.132 1.055 -7.023 -5.725 6.137
0.26 0.128 1.051 -7.374 -6.534 4.122