-0.009 0.013 1.066 6.641 -47.679 -42.855
0.0 -0.022 0.986 10.855 -46.641 -43.588
0.134 -0.017 0.998 5.359 -36.931 -48.809
0.187 -0.033 1.004 1.374 -39.893 -57.267
0.202 -0.094 0.976 1.359 -33.282 -71.038
0.044 -0.082 1.064 7.725 -34.321 -85.237
-0.019 0.037 1.046 2.855 -32.046 -81.221
0.018 -0.143 1.068 13.679 -24.336 -78.26
0.122 -0.033 1.124 13.542 -21.374 -74.244
0.089 -0.014 1.054 13.13 -8.855 -73.115
0.01 0.039 1.113 13.802 1.221 -74.763
-0.073 0.046 1.036 11.618 -12.931 -67.053
-0.043 0.044 0.959 5.893 -10.641 -60.107
-0.07 0.048 0.969 3.908 -0.809 -54.58
-0.057 0.045 0.971 1.664 8.916 -50.473
-0.103 0.049 0.976 -0.718 15.863 -47.481
-0.114 0.038 1.037 -2.366 13.206 -44.076
-0.071 -0.003 1.05 -3.924 5.664 -41.328
-0.061 0.029 1.055 0.962 8.015 -42.473
-0.191 0.102 1.154 -0.122 -3.649 -35.344
-0.093 0.016 1.084 1.053 9.695 -33.679
-0.111 0.025 1.093 3.16 16.183 -31.695
-0.045 0.026 1.041 0.427 27.069 -37.145
-0.048 0.137 1.096 5.496 9.847 -28.046
-0.114 0.029 0.981 -1.191 -4.137 -19.695
-0.114 0.073 1.087 -5.771 0.122 -18.656
-0.095 0.044 1.042 -6.427 -3.618 -15.542
-0.062 0.036 1.048 -8.229 1.038 -13.679
-0.083 0.03 1.082 -7.511 2.198 -11.527
-0.101 0.033 1.099 -6.107 5.45 -8.244
-0.106 0.04 1.096 -5.145 2.58 -3.496
-0.077 0.036 1.067 -4.366 4.504 -1.13
-0.076 0.036 1.053 -4.656 4.916 1.74
-0.076 0.041 1.052 -5.771 4.214 4.366
-0.072 0.035 1.057 -7.634 1.924 7.237
-0.037 0.026 1.056 -8.443 -0.443 8.519
0.001 0.012 1.048 -9.252 -0.473 6.992
0.024 0.008 1.052 -9.481 1.267 3.618
0.001 0.012 1.054 -10.244 2.794 1.313
-0.01 0.023 1.058 -10.321 0.916 1.206
-0.009 0.021 1.06 -10.0 1.618 2.26
-0.008 0.021 1.064 -8.885 4.061 3.115
-0.004 0.012 1.06 -8.046 5.786 3.649
0.002 0.022 1.072 -7.298 6.733 3.679
-0.012 0.02 1.078 -7.069 5.069 3.481
-0.018 0.017 1.077 -7.099 1.664 3.573
-0.014 0.014 1.051 -6.84 0.733 4.031
0.0 0.024 1.043 -7.527 1.954 4.366
0.012 0.031 1.042 -8.931 2.947 5.405
0.031 0.033 1.045 -9.603 3.725 6.519
0.061 0.022 1.076 -9.649 6.504 6.29
0.06 0.024 1.09 -8.198 7.954 5.588
0.073 0.02 1.098 -6.977 6.809 5.466
0.075 0.022 1.096 -5.313 7.008 3.634
0.076 0.017 1.091 -4.992 3.802 4.412
0.111 0.009 1.071 -5.038 3.298 2.702
0.105 0.016 1.087 -5.115 4.382 1.863
0.106 -0.001 1.097 -5.328 2.977 1.817
0.086 -0.001 1.139 -3.496 -0.122 1.817
0.056 0.015 1.157 -0.107 -8.366 6.046
0.122 -0.014 1.089 1.832 -1.588 7.603
0.191 -0.031 1.095 4.611 3.405 3.45
0.181 0.006 1.089 5.618 0.992 1.191
0.184 0.037 1.057 4.092 -4.718 1.863
0.224 0.043 0.997 1.099 -5.405 2.504
0.237 0.034 0.993 -3.328 -5.618 2.336
0.24 0.028 0.99 -7.817 -4.519 4.626
0.281 -0.024 0.949 -10.779 -3.435 10.382
0.351 -0.062 1.003 -13.679 17.618 10.489
0.372 -0.1 1.085 -11.74 28.198 6.244
0.397 -0.142 1.139 -11.42 30.153 -1.71
0.351 -0.157 1.256 -10.427 12.351 -13.664
0.319 -0.167 1.309 -8.504 -14.763 -23.74
0.3 -0.167 1.254 -5.191 -32.794 -29.985
0.283 -0.158 1.157 -1.389 -31.588 -33.466
0.228 -0.1 1.151 0.779 -26.031 -28.076
0.274 -0.11 1.004 6.351 5.771 -30.824
0.231 -0.101 0.996 3.71 26.733 -30.931
0.219 -0.105 0.993 -0.855 29.328 -30.092
0.201 -0.159 1.097 -5.664 27.16 -37.847
0.115 -0.167 1.218 -9.924 -6.031 -46.427
0.122 -0.187 1.212 -12.748 -42.137 -48.718
0.15 -0.205 1.163 -7.237 -38.351 -53.359
0.142 -0.188 1.091 -3.252 -24.702 -54.687
0.131 -0.253 0.98 0.153 -10.672 -57.695
0.196 -0.149 0.939 -0.29 8.794 -55.908
0.133 -0.147 0.938 -2.58 36.962 -63.664
0.028 -0.158 1.043 -7.954 24.595 -66.504
0.025 -0.168 1.12 -13.023 0.779 -72.824
-0.066 -0.169 1.181 -14.137 -23.252 -74.931
-0.034 -0.179 1.152 -11.817 -32.275 -75.145
-0.024 -0.185 1.117 -7.695 -23.573 -76.015
-0.089 -0.13 1.148 -6.901 -30.55 -70.87
-0.014 -0.173 1.045 1.71 -8.931 -73.74
-0.064 -0.151 1.009 1.985 6.137 -72.702
-0.054 -0.145 0.952 -0.168 8.336 -70.473
-0.114 -0.151 0.967 -4.885 16.779 -72.626
-0.101 -0.168 1.051 -2.458 3.634 -73.893
-0.208 -0.155 1.103 -3.924 6.611 -77.069
-0.287 -0.122 1.197 -1.771 -20.656 -72.55
-0.296 -0.1 1.167 -0.046 -31.725 -67.221
-0.234 -0.1 1.057 5.939 -32.305 -60.656
-0.178 -0.093 0.951 4.58 -19.664 -55.573
-0.165 -0.073 0.913 1.573 -3.282 -53.008
-0.172 -0.082 0.978 -2.672 8.55 -51.664
-0.201 -0.106 1.108 -4.733 4.641 -54.672
-0.214 -0.113 1.127 -6.748 -13.405 -58.183
-0.207 -0.1 1.124 -6.885 -25.939 -55.115
-0.179 -0.076 1.099 -8.412 -30.656 -53.664
-0.121 -0.059 1.094 -9.878 -24.031 -59.954
-0.078 -0.1 1.051 -2.336 -7.084 -62.656
-0.09 -0.095 1.048 -0.947 8.336 -67.206
-0.106 -0.077 1.071 3.008 0.763 -65.725
-0.16 -0.036 1.006 -2.076 -0.046 -70.748
-0.223 0.0 1.025 -9.359 -10.595 -70.122
-0.183 -0.031 1.027 -9.679 0.702 -70.397
-0.207 -0.049 1.059 -7.893 9.496 -69.206
-0.229 -0.037 1.114 -6.626 14.901 -66.84
-0.195 -0.059 1.122 -0.855 18.885 -65.496
-0.168 -0.052 1.046 2.58 22.565 -65.74
-0.229 -0.035 1.136 3.481 5.863 -64.427
-0.232 -0.018 1.027 4.809 5.405 -65.969
-0.251 0.02 0.97 2.046 5.878 -63.817
-0.238 0.02 0.908 -2.626 14.718 -60.702
-0.25 0.004 0.994 -4.351 22.0 -57.267
-0.247 -0.013 1.048 -1.267 23.115 -56.214
-0.257 -0.01 1.036 -0.595 23.588 -55.023
-0.3 -0.004 1.062 0.153 17.389 -53.191
-0.281 -0.008 1.1 1.038 9.756 -49.771
-0.23 -0.016 1.098 4.687 6.351 -48.87
-0.202 -0.013 1.051 8.351 13.13 -48.198
-0.213 -0.005 1.027 10.412 21.802 -47.42
-0.247 0.015 1.018 9.985 23.359 -44.626
-0.272 0.025 1.006 7.649 20.214 -43.557
-0.317 0.036 1.021 4.076 11.069 -39.924
-0.3 0.041 0.995 1.679 9.389 -35.588
-0.284 0.027 0.999 1.328 10.916 -33.267
-0.284 0.04 0.994 0.427 7.924 -29.099
-0.248 0.036 0.997 -0.534 7.71 -26.809
-0.229 0.039 1.009 -1.557 9.008 -24.702
-0.198 0.021 1.042 -1.405 8.489 -24.153
-0.206 0.025 1.049 -0.992 5.527 -23.969
-0.228 0.041 1.029 -1.878 0.321 -21.588
-0.216 0.032 0.998 -3.053 0.885 -18.718
-0.19 0.038 1.006 -4.168 3.099 -16.321
-0.195 0.034 1.025 -5.038 3.053 -14.809
-0.173 0.03 1.031 -6.809 0.427 -12.885
-0.153 0.021 1.027 -7.237 1.389 -12.336
-0.166 0.016 1.074 -6.931 1.878 -12.305
-0.19 0.016 1.082 -6.397 -3.13 -10.962
-0.164 0.021 1.054 -6.885 -5.053 -10.015
-0.153 0.022 1.054 -6.702 -2.595 -8.962
-0.143 0.014 1.062 -5.496 -0.198 -7.298
-0.139 0.019 1.066 -5.542 0.626 -5.42
-0.139 0.008 1.093 -5.466 -0.443 -4.336
-0.12 0.003 1.091 -4.122 -2.672 -3.511
-0.134 0.012 1.067 -2.977 0.046 -4.229
-0.146 0.021 1.055 -3.405 -0.641 -2.595
-0.127 0.014 1.058 -4.0 -1.939 -2.931
-0.139 0.02 1.048 -4.427 -5.344 -1.939
-0.108 0.02 1.02 -5.435 -5.313 -1.053
-0.097 0.019 1.036 -5.863 -1.374 -1.267
-0.102 0.009 1.059 -5.42 1.252 -0.275
-0.088 0.007 1.061 -4.763 3.115 0.489
-0.064 -0.006 1.051 -5.359 4.489 0.031
-0.077 0.002 1.071 -6.015 3.847 -1.634
-0.107 0.002 1.07 -7.053 -2.824 -0.382
-0.084 -0.002 1.07 -6.916 -3.893 1.099
-0.065 -0.01 1.079 -6.015 -1.542 0.519
-0.07 -0.017 1.107 -4.824 -3.084 0.901
-0.062 -0.025 1.087 -3.649 -3.038 -0.107
-0.058 -0.025 1.09 -3.573 -4.29 -0.824
-0.073 -0.022 1.082 -4.015 -5.802 -0.977
-0.079 -0.009 1.067 -4.168 -7.45 0.153
-0.073 -0.012 1.068 -3.634 -5.252 0.061
-0.053 -0.017 1.058 -3.847 -2.076 0.107
-0.045 -0.021 1.047 -3.985 0.595 -0.58
-0.045 -0.023 1.075 -3.893 0.779 -1.42
-0.063 -0.023 1.089 -3.863 -3.053 -1.695
-0.065 -0.024 1.079 -4.031 -6.427 -1.176
-0.056 -0.02 1.069 -3.817 -6.397 -1.008
-0.048 -0.03 1.042 -3.45 -3.542 -1.42
-0.059 -0.033 1.052 -3.328 -2.031 -1.573
-0.048 -0.03 1.049 -3.069 -0.824 -1.405
-0.061 -0.023 1.065 -3.237 0.427 -1.588
-0.068 -0.029 1.057 -3.74 -2.107 -1.237
-0.064 -0.028 1.043 -4.611 -2.183 -1.16
-0.059 -0.023 1.048 -5.038 -1.16 -1.42
-0.054 -0.031 1.063 -4.595 1.221 -1.71
-0.043 -0.031 1.048 -4.168 4.397 -2.931
-0.05 -0.028 1.071 -4.092 4.962 -3.527
-0.07 -0.027 1.095 -4.412 2.168 -3.802
-0.073 -0.023 1.08 -3.695 -2.305 -3.527
-0.074 -0.015 1.065 -3.756 -3.618 -3.298
-0.084 -0.008 1.065 -3.939 -4.397 -2.55
-0.075 -0.007 1.055 -4.366 -4.26 -1.786
-0.072 -0.013 1.058 -4.198 -2.885 -2.168
-0.067 -0.021 1.07 -3.786 -3.634 -2.58
-0.063 -0.01 1.049 -3.924 -3.298 -3.191
-0.082 0.001 1.029 -4.931 -2.733 -2.885
-0.076 -0.004 1.021 -5.74 -0.565 -2.26
-0.072 0.002 1.026 -6.519 0.626 -1.557
-0.063 -0.002 1.038 -6.901 2.137 -1.374
-0.078 -0.004 1.043 -6.977 3.786 -1.679
-0.087 -0.005 1.082 -6.962 1.573 -0.046
-0.057 -0.013 1.078 -5.634 -0.794 0.031
-0.044 -0.016 1.077 -4.87 -0.794 -1.038
-0.06 -0.011 1.071 -4.473 -0.916 -0.901
-0.046 -0.016 1.07 -4.092 0.397 -1.267
-0.05 -0.016 1.078 -3.863 0.687 -1.634
-0.068 -0.013 1.079 -3.542 0.748 -1.176
-0.072 -0.007 1.076 -3.282 -0.55 -0.366
-0.06 -0.021 1.075 -2.885 -0.87 -0.641
-0.056 -0.017 1.079 -3.282 -3.389 -0.641
-0.059 -0.015 1.058 -3.328 -3.588 -0.718
-0.061 -0.01 1.047 -3.725 -1.939 -0.931
-0.06 -0.017 1.045 -4.183 -1.221 -0.534
-0.066 -0.018 1.051 -4.962 -0.443 -1.038
-0.074 -0.02 1.051 -5.252 0.031 -0.855
-0.082 -0.013 1.061 -5.649 -1.13 -0.183
-0.072 -0.013 1.061 -7.069 -4.183 0.366
-0.073 -0.016 1.081 -7.847 -7.16 1.008
-0.04 -0.018 1.08 -7.023 -6.427 0.641
-0.062 -0.017 1.123 -7.008 -4.168 -1.344
-0.029 -0.026 1.083 -4.427 -2.229 -0.824
-0.016 -0.048 1.063 -1.908 2.275 -2.565
-0.04 -0.029 1.071 -2.504 -0.198 -2.031
-0.061 -0.021 1.078 -2.55 -1.466 -2.718
-0.058 -0.022 1.056 -2.427 -2.229 -2.168
-0.06 -0.02 1.035 -2.611 0.427 -2.489
-0.07 -0.02 1.041 -3.282 0.519 -1.389
-0.069 -0.022 1.04 -3.924 0.015 -1.237
-0.072 -0.014 1.048 -5.023 -1.817 -0.794
-0.06 -0.025 1.057 -5.786 -2.931 -0.641
-0.067 -0.027 1.069 -5.618 -2.733 -0.626
-0.059 -0.035 1.061 -4.382 -2.031 -0.031
-0.044 -0.025 1.059 -3.74 0.26 -0.626
-0.048 -0.019 1.06 -3.527 0.748 -0.916
-0.039 -0.028 1.063 -3.756 0.473 -1.374
-0.046 -0.023 1.064 -4.198 -1.74 -1.802
-0.044 -0.021 1.058 -4.473 -3.71 -2.336
-0.046 -0.017 1.048 -4.321 -1.664 -2.962
-0.056 -0.021 1.055 -4.015 -0.198 -2.733
-0.063 -0.018 1.057 -3.954 0.397 -2.321
-0.06 -0.015 1.049 -4.504 -0.031 -2.58
-0.073 -0.017 1.055 -5.084 -1.802 -2.229
-0.079 -0.015 1.05 -5.344 -3.74 -0.84
-0.057 -0.017 1.05 -5.786 -5.023 -0.321
-0.038 -0.023 1.06 -5.939 -3.45 -0.947
-0.032 -0.023 1.071 -4.84 -1.435 -1.649
-0.037 -0.024 1.075 -3.771 -1.084 -2.061
-0.046 -0.022 1.066 -3.42 -1.389 -2.702
-0.064 -0.022 1.065 -3.344 -3.725 -2.687
-0.065 -0.017 1.047 -3.344 -4.275 -2.473
-0.074 -0.009 1.029 -3.756 -2.198 -2.443
-0.085 -0.004 1.022 -4.656 -0.473 -2.351
-0.137 -0.021 1.05 -4.779 -8.336 4.015
-0.062 -0.004 1.025 -7.603 -2.84 -0.733
-0.073 -0.01 1.031 -7.725 -1.74 -1.771
-0.071 -0.017 1.047 -8.26 -4.031 -0.885
-0.087 -0.009 1.06 -8.137 -5.71 -0.565
-0.08 -0.012 1.052 -8.214 -6.656 0.137
-0.07 -0.012 1.056 -7.832 -3.282 -0.229
-0.059 -0.018 1.062 -7.099 -1.252 -0.809
-0.066 -0.022 1.082 -6.336 1.191 -1.237
-0.077 -0.02 1.087 -5.649 0.214 -0.366
-0.053 -0.022 1.08 -5.847 -1.832 -0.092
-0.034 -0.02 1.076 -5.588 -2.046 -0.748
-0.051 -0.019 1.061 -5.634 1.13 -1.237
-0.058 -0.02 1.062 -5.466 0.885 -0.824
-0.058 -0.021 1.059 -5.725 1.252 -0.443
-0.063 -0.013 1.077 -5.435 0.275 0.565
-0.054 -0.019 1.064 -4.901 -0.519 0.534
-0.057 -0.025 1.068 -4.885 -0.931 -0.382
-0.064 -0.015 1.059 -5.511 -3.466 -0.275
-0.057 -0.02 1.06 -5.893 -3.588 0.595
-0.047 -0.025 1.062 -6.214 -3.115 0.519
-0.043 -0.025 1.052 -6.0 -1.954 0.015
-0.055 -0.031 1.063 -6.29 -0.855 -0.427
-0.066 -0.025 1.072 -6.244 -2.0 -0.092
-0.076 -0.021 1.068 -6.641 -4.061 0.458
-0.067 -0.022 1.07 -7.313 -6.168 1.435
-0.049 -0.032 1.058 -7.328 -5.435 1.084
-0.048 -0.032 1.062 -7.313 -4.183 0.382
-0.055 -0.033 1.082 -7.053 -3.771 0.58
-0.053 -0.033 1.073 -6.58 -3.053 1.069
-0.046 -0.035 1.078 -6.153 -3.374 0.427
-0.054 -0.027 1.086 -6.046 -5.679 0.534
-0.046 -0.035 1.076 -5.405 -5.481 0.824
-0.044 -0.035 1.068 -4.061 -2.84 0.672
-0.037 -0.004 1.051 -6.687 -1.435 0.809
-0.063 -0.019 1.057 -9.756 -3.267 3.206
-0.038 -0.048 1.062 -5.817 6.076 -1.435
-0.06 -0.027 1.069 -6.443 -1.374 0.427
-0.028 -0.037 1.056 -6.656 -3.42 0.076
-0.044 -0.031 1.074 -6.809 -3.618 -0.305
-0.043 -0.024 1.058 -6.641 -5.023 0.366
-0.034 -0.024 1.052 -6.412 -3.832 -0.443
-0.036 -0.018 1.063 -6.519 -2.87 -0.443
-0.046 -0.033 1.068 -6.55 -2.84 -0.427
-0.054 -0.033 1.077 -6.565 -5.573 -0.122
-0.059 -0.034 1.064 -6.794 -7.832 -0.244
-0.041 -0.028 1.046 -8.321 -5.771 0.015
-0.076 -0.015 1.086 -8.092 -7.985 1.618
-0.038 -0.037 1.066 -5.939 -0.87 -0.809
-0.049 -0.036 1.077 -6.321 -1.389 -0.29
-0.038 -0.033 1.058 -5.878 -2.092 -0.351
-0.052 -0.039 1.079 -6.137 -1.618 -1.084
-0.055 -0.041 1.079 -6.122 -5.634 -0.626
-0.046 -0.033 1.061 -5.817 -3.237 -0.656
-0.05 -0.025 1.057 -5.634 -2.336 0.0
-0.036 -0.028 1.052 -6.031 -1.511 0.031
-0.037 -0.039 1.07 -5.771 -1.893 -0.305
-0.031 -0.03 1.08 -4.824 -0.947 -0.58
-0.052 -0.032 1.077 -5.053 -2.443 -0.962
-0.053 -0.033 1.077 -5.634 -5.267 -0.534
-0.042 -0.028 1.058 -5.664 -5.053 -0.382
-0.041 -0.03 1.067 -5.16 -2.824 -0.321
-0.046 -0.031 1.068 -5.206 -2.275 0.092
-0.054 -0.033 1.063 -5.344 -2.58 0.641
-0.051 -0.034 1.062 -5.664 -2.809 0.153
-0.052 -0.032 1.085 -5.481 -3.832 0.046
-0.049 -0.041 1.076 -4.992 -5.542 -0.061
-0.05 -0.032 1.06 -5.191 -4.626 0.198
-0.047 -0.029 1.067 -4.763 -2.992 0.733
-0.052 -0.033 1.062 -4.748 -1.756 0.672
-0.047 -0.035 1.068 -4.29 -1.176 0.779
-0.058 -0.031 1.095 -4.015 -1.664 0.565
-0.055 -0.028 1.073 -3.74 -5.084 1.328
-0.042 -0.033 1.059 -4.183 -5.511 1.206
-0.047 -0.03 1.052 -4.733 -6.031 1.649
-0.042 -0.027 1.054 -5.634 -3.374 2.015
-0.062 -0.026 1.112 -5.13 -1.267 1.282
-0.042 -0.035 1.061 -4.504 -5.786 2.687
-0.048 -0.011 1.121 -5.069 -11.053 3.725
-0.021 -0.044 1.028 -5.481 -8.305 1.969
-0.03 -0.039 1.066 -5.313 -3.42 0.458
-0.028 -0.031 1.059 -5.802 -10.092 3.359
-0.014 -0.032 1.058 -5.221 -4.137 1.786
-0.013 -0.032 1.06 -5.008 -4.84 2.26
-0.006 -0.018 1.054 -7.786 -3.176 2.305
-0.019 -0.026 1.081 -7.618 -7.481 3.282
-0.004 -0.045 1.037 -5.924 -2.489 0.046
-0.01 -0.096 1.01 -6.748 3.924 -1.481
-0.021 -0.044 1.047 -6.183 -7.237 0.397
-0.023 -0.046 1.068 -6.565 -2.656 -0.122
-0.037 -0.042 1.069 -5.74 -5.191 0.351
-0.021 -0.039 1.058 -5.832 -3.344 0.183
-0.028 -0.033 1.065 -5.908 -3.374 0.336
-0.016 -0.037 1.064 -6.427 -4.901 0.901
-0.007 -0.038 1.062 -5.878 -4.031 0.26
-0.006 -0.04 1.064 -5.817 -3.069 -0.458
-0.016 -0.043 1.063 -6.046 -3.603 -0.58
-0.012 -0.05 1.065 -5.969 -2.947 -1.588
-0.029 -0.038 1.078 -5.725 -2.412 -1.282
-0.038 -0.046 1.078 -5.206 -2.748 -0.855
-0.031 -0.047 1.078 -4.473 -1.084 -0.977
-0.023 -0.044 1.064 -4.626 -1.237 -0.427
-0.017 -0.035 1.066 -4.58 0.473 -0.443
-0.02 -0.047 1.065 -4.748 0.214 -0.534
-0.025 -0.039 1.078 -5.267 -2.0 0.489
-0.02 -0.043 1.062 -4.672 0.763 -1.206
-0.039 -0.034 1.085 -5.405 -1.893 -1.16
-0.028 -0.042 1.065 -5.191 -5.359 -0.198
-0.021 -0.044 1.07 -4.214 -1.679 -0.412
-0.014 -0.039 1.056 -4.076 -1.664 -0.031
-0.011 -0.039 1.053 -4.198 -0.794 -0.305
-0.014 -0.034 1.057 -4.336 -1.618 -0.397
-0.007 -0.043 1.032 -4.931 -2.015 -1.237
-0.013 -0.039 1.047 -6.122 -2.672 -1.817
-0.017 -0.035 1.058 -6.275 -3.099 -1.817
-0.03 -0.04 1.074 -6.122 -2.092 -1.71
-0.04 -0.04 1.079 -5.084 -2.672 -0.687
-0.021 -0.045 1.07 -3.985 -1.954 -0.229
-0.011 -0.046 1.06 -3.74 -1.679 -0.107
-0.013 -0.041 1.07 -3.969 -2.641 -0.153
-0.014 -0.036 1.054 -4.473 -2.947 -0.504
-0.024 -0.035 1.058 -4.748 -3.053 -0.382
-0.031 -0.041 1.051 -4.687 -1.71 -0.611
-0.045 -0.034 1.07 -5.023 -2.244 0.076
-0.047 -0.039 1.067 -5.145 -2.901 0.641
-0.035 -0.039 1.063 -5.374 -5.023 1.466
-0.02 -0.044 1.061 -5.817 -5.786 1.176
-0.005 -0.04 1.052 -5.969 -4.916 1.008
0.005 -0.044 1.057 -5.939 -3.863 0.626
0.011 -0.047 1.054 -5.664 -1.45 -0.382
0.005 -0.048 1.054 -6.031 -0.427 -0.901
-0.004 -0.046 1.064 -6.107 0.153 -1.176
-0.03 -0.055 1.088 -6.061 -1.008 -1.557
-0.029 -0.046 1.09 -5.74 -4.901 -0.443
-0.018 -0.044 1.067 -5.038 -3.924 -0.137
-0.008 -0.046 1.078 -4.947 -2.0 -0.397
-0.01 -0.046 1.083 -4.794 -2.977 -0.366
0.006 -0.048 1.077 -4.214 -2.733 -0.229
0.006 -0.051 1.066 -3.924 -1.328 -0.626
-0.006 -0.042 1.068 -4.076 -0.321 -1.603
-0.021 -0.037 1.069 -4.977 -2.29 -1.405
-0.029 -0.037 1.063 -5.527 -3.954 -0.855
-0.032 -0.04 1.066 -5.359 -1.756 -0.794
-0.04 -0.044 1.073 -5.42 -1.695 -0.092