-0.02 0.061 0.985 -9.71 -32.885 -6.168
-0.004 0.064 1.025 -8.794 -12.885 -11.924
0.019 -0.076 0.985 3.115 3.389 -19.084
-0.12 0.106 1.071 2.504 6.718 -22.794
-0.099 0.062 1.031 -4.473 2.687 -17.939
-0.163 0.099 1.112 -6.534 6.656 -12.168
-0.105 0.078 1.104 -4.809 -9.481 -3.618
-0.052 0.054 1.078 -1.924 3.313 -5.221
-0.083 0.075 1.083 -2.763 -3.481 -3.756
-0.069 0.06 1.051 -1.435 -8.382 -3.679
-0.016 0.036 0.993 -4.092 3.863 -8.489
-0.068 0.072 1.096 -6.244 1.939 -7.45
-0.042 0.044 0.979 -2.229 21.893 -14.901
-0.131 0.061 1.124 -2.901 12.992 -10.076
-0.123 0.074 1.107 -4.519 -17.649 -2.031
-0.061 0.073 1.053 -3.069 -6.885 -4.611
-0.085 0.081 1.062 -3.252 -7.832 -3.802
-0.066 0.08 1.036 -3.817 -6.809 -3.405
-0.075 0.076 1.042 -4.153 -3.802 -4.733
-0.03 0.033 0.988 -5.466 -5.069 -4.916
-0.056 0.085 1.05 -7.374 -5.756 -3.115
-0.043 0.079 1.038 -7.221 -4.183 -3.725
-0.053 0.073 1.058 -7.847 -1.313 -4.84
-0.029 0.058 1.055 -7.374 -3.832 -6.076
0.007 0.112 1.072 -7.069 3.817 -6.992
-0.044 0.085 1.032 -6.931 6.733 -8.244
-0.061 0.081 1.086 -7.954 -8.733 -1.771
-0.002 0.07 1.029 -7.435 -1.863 -3.908
-0.025 0.072 1.041 -7.756 1.13 -5.13
0.003 0.061 1.047 -7.847 3.603 -7.939
-0.016 0.059 1.058 -8.198 7.954 -11.099
-0.035 0.068 1.089 -8.183 5.481 -12.168
-0.052 0.063 1.102 -7.679 2.519 -12.931
-0.055 0.066 1.093 -7.71 -1.725 -12.611
-0.023 0.057 1.062 -7.618 -3.756 -14.901
-0.032 0.064 1.026 -7.344 3.649 -17.389
-0.048 0.075 1.051 -7.969 4.29 -17.008
-0.086 -0.041 1.037 0.198 9.679 -21.939
-0.048 0.068 1.043 -9.679 10.992 -19.817
-0.09 0.074 1.073 -9.176 9.573 -18.397
-0.073 0.067 1.075 -10.809 -0.702 -14.489
-0.054 0.064 1.033 -10.305 6.198 -15.832
-0.062 0.06 1.066 -10.351 4.168 -15.45
-0.074 0.04 1.078 -9.237 -1.969 -16.076
-0.029 0.016 0.917 -9.969 -0.366 -16.107
-0.1 0.053 1.064 -10.489 5.145 -14.916
-0.104 0.03 1.016 -9.252 -0.962 -10.748
-0.125 0.048 1.093 -9.374 4.779 -7.557
-0.12 0.037 1.097 -6.748 0.626 -4.656
-0.109 0.034 1.113 -4.931 2.87 -4.321
-0.087 0.034 1.062 -3.771 -0.565 -4.122
-0.095 0.041 1.063 -4.305 0.427 -4.947
-0.091 0.049 1.042 -4.885 -0.763 -4.412
-0.09 0.057 1.044 -5.084 2.534 -5.191
-0.117 0.053 1.028 -6.183 2.092 -3.45
-0.099 0.04 1.059 -6.198 2.366 -2.702
-0.112 0.046 1.059 -5.939 4.153 -2.168
-0.107 0.039 1.085 -5.542 3.527 -0.504
-0.109 0.033 1.07 -4.748 4.443 0.031
-0.097 0.039 1.077 -4.779 2.595 0.153
-0.095 0.041 1.073 -5.053 0.611 0.29
-0.099 0.048 1.064 -5.389 0.626 0.0
-0.093 0.051 1.042 -5.649 1.588 -0.076
-0.1 0.052 1.055 -6.214 1.588 0.031
-0.099 0.053 1.066 -6.504 -0.565 -0.244
-0.1 0.052 1.066 -6.153 -2.672 -0.641
-0.105 0.04 1.064 -5.924 -4.168 -0.748
-0.092 0.041 1.049 -6.061 -4.672 -0.153
-0.088 0.049 1.056 -5.939 -2.427 0.214
-0.093 0.054 1.052 -5.664 -1.527 0.611
-0.086 0.059 1.061 -5.328 -1.008 1.588
-0.089 0.054 1.057 -5.099 0.351 1.878
-0.085 0.055 1.051 -5.16 0.55 1.603
-0.084 0.056 1.056 -5.695 0.244 1.16
-0.081 0.053 1.049 -6.214 -0.55 0.901
-0.093 0.048 1.056 -6.84 -2.0 1.008
-0.085 0.046 1.064 -6.687 -4.489 1.13
-0.088 0.044 1.067 -6.855 -5.878 1.221
-0.086 0.048 1.055 -6.656 -7.191 1.145
-0.083 0.051 1.047 -6.84 -6.076 1.374
-0.076 0.052 1.054 -7.344 -5.405 2.611
-0.074 0.064 1.04 -7.924 -4.351 4.534
-0.044 0.046 1.047 -7.939 -2.534 5.603
-0.038 0.044 1.069 -7.74 -0.962 6.153
-0.025 0.035 1.064 -6.855 -2.031 6.58
-0.002 0.035 1.061 -6.855 -3.603 6.244
0.023 0.047 1.064 -7.71 -6.26 6.382
0.078 0.046 1.067 -8.855 -6.947 6.443
0.118 0.044 1.102 -8.794 -2.794 5.191
0.127 0.042 1.171 -8.58 -5.527 5.252
0.185 0.017 1.144 -7.374 -3.328 3.511
0.208 -0.003 1.188 -5.573 -5.176 -0.122
0.218 -0.006 1.177 -3.634 -8.244 -4.229
0.234 -0.012 1.177 -1.557 -7.863 -8.412
0.26 -0.003 1.141 0.076 -7.13 -12.198
0.257 0.007 1.111 1.435 -3.405 -14.916
0.258 0.013 1.058 2.214 3.939 -15.893
0.275 0.034 1.016 1.725 12.855 -15.664
0.28 0.03 1.005 -0.153 20.443 -15.221
0.273 0.053 1.039 -4.504 15.527 -14.84
0.337 -0.018 1.044 -4.382 14.458 -18.885
0.251 -0.038 1.148 -6.0 6.855 -26.275
0.239 -0.052 1.164 -6.229 -17.099 -28.565
0.244 -0.079 1.12 -3.679 -17.878 -35.191
0.196 -0.055 1.105 -1.542 -18.092 -36.901
0.181 -0.061 1.069 0.0 -9.847 -36.198
0.178 -0.062 1.02 0.107 1.954 -34.947
0.2 -0.044 1.009 -4.382 8.351 -33.664
0.238 -0.109 0.984 -2.229 33.16 -42.611
0.134 -0.129 1.145 -4.366 28.504 -49.893
0.078 -0.131 1.194 -6.58 -3.71 -54.336
0.05 -0.144 1.163 -5.13 -16.29 -62.015
0.01 -0.116 1.112 -4.183 -22.733 -62.962
-0.018 -0.083 1.034 -3.328 -13.069 -60.122
-0.053 -0.06 1.026 -6.061 -11.832 -50.626
0.002 -0.054 1.048 -6.183 -3.618 -43.481
0.031 -0.064 0.997 -5.756 23.679 -44.489
0.009 -0.097 1.122 -7.176 19.985 -42.992
0.041 -0.125 1.188 -7.481 0.061 -48.336
0.052 -0.155 1.17 -9.16 -21.359 -57.588
0.07 -0.167 1.15 -10.931 -38.687 -65.359
-0.0 -0.143 1.12 -9.435 -39.16 -69.924
-0.013 -0.117 1.055 -7.725 -27.145 -72.015
-0.079 -0.104 0.963 -9.252 -11.496 -69.252
-0.056 -0.075 0.968 -10.214 4.702 -61.038
-0.032 -0.101 0.924 -10.855 37.267 -58.305
-0.054 -0.135 1.066 -13.069 40.519 -59.359
-0.049 -0.167 1.138 -16.611 16.153 -65.496
-0.024 -0.197 1.127 -18.198 -8.0 -72.656
-0.034 -0.179 1.097 -19.282 -19.13 -76.473
-0.086 -0.169 1.089 -16.824 -10.092 -83.817
-0.196 -0.153 1.125 -14.321 0.244 -84.443
-0.214 -0.166 1.05 -9.496 9.466 -81.206
-0.229 -0.12 1.087 -8.473 18.916 -70.321
-0.184 -0.16 1.017 -2.336 48.0 -75.359
-0.286 -0.159 1.121 -2.489 40.336 -74.992
-0.25 -0.166 1.128 -4.656 11.954 -75.191
-0.246 -0.159 1.07 -3.145 10.153 -79.145
-0.274 -0.149 1.043 -2.809 8.214 -78.779
-0.314 -0.117 1.038 -2.382 10.855 -74.931
-0.254 -0.131 1.012 1.71 17.542 -70.015
-0.27 -0.122 0.991 5.466 42.947 -68.916
-0.276 -0.124 1.041 9.527 54.947 -66.229
-0.294 -0.153 1.091 11.908 33.298 -68.244
-0.322 -0.143 1.088 9.74 6.29 -70.977
-0.324 -0.15 0.979 9.405 -11.084 -73.511
-0.344 -0.063 1.005 5.618 -17.42 -63.939
-0.26 -0.073 0.924 9.053 0.763 -65.16
-0.245 -0.077 0.933 8.366 17.267 -65.053
-0.229 -0.084 0.933 6.443 21.664 -64.641
-0.228 -0.099 0.959 10.458 31.435 -67.832
-0.31 -0.135 1.012 12.244 30.641 -73.084
-0.314 -0.027 0.981 10.29 25.176 -69.71
-0.366 -0.054 0.921 11.115 11.802 -66.702
-0.344 -0.061 0.895 8.626 17.13 -65.542
-0.404 -0.031 0.971 12.321 26.198 -67.893
-0.322 -0.062 0.851 8.458 46.412 -65.664
-0.389 -0.074 1.012 8.534 40.412 -64.947
-0.424 -0.062 1.016 7.527 21.725 -60.885
-0.414 -0.047 1.006 8.107 19.557 -61.008
-0.438 -0.037 1.006 7.344 20.122 -59.435
-0.421 -0.049 1.008 10.198 21.649 -56.595
-0.415 -0.037 1.005 10.305 22.0 -53.542
-0.418 -0.031 0.993 11.45 18.031 -50.534
-0.399 -0.034 0.962 11.725 24.0 -50.198
-0.438 -0.024 0.991 11.466 21.664 -49.13
-0.44 -0.032 0.948 10.244 17.16 -47.893
-0.432 -0.012 0.975 11.893 14.595 -41.954
-0.439 0.004 0.955 11.634 18.55 -38.931
-0.43 0.008 0.973 10.672 13.191 -34.076
-0.391 0.003 0.958 9.573 14.809 -32.763
-0.385 0.021 0.944 7.756 11.939 -30.718
-0.374 0.022 0.914 5.725 11.618 -28.55
-0.392 0.035 0.925 3.16 13.969 -25.71
-0.369 0.021 0.958 1.603 13.191 -23.664
-0.372 0.007 0.976 0.916 11.267 -23.16
-0.372 0.01 0.968 -0.168 7.969 -21.588
-0.356 0.0 0.978 -0.412 8.046 -20.046
-0.362 0.006 0.995 -0.214 7.313 -19.145
-0.367 0.011 0.999 -0.458 5.985 -17.267
-0.345 0.017 1.009 0.183 6.489 -15.084
-0.336 0.007 1.006 0.58 5.863 -13.16
-0.341 0.01 1.005 0.336 5.374 -11.71
-0.346 0.017 0.997 -1.206 2.275 -9.679
-0.32 0.005 0.991 -2.58 2.794 -8.595
-0.309 0.0 1.007 -3.45 5.588 -8.321
-0.319 -0.001 1.029 -2.977 5.527 -8.458
-0.313 0.002 1.032 -1.954 6.137 -8.565
-0.335 0.005 1.024 -1.878 3.191 -7.786
-0.332 0.004 1.014 -2.687 -1.511 -6.351
-0.326 0.005 0.985 -4.26 -3.481 -5.466
-0.322 0.007 0.994 -6.534 -3.924 -3.893
-0.298 0.0 1.001 -7.725 -1.511 -3.008
-0.302 -0.007 1.04 -8.046 -0.962 -1.115
-0.273 -0.011 1.052 -7.344 -2.244 0.29
-0.25 -0.015 1.053 -6.992 -0.229 1.206
-0.222 -0.031 1.079 -5.969 -0.931 1.191
-0.212 -0.033 1.088 -3.74 -3.908 -0.656
-0.209 -0.034 1.081 -1.847 -3.115 -2.0
-0.213 -0.022 1.035 -0.305 0.473 -3.282
-0.237 -0.024 1.01 0.275 3.053 -4.092
-0.252 -0.008 0.975 -1.435 2.626 -3.634
-0.246 -0.008 0.983 -4.183 2.992 -2.29
-0.239 -0.02 1.008 -6.076 1.817 -1.924
-0.234 -0.032 1.029 -6.977 -0.947 -1.939
-0.228 -0.029 1.028 -7.206 -1.817 -2.595
-0.248 -0.032 1.046 -6.198 -1.496 -2.29
-0.245 -0.038 1.029 -5.267 -0.733 -1.725
-0.241 -0.038 1.016 -5.664 0.046 -1.603
-0.229 -0.036 1.02 -5.359 1.099 -1.008
-0.215 -0.052 1.053 -5.008 3.023 -2.092
-0.226 -0.055 1.048 -4.321 0.305 -3.405
-0.242 -0.05 1.037 -3.954 -1.588 -3.802
-0.252 -0.04 1.026 -4.29 -1.603 -3.45
-0.264 -0.027 1.029 -4.702 -2.779 -2.168
-0.255 -0.03 1.027 -5.13 -4.626 -1.344
-0.24 -0.032 1.017 -4.794 -5.13 -1.008
-0.243 -0.038 1.006 -5.008 -4.321 -0.748
-0.256 -0.033 1.012 -6.229 -6.763 0.397
-0.233 -0.034 1.043 -7.359 -8.824 1.405
-0.212 -0.043 1.04 -6.55 -8.687 1.145
-0.192 -0.052 1.046 -5.176 -4.443 0.0
-0.199 -0.051 1.048 -3.908 -1.084 -1.511
-0.207 -0.048 1.058 -2.534 2.611 -2.611
-0.228 -0.041 1.041 -2.046 2.305 -2.641
-0.232 -0.03 1.045 -2.031 -0.519 -2.076
-0.233 -0.033 1.03 -3.13 -4.0 -2.198
-0.214 -0.035 1.013 -3.649 -5.344 -2.153
-0.218 -0.037 1.005 -3.374 -1.115 -2.412
-0.227 -0.038 1.009 -3.542 0.901 -1.969
-0.232 -0.032 1.004 -4.641 0.55 -1.664
-0.23 -0.039 1.009 -5.496 -0.351 -1.908
-0.243 -0.034 1.028 -6.229 -3.695 -1.618
-0.243 -0.041 1.027 -6.122 -5.725 -1.115
-0.233 -0.04 1.031 -6.061 -6.321 -1.13
-0.226 -0.045 1.016 -6.153 -5.908 -1.221
-0.21 -0.052 1.036 -5.664 -4.443 -1.908
-0.211 -0.043 1.033 -5.008 -3.847 -2.351
-0.21 -0.044 1.024 -4.443 -2.656 -2.733
-0.222 -0.042 1.015 -5.084 -3.298 -2.687
-0.23 -0.04 1.019 -5.908 -3.786 -2.122
-0.237 -0.03 1.019 -6.321 -2.58 -1.252
-0.218 -0.038 1.046 -5.802 -3.053 -0.656
-0.214 -0.045 1.053 -5.267 -4.015 -1.42
-0.207 -0.037 1.047 -4.809 -4.473 -1.313
-0.207 -0.038 1.035 -3.756 -3.374 -1.511
-0.209 -0.041 1.035 -2.763 -1.221 -2.198
-0.214 -0.037 1.018 -3.13 -2.29 -2.489
-0.209 -0.035 1.006 -4.122 -4.519 -2.901
-0.22 -0.026 0.998 -4.427 -1.435 -3.557
-0.227 -0.03 1.009 -4.595 -0.244 -2.748
-0.227 -0.036 1.022 -4.489 0.321 -2.519
-0.231 -0.028 1.019 -4.809 0.489 -2.412
-0.24 -0.034 1.03 -4.687 -0.794 -1.939
-0.235 -0.042 1.029 -4.763 -1.847 -1.908
-0.244 -0.04 1.042 -5.099 -4.733 -2.137
-0.24 -0.038 1.042 -5.115 -8.687 -1.481
-0.222 -0.04 1.03 -4.107 -6.046 -2.015
-0.229 -0.043 1.038 -3.511 -5.527 -1.802
-0.22 -0.035 1.018 -3.252 -3.847 -2.015
-0.227 -0.034 1.013 -3.298 -0.824 -1.756
-0.223 -0.04 1.018 -3.511 -0.229 -1.42
-0.225 -0.038 1.025 -3.405 0.565 -1.954
-0.22 -0.034 1.031 -3.466 -1.969 -2.229
-0.224 -0.035 1.019 -3.603 -3.099 -2.046
-0.226 -0.039 1.026 -3.832 -4.473 -2.015
-0.225 -0.031 1.027 -4.214 -5.817 -2.015
-0.222 -0.03 1.021 -4.672 -5.802 -1.74
-0.204 -0.038 1.04 -4.397 -5.481 -1.832
-0.198 -0.044 1.047 -3.588 -3.603 -2.107
-0.2 -0.041 1.046 -2.763 -4.641 -2.718
-0.207 -0.038 1.041 -2.55 -3.985 -3.176
-0.218 -0.035 1.05 -2.122 -3.649 -3.008
-0.219 -0.038 1.044 -1.328 -2.58 -3.221
-0.218 -0.028 1.022 -0.962 -1.786 -3.557
-0.225 -0.029 1.014 -1.176 -1.786 -3.969
-0.248 -0.025 1.008 -2.229 -2.168 -4.168
-0.259 -0.027 1.009 -4.092 -4.733 -3.176
-0.25 -0.023 1.011 -5.328 -5.115 -1.618
-0.246 -0.023 1.015 -5.939 -2.412 -0.229
-0.224 -0.034 1.027 -6.229 -1.176 0.519
-0.208 -0.035 1.037 -5.557 0.198 0.458
-0.213 -0.044 1.062 -4.947 0.55 0.366
-0.213 -0.04 1.062 -3.802 -0.901 -0.26
-0.214 -0.042 1.043 -3.679 -2.26 -0.992
-0.226 -0.031 1.029 -3.71 -2.687 -0.565
-0.224 -0.032 1.04 -3.664 -1.176 -0.183
-0.21 -0.028 1.038 -3.45 -0.718 -0.153
-0.208 -0.03 1.024 -3.496 -1.267 -0.061
-0.213 -0.03 1.022 -4.137 -0.55 -0.397
-0.222 -0.029 1.03 -4.595 -2.489 -0.458
-0.222 -0.027 1.024 -4.397 -2.809 -0.382
-0.218 -0.025 1.014 -4.061 -1.176 -0.183
-0.22 -0.023 1.031 -4.214 -0.519 0.229
-0.229 -0.026 1.022 -4.076 -2.26 0.504
-0.226 -0.028 1.018 -3.664 -2.962 0.443
-0.226 -0.032 1.003 -4.153 -2.305 -0.076
-0.225 -0.031 1.007 -5.313 -3.511 -0.076
-0.232 -0.029 1.025 -6.244 -5.603 0.321
-0.228 -0.025 1.031 -6.321 -7.42 1.45
-0.209 -0.034 1.031 -5.527 -7.313 1.664
-0.205 -0.035 1.031 -5.053 -4.458 1.191
-0.185 -0.037 1.024 -4.931 -4.504 0.641
-0.203 -0.031 1.03 -4.87 -4.763 -0.107
-0.208 -0.032 1.033 -4.962 -7.695 0.595
-0.196 -0.035 1.013 -4.718 -6.641 0.015
-0.201 -0.033 1.01 -5.282 -4.443 0.168
-0.202 -0.033 1.017 -5.695 -3.481 0.351
-0.202 -0.038 1.04 -5.695 -3.237 1.069
-0.197 -0.041 1.04 -5.649 -3.038 1.298
-0.194 -0.041 1.032 -5.634 -4.061 1.038
-0.19 -0.035 1.038 -5.771 -4.718 0.244
-0.195 -0.038 1.026 -6.0 -3.771 -0.702
-0.202 -0.036 1.025 -6.076 -3.756 -0.718
-0.19 -0.039 1.032 -6.122 -2.855 -0.519
-0.199 -0.034 1.067 -5.496 -7.969 0.626
-0.181 -0.057 1.011 -5.725 -13.634 1.237
-0.178 -0.044 1.029 -6.122 -0.962 -1.023
-0.215 -0.036 1.058 -5.573 -6.901 0.473
-0.197 -0.033 1.029 -5.496 -4.718 0.092
-0.2 -0.039 1.04 -5.588 -3.618 -0.382
-0.203 -0.039 1.028 -5.954 -3.954 -0.061
-0.206 -0.034 1.029 -5.908 -2.351 0.122
-0.196 -0.042 1.032 -6.046 -0.87 0.031
-0.191 -0.033 1.039 -5.908 -0.534 -0.122
-0.187 -0.051 1.046 -5.45 -2.107 -0.565
-0.19 -0.035 1.036 -5.573 -1.863 -1.008
-0.196 -0.033 1.03 -5.466 -1.359 -1.298
-0.2 -0.037 1.028 -5.679 -0.947 -1.557
-0.203 -0.037 1.037 -5.42 0.076 -1.298
-0.202 -0.033 1.04 -5.511 0.351 -1.359
-0.202 -0.039 1.048 -5.282 0.137 -1.389
-0.209 -0.035 1.041 -5.069 -0.366 -1.038
-0.206 -0.036 1.046 -4.855 0.55 -0.565
-0.202 -0.039 1.048 -4.061 1.527 -0.626
-0.197 -0.039 1.057 -3.13 1.176 -0.504
-0.194 -0.034 1.043 -2.977 -0.015 -0.534
-0.199 -0.034 1.031 -3.45 -0.901 -0.916
-0.209 -0.032 1.028 -3.771 -1.16 -0.931
-0.219 -0.03 1.037 -4.107 -2.031 -0.855
-0.219 -0.027 1.033 -4.397 -2.382 0.046
-0.216 -0.029 1.032 -4.504 -0.931 0.244
-0.215 -0.031 1.038 -4.748 0.321 0.122
-0.207 -0.035 1.042 -4.794 0.412 0.794
-0.201 -0.037 1.048 -3.939 1.527 0.779
-0.202 -0.034 1.058 -4.015 1.053 0.382
-0.202 -0.034 1.051 -4.198 -3.756 0.519
-0.207 -0.036 1.051 -3.771 -4.702 0.763
-0.206 -0.033 1.042 -3.008 -2.611 1.557
-0.205 -0.033 1.041 -3.191 -1.786 2.305
-0.214 -0.032 1.021 -3.328 -1.008 3.206
-0.201 -0.039 1.037 -3.389 0.702 3.939
-0.203 -0.043 1.041 -2.977 1.481 4.443
-0.213 -0.033 1.051 -2.611 0.992 5.237
-0.217 -0.102 1.011 -6.473 -1.588 5.313
-0.171 -0.056 1.015 -1.588 -2.198 3.481
-0.197 -0.034 1.023 -2.275 3.908 2.351
-0.195 -0.029 1.034 -2.763 -2.733 3.71
-0.167 -0.042 1.022 -2.962 2.137 1.908
-0.181 -0.03 1.034 -3.481 -0.794 1.221
-0.185 -0.034 1.031 -3.847 -2.351 0.656
-0.18 -0.035 1.041 -3.557 -1.115 0.183
-0.196 -0.021 1.053 -2.855 -0.977 -0.015
-0.196 -0.039 1.02 -2.611 -1.023 0.015
-0.196 -0.03 1.035 -3.298 -2.626 0.84
-0.186 -0.034 1.028 -3.466 -2.947 0.565
-0.186 -0.037 1.02 -3.527 -2.26 -0.061
-0.177 -0.032 1.019 -3.74 -0.198 -0.733
-0.18 -0.026 1.031 -4.229 0.626 -1.313
-0.186 -0.03 1.021 -4.092 0.595 -1.588
-0.198 -0.023 1.035 -3.695 1.237 -1.893
-0.209 -0.024 1.042 -3.863 -1.008 -1.756
-0.21 -0.027 1.039 -4.519 -1.985 -1.878
-0.213 -0.027 1.027 -5.313 -2.031 -1.496
-0.212 -0.023 1.029 -5.42 -1.832 -1.328
-0.208 -0.015 1.035 -5.389 -1.267 -1.099
-0.198 -0.032 1.04 -4.931 -0.595 -0.794
-0.197 -0.041 1.035 -4.687 0.504 -0.885
-0.205 -0.038 1.042 -4.519 0.595 -1.298
-0.206 -0.035 1.037 -4.412 -0.626 -0.58
-0.21 -0.033 1.047 -3.985 -0.29 -0.931
-0.214 -0.026 1.033 -3.985 -0.092 -1.115
-0.208 -0.03 1.029 -4.443 -0.397 -0.672
-0.206 -0.033 1.027 -4.641 0.244 -0.58
-0.195 -0.033 1.021 -5.221 0.534 -0.672
-0.201 -0.033 1.034 -5.481 0.55 -1.023
-0.204 -0.027 1.032 -5.893 -0.198 -1.328
-0.21 -0.023 1.031 -6.153 -1.405 -1.191
-0.203 -0.023 1.029 -5.389 0.351 -1.313
-0.209 -0.031 1.037 -5.038 1.221 -1.221
-0.216 -0.034 1.043 -4.87 -0.534 -0.672
-0.207 -0.033 1.043 -5.374 -2.916 -0.229
-0.196 -0.038 1.031 -5.176 -2.382 -0.87
-0.199 -0.034 1.038 -5.191 -2.794 -1.053
-0.205 -0.029 1.04 -5.221 -3.511 -0.687
-0.2 -0.031 1.036 -4.58 -2.076 -0.763
-0.214 -0.03 1.032 -4.427 -2.183 -0.26
-0.209 -0.026 1.031 -4.687 -2.779 0.0
-0.21 -0.032 1.025 -4.916 -2.824 -0.305
-0.205 -0.033 1.028 -5.511 -3.038 -0.244