-0.058 0.061 1.046 -4.275 -0.473 -2.672
-0.065 0.059 1.049 -3.511 1.344 -3.115
-0.07 0.062 1.049 -3.237 2.107 -3.634
-0.084 0.065 1.035 -3.588 1.786 -3.985
-0.092 0.06 1.048 -4.519 -0.29 -3.817
-0.107 0.062 1.048 -5.237 -2.382 -3.802
-0.111 0.06 1.059 -5.557 -4.183 -3.389
-0.113 0.062 1.051 -5.634 -3.847 -2.718
-0.11 0.056 1.054 -5.298 -0.076 -2.534
-0.117 0.058 1.059 -5.206 1.389 -1.695
-0.114 0.061 1.064 -5.13 1.74 -1.42
-0.112 0.057 1.081 -4.305 2.015 -1.634
-0.099 0.058 1.09 -3.618 0.534 -1.084
-0.093 0.057 1.083 -2.901 -0.015 -0.87
-0.09 0.061 1.071 -2.931 -0.824 -0.55
-0.078 0.061 1.051 -2.931 0.321 -0.779
-0.079 0.062 1.059 -3.221 1.863 -0.763
-0.066 0.037 1.113 0.794 1.084 2.855
-0.129 0.086 1.047 -4.947 7.557 -1.221
-0.071 0.044 1.074 -5.099 -8.458 -0.641
-0.061 0.042 1.04 -3.878 6.87 -3.969
-0.113 0.058 1.103 -3.725 -3.13 -0.641
-0.063 0.055 1.038 -2.672 2.397 -2.412
-0.091 0.064 1.071 -1.954 4.656 -2.443
-0.085 0.064 1.068 -2.244 0.626 -1.618
-0.096 0.065 1.061 -2.336 1.878 -2.046
-0.1 0.073 1.055 -2.305 0.992 -1.756
-0.107 0.075 1.043 -2.718 1.344 -1.771
-0.109 0.074 1.045 -3.069 1.374 -1.45
-0.102 0.071 1.031 -3.527 1.71 -1.496
-0.113 0.071 1.041 -4.0 2.687 -1.359
-0.116 0.072 1.048 -3.817 2.748 -1.099
-0.109 0.052 1.062 -3.511 2.947 -1.42
-0.122 0.063 1.062 -3.435 0.901 -0.763
-0.1 0.057 1.048 -2.901 3.603 -2.076
-0.135 0.057 1.065 -3.588 0.885 -0.275
-0.122 0.058 1.057 -4.031 -2.107 1.344
-0.113 0.063 1.052 -3.817 2.092 0.748
-0.114 0.065 1.056 -4.0 1.527 0.87
-0.109 0.065 1.052 -4.58 1.695 0.611
-0.111 0.067 1.045 -5.267 -0.321 0.504
-0.103 0.076 1.038 -6.0 -2.076 0.611
-0.103 0.076 1.036 -6.55 -1.863 0.779
-0.113 0.078 1.047 -6.595 -0.458 1.939
-0.094 0.073 1.044 -6.061 1.863 2.397
-0.1 0.063 1.046 -5.588 2.733 2.595
-0.104 0.063 1.059 -4.962 2.687 2.534
-0.098 0.058 1.062 -4.58 1.191 1.954
-0.107 0.053 1.067 -3.832 0.198 1.237
-0.097 0.061 1.052 -3.817 0.214 0.427
-0.098 0.064 1.05 -4.183 0.137 0.168
-0.102 0.069 1.048 -5.038 -0.611 0.244
-0.1 0.062 1.054 -5.603 -2.107 -0.092
-0.101 0.067 1.055 -6.351 -2.229 -0.107
-0.108 0.066 1.05 -6.382 -2.962 0.198
-0.111 0.059 1.056 -6.168 -3.603 1.053
-0.103 0.064 1.054 -5.466 -2.229 1.038
-0.115 0.064 1.056 -5.557 -2.718 2.168
-0.107 0.067 1.053 -5.099 -1.634 2.58
-0.102 0.066 1.06 -4.641 -1.542 3.42
-0.095 0.067 1.046 -5.053 -2.0 3.008
-0.089 0.056 1.04 -5.71 -1.802 2.427
-0.09 0.065 1.048 -6.397 -2.244 2.031
-0.082 0.061 1.037 -6.733 -1.252 1.42
-0.093 0.063 1.039 -7.038 0.504 1.634
-0.09 0.062 1.038 -6.947 1.344 2.229
-0.092 0.064 1.058 -6.977 1.359 2.809
-0.079 0.063 1.058 -6.901 -1.084 3.038
-0.075 0.057 1.069 -7.252 -4.824 2.962
-0.064 0.062 1.06 -7.221 -7.313 3.466
-0.053 0.063 1.065 -7.573 -5.695 4.641
-0.024 0.071 1.065 -8.305 -1.466 6.565
0.009 0.08 1.084 -8.305 2.015 7.573
0.052 0.071 1.104 -7.45 4.092 8.0
0.093 0.054 1.134 -5.74 6.137 5.939
0.101 0.041 1.156 -3.863 3.221 2.809
0.103 0.028 1.156 -1.832 -0.122 0.046
0.09 0.039 1.158 0.534 -2.931 -2.595
0.088 0.015 1.154 1.878 -5.267 -3.847
0.09 0.012 1.143 2.504 -6.809 -4.29
0.088 0.001 1.124 1.618 -6.366 -3.71
0.118 0.004 1.124 0.305 -5.634 -3.099
0.142 0.003 1.122 -1.313 -3.206 -1.481
0.192 -0.02 1.15 -1.313 -0.015 -1.374
0.224 -0.043 1.17 -0.137 4.733 -1.237
0.263 -0.042 1.163 4.366 12.26 -3.191
0.325 -0.051 1.119 5.786 14.885 -6.809
0.344 -0.068 1.124 7.481 22.672 -15.237
0.332 -0.043 1.123 5.359 13.954 -20.656
0.334 -0.033 1.08 3.756 12.58 -27.42
0.291 -0.032 1.093 3.206 15.985 -33.115
0.288 -0.044 1.067 4.183 21.42 -37.298
0.271 -0.042 1.023 4.092 28.626 -39.176
0.247 -0.05 1.0 4.153 41.252 -41.038
0.219 -0.067 1.057 4.931 48.962 -44.672
0.178 -0.083 1.074 2.718 42.107 -48.702
0.151 -0.117 1.134 0.0 27.542 -56.718
0.103 -0.12 1.167 -2.412 4.0 -63.954
0.106 -0.124 1.105 -3.45 -8.26 -70.87
0.089 -0.128 1.062 -2.534 -2.336 -75.557
0.015 -0.111 1.018 -1.145 9.71 -76.931
-0.021 -0.093 0.969 -0.137 30.519 -74.931
-0.069 -0.059 0.917 1.695 57.16 -70.931
-0.106 -0.075 0.926 1.893 77.13 -63.679
-0.113 -0.096 0.964 1.847 93.344 -62.427
-0.172 -0.136 1.156 0.763 76.916 -65.649
-0.222 -0.167 1.289 -0.26 32.137 -74.198
-0.198 -0.195 1.267 -0.29 -10.443 -81.863
-0.198 -0.197 1.163 2.168 -24.137 -87.74
-0.227 -0.189 1.091 8.489 -9.954 -97.191
-0.343 -0.161 1.058 11.756 3.664 -101.588
-0.398 -0.118 1.033 12.718 5.588 -98.565
-0.402 -0.126 0.983 15.634 18.336 -95.206
-0.392 -0.106 0.972 18.321 32.641 -91.008
-0.409 -0.118 1.023 20.366 35.298 -95.16
-0.475 -0.113 1.078 17.878 2.519 -97.71
-0.45 -0.098 1.001 14.84 -21.557 -101.237
-0.446 -0.087 0.917 14.382 -18.061 -103.099
-0.485 -0.061 0.901 15.969 -3.817 -102.595
-0.535 -0.034 0.893 15.878 6.824 -98.29
-0.552 -0.024 0.897 16.046 16.122 -91.176
-0.508 -0.041 0.852 16.382 30.947 -89.832
-0.488 -0.041 0.95 18.092 36.84 -86.962
-0.455 -0.045 0.954 18.29 13.282 -83.817
-0.456 -0.059 0.955 17.908 15.13 -87.893
-0.502 -0.028 0.957 17.863 -0.046 -87.42
-0.495 -0.022 0.893 15.725 0.687 -86.534
-0.506 0.004 0.878 13.618 3.74 -84.336
-0.496 -0.007 0.847 11.618 10.137 -79.756
-0.467 0.002 0.858 13.023 15.16 -76.275
-0.469 -0.01 0.882 13.145 22.916 -74.473
-0.465 -0.013 0.924 12.397 17.603 -73.664
-0.489 -0.009 0.95 9.985 5.023 -74.916
-0.48 -0.012 0.93 6.626 -9.908 -72.794
-0.467 0.0 0.91 5.374 -6.107 -72.092
-0.469 0.008 0.937 4.794 -8.092 -68.351
-0.424 0.009 0.932 4.473 -6.229 -65.328
-0.386 -0.004 0.949 4.931 -3.481 -63.084
-0.422 -0.025 0.966 6.458 -8.931 -57.435
-0.284 -0.013 0.954 8.0 -0.962 -59.42
-0.335 -0.02 0.907 11.145 25.008 -68.107
-0.429 0.003 0.978 7.542 5.267 -63.756
-0.38 -0.014 0.906 5.771 4.595 -64.29
-0.417 0.0 0.917 4.702 7.13 -63.695
-0.412 -0.003 0.914 2.977 7.466 -61.069
-0.407 -0.013 0.952 3.344 9.71 -60.443
-0.407 -0.004 0.956 3.695 9.084 -57.557
-0.4 -0.009 0.916 3.832 16.458 -54.351
-0.412 -0.012 0.926 3.481 24.107 -50.504
-0.409 -0.025 0.94 1.496 25.603 -47.191
-0.381 -0.045 0.959 1.176 25.771 -46.366
-0.377 -0.042 0.939 1.344 32.0 -46.183
-0.405 -0.039 0.959 1.847 37.481 -45.771
-0.431 -0.034 1.013 3.634 38.748 -43.771
-0.435 -0.038 1.041 7.817 38.992 -41.573
-0.417 -0.05 1.033 12.397 42.519 -41.771
-0.427 -0.044 1.0 14.779 41.954 -43.145
-0.465 -0.039 0.99 14.931 35.45 -44.366
-0.508 -0.026 0.964 13.557 25.466 -43.298
-0.528 -0.011 0.929 11.527 19.954 -40.87
-0.541 -0.004 0.912 8.656 16.229 -36.901
-0.52 -0.01 0.899 5.328 12.672 -33.634
-0.482 -0.022 0.907 2.885 12.321 -31.618
-0.449 -0.021 0.921 0.901 9.405 -30.321
-0.404 -0.025 0.934 -0.137 6.855 -31.13
-0.373 -0.049 0.944 -1.084 3.939 -33.191
-0.365 -0.047 0.973 -1.573 -0.397 -35.496
-0.361 -0.06 0.986 -0.351 -5.023 -37.084
-0.362 -0.065 0.971 1.496 -5.786 -39.053
-0.367 -0.058 0.956 2.427 -5.099 -39.664
-0.386 -0.058 0.943 2.183 -4.565 -39.527
-0.391 -0.056 0.93 0.84 -2.458 -37.466
-0.39 -0.058 0.939 -0.153 -2.672 -34.809
-0.401 -0.057 0.952 -0.656 0.992 -32.473
-0.417 -0.061 0.957 -1.511 2.137 -29.725
-0.433 -0.057 0.958 -2.58 0.473 -26.473
-0.434 -0.064 0.974 -2.87 -0.718 -23.328
-0.434 -0.076 0.981 -3.221 -0.489 -20.733
-0.442 -0.07 0.973 -3.405 -0.076 -17.893
-0.422 -0.078 0.97 -4.275 -0.305 -15.832
-0.41 -0.085 0.986 -5.344 -1.542 -13.969
-0.39 -0.093 0.982 -5.038 -0.427 -13.847
-0.395 -0.097 0.996 -4.0 3.038 -14.214
-0.415 -0.088 0.995 -3.008 2.565 -14.29
-0.425 -0.083 0.995 -2.107 0.718 -12.611
-0.432 -0.075 0.985 -1.252 -1.42 -10.656
-0.448 -0.051 0.971 -2.153 -2.595 -7.771
-0.429 -0.053 0.962 -3.42 -4.443 -4.718
-0.397 -0.067 0.957 -3.756 -1.847 -3.878
-0.391 -0.073 0.964 -4.58 -1.298 -3.221
-0.377 -0.074 0.98 -4.733 -3.038 -3.313
-0.382 -0.076 0.99 -5.145 -5.527 -2.687
-0.368 -0.067 0.98 -5.45 -5.74 -2.168
-0.348 -0.071 0.986 -5.115 -3.679 -2.412
-0.343 -0.072 1.005 -4.779 -5.008 -2.427
-0.332 -0.071 0.997 -3.832 -3.634 -3.267
-0.342 -0.069 0.996 -3.206 -1.817 -3.985
-0.352 -0.067 0.978 -3.176 -0.947 -3.466
-0.353 -0.064 0.988 -3.45 0.336 -2.962
-0.358 -0.072 0.997 -3.313 -1.664 -2.626
-0.35 -0.07 1.011 -2.992 -2.26 -2.55
-0.35 -0.077 0.997 -2.672 -2.275 -2.687
-0.348 -0.072 0.984 -2.153 -0.519 -2.977
-0.345 -0.071 0.997 -2.107 0.336 -2.504
-0.339 -0.077 1.006 -2.107 -1.511 -2.504
-0.345 -0.074 1.005 -1.847 -3.725 -3.282
-0.345 -0.067 0.967 -1.817 -3.206 -3.771
-0.361 -0.07 0.975 -2.107 -1.71 -3.618
-0.365 -0.073 0.958 -2.489 -1.145 -2.962
-0.356 -0.066 0.96 -2.489 2.137 -2.611
-0.375 -0.069 0.968 -3.237 3.145 -2.26
-0.374 -0.069 0.98 -3.817 0.885 -2.153
-0.38 -0.066 0.978 -4.763 -2.55 -1.298
-0.368 -0.075 0.973 -5.618 -4.031 -0.992
-0.36 -0.075 0.982 -5.481 -4.0 -1.252
-0.354 -0.076 0.995 -4.534 -2.718 -0.87
-0.356 -0.076 0.992 -3.939 -4.092 -0.244
-0.343 -0.073 0.986 -3.832 -3.939 0.107
-0.335 -0.08 0.993 -3.405 -3.344 -0.153
-0.336 -0.08 1.001 -2.58 -3.115 -1.069
-0.341 -0.081 0.97 -2.137 -3.084 -1.405
-0.351 -0.074 0.954 -2.092 -1.42 -1.344
-0.359 -0.066 0.948 -3.008 1.328 -0.947
-0.361 -0.061 0.961 -3.45 1.954 -0.427
-0.363 -0.062 0.975 -4.168 0.809 0.0
-0.341 -0.074 0.997 -4.321 -3.45 -0.412
-0.325 -0.072 0.983 -3.069 -3.099 -1.191
-0.338 -0.065 0.979 -2.153 -0.366 -2.168
-0.355 -0.055 0.969 -2.183 -1.023 -1.985
-0.348 -0.058 0.955 -2.962 -2.076 -0.977
-0.34 -0.057 0.943 -3.237 -0.702 -1.344
-0.35 -0.067 0.961 -3.817 0.901 -1.832
-0.354 -0.067 0.964 -4.214 -1.008 -1.954
-0.359 -0.067 0.978 -4.305 -2.84 -1.969
-0.346 -0.072 0.982 -4.031 -4.809 -2.076
-0.34 -0.078 0.982 -4.046 -5.115 -2.489
-0.346 -0.07 0.974 -4.183 -4.061 -2.458
-0.343 -0.072 0.966 -4.504 -2.0 -2.183
-0.339 -0.074 0.976 -4.534 0.992 -2.611
-0.344 -0.072 0.983 -5.176 -0.718 -1.786
-0.345 -0.078 0.997 -5.771 -4.046 -2.336
-0.344 -0.071 0.998 -6.305 -9.634 -2.55
-0.342 -0.066 0.973 -6.244 -8.244 -2.412
-0.338 -0.06 0.972 -6.031 -3.649 -1.969
-0.341 -0.063 0.99 -5.756 -2.336 -1.099
-0.332 -0.072 0.993 -5.008 -1.145 -1.008
-0.322 -0.074 0.996 -4.366 0.443 -1.603
-0.323 -0.079 0.996 -3.969 0.962 -2.351
-0.335 -0.083 0.992 -3.74 -0.031 -3.008
-0.345 -0.068 0.989 -3.679 -2.718 -3.756
-0.351 -0.071 0.973 -3.649 -4.015 -3.847
-0.355 -0.066 0.963 -4.244 -3.954 -3.481
-0.36 -0.062 0.975 -4.901 -3.756 -2.763
-0.346 -0.07 0.976 -5.206 -3.466 -1.527
-0.342 -0.059 0.974 -5.221 -1.115 -1.359
-0.339 -0.081 1.007 -4.977 -1.099 -1.191
-0.334 -0.083 1.019 -4.458 -3.725 -1.282
-0.327 -0.079 0.993 -3.878 -3.954 -1.71
-0.333 -0.078 0.982 -3.863 -2.107 -2.0
-0.354 -0.078 0.991 -4.107 -3.863 -1.176
-0.336 -0.064 0.968 -4.046 -3.847 -1.466
-0.351 -0.068 0.96 -4.84 -3.847 -0.901
-0.352 -0.063 0.958 -5.756 -2.458 0.153
-0.349 -0.067 0.97 -6.489 -1.466 1.008
-0.346 -0.068 0.988 -6.87 -2.336 1.038
-0.34 -0.072 1.006 -7.084 -4.718 1.359
-0.344 -0.075 1.007 -6.214 -6.229 2.0
-0.327 -0.076 0.991 -5.237 -3.389 1.298
-0.325 -0.076 0.991 -5.053 -2.046 1.298
-0.319 -0.084 0.988 -4.763 -0.137 0.809
-0.321 -0.084 0.992 -4.458 1.298 -0.015
-0.318 -0.075 0.996 -4.641 -0.794 -0.183
-0.331 -0.076 0.982 -5.099 -2.565 -0.947
-0.339 -0.07 0.986 -5.802 -4.458 -0.992
-0.334 -0.068 0.981 -5.71 -4.321 -0.977
-0.335 -0.07 0.988 -5.878 -4.733 -0.977
-0.322 -0.076 0.979 -6.168 -4.275 -0.947
-0.284 -0.089 0.935 -3.405 4.58 -2.366
-0.349 -0.069 1.025 -4.809 -2.931 1.023
-0.329 -0.082 1.002 -4.58 -0.122 -0.718
-0.326 -0.084 1.018 -3.893 -2.382 -1.969
-0.324 -0.085 0.999 -3.71 -3.008 -1.618
-0.341 -0.082 0.992 -3.557 -2.122 -1.542
-0.339 -0.082 0.986 -3.573 -1.435 -1.481
-0.333 -0.079 0.988 -3.435 0.015 -1.573
-0.334 -0.08 0.989 -3.45 0.763 -1.313
-0.334 -0.075 0.979 -3.191 2.122 -1.847
-0.353 -0.067 0.991 -3.176 0.916 -1.313
-0.35 -0.068 0.985 -3.328 -3.267 -0.962
-0.344 -0.065 0.967 -3.878 -3.679 -0.824
-0.345 -0.062 0.961 -4.641 -2.977 -0.366
-0.336 -0.063 0.986 -5.023 -2.718 -0.015
-0.331 -0.068 0.984 -4.977 -2.153 -0.305
-0.32 -0.073 0.975 -4.779 -0.031 -0.595
-0.315 -0.085 0.983 -3.863 3.267 -0.992
-0.326 -0.08 0.993 -2.855 3.649 -1.496
-0.335 -0.076 0.987 -2.137 2.229 -1.45
-0.335 -0.074 0.972 -2.168 1.939 -1.664
-0.348 -0.066 0.978 -2.656 0.855 -1.206
-0.355 -0.065 0.968 -3.542 -0.672 -0.626
-0.349 -0.07 0.959 -3.771 0.626 -0.779
-0.359 -0.066 0.957 -4.794 0.656 -0.275
-0.343 -0.064 0.961 -5.74 0.061 -0.458
-0.344 -0.063 0.987 -5.985 -0.458 -0.153
-0.348 -0.066 0.991 -5.649 -0.214 0.397
-0.335 -0.07 0.99 -4.84 1.74 0.153
-0.341 -0.068 0.998 -4.443 0.244 0.58
-0.326 -0.081 0.994 -3.924 0.84 -0.244
-0.329 -0.084 0.993 -3.221 1.16 -0.427
-0.335 -0.074 0.996 -2.794 1.893 -0.763
-0.342 -0.076 1.006 -2.458 0.046 -0.718
-0.341 -0.067 0.974 -2.718 -0.565 -0.702
-0.347 -0.061 0.963 -2.916 0.427 -0.55
-0.355 -0.057 0.956 -3.573 1.603 0.275
-0.348 -0.064 0.964 -4.489 2.0 0.489
-0.346 -0.063 0.967 -5.344 2.504 0.885
-0.347 -0.062 0.981 -5.344 0.824 0.504
-0.339 -0.068 0.97 -5.573 -0.779 0.55
-0.333 -0.069 0.983 -5.618 -1.16 0.015
-0.34 -0.068 0.98 -5.053 -0.733 -0.366
-0.344 -0.062 0.981 -4.901 2.275 0.229
-0.349 -0.066 0.992 -4.534 3.939 0.198
-0.341 -0.066 0.995 -4.244 4.595 -0.412
-0.354 -0.074 1.0 -4.321 1.099 -0.183
-0.357 -0.072 0.992 -4.427 -1.542 -0.366
-0.349 -0.077 0.994 -4.565 -1.664 -0.321
-0.354 -0.072 0.989 -4.031 0.412 -0.321
-0.367 -0.068 0.995 -3.863 0.366 0.992
-0.358 -0.069 0.993 -3.466 0.046 1.466
-0.354 -0.068 0.987 -3.664 -0.137 1.802
-0.357 -0.069 0.991 -3.527 -2.168 1.466
-0.358 -0.074 0.982 -3.817 -4.015 1.313
-0.351 -0.063 0.97 -3.756 -4.168 0.977
-0.353 -0.064 0.968 -3.954 -1.313 0.87
-0.352 -0.062 0.976 -3.557 -0.29 1.42
-0.347 -0.064 0.97 -3.74 0.489 1.511
-0.347 -0.063 0.982 -4.305 -1.832 1.863
-0.339 -0.067 0.986 -4.382 -2.473 1.435
-0.341 -0.067 0.981 -3.863 -0.779 0.931
-0.344 -0.064 0.98 -3.771 -0.031 1.237
-0.337 -0.065 0.992 -3.511 0.977 1.008
-0.347 -0.066 0.987 -2.855 0.702 1.237
-0.338 -0.069 0.976 -2.977 0.962 1.038
-0.348 -0.061 0.963 -3.588 0.168 1.053
-0.35 -0.058 0.977 -4.809 -3.008 1.74
-0.342 -0.064 0.977 -4.733 -3.13 1.771
-0.34 -0.058 0.984 -4.87 -3.481 1.924
-0.332 -0.068 0.971 -5.038 -1.939 1.603
-0.328 -0.073 0.98 -4.733 0.626 0.947
-0.332 -0.07 0.998 -3.893 1.832 0.901
-0.33 -0.08 0.999 -3.115 2.305 0.351
-0.344 -0.067 0.987 -2.702 1.282 0.489
-0.346 -0.063 0.976 -2.824 0.87 0.153
-0.359 -0.059 0.968 -3.679 0.26 0.565
-0.371 -0.06 0.966 -4.351 -0.534 1.023
-0.363 -0.061 0.965 -4.87 -0.947 0.977
-0.358 -0.063 0.966 -5.542 -1.557 1.328
-0.355 -0.072 0.985 -5.954 -3.145 1.557
-0.348 -0.076 0.979 -5.42 -3.527 1.573
-0.336 -0.081 0.99 -4.687 -2.031 1.344
-0.33 -0.073 0.979 -4.336 -0.794 1.206
-0.33 -0.072 0.971 -4.031 1.588 1.206
-0.336 -0.07 0.969 -3.832 4.366 1.664
-0.335 -0.068 0.985 -3.542 5.695 1.359
-0.329 -0.065 0.979 -3.725 5.038 0.611
-0.332 -0.064 0.981 -4.031 3.832 -0.046
-0.34 -0.061 0.982 -4.26 0.412 -0.26
-0.333 -0.062 0.963 -4.458 0.626 -0.809
-0.344 -0.052 0.969 -4.656 1.74 -0.733
-0.339 -0.054 0.957 -5.099 2.702 -0.092
-0.347 -0.062 0.975 -5.389 3.481 -0.656
-0.358 -0.059 0.996 -5.389 1.511 -0.092
-0.355 -0.066 0.996 -5.359 -1.496 -0.489
-0.343 -0.059 0.985 -5.466 -4.809 -0.992
-0.336 -0.059 0.969 -4.763 -1.878 -1.618
-0.352 -0.061 0.973 -4.382 0.947 -1.786
-0.359 -0.062 0.971 -4.901 2.229 -1.618
-0.363 -0.061 0.989 -5.023 1.618 -1.481
-0.361 -0.06 0.997 -4.656 1.847 -1.481
-0.363 -0.062 1.004 -4.458 0.779 -1.42
-0.356 -0.068 0.996 -4.336 -1.16 -1.359
-0.357 -0.059 0.993 -4.107 -1.115 -1.221
-0.352 -0.065 0.987 -3.695 -1.084 -1.069
-0.346 -0.061 0.983 -3.573 -0.305 -1.221
-0.354 -0.062 0.978 -3.496 0.046 -0.916
-0.365 -0.056 0.973 -3.725 0.504 -0.916
-0.369 -0.055 0.974 -4.305 -0.656 -0.504
-0.367 -0.057 0.981 -4.351 -2.443 -0.29
-0.366 -0.057 0.974 -4.565 -4.107 -0.092
-0.365 -0.057 0.968 -4.397 -3.344 0.275
-0.361 -0.061 0.971 -4.84 -2.84 1.145
-0.347 -0.061 0.972 -4.489 -1.084 0.504
-0.347 -0.06 0.972 -4.611 -0.168 0.382
-0.351 -0.055 0.981 -4.412 0.244 -0.061
-0.351 -0.062 0.977 -4.168 0.916 -0.885
-0.357 -0.055 0.981 -4.244 -0.015 -1.221
-0.366 -0.058 0.973 -4.458 -1.878 -1.069
-0.369 -0.058 0.96 -4.901 -2.687 -0.641
-0.362 -0.052 0.961 -5.069 -1.817 -0.183
-0.357 -0.065 0.966 -4.931 -0.962 -0.031