0.005 0.031 1.06 -5.74 0.031 2.718
0.011 0.028 1.064 -5.817 0.672 3.16
0.018 0.035 1.066 -5.863 2.031 3.237
0.021 0.03 1.055 -6.031 2.504 3.405
0.022 0.024 1.065 -6.855 3.374 2.321
0.013 0.024 1.087 -7.725 -1.634 2.0
0.014 0.021 1.083 -7.74 -3.771 1.084
0.008 0.026 1.066 -7.267 -2.992 0.656
0.0 0.024 1.062 -7.42 -2.122 1.206
-0.004 0.021 1.066 -7.618 -0.763 1.557
-0.011 0.025 1.081 -7.176 -0.748 1.649
-0.007 0.018 1.1 -6.565 -1.893 1.939
-0.012 0.017 1.086 -6.107 -2.58 2.122
-0.0 0.017 1.078 -5.954 -2.489 2.504
0.011 0.011 1.071 -5.176 -0.366 2.366
0.007 0.027 1.062 -4.458 3.542 2.092
0.007 0.026 1.066 -5.084 3.634 2.137
0.007 0.025 1.062 -6.031 2.702 1.618
0.016 0.026 1.079 -6.779 -0.947 1.221
0.011 0.016 1.066 -6.275 -1.435 0.122
-0.0 0.023 1.082 -6.061 -1.191 -0.122
-0.007 0.027 1.067 -6.29 -3.359 0.809
-0.011 0.028 1.066 -6.168 -2.321 1.832
-0.003 0.023 1.06 -5.634 -0.641 2.458
-0.001 0.02 1.058 -5.511 1.267 2.87
-0.006 0.018 1.062 -5.908 1.023 3.115
0.001 0.016 1.064 -6.092 0.779 2.885
-0.004 0.017 1.074 -6.458 -1.435 2.931
0.003 0.017 1.074 -6.382 -3.191 2.58
0.005 0.015 1.054 -6.382 -3.74 2.366
0.01 0.016 1.053 -6.473 -3.16 2.229
0.013 0.023 1.059 -6.244 0.687 1.817
0.001 0.026 1.066 -6.595 1.45 2.137
0.013 0.017 1.062 -7.206 1.282 2.046
0.003 0.014 1.083 -7.298 0.26 2.275
-0.004 0.012 1.094 -6.305 -0.611 3.038
-0.002 0.014 1.102 -4.611 -0.305 2.855
-0.006 0.01 1.097 -3.924 -0.29 2.947
0.005 0.009 1.078 -3.573 -1.786 2.962
0.003 0.017 1.074 -3.74 -1.16 2.427
-0.002 0.019 1.065 -3.802 0.107 2.565
0.001 0.021 1.079 -3.511 1.634 3.817
0.003 0.021 1.077 -2.336 4.214 4.443
0.005 0.021 1.058 -1.542 6.58 5.328
0.022 0.02 1.059 -1.634 5.786 5.603
0.03 0.007 1.03 -2.885 4.427 4.366
0.02 0.007 1.025 -3.771 6.351 3.13
0.0 0.016 1.033 -4.763 8.397 4.076
-0.01 0.019 1.027 -5.145 11.16 6.809
-0.015 0.032 1.05 -4.763 15.16 9.42
0.008 0.031 1.076 -5.267 14.0 12.107
0.031 0.019 1.095 -4.992 11.985 12.031
0.031 0.016 1.124 -5.084 8.611 12.153
0.042 0.023 1.143 -4.58 6.244 13.634
0.048 0.021 1.167 -3.466 3.084 15.099
0.078 0.018 1.175 -1.985 0.595 18.458
0.147 0.002 1.173 0.321 1.176 19.115
0.201 0.005 1.161 1.74 1.908 18.061
0.279 -0.01 1.145 2.916 3.328 14.702
0.308 -0.012 1.13 4.427 7.511 8.87
0.311 -0.014 1.135 6.107 10.794 3.939
0.31 -0.024 1.142 8.305 13.359 -0.229
0.295 -0.025 1.155 9.496 10.229 -4.779
0.275 -0.027 1.157 10.611 2.87 -10.763
0.269 -0.03 1.12 11.069 -2.122 -14.366
0.271 -0.019 1.059 10.992 0.351 -18.107
0.258 -0.003 1.013 10.321 12.458 -21.71
0.218 0.007 1.028 8.595 12.824 -20.244
0.245 -0.004 1.038 10.595 22.855 -20.198
0.258 -0.017 1.041 13.725 30.229 -19.664
0.291 -0.011 0.986 15.969 40.382 -23.053
0.252 -0.02 1.045 15.588 37.725 -28.473
0.229 -0.018 1.054 10.092 14.718 -30.626
0.236 -0.048 1.084 9.649 8.122 -46.305
0.137 -0.014 1.152 5.466 -15.496 -49.557
0.135 0.001 1.097 4.397 -28.336 -50.214
0.121 0.017 1.066 5.069 -18.885 -50.107
0.087 0.026 1.036 5.679 -7.817 -45.649
0.088 0.042 0.976 5.252 9.313 -40.214
0.083 0.024 0.958 4.244 30.015 -35.863
0.018 0.019 1.062 1.634 31.206 -33.435
-0.028 0.013 1.173 -2.565 10.962 -32.977
0.003 -0.031 1.198 -5.527 -16.763 -34.962
0.021 -0.052 1.21 -4.809 -35.725 -39.023
0.011 -0.038 1.136 -2.55 -41.985 -40.092
0.006 -0.015 1.073 1.008 -33.435 -39.145
-0.004 -0.009 1.014 0.198 -21.282 -35.45
0.027 0.001 0.973 -2.504 -6.443 -32.382
0.094 -0.017 0.939 -6.351 6.824 -31.053
0.069 -0.048 1.032 -5.954 17.664 -33.511
-0.012 -0.073 1.182 -8.748 -2.397 -42.336
-0.026 -0.075 1.203 -14.595 -46.26 -45.695
-0.003 -0.078 1.129 -13.74 -56.641 -52.076
-0.015 -0.058 1.067 -11.466 -49.756 -52.718
0.0 -0.047 1.018 -9.191 -34.519 -52.443
-0.017 -0.043 0.97 -8.321 -17.679 -49.053
0.025 -0.067 1.002 -9.771 -18.504 -44.015
0.056 -0.094 0.978 -5.267 9.939 -54.168
-0.077 -0.071 1.114 -5.008 -2.901 -56.336
-0.116 -0.063 1.103 -7.313 -26.84 -55.634
-0.126 -0.045 1.073 -7.191 -31.924 -55.435
-0.128 -0.066 1.052 -7.298 -30.763 -55.679
-0.127 -0.02 1.021 -5.695 -29.542 -52.412
-0.135 0.019 0.992 -9.267 -35.71 -46.092
0.013 -0.064 0.84 -8.473 -3.603 -55.786
-0.076 -0.026 1.035 -8.305 1.725 -55.298
-0.072 -0.047 1.067 -10.26 -21.634 -55.328
-0.062 -0.059 1.064 -7.237 -8.947 -61.634
-0.104 -0.032 1.027 -5.359 -2.763 -63.405
-0.135 -0.004 0.997 -9.206 12.0 -63.328
-0.213 -0.001 1.055 -7.221 8.321 -58.626
-0.17 -0.027 1.041 -7.359 6.718 -55.237
-0.14 -0.031 1.052 -4.672 16.641 -57.786
-0.197 0.046 1.112 -8.718 16.55 -59.237
-0.11 -0.028 1.072 -4.55 3.435 -61.389
-0.178 -0.012 1.066 -6.702 7.389 -63.099
-0.182 0.012 1.056 -7.664 -4.87 -57.511
-0.108 -0.007 0.984 -6.153 15.405 -60.718
-0.107 -0.004 1.012 -6.718 23.832 -58.321
-0.112 -0.005 1.047 -3.359 30.885 -59.115
-0.131 -0.009 1.051 -3.053 28.092 -60.656
-0.177 -0.018 1.057 -6.092 23.023 -65.176
-0.242 0.009 1.034 -11.389 6.412 -63.527
-0.251 0.009 1.026 -13.74 9.389 -59.878
-0.246 0.014 1.048 -11.481 17.16 -54.794
-0.215 0.009 1.003 -9.237 29.771 -52.382
-0.21 0.011 1.002 -9.878 31.664 -49.099
-0.201 0.008 1.036 -10.962 31.405 -49.145
-0.21 -0.003 1.115 -12.626 19.298 -48.397
-0.205 -0.014 1.13 -11.771 8.977 -47.573
-0.169 -0.026 1.11 -8.244 15.099 -50.992
-0.196 -0.01 1.111 -3.939 15.084 -47.252
-0.195 -0.014 1.091 -2.885 17.237 -46.427
-0.205 -0.004 1.103 -1.328 14.046 -44.718
-0.174 -0.036 1.021 -1.298 23.542 -48.916
-0.23 -0.102 1.021 -1.847 35.16 -45.847
-0.242 -0.001 1.095 1.924 19.389 -42.687
-0.243 -0.003 1.08 0.901 16.336 -40.061
-0.271 0.015 1.107 2.824 12.397 -37.42
-0.247 0.017 1.088 4.427 9.344 -35.542
-0.226 0.017 1.061 5.511 10.26 -33.985
-0.224 0.022 1.081 6.519 10.504 -33.328
-0.207 0.016 1.069 6.702 10.885 -33.42
-0.215 0.019 1.029 6.275 11.511 -32.489
-0.22 0.026 1.016 5.328 13.557 -31.374
-0.239 0.034 1.021 3.893 13.038 -29.863
-0.253 0.041 1.022 2.962 11.679 -28.489
-0.274 0.043 1.022 1.878 9.893 -25.374
-0.273 0.047 1.024 1.282 6.473 -21.74
-0.239 0.03 1.015 0.855 5.71 -19.359
-0.263 0.036 1.01 -0.183 2.198 -17.13
-0.227 0.034 1.022 -0.412 3.389 -16.626
-0.228 0.037 1.025 0.122 6.748 -16.076
-0.226 0.04 1.032 0.626 7.71 -15.099
-0.221 0.034 1.037 0.305 5.099 -13.618
-0.224 0.041 1.022 0.061 3.863 -12.611
-0.222 0.039 1.007 -1.466 1.527 -10.412
-0.215 0.04 0.998 -3.664 0.321 -7.725
-0.2 0.031 1.012 -5.023 -0.122 -5.893
-0.176 0.026 1.043 -5.344 0.504 -5.374
-0.185 0.014 1.064 -4.229 1.221 -6.198
-0.188 0.023 1.062 -3.282 -0.046 -4.748
-0.182 0.026 1.057 -2.611 -0.763 -4.336
-0.162 0.025 1.049 -2.977 -3.435 -3.221
-0.144 0.024 1.049 -3.16 -1.496 -4.0
-0.128 0.02 1.047 -3.084 -3.13 -4.244
-0.125 0.02 1.037 -3.038 0.092 -4.931
-0.143 0.024 1.048 -3.664 -0.687 -4.015
-0.149 0.023 1.053 -3.786 -3.893 -2.412
-0.13 0.031 1.055 -3.191 -3.557 -2.046
-0.123 0.021 1.056 -2.824 -2.947 -2.275
-0.13 0.011 1.033 -2.916 -0.015 -3.298
-0.131 0.016 1.044 -3.145 -0.107 -2.916
-0.131 0.017 1.049 -3.038 -0.977 -2.748
-0.121 0.019 1.065 -2.229 -0.626 -3.008
-0.13 0.022 1.051 -1.679 -1.389 -3.023
-0.144 0.031 1.031 -2.229 -1.557 -2.397
-0.145 0.033 1.023 -3.435 -3.008 -1.13
-0.125 0.019 1.004 -5.237 -3.237 -0.809
-0.135 0.022 1.031 -6.595 -0.855 -0.534
-0.136 0.02 1.056 -6.687 -2.779 0.84
-0.118 0.009 1.058 -6.779 -1.359 0.641
-0.108 -0.002 1.072 -6.336 -1.71 0.351
-0.111 0.0 1.078 -5.298 0.534 -0.733
-0.127 -0.002 1.084 -4.366 -1.359 -1.267
-0.135 -0.001 1.076 -4.092 -1.481 -1.344
-0.139 0.009 1.063 -3.496 -1.328 -0.641
-0.134 0.021 1.042 -3.939 -0.458 -0.015
-0.127 0.017 1.048 -5.145 -0.275 1.176
-0.099 0.011 1.066 -4.901 0.458 0.931
-0.098 0.005 1.069 -4.489 0.916 -0.214
-0.099 0.008 1.068 -4.321 -0.901 -0.198
-0.107 0.006 1.068 -4.473 -1.74 -1.176
-0.105 0.007 1.071 -3.908 -3.603 -1.603
-0.102 0.009 1.052 -3.099 -1.756 -1.878
-0.118 0.006 1.051 -3.252 0.0 -1.496
-0.097 0.005 1.052 -4.0 -1.496 -1.863
-0.094 0.004 1.063 -4.168 -2.382 -2.336
-0.099 0.002 1.063 -3.786 -3.221 -2.366
-0.103 0.005 1.046 -3.832 -3.038 -2.977
-0.116 0.009 1.034 -4.015 -2.336 -2.947
-0.128 0.016 1.048 -4.397 -1.939 -2.519
-0.118 0.014 1.037 -4.626 -1.817 -2.336
-0.123 0.009 1.044 -4.809 -0.565 -2.427
-0.119 0.005 1.044 -5.099 -0.214 -2.412
-0.123 0.007 1.048 -5.557 0.458 -2.962
-0.125 0.01 1.052 -6.29 -2.504 -2.412
-0.123 0.006 1.042 -6.412 -1.191 -2.641
-0.13 0.008 1.041 -6.29 -1.511 -2.076
-0.143 0.017 1.028 -6.779 -2.0 -1.42
-0.152 0.017 1.037 -7.389 -3.282 0.198
-0.122 0.008 1.031 -7.496 -2.153 0.092
-0.117 0.014 1.05 -8.0 -1.328 -0.305
-0.105 0.009 1.05 -8.336 -1.832 -0.885
-0.093 0.011 1.05 -8.031 -0.641 -2.336
-0.08 0.002 1.05 -8.26 -0.824 -3.832
-0.088 0.007 1.033 -8.321 -1.099 -4.84
-0.103 0.007 1.045 -8.58 -1.435 -5.786
-0.123 0.016 1.055 -8.29 -1.008 -4.931
-0.111 0.012 1.029 -7.878 -0.611 -4.26
-0.093 0.007 1.04 -8.229 2.336 -5.511
-0.106 0.004 1.044 -9.481 2.412 -5.893
-0.126 0.007 1.066 -8.641 4.137 -6.58
-0.131 0.003 1.068 -8.092 -0.504 -6.061
-0.153 0.009 1.055 -7.832 -1.634 -5.359
-0.163 0.006 1.057 -7.298 -2.992 -4.0
-0.155 0.007 1.057 -6.534 -2.046 -2.702
-0.167 0.005 1.057 -6.779 -2.046 -1.221
-0.128 -0.008 1.049 -7.466 -1.74 -1.618
-0.14 -0.013 1.062 -8.183 0.092 -2.198
-0.142 -0.009 1.078 -7.954 -1.267 -1.771
-0.149 -0.01 1.1 -7.099 -1.511 -1.481
-0.142 -0.008 1.095 -6.092 -2.458 -1.16
-0.14 -0.006 1.084 -5.084 -2.84 -0.489
-0.121 -0.003 1.062 -4.534 -0.519 -0.84
-0.127 -0.003 1.063 -4.076 0.87 -0.046
-0.119 0.004 1.064 -3.786 1.847 -0.015
-0.119 -0.001 1.056 -4.214 -0.565 0.351
-0.104 0.002 1.063 -5.053 -2.29 0.351
-0.089 -0.006 1.081 -4.321 -3.206 0.321
-0.068 -0.013 1.077 -2.794 -1.878 -0.794
-0.091 -0.003 1.069 -1.802 0.595 -2.031
-0.098 0.003 1.071 -2.397 -1.328 -1.45
-0.114 -0.002 1.074 -2.473 -1.237 -1.847
-0.126 0.002 1.06 -2.641 -1.908 -2.58
-0.144 0.01 1.054 -3.282 -1.802 -1.817
-0.14 0.007 1.055 -3.191 -2.779 -0.137
-0.123 -0.003 1.048 -2.626 -0.336 -0.076
-0.117 -0.007 1.05 -2.305 1.634 -0.336
-0.119 -0.004 1.064 -2.015 0.641 0.046
-0.121 0.003 1.058 -1.924 -0.076 0.244
-0.125 -0.001 1.042 -2.55 -1.023 -0.305
-0.134 0.007 1.042 -3.527 -3.16 -0.183
-0.132 0.007 1.039 -3.893 -3.756 0.092
-0.127 0.007 1.03 -3.863 -2.58 0.489
-0.12 0.006 1.053 -4.275 -2.382 1.115
-0.106 0.006 1.044 -4.779 -3.069 1.847
-0.104 -0.004 1.061 -4.824 -3.573 1.191
-0.1 -0.004 1.071 -4.489 -4.748 0.687
-0.099 -0.004 1.059 -3.511 -4.061 -0.168
-0.108 0.002 1.039 -3.053 -2.397 -0.84
-0.118 -0.0 1.044 -3.374 -1.74 -0.855
-0.117 -0.006 1.046 -3.374 -1.084 -0.962
-0.115 -0.003 1.046 -2.87 -0.534 -0.855
-0.102 -0.006 1.026 -3.084 1.084 -1.802
-0.122 0.008 1.037 -4.183 -0.366 -1.847
-0.116 0.001 1.033 -5.756 -3.664 -1.282
-0.113 0.004 1.036 -5.954 -2.733 -1.344
-0.117 0.001 1.034 -5.878 -1.634 -1.481
-0.116 0.001 1.034 -5.664 -1.435 -1.695
-0.105 -0.005 1.046 -5.847 -1.084 -2.305
-0.113 -0.006 1.048 -5.954 -2.672 -2.321
-0.12 0.003 1.052 -5.74 -3.298 -1.74
-0.122 -0.002 1.041 -5.267 -1.603 -1.756
-0.121 -0.004 1.042 -5.328 -1.252 -1.023
-0.124 0.0 1.034 -5.405 0.412 -0.885
-0.124 0.001 1.044 -5.588 1.527 -0.962
-0.125 -0.001 1.058 -5.878 -0.656 -0.504
-0.122 0.005 1.056 -5.802 -0.626 -0.595
-0.113 0.0 1.058 -5.985 -2.076 -0.412
-0.116 0.004 1.044 -5.985 -2.901 -0.763
-0.106 -0.007 1.065 -6.076 -2.626 -1.206
-0.11 -0.007 1.074 -5.786 -3.282 -1.023
-0.1 -0.006 1.08 -5.221 -2.015 -1.435
-0.105 -0.008 1.066 -5.145 -1.45 -1.725
-0.11 -0.009 1.064 -4.992 -2.046 -1.756
-0.108 -0.002 1.071 -4.702 -1.603 -1.649
-0.116 -0.01 1.067 -4.504 -2.458 -0.947
-0.124 0.002 1.064 -4.58 -3.817 -0.198
-0.117 -0.001 1.051 -4.977 -4.611 0.275
-0.096 -0.007 1.039 -5.267 -2.947 -0.076
-0.096 -0.001 1.053 -5.908 -3.298 -0.565
-0.082 -0.009 1.052 -5.969 -1.878 -1.573
-0.087 -0.006 1.059 -5.542 0.0 -2.534
-0.091 -0.01 1.066 -5.328 1.435 -3.466
-0.108 -0.008 1.075 -5.359 1.008 -4.198
-0.126 -0.005 1.09 -4.427 -0.824 -3.954
-0.137 0.002 1.081 -3.374 -1.115 -3.634
-0.132 0.005 1.072 -2.55 0.076 -2.824
-0.124 -0.004 1.062 -2.473 0.824 -2.397
-0.122 -0.005 1.064 -2.366 0.107 -1.817
-0.12 -0.009 1.052 -2.443 -1.16 -2.183
-0.122 0.001 1.047 -3.298 -3.496 -1.863
-0.117 0.011 1.039 -3.435 -4.122 -1.053
-0.117 0.005 1.036 -3.267 -1.863 -1.191
-0.125 0.005 1.029 -3.618 -1.344 -1.328
-0.122 0.002 1.038 -4.366 -1.344 -0.885
-0.121 0.003 1.035 -4.947 -1.542 -1.053
-0.113 0.003 1.03 -6.305 -2.687 -1.191
-0.112 0.004 1.051 -7.038 -4.992 -1.115
-0.101 -0.007 1.066 -6.198 -3.863 -0.687
-0.102 -0.004 1.068 -5.099 -3.206 -0.443
-0.1 -0.005 1.059 -4.458 -2.733 -0.733
-0.104 -0.004 1.05 -4.0 -2.458 -1.542
-0.116 0.0 1.05 -4.076 -2.061 -1.817
-0.117 -0.002 1.047 -4.076 -1.023 -2.229
-0.121 0.009 1.035 -4.366 -1.099 -1.664
-0.118 -0.003 1.047 -4.519 -0.412 -1.542
-0.115 0.005 1.041 -4.748 0.947 -1.435
-0.111 0.007 1.047 -5.053 1.374 -1.237
-0.122 -0.004 1.056 -4.931 0.672 -1.282
-0.116 0.002 1.052 -5.084 -1.359 -0.87
-0.114 -0.001 1.056 -5.252 -1.908 -0.992
-0.121 0.001 1.04 -5.13 -2.565 -0.855
-0.115 -0.002 1.042 -5.328 -2.015 -0.809
-0.11 0.001 1.035 -5.527 -1.847 -0.84
-0.108 -0.004 1.053 -5.435 -0.656 -1.282
-0.125 0.003 1.052 -5.481 -1.115 -1.099
-0.123 0.007 1.053 -5.954 -2.351 -0.855
-0.118 -0.003 1.052 -6.107 -2.046 -0.611
-0.117 0.0 1.051 -5.756 -2.489 -0.489
-0.114 -0.002 1.045 -5.496 -1.389 -0.031
-0.113 -0.002 1.051 -5.542 0.061 0.031
-0.11 0.003 1.055 -6.107 1.786 -0.351
-0.131 0.004 1.107 -6.962 -4.672 -0.794
-0.1 -0.02 1.054 -6.489 -6.931 0.321
-0.107 -0.006 1.079 -5.74 -3.221 -1.634
-0.121 -0.006 1.079 -5.481 -4.229 -0.534
-0.11 -0.011 1.06 -4.733 -3.344 -0.504
-0.102 -0.007 1.047 -5.008 -1.328 -0.687
-0.108 -0.004 1.063 -5.16 -0.718 -0.702
-0.111 -0.013 1.063 -4.809 0.229 -0.733
-0.105 -0.007 1.062 -4.779 0.092 -0.855
-0.112 -0.005 1.064 -5.145 -0.733 -0.809
-0.104 0.001 1.06 -4.992 -0.702 -1.359
-0.113 -0.011 1.062 -4.855 -0.87 -1.435
-0.11 -0.005 1.057 -4.809 -1.008 -0.992
-0.108 -0.006 1.051 -5.008 -1.038 -0.962
-0.107 -0.008 1.062 -5.053 -0.427 -0.763
-0.102 -0.008 1.062 -4.992 -0.489 -0.84
-0.1 -0.007 1.054 -4.748 -0.534 -1.221
-0.104 -0.002 1.048 -5.069 -0.824 -1.634
-0.113 -0.008 1.048 -5.206 -1.298 -1.863
-0.118 -0.005 1.053 -5.664 -2.351 -2.046
-0.121 -0.009 1.06 -5.71 -3.802 -1.756
-0.114 -0.004 1.075 -5.053 -3.206 -1.298
-0.112 -0.011 1.052 -4.046 -1.756 -1.084
-0.109 -0.011 1.065 -3.786 -0.687 -1.252
-0.114 -0.011 1.068 -3.695 -1.115 -1.405
-0.107 0.007 1.054 -5.679 0.031 -0.427
-0.129 0.0 1.113 -2.947 3.802 -2.427
-0.119 -0.006 1.035 -2.794 -2.962 -0.504
-0.118 -0.001 1.044 -3.588 2.748 -1.573
-0.124 -0.0 1.044 -4.26 -3.008 0.489
-0.1 -0.011 1.051 -4.244 -1.374 -0.092
-0.101 -0.01 1.048 -4.321 -1.954 -0.351
-0.096 -0.009 1.056 -4.519 -3.13 -0.809
-0.103 -0.001 1.043 -4.137 -3.588 -0.611
-0.103 -0.003 1.033 -4.061 -2.763 -1.405
-0.109 -0.003 1.035 -4.519 -2.061 -1.023
-0.107 -0.003 1.047 -4.779 -0.214 -1.267
-0.102 0.002 1.047 -4.809 -0.046 -1.374
-0.111 0.0 1.05 -4.962 -1.023 -1.511
-0.11 0.0 1.053 -5.496 -2.107 -1.206
-0.111 -0.005 1.058 -5.466 -1.664 -1.405
-0.108 -0.003 1.057 -4.656 -0.198 -1.878
-0.113 0.004 1.064 -4.504 -0.473 -1.298
-0.092 -0.013 1.042 -4.458 -0.061 -1.847
-0.111 -0.006 1.045 -4.382 1.176 -2.168
-0.12 -0.012 1.045 -4.779 -1.221 -1.679
-0.128 -0.01 1.043 -5.13 -1.817 -1.74
-0.136 0.002 1.032 -5.786 -1.481 -0.947
-0.134 0.006 1.035 -6.702 -2.198 0.015
-0.127 0.0 1.051 -7.084 -3.679 0.58
-0.121 -0.007 1.062 -6.885 -3.313 0.336
-0.112 -0.01 1.059 -6.641 -3.618 0.443
-0.1 -0.016 1.057 -6.26 -2.656 0.122
-0.092 -0.013 1.063 -5.74 -1.435 -0.702
-0.098 -0.011 1.067 -5.344 0.168 -1.298
-0.102 -0.01 1.052 -5.206 0.626 -1.008
-0.113 -0.002 1.055 -5.405 2.092 -1.374
-0.111 -0.009 1.061 -5.725 1.237 -1.542
-0.123 -0.011 1.062 -5.634 -0.366 -1.664
-0.129 -0.002 1.065 -5.527 -1.16 -0.824
-0.124 -0.008 1.05 -5.191 0.275 -0.366
-0.119 -0.003 1.074 -4.779 0.443 -0.26
-0.118 -0.009 1.065 -4.336 -0.443 0.0
-0.121 -0.005 1.057 -4.504 0.015 -0.092
-0.113 -0.009 1.051 -5.313 -1.786 0.229
-0.111 -0.007 1.059 -5.893 -2.672 0.26