-0.055 0.015 1.076 -7.557 5.771 -0.489
-0.062 0.02 1.085 -6.672 0.809 -0.611
-0.057 0.013 1.071 -5.817 -1.664 -0.641
-0.069 0.021 1.047 -5.527 -1.206 -0.702
-0.072 0.026 1.042 -6.031 -0.824 -0.183
-0.058 0.033 1.029 -6.962 1.42 0.168
-0.068 0.025 1.037 -7.832 3.847 0.076
-0.068 0.019 1.07 -8.183 2.794 -0.275
-0.074 0.02 1.089 -7.863 1.252 -0.229
-0.068 0.02 1.094 -6.885 -0.244 -0.427
-0.069 0.021 1.099 -5.42 1.389 -0.336
-0.075 0.02 1.095 -4.489 1.267 0.168
-0.073 0.03 1.082 -3.893 0.366 0.626
-0.061 0.026 1.073 -3.405 1.649 0.962
-0.062 0.028 1.073 -3.084 2.443 1.053
-0.061 0.024 1.067 -3.313 0.733 0.855
-0.064 0.027 1.057 -3.786 -0.809 0.702
-0.062 0.021 1.056 -4.321 -0.87 0.305
-0.06 0.026 1.05 -4.443 -1.115 0.0
-0.058 0.034 1.037 -5.176 -1.527 -0.611
-0.068 0.029 1.029 -5.618 0.092 -0.885
-0.07 0.04 1.022 -6.595 2.321 -0.382
-0.067 0.033 1.032 -7.466 4.137 -0.153
-0.079 0.03 1.048 -7.618 2.763 0.809
-0.082 0.02 1.057 -6.992 3.115 1.237
-0.087 0.022 1.074 -6.504 0.595 2.58
-0.062 0.022 1.063 -5.573 0.427 2.26
-0.071 0.027 1.054 -5.786 1.695 2.061
-0.068 0.025 1.056 -6.321 1.374 2.397
-0.072 0.015 1.058 -6.641 0.137 2.061
-0.067 0.016 1.074 -7.053 -1.099 1.74
-0.056 0.017 1.075 -6.763 -0.321 1.374
-0.056 0.019 1.066 -6.58 0.962 1.176
-0.051 0.022 1.065 -6.153 2.366 1.466
-0.056 0.024 1.065 -5.679 3.359 1.924
-0.058 0.027 1.065 -5.252 3.389 2.29
-0.059 0.029 1.062 -5.008 2.427 2.443
-0.046 0.028 1.056 -5.496 2.046 2.473
-0.057 0.026 1.051 -5.908 2.84 2.763
-0.054 0.029 1.039 -7.099 2.672 2.809
-0.054 0.025 1.046 -7.863 3.084 3.45
-0.038 0.021 1.046 -8.427 4.962 3.496
-0.032 0.015 1.066 -8.382 4.901 2.855
-0.033 0.003 1.089 -8.275 -0.275 2.977
-0.073 -0.005 1.086 -6.672 -16.015 5.802
-0.069 0.02 1.036 -8.092 2.061 8.321
-0.069 0.03 1.068 -7.13 -2.26 14.321
-0.007 0.028 1.041 -8.015 4.061 17.16
0.04 0.021 1.034 -9.511 -1.802 18.382
0.099 0.014 1.022 -13.679 -0.534 15.282
0.094 0.015 1.061 -17.13 -8.504 11.542
0.109 0.012 1.079 -19.099 -11.985 8.382
0.091 0.013 1.15 -18.214 -12.275 5.924
0.086 0.006 1.166 -15.328 -10.916 4.565
0.079 0.007 1.187 -11.466 -5.13 3.756
0.068 0.008 1.169 -7.374 -1.069 4.565
0.057 0.004 1.15 -3.863 7.573 4.901
0.056 0.003 1.135 -1.863 12.229 6.427
0.068 0.011 1.111 -1.16 15.649 6.763
0.092 0.023 1.06 -1.053 19.542 7.969
0.111 0.032 1.012 -3.008 24.168 9.267
0.157 0.031 0.943 -7.328 44.015 9.893
0.19 0.032 1.003 -9.389 54.198 7.252
0.198 -0.004 0.96 -11.038 53.374 5.786
0.286 -0.044 1.073 -6.443 70.87 -3.939
0.107 -0.043 1.093 -8.427 37.191 -2.656
0.122 -0.035 1.21 -3.817 19.313 -7.878
0.045 -0.027 1.15 -1.725 11.313 -9.908
0.007 -0.021 1.138 -0.061 5.221 -7.221
-0.01 -0.021 1.092 1.13 14.885 -2.824
-0.008 -0.035 1.067 1.74 21.939 3.771
0.077 -0.071 1.066 1.466 34.321 2.977
0.084 -0.107 1.139 1.863 37.527 -4.824
0.031 -0.121 1.215 2.87 16.427 -11.13
0.006 -0.114 1.227 5.679 -6.656 -18.0
-0.024 -0.091 1.181 8.794 -20.122 -20.58
-0.031 -0.055 1.08 8.275 -19.038 -20.992
-0.056 -0.039 1.034 9.817 -16.0 -20.611
-0.057 -0.037 0.944 6.229 -7.099 -18.687
-0.037 -0.027 0.953 2.504 11.771 -17.282
-0.012 -0.057 1.008 0.351 20.214 -17.802
-0.083 -0.073 1.15 0.443 8.198 -23.344
-0.125 -0.061 1.187 0.595 -29.832 -24.336
-0.084 -0.074 1.003 1.237 -39.374 -24.55
-0.077 -0.042 0.952 -0.29 -14.275 -24.595
-0.091 0.057 0.944 -7.267 9.756 -21.618
-0.088 -0.054 1.012 -0.794 10.0 -20.29
-0.081 -0.133 1.01 -2.656 10.641 -29.908
-0.084 -0.079 1.078 -7.878 -1.756 -34.168
-0.078 -0.082 1.047 -7.206 -0.214 -39.74
-0.144 -0.067 1.076 -5.863 -0.015 -40.336
-0.169 -0.055 1.077 -1.511 6.885 -39.634
-0.174 -0.057 1.066 2.244 9.817 -36.763
-0.108 -0.117 1.043 4.901 20.473 -38.29
-0.179 -0.057 1.094 6.29 0.0 -39.374
-0.154 -0.049 1.055 4.977 -12.0 -42.611
-0.165 -0.054 1.009 3.939 -16.0 -44.565
-0.197 -0.03 0.981 2.687 -10.55 -44.015
-0.217 -0.029 1.009 1.069 -4.779 -42.168
-0.183 -0.045 1.057 2.687 -2.107 -42.534
-0.146 -0.061 1.025 4.626 13.282 -44.718
-0.166 -0.057 1.089 6.702 16.611 -47.908
-0.225 -0.045 1.103 5.817 -0.122 -52.183
-0.217 -0.028 1.036 2.046 -19.435 -52.885
-0.177 -0.027 1.015 0.748 -13.298 -55.206
-0.207 -0.02 1.032 1.74 -5.16 -57.206
-0.231 0.002 0.978 0.656 -0.84 -57.252
-0.228 -0.001 0.947 -1.573 7.649 -54.244
-0.206 -0.015 1.004 -2.244 18.015 -54.351
-0.224 -0.017 1.065 -0.244 19.802 -54.87
-0.233 -0.016 1.083 2.702 20.427 -55.893
-0.303 -0.013 1.076 3.344 10.702 -55.924
-0.317 0.0 1.034 2.26 1.542 -56.473
-0.328 0.002 1.034 1.038 0.427 -53.649
-0.255 -0.008 1.015 1.481 4.366 -51.344
-0.218 -0.024 1.016 1.496 10.794 -52.611
-0.226 -0.019 1.025 2.031 18.443 -53.832
-0.251 -0.029 1.063 3.069 20.519 -54.061
-0.304 -0.023 1.111 5.328 17.023 -56.0
-0.322 -0.019 1.079 5.695 6.58 -54.947
-0.307 -0.02 1.059 7.282 7.466 -54.687
-0.329 -0.01 1.041 8.061 8.672 -52.366
-0.288 -0.012 1.044 10.229 9.221 -53.084
-0.293 -0.003 1.012 9.496 5.649 -52.489
-0.29 0.001 0.977 9.786 11.481 -51.099
-0.294 0.002 0.988 10.076 18.656 -51.115
-0.345 0.006 1.032 10.489 14.198 -50.412
-0.374 0.003 0.971 7.802 3.206 -48.427
-0.353 0.018 0.951 6.061 -0.305 -44.565
-0.335 0.008 0.945 4.763 4.779 -42.321
-0.301 0.007 0.992 4.519 3.42 -40.901
-0.275 0.004 0.96 5.084 8.275 -41.115
-0.274 -0.001 0.981 5.237 11.985 -41.695
-0.292 -0.005 0.991 5.176 11.13 -42.107
-0.304 0.002 0.978 4.901 9.817 -42.107
-0.313 0.006 0.958 3.71 10.489 -41.176
-0.32 0.006 0.964 2.718 10.794 -40.977
-0.323 0.001 0.962 2.366 10.229 -39.573
-0.326 0.004 0.951 1.588 12.275 -38.137
-0.321 -0.01 0.982 0.687 11.908 -36.427
-0.33 -0.005 1.013 0.84 5.908 -34.794
-0.332 -0.01 1.008 1.618 -0.336 -31.74
-0.303 -0.006 0.971 3.13 4.626 -31.618
-0.334 0.001 0.978 2.748 6.885 -29.695
-0.326 0.012 0.953 2.153 6.489 -27.435
-0.343 0.008 0.952 0.473 9.664 -25.771
-0.345 0.004 0.983 -0.702 9.069 -23.679
-0.342 -0.009 1.023 -0.275 8.031 -21.985
-0.331 -0.005 1.016 -0.015 5.313 -20.443
-0.32 -0.002 1.006 0.84 5.527 -18.947
-0.329 -0.008 1.014 1.771 6.382 -17.832
-0.342 0.006 1.008 1.786 6.29 -16.473
-0.327 -0.0 0.989 2.397 9.786 -15.374
-0.32 0.01 0.98 2.214 11.42 -14.137
-0.317 0.009 0.981 0.779 7.71 -13.023
-0.322 0.011 0.99 -0.55 4.046 -11.328
-0.313 0.009 0.984 -1.344 3.023 -10.031
-0.3 0.013 0.964 -2.489 1.954 -8.992
-0.319 0.013 0.97 -4.382 1.328 -7.679
-0.311 0.01 1.002 -5.389 0.718 -6.122
-0.293 0.011 1.015 -5.237 -1.45 -4.397
-0.26 -0.004 1.036 -4.962 -1.405 -3.908
-0.261 -0.001 1.04 -4.611 0.504 -4.84
-0.267 -0.0 1.059 -3.939 -1.603 -4.84
-0.271 -0.002 1.047 -3.16 -3.496 -3.664
-0.26 -0.003 1.035 -2.443 -1.924 -4.031
-0.26 0.007 1.03 -3.16 -4.031 -3.374
-0.249 0.006 1.026 -3.649 -2.031 -3.176
-0.248 0.004 1.041 -3.71 -2.015 -2.779
-0.244 0.0 1.017 -3.527 -1.71 -2.901
-0.255 0.0 1.015 -4.336 -0.718 -2.153
-0.259 0.003 1.015 -4.885 -1.084 -1.496
-0.265 0.009 1.038 -4.687 -2.565 -0.305
-0.23 -0.002 1.039 -4.794 -2.595 0.076
-0.212 -0.001 1.026 -4.718 -2.595 -1.145
-0.198 -0.004 1.042 -4.244 -2.382 -2.29
-0.215 -0.006 1.034 -3.649 -2.321 -3.481
-0.22 -0.007 1.021 -4.29 -4.046 -3.725
-0.223 -0.006 1.011 -5.237 -2.427 -4.489
-0.245 -0.0 1.016 -6.26 -2.198 -3.878
-0.234 -0.016 1.043 -6.168 -0.626 -3.374
-0.234 -0.008 1.054 -4.809 0.076 -3.802
-0.235 -0.014 1.034 -3.969 -1.237 -4.275
-0.25 -0.012 1.01 -5.191 -2.885 -3.389
-0.246 -0.011 1.021 -5.084 -1.603 -3.313
-0.239 -0.015 1.055 -4.076 -2.901 -3.023
-0.245 -0.011 1.051 -2.519 -4.015 -2.198
-0.213 -0.024 1.037 -1.42 -2.504 -2.641
-0.223 -0.012 1.021 -1.435 -0.824 -3.008
-0.234 -0.015 1.021 -2.031 -4.137 -2.916
-0.24 -0.019 1.006 -2.962 -5.374 -2.641
-0.237 -0.001 1.002 -4.382 -5.832 -1.573
-0.22 -0.01 1.007 -5.359 -5.542 -1.191
-0.215 -0.014 1.039 -5.191 -5.267 -1.176
-0.195 -0.012 1.043 -4.504 -0.519 -1.954
-0.198 -0.025 1.068 -2.779 2.015 -2.458
-0.188 -0.022 1.055 -0.885 2.626 -3.16
-0.209 -0.015 1.048 -0.336 3.878 -4.29
-0.219 -0.013 1.017 -0.87 1.099 -4.687
-0.23 -0.01 1.026 -1.435 0.153 -5.038
-0.241 -0.005 1.024 -1.863 -1.878 -4.351
-0.233 -0.003 1.015 -1.695 0.916 -3.893
-0.245 -0.002 1.013 -2.168 -0.321 -3.374
-0.243 0.002 1.003 -2.855 -1.053 -2.702
-0.234 0.006 1.0 -3.557 -1.405 -2.366
-0.24 -0.001 1.011 -4.427 -3.267 -2.214
-0.227 -0.005 1.028 -5.252 -4.382 -2.672
-0.215 -0.008 1.039 -4.748 -5.695 -3.099
-0.201 -0.01 1.017 -4.076 -1.924 -4.977
-0.211 -0.005 1.033 -3.481 0.824 -6.244
-0.213 -0.003 1.021 -3.496 0.092 -6.214
-0.213 -0.006 1.015 -3.832 4.076 -6.901
-0.233 -0.003 1.035 -3.206 3.878 -6.672
-0.23 -0.004 1.032 -2.137 4.107 -5.985
-0.233 -0.008 1.04 -1.618 3.267 -6.046
-0.249 0.0 1.03 -1.405 2.58 -5.221
-0.259 0.0 1.016 -1.832 -0.29 -4.595
-0.251 0.008 0.995 -2.626 -0.015 -4.397
-0.253 0.014 0.986 -3.924 2.748 -3.847
-0.266 0.007 1.01 -4.87 1.221 -2.84
-0.254 0.007 1.011 -5.191 0.351 -2.0
-0.241 0.005 1.02 -5.679 0.565 -1.344
-0.241 -0.007 1.025 -5.588 0.55 -1.649
-0.266 -0.0 1.049 -5.756 -3.847 -0.779
-0.239 -0.002 1.03 -4.748 -5.603 -0.137
-0.237 -0.009 1.042 -4.305 -3.679 -0.412
-0.229 -0.008 1.033 -3.695 -2.076 -0.718
-0.238 -0.006 1.034 -3.344 -1.023 -0.702
-0.229 -0.008 1.029 -3.313 -1.542 -0.565
-0.241 0.001 1.023 -3.817 -1.649 -0.84
-0.231 -0.0 1.027 -4.779 -3.145 -0.26
-0.218 -0.006 1.05 -3.924 -4.0 -0.29
-0.219 -0.01 1.039 -2.855 -3.252 -0.641
-0.222 -0.005 1.033 -2.885 -2.809 -0.55
-0.221 -0.007 1.027 -2.748 -1.802 -0.015
-0.219 -0.0 1.021 -2.504 0.672 -0.473
-0.235 -0.011 1.02 -2.992 0.733 -0.397
-0.24 0.002 1.023 -3.802 -2.595 -0.122
-0.234 -0.01 1.014 -4.29 -3.405 0.183
-0.23 -0.009 1.02 -5.084 -1.374 -0.229
-0.234 -0.009 1.032 -5.45 -2.214 0.015
-0.233 -0.012 1.035 -5.45 -2.855 0.244
-0.226 -0.011 1.032 -5.069 -4.107 0.473
-0.229 -0.006 1.036 -4.992 -4.061 0.55
-0.23 -0.007 1.045 -4.748 -6.55 0.901
-0.212 -0.008 1.02 -4.763 -6.137 1.069
-0.206 -0.006 1.024 -4.763 -1.649 0.153
-0.21 -0.016 1.022 -4.55 -1.573 0.26
-0.2 -0.019 1.019 -4.718 1.252 -0.779
-0.216 -0.011 1.031 -5.16 0.687 -1.511
-0.233 -0.011 1.035 -5.069 -3.191 -1.359
-0.224 -0.015 1.015 -4.733 -3.435 -1.084
-0.231 -0.009 1.008 -4.595 0.26 -1.71
-0.25 -0.0 1.026 -5.084 -1.374 -0.412
-0.243 -0.005 1.016 -5.74 -2.641 0.382
-0.232 -0.009 1.014 -6.153 -3.16 0.321
-0.222 -0.01 1.017 -6.26 -0.397 -0.031
-0.229 -0.008 1.028 -6.275 -1.328 -0.275
-0.228 -0.011 1.031 -6.641 -0.779 -0.229
-0.219 -0.002 1.043 -6.718 -0.504 0.031
-0.22 -0.012 1.053 -6.473 -1.435 -0.153
-0.226 -0.008 1.055 -6.397 -5.74 -0.076
-0.214 -0.01 1.058 -5.542 -6.626 -0.015
-0.224 -0.001 1.047 -4.718 -6.534 0.122
-0.226 -0.004 1.043 -4.382 -7.679 0.794
-0.213 -0.002 1.022 -4.672 -4.26 0.779
-0.217 0.001 1.038 -3.939 -4.214 1.084
-0.212 -0.003 1.023 -3.603 -4.321 1.282
-0.207 -0.005 1.014 -4.076 -3.313 0.809
-0.215 0.002 1.0 -4.626 -4.305 0.763
-0.225 -0.005 1.012 -5.649 -4.962 0.672
-0.216 -0.005 1.008 -6.504 -5.42 0.931
-0.213 -0.004 1.013 -6.824 -3.679 0.779
-0.213 -0.006 1.036 -7.282 -4.794 1.145
-0.186 -0.017 1.041 -6.412 -3.939 1.511
-0.174 -0.018 1.047 -5.145 -3.069 0.916
-0.174 -0.021 1.055 -4.336 -1.084 -1.145
-0.2 -0.012 1.05 -3.969 -2.473 -2.107
-0.197 -0.011 1.036 -3.954 -2.656 -2.076
-0.207 -0.014 1.045 -4.015 -3.542 -2.076
-0.205 -0.012 1.023 -3.313 -2.183 -2.26
-0.207 -0.011 1.023 -3.115 -0.443 -2.214
-0.212 -0.003 1.031 -3.603 -1.099 -1.573
-0.228 -0.012 1.035 -3.649 -3.282 -0.87
-0.213 -0.01 1.014 -3.832 -1.435 -1.679
-0.227 -0.011 1.013 -4.29 -1.405 -1.908
-0.229 -0.003 1.011 -4.58 -2.092 -1.344
-0.229 -0.009 1.022 -4.687 -2.29 -1.099
-0.222 -0.001 1.011 -5.267 -2.763 -0.779
-0.214 -0.004 1.031 -5.939 -2.26 -0.84
-0.216 -0.005 1.026 -6.519 -4.901 -0.763
-0.214 -0.011 1.045 -5.74 -3.924 -0.412
-0.209 -0.016 1.049 -4.962 -2.611 -0.611
-0.208 -0.01 1.046 -4.336 -1.802 -1.008
-0.216 -0.012 1.049 -3.863 -3.45 -1.191
-0.214 -0.014 1.041 -3.42 -3.832 -1.344
-0.218 0.0 1.038 -3.618 -2.534 -1.267
-0.218 -0.008 1.041 -3.695 -3.221 -0.779
-0.216 -0.005 1.041 -3.847 -4.656 -0.351
-0.207 -0.01 1.023 -3.618 -3.023 -0.473
-0.208 -0.004 1.022 -3.771 -3.008 0.122
-0.201 -0.009 1.02 -4.122 -1.191 -0.733
-0.205 -0.006 1.026 -4.473 -1.282 -0.824
-0.197 -0.007 1.029 -4.443 -0.336 -1.389
-0.204 -0.012 1.032 -4.473 0.107 -2.153
-0.213 -0.009 1.038 -4.275 0.229 -2.641
-0.222 -0.006 1.024 -4.626 -1.298 -2.565
-0.223 -0.002 1.008 -5.084 -1.817 -2.031
-0.215 0.001 1.002 -5.893 -2.733 -1.496
-0.208 0.003 0.998 -6.382 -1.557 -1.16
-0.209 -0.001 1.0 -7.084 -1.863 -1.267
-0.217 -0.001 1.003 -8.092 -3.664 -1.328
-0.222 0.004 1.021 -8.809 -6.84 -1.099
-0.213 -0.003 1.036 -9.267 -9.435 -0.809
-0.22 -0.007 1.046 -8.992 -9.206 -0.305
-0.223 -0.014 1.051 -8.702 -8.901 0.824
-0.2 -0.054 1.04 -7.756 0.015 0.748
-0.208 -0.027 1.048 -4.855 -7.618 1.42
-0.198 -0.019 1.046 -4.947 -0.626 0.351
-0.219 -0.012 1.065 -3.618 -3.359 0.656
-0.196 -0.011 1.047 -3.359 -3.42 0.092
-0.2 -0.014 1.037 -3.481 -3.145 -0.031
-0.201 -0.009 1.034 -3.954 -4.015 0.168
-0.194 -0.011 1.03 -3.893 -3.466 -0.214
-0.191 -0.006 1.029 -4.504 -4.061 -0.183
-0.192 -0.006 1.027 -4.87 -2.55 0.214
-0.194 -0.01 1.043 -4.87 -1.328 0.153
-0.181 -0.012 1.042 -5.053 -1.985 0.046
-0.186 -0.013 1.044 -5.359 -3.191 0.137
-0.18 -0.012 1.037 -5.145 -2.748 -0.534
-0.183 -0.011 1.046 -5.359 -1.756 -0.58
-0.19 -0.009 1.054 -5.405 -0.794 -0.947
-0.209 -0.008 1.059 -5.069 -2.672 -0.55
-0.196 -0.008 1.043 -4.397 -1.893 -0.641
-0.211 -0.011 1.058 -3.557 0.076 -1.099
-0.208 -0.01 1.049 -3.344 -1.832 -1.053
-0.201 -0.01 1.035 -3.466 -2.519 -1.176
-0.2 -0.004 1.021 -3.847 -1.16 -1.374
-0.211 -0.01 1.021 -4.122 -0.26 -1.298
-0.212 -0.004 1.033 -4.351 1.786 -1.328
-0.223 -0.01 1.047 -4.305 0.565 -1.145
-0.224 -0.011 1.054 -3.725 -1.053 -0.26
-0.222 -0.011 1.039 -3.679 -3.252 0.718
-0.213 -0.017 1.044 -3.588 -3.74 1.206
-0.201 -0.012 1.038 -3.191 -4.779 1.023
-0.185 -0.01 1.028 -3.252 -5.191 0.824
-0.181 -0.016 1.015 -3.176 -2.489 0.076
-0.184 -0.008 1.01 -3.756 -1.45 -0.519
-0.19 -0.002 1.002 -4.809 -2.031 -0.672
-0.198 -0.006 0.998 -5.954 -1.893 -0.107
-0.198 -0.003 1.007 -6.366 -0.763 -0.718
-0.206 0.0 1.02 -7.298 -1.664 -0.107
-0.203 -0.002 1.033 -7.588 -3.237 0.412
-0.187 -0.007 1.051 -6.992 -4.076 0.061
-0.186 -0.012 1.055 -6.214 -3.74 -0.214
-0.18 -0.005 1.027 -5.511 -3.359 -0.489
-0.185 -0.014 1.048 -5.679 -1.924 -0.366
-0.189 -0.006 1.042 -5.588 -0.87 -0.55
-0.199 -0.017 1.062 -5.206 -0.916 -0.809
-0.213 -0.009 1.061 -5.832 -4.107 -0.824
-0.252 0.005 1.11 -5.13 -6.366 -0.458
-0.205 -0.015 1.039 -3.71 -1.16 -0.794
-0.217 -0.011 1.046 -4.626 -1.771 0.198
-0.179 -0.014 1.034 -3.817 -1.618 -0.107
-0.19 -0.015 1.045 -3.908 -0.58 -0.305
-0.185 -0.01 1.028 -4.0 -0.427 -0.443
-0.204 -0.01 1.032 -4.595 -1.038 -0.489
-0.231 -0.013 1.046 -5.16 -5.771 0.611
-0.213 -0.005 1.035 -6.626 -5.664 1.389
-0.217 -0.006 1.055 -5.206 -7.023 3.664
-0.199 -0.01 1.02 -4.412 -1.405 2.076
-0.206 -0.015 1.04 -5.16 -4.687 2.992
-0.175 -0.017 1.017 -5.084 -1.282 1.847
-0.195 -0.008 1.051 -5.359 -1.359 1.817
-0.188 -0.015 1.051 -5.466 -3.985 1.71
-0.187 -0.009 1.042 -5.328 -5.71 1.771
-0.175 -0.016 1.039 -5.237 -4.641 1.374
-0.178 -0.01 1.04 -4.992 -3.252 1.099
-0.181 -0.008 1.04 -4.809 -3.679 1.13
-0.168 -0.013 1.039 -4.458 -4.595 0.534
-0.167 -0.009 1.023 -4.58 -2.855 0.015
-0.178 0.002 1.036 -4.412 -2.015 -0.198
-0.184 -0.007 1.039 -4.321 -1.573 -0.275
-0.203 -0.01 1.03 -4.382 -1.908 -0.046
-0.197 -0.012 1.018 -4.366 -0.901 0.443
-0.19 -0.009 1.023 -4.641 0.092 0.641
-0.2 -0.013 1.026 -5.115 -1.786 0.687
-0.193 -0.006 1.013 -5.771 -2.779 0.397
-0.192 -0.002 1.022 -6.321 -1.588 0.366
-0.186 -0.014 1.03 -6.962 -1.42 0.58
-0.186 -0.019 1.031 -6.748 -0.855 0.397
-0.182 -0.015 1.036 -6.916 -1.74 0.412
-0.192 -0.008 1.057 -6.58 -0.916 0.214
-0.19 -0.015 1.059 -5.573 -1.832 0.336
-0.188 -0.019 1.055 -4.84 -2.076 0.336
-0.179 -0.02 1.054 -4.321 -0.565 0.244
-0.181 -0.022 1.054 -3.817 0.565 0.29
-0.183 -0.014 1.056 -3.695 -0.397 0.595
-0.172 -0.018 1.027 -3.878 2.26 0.26
-0.177 -0.006 1.026 -4.534 1.908 -0.122