-0.247 0.041 1.029 -5.924 -2.366 0.122
-0.245 0.047 1.02 -5.756 -2.672 -0.153
-0.249 0.053 1.041 -5.679 -4.153 -0.168
-0.25 0.051 1.035 -5.679 -5.695 -0.168
-0.242 0.052 1.028 -5.389 -4.763 -0.336
-0.245 0.052 1.021 -4.962 -2.061 0.076
-0.247 0.056 1.025 -5.252 -0.794 0.534
-0.242 0.052 1.033 -5.099 0.198 0.55
-0.243 0.044 1.03 -5.023 -0.748 0.458
-0.252 0.046 1.049 -4.366 -1.42 -0.26
-0.256 0.052 1.044 -3.863 -5.191 -0.229
-0.246 0.049 1.019 -3.618 -5.405 -0.321
-0.251 0.049 1.002 -4.031 -4.031 -0.183
-0.25 0.056 1.006 -4.382 -4.275 0.366
-0.245 0.057 1.0 -5.252 -3.038 0.565
-0.243 0.057 0.995 -5.908 -0.718 0.672
-0.248 0.055 1.005 -6.87 -0.137 0.84
-0.25 0.051 1.026 -7.496 -1.237 0.84
-0.247 0.047 1.032 -7.359 -3.359 0.458
-0.237 0.047 1.026 -6.779 -2.565 -0.198
-0.25 0.042 1.023 -5.985 -1.496 -0.702
-0.268 0.045 1.03 -5.924 -3.176 0.244
-0.262 0.048 1.029 -6.092 -3.832 1.405
-0.253 0.05 1.03 -6.046 -2.595 1.924
-0.237 0.049 1.0 -6.275 1.847 1.634
-0.257 0.053 1.013 -7.389 -0.015 3.099
-0.246 0.049 1.03 -7.359 -1.817 3.176
-0.245 0.054 1.054 -7.084 -4.26 2.656
-0.223 0.044 1.025 -6.656 -5.588 2.198
-0.22 0.042 1.034 -5.817 -4.565 1.252
-0.229 0.048 1.03 -5.053 -6.076 0.672
-0.228 0.051 1.027 -4.29 -8.183 0.229
-0.215 0.048 1.019 -4.122 -6.198 -0.58
-0.227 0.049 1.011 -4.534 -5.176 -1.038
-0.233 0.046 1.014 -5.008 -4.779 -0.351
-0.233 0.047 1.016 -5.328 -2.305 0.244
-0.238 0.054 1.012 -5.206 -0.58 0.84
-0.23 0.052 1.017 -5.115 1.252 1.13
-0.226 0.051 1.011 -5.695 1.053 1.084
-0.227 0.045 1.018 -6.366 -2.809 0.901
-0.232 0.058 1.011 -6.473 -4.641 0.443
-0.242 0.051 1.01 -6.672 -5.527 0.489
-0.25 0.062 1.025 -6.855 -6.0 1.649
-0.24 0.047 0.996 -6.656 -1.832 2.198
-0.24 0.045 1.011 -7.481 -1.145 2.87
-0.222 0.044 1.014 -6.931 1.618 2.855
-0.232 0.04 1.003 -7.237 5.878 2.443
-0.216 0.045 1.014 -7.832 4.763 2.977
-0.217 0.046 1.02 -8.015 4.29 1.679
-0.22 0.039 1.048 -7.298 -0.489 0.824
-0.204 0.04 1.02 -6.748 -1.817 -1.191
-0.23 0.052 1.027 -7.282 -2.901 -1.084
-0.235 0.045 1.031 -6.321 -3.832 -1.802
-0.241 0.044 1.024 -8.092 -4.55 0.489
-0.235 0.047 1.013 -8.092 -0.015 -0.015
-0.236 0.045 1.036 -8.885 1.008 2.092
-0.229 0.046 1.045 -8.26 3.313 1.817
-0.228 0.041 1.065 -8.031 2.229 2.504
-0.209 0.044 1.07 -7.145 -0.29 2.443
-0.195 0.041 1.08 -6.275 -4.168 1.832
-0.171 0.027 1.068 -5.969 -9.252 0.427
-0.152 0.034 1.044 -6.336 -6.427 -0.443
-0.141 0.039 1.056 -6.855 -2.29 -0.29
-0.12 0.035 1.075 -7.374 -0.779 1.053
-0.07 0.027 1.114 -7.511 1.634 1.405
-0.024 0.012 1.131 -6.58 3.893 0.137
0.03 0.002 1.16 -4.321 5.053 -4.534
0.053 -0.016 1.192 -0.672 2.29 -10.473
0.042 -0.021 1.189 3.893 -1.573 -16.672
0.033 -0.025 1.155 6.412 -9.374 -22.55
0.018 -0.021 1.107 6.962 -8.763 -27.282
0.001 -0.012 1.091 6.656 -3.664 -29.115
0.003 -0.011 1.087 6.168 0.366 -30.427
0.04 -0.023 1.079 5.435 6.29 -32.321
0.043 -0.035 1.08 4.672 13.13 -33.664
0.039 -0.011 1.1 7.13 17.847 -37.45
0.068 -0.021 1.133 6.901 17.832 -41.038
-0.008 -0.02 1.132 10.0 11.542 -45.725
0.034 -0.02 1.153 12.031 -2.779 -48.519
0.033 -0.011 1.093 14.412 -6.733 -55.13
0.026 -0.014 1.047 14.473 -10.519 -58.992
0.021 0.005 1.002 14.092 -8.092 -62.076
0.021 0.008 0.978 12.046 -4.565 -64.351
0.04 -0.011 0.965 9.893 4.87 -67.176
0.029 -0.021 0.983 8.214 11.588 -69.267
0.015 -0.042 1.028 8.489 17.374 -72.305
-0.01 -0.048 1.096 10.718 12.55 -76.397
-0.002 -0.063 1.105 13.42 3.206 -80.55
-0.01 -0.068 1.082 15.771 -2.473 -85.099
-0.008 -0.071 1.072 18.183 -3.985 -89.466
-0.026 -0.073 1.062 19.282 -3.13 -91.527
-0.041 -0.081 1.061 21.252 -6.824 -96.015
-0.064 -0.098 1.086 22.962 -15.496 -98.947
-0.026 -0.115 1.036 25.664 -17.557 -105.42
-0.054 -0.105 0.985 25.466 -13.099 -109.542
-0.11 -0.071 0.997 19.344 -36.473 -104.855
-0.007 -0.129 0.915 17.389 -17.023 -110.611
-0.0 -0.153 0.998 18.84 -10.626 -118.794
-0.049 -0.179 0.961 20.153 -6.489 -126.489
-0.082 -0.197 0.97 20.229 -0.718 -131.588
-0.182 -0.182 1.076 20.519 -16.137 -132.076
-0.188 -0.205 0.979 23.573 -5.374 -135.603
-0.188 -0.202 0.953 21.374 -11.359 -135.969
-0.229 -0.209 0.941 24.061 8.901 -140.092
-0.351 -0.192 0.968 22.397 3.649 -136.29
-0.311 -0.218 0.904 19.893 10.611 -134.718
-0.357 -0.218 0.991 20.733 10.305 -133.511
-0.36 -0.224 0.989 20.519 5.435 -131.603
-0.374 -0.228 0.986 20.0 6.595 -130.275
-0.401 -0.213 0.954 18.733 8.26 -128.015
-0.408 -0.188 0.929 16.519 10.58 -123.282
-0.419 -0.194 0.907 14.58 13.511 -119.344
-0.428 -0.165 0.941 13.282 19.74 -114.611
-0.423 -0.172 0.911 11.176 17.74 -110.244
-0.401 -0.174 0.917 9.099 17.069 -107.924
-0.405 -0.171 0.898 7.16 17.13 -106.504
-0.379 -0.185 0.88 5.084 24.489 -105.542
-0.432 -0.165 0.926 3.237 25.985 -102.061
-0.425 -0.168 0.933 1.847 23.252 -98.534
-0.436 -0.177 0.958 -0.092 17.191 -95.435
-0.424 -0.178 0.949 -0.427 16.504 -93.16
-0.379 -0.186 0.931 -1.557 17.527 -92.794
-0.387 -0.207 0.953 -2.153 22.061 -92.718
-0.239 -0.292 0.802 -1.069 44.305 -98.321
-0.521 -0.199 1.028 -1.939 12.916 -91.618
-0.5 -0.201 0.969 -1.267 13.908 -87.771
-0.502 -0.198 0.931 -2.107 22.275 -84.092
-0.492 -0.199 0.912 -4.076 29.115 -78.427
-0.497 -0.194 0.932 -4.656 34.244 -73.191
-0.473 -0.202 0.96 -5.832 37.176 -69.176
-0.484 -0.217 1.029 -5.389 42.305 -69.13
-0.491 -0.24 1.07 -2.107 30.092 -68.122
-0.489 -0.234 1.016 0.321 27.405 -67.435
-0.545 -0.222 1.013 2.626 23.359 -64.061
-0.533 -0.213 0.954 3.573 28.092 -62.489
-0.574 -0.192 0.948 2.672 29.802 -57.985
-0.553 -0.167 0.92 1.282 39.847 -52.977
-0.564 -0.182 0.924 1.969 38.031 -46.504
-0.535 -0.189 0.968 2.168 36.733 -42.672
-0.519 -0.192 1.0 4.122 32.611 -42.26
-0.545 -0.17 1.018 6.595 27.664 -41.573
-0.545 -0.168 0.976 8.244 20.153 -39.145
-0.523 -0.161 0.939 9.191 22.962 -37.191
-0.519 -0.156 0.929 9.374 25.466 -35.298
-0.524 -0.135 0.922 8.977 26.855 -32.809
-0.524 -0.135 0.915 8.183 27.71 -30.137
-0.511 -0.13 0.921 6.26 25.176 -27.344
-0.508 -0.146 0.934 5.115 20.076 -26.55
-0.507 -0.135 0.872 4.519 24.534 -28.183
-0.513 -0.14 0.911 5.374 12.366 -25.069
-0.518 -0.135 0.902 5.313 13.023 -23.847
-0.534 -0.124 0.894 4.275 14.198 -20.885
-0.539 -0.116 0.902 2.855 15.16 -18.168
-0.537 -0.125 0.92 1.847 12.641 -15.45
-0.511 -0.13 0.926 1.649 8.656 -13.939
-0.514 -0.123 0.941 1.847 7.802 -13.084
-0.521 -0.119 0.917 1.145 5.954 -11.084
-0.508 -0.113 0.914 0.305 7.389 -9.13
-0.493 -0.114 0.92 -0.229 8.153 -6.87
-0.475 -0.118 0.923 -0.412 11.985 -6.153
-0.475 -0.119 0.928 -0.565 9.924 -5.145
-0.476 -0.112 0.92 -1.16 7.42 -4.656
-0.512 -0.107 0.978 -1.634 2.443 -3.954
-0.467 -0.116 0.947 -2.305 -3.817 -2.672
-0.455 -0.112 0.947 -1.649 -2.855 -2.901
-0.458 -0.108 0.928 -1.802 -2.809 -1.573
-0.445 -0.11 0.918 -3.099 -1.344 0.031
-0.431 -0.115 0.926 -4.58 1.374 0.84
-0.406 -0.115 0.936 -5.756 4.29 1.924
-0.385 -0.125 0.956 -6.351 6.962 1.618
-0.398 -0.127 0.98 -5.756 8.824 0.809
-0.365 -0.145 0.944 -4.992 17.725 -1.191
-0.423 -0.125 0.943 -3.832 18.916 -1.252
-0.422 -0.129 0.935 -3.603 16.931 -0.824
-0.432 -0.129 0.96 -3.908 14.183 -1.893
-0.429 -0.139 0.958 -4.092 12.427 -2.672
-0.441 -0.133 0.948 -4.305 6.26 -2.611
-0.462 -0.127 0.943 -4.046 7.252 -1.603
-0.467 -0.129 0.955 -3.771 7.13 0.214
-0.472 -0.121 0.94 -3.267 8.092 1.679
-0.448 -0.126 0.952 -3.725 8.137 3.649
-0.428 -0.118 0.981 -3.221 11.344 3.344
-0.413 -0.132 0.976 -2.84 5.359 2.641
-0.404 -0.138 0.981 -1.328 2.244 1.45
-0.396 -0.135 0.999 0.122 -3.618 0.397
-0.395 -0.135 0.985 2.015 -4.885 -0.824
-0.402 -0.137 0.952 2.595 -4.504 -0.733
-0.405 -0.131 0.934 2.672 -1.191 -0.519
-0.396 -0.135 0.932 2.26 1.969 -0.382
-0.421 -0.123 0.912 1.176 2.489 0.153
-0.423 -0.121 0.915 -0.519 1.603 0.763
-0.42 -0.128 0.923 -1.145 -0.611 0.855
-0.422 -0.129 0.931 -1.542 -2.824 0.947
-0.417 -0.124 0.937 -1.466 -3.649 0.824
-0.409 -0.128 0.923 -1.649 -2.916 1.023
-0.398 -0.134 0.935 -1.817 -3.237 0.84
-0.402 -0.13 0.941 -1.985 -2.87 0.58
-0.407 -0.128 0.953 -1.771 -3.038 1.16
-0.389 -0.13 0.937 -1.42 -2.656 0.916
-0.402 -0.121 0.942 -1.145 -1.878 0.229
-0.404 -0.128 0.927 -1.191 -2.122 -0.031
-0.407 -0.116 0.913 -2.046 3.344 -1.023
-0.423 -0.115 0.933 -0.931 -0.473 -0.824
-0.429 -0.119 0.938 -0.412 -3.679 -0.473
-0.433 -0.122 0.945 -0.031 -2.427 -1.405
-0.424 -0.113 0.919 0.244 -3.969 -1.725
-0.426 -0.111 0.896 -0.687 -3.176 -1.13
-0.432 -0.109 0.898 -1.725 -1.13 -0.656
-0.419 -0.109 0.888 -3.466 -1.084 0.015
-0.41 -0.11 0.9 -4.366 0.29 0.107
-0.411 -0.114 0.921 -4.366 0.137 -0.504
-0.411 -0.114 0.929 -4.046 -1.389 -0.947
-0.409 -0.112 0.922 -4.076 -1.496 -1.618
-0.415 -0.108 0.912 -4.29 -0.534 -1.908
-0.418 -0.104 0.926 -4.55 0.702 -1.618
-0.418 -0.11 0.922 -4.855 1.344 -1.16
-0.418 -0.114 0.921 -5.206 1.282 -1.557
-0.422 -0.112 0.933 -5.527 -1.435 -1.344
-0.42 -0.116 0.94 -5.557 -1.74 -1.359
-0.413 -0.121 0.937 -5.374 -1.221 -1.542
-0.42 -0.117 0.939 -5.115 0.229 -1.359
-0.425 -0.124 0.928 -4.626 2.122 -1.374
-0.42 -0.119 0.937 -4.931 3.298 -1.206
-0.422 -0.125 0.945 -4.748 3.832 -0.87
-0.429 -0.123 0.962 -3.878 2.412 -1.359
-0.427 -0.115 0.962 -3.069 0.473 -1.099
-0.43 -0.117 0.947 -2.458 0.931 -0.885
-0.44 -0.116 0.919 -2.473 2.779 -0.55
-0.436 -0.108 0.917 -3.145 3.679 0.076
-0.432 -0.112 0.92 -3.954 3.145 0.076
-0.402 -0.131 0.933 -3.405 1.511 -0.076
-0.436 -0.113 0.934 -4.336 -0.687 -0.153
-0.439 -0.114 0.926 -4.58 -2.534 -0.641
-0.443 -0.109 0.916 -5.298 -3.985 -1.16
-0.444 -0.104 0.915 -5.817 -2.702 -0.794
-0.443 -0.109 0.924 -6.427 -1.298 0.153
-0.438 -0.103 0.929 -6.855 -1.176 1.038
-0.425 -0.115 0.946 -6.687 -0.015 1.206
-0.412 -0.119 0.966 -6.504 -2.015 0.718
-0.402 -0.124 0.975 -6.092 -2.489 -0.107
-0.411 -0.122 0.988 -4.947 -3.603 -0.992
-0.419 -0.118 0.969 -3.573 -2.55 -1.328
-0.426 -0.116 0.948 -3.053 -1.42 -1.588
-0.441 -0.113 0.925 -3.221 -0.824 -0.84
-0.445 -0.112 0.93 -3.863 0.321 -0.275
-0.449 -0.111 0.938 -4.397 -0.107 0.458
-0.443 -0.112 0.945 -4.687 -2.275 0.656
-0.438 -0.124 0.95 -4.916 -5.832 1.038
-0.426 -0.118 0.956 -4.641 -6.885 0.641
-0.427 -0.113 0.943 -4.382 -7.13 0.947
-0.418 -0.123 0.942 -4.412 -7.328 0.748
-0.42 -0.108 0.93 -4.611 -6.382 0.931
-0.423 -0.113 0.914 -4.733 -4.336 1.13
-0.413 -0.109 0.923 -5.389 -2.214 1.344
-0.406 -0.114 0.925 -6.153 -0.702 0.748
-0.406 -0.117 0.974 -4.931 -1.313 -0.382
-0.413 -0.116 0.937 -4.061 -2.58 -1.252
-0.426 -0.119 0.929 -3.969 -5.313 -1.206
-0.434 -0.117 0.916 -3.939 -3.573 -0.931
-0.441 -0.108 0.913 -4.519 -2.26 -0.55
-0.423 -0.109 0.909 -5.435 -1.176 0.153
-0.427 -0.114 0.924 -5.588 -0.687 0.489
-0.417 -0.109 0.933 -5.878 -0.412 0.458
-0.413 -0.116 0.936 -5.817 -2.504 -0.336
-0.417 -0.113 0.943 -5.969 -6.153 -0.473
-0.41 -0.112 0.939 -6.031 -6.565 -0.366
-0.412 -0.117 0.94 -5.908 -4.672 -0.458
-0.416 -0.116 0.932 -5.664 -4.015 -0.321
-0.409 -0.118 0.939 -5.298 -1.649 -0.244
-0.406 -0.122 0.931 -5.16 0.0 -0.794
-0.417 -0.121 0.949 -5.099 -0.947 -0.885
-0.417 -0.116 0.955 -5.038 -2.122 -1.191
-0.414 -0.12 0.944 -5.16 -3.557 -1.359
-0.422 -0.118 0.941 -5.023 -3.954 -1.252
-0.416 -0.118 0.946 -5.374 -3.817 -0.916
-0.411 -0.119 0.943 -5.221 -2.031 -0.656
-0.404 -0.121 0.938 -5.481 -0.794 -0.183
-0.395 -0.12 0.943 -5.725 -0.183 -0.733
-0.403 -0.125 0.95 -5.71 -0.137 -1.053
-0.407 -0.123 0.962 -5.069 -1.221 -1.221
-0.414 -0.121 0.956 -4.26 -1.13 -1.939
-0.424 -0.125 0.928 -4.275 -3.435 -1.115
-0.439 -0.119 0.932 -4.321 -1.16 -0.519
-0.428 -0.12 0.918 -5.13 0.84 -0.153
-0.418 -0.125 0.923 -5.542 1.618 0.336
-0.416 -0.12 0.934 -5.847 1.542 0.107
-0.42 -0.12 0.944 -5.832 0.198 -0.473
-0.414 -0.119 0.952 -5.725 -1.466 -0.87
-0.416 -0.119 0.942 -5.359 -1.878 -1.267
-0.418 -0.114 0.945 -5.344 -1.435 -0.809
-0.411 -0.114 0.959 -4.977 -0.382 -0.656
-0.408 -0.116 0.958 -4.443 0.198 -0.718
-0.401 -0.118 0.957 -3.71 1.939 -1.008
-0.413 -0.12 0.965 -3.42 1.618 -1.496
-0.418 -0.114 0.943 -3.008 -0.763 -1.893
-0.415 -0.114 0.933 -2.931 -0.58 -2.229
-0.428 -0.109 0.924 -3.863 -0.275 -2.015
-0.431 -0.109 0.921 -5.237 -1.206 -1.13
-0.425 -0.109 0.924 -6.107 -0.122 -0.672
-0.421 -0.111 0.936 -6.366 0.687 -0.595
-0.423 -0.114 0.958 -5.756 0.595 -0.611
-0.428 -0.116 0.965 -4.824 -1.466 -0.733
-0.43 -0.115 0.951 -3.893 -3.557 -1.13
-0.432 -0.109 0.931 -3.908 -4.611 -0.855
-0.434 -0.111 0.926 -4.687 -2.779 -0.962
-0.427 -0.111 0.927 -5.634 -1.038 -0.672
-0.423 -0.119 0.941 -5.817 -0.351 -0.473
-0.425 -0.122 0.957 -5.374 -0.031 -0.412
-0.433 -0.126 0.958 -4.855 -1.237 -0.183
-0.444 -0.124 0.971 -4.046 -2.824 -0.321
-0.456 -0.123 0.951 -4.031 -5.176 0.229
-0.447 -0.124 0.923 -3.954 -3.893 0.534
-0.44 -0.123 0.928 -4.534 -2.458 1.313
-0.429 -0.122 0.932 -4.977 -0.015 1.802
-0.412 -0.121 0.935 -4.977 1.069 1.863
-0.413 -0.128 0.962 -4.458 0.656 1.725
-0.421 -0.131 0.963 -3.359 -0.87 1.45
-0.419 -0.125 0.953 -2.58 -3.603 1.069
-0.423 -0.116 0.93 -2.656 -6.336 0.916
-0.426 -0.111 0.929 -3.313 -6.885 1.115
-0.417 -0.109 0.914 -4.214 -5.145 1.511
-0.404 -0.097 0.902 -5.649 -0.931 2.305
-0.416 -0.103 0.966 -5.13 0.137 2.412
-0.39 -0.114 0.912 -5.099 2.84 1.679
-0.42 -0.097 0.945 -6.076 -0.626 1.679
-0.393 -0.115 0.945 -5.588 -1.969 0.351
-0.406 -0.108 0.938 -5.328 -3.527 -0.366
-0.394 -0.11 0.931 -4.992 -3.817 -0.641
-0.393 -0.111 0.924 -5.557 -3.389 -0.962
-0.397 -0.108 0.947 -6.031 -2.626 -0.779
-0.397 -0.113 0.932 -6.092 -0.855 -0.733
-0.391 -0.123 0.953 -6.092 0.687 -0.962
-0.407 -0.118 0.959 -5.634 0.809 -1.374
-0.42 -0.121 0.982 -5.099 -1.573 -1.863
-0.43 -0.126 0.97 -3.954 -4.26 -2.031
-0.431 -0.114 0.95 -3.42 -5.145 -1.771
-0.444 -0.111 0.921 -3.725 -4.641 -0.748
-0.43 -0.107 0.918 -4.916 -3.42 0.305
-0.413 -0.107 0.925 -5.924 -1.344 0.611
-0.411 -0.116 0.939 -6.489 0.504 0.443
-0.417 -0.116 0.969 -6.076 0.0 0.229
-0.424 -0.121 0.987 -4.397 -3.908 0.031
-0.434 -0.117 0.971 -3.344 -7.847 -0.046
-0.43 -0.118 0.949 -1.817 -22.321 1.863
-0.416 -0.116 0.884 -3.527 -5.573 0.443
-0.45 -0.108 0.937 -3.969 -4.443 1.221
-0.418 -0.12 0.912 -5.206 -4.595 2.0
-0.415 -0.118 0.942 -5.221 0.198 1.481
-0.412 -0.121 0.962 -4.84 -3.069 1.771
-0.41 -0.116 0.958 -4.122 -4.58 1.221
-0.409 -0.116 0.954 -3.649 -5.679 0.947
-0.395 -0.111 0.937 -3.756 -5.588 0.809
-0.389 -0.108 0.92 -4.427 -2.519 0.58
-0.393 -0.11 0.927 -4.672 0.351 0.458
-0.388 -0.111 0.926 -5.16 1.939 -0.046
-0.397 -0.116 0.943 -5.298 1.13 -0.061
-0.4 -0.115 0.947 -5.405 -1.679 -0.244
-0.406 -0.119 0.963 -5.344 -4.672 -0.305
-0.412 -0.119 0.953 -4.962 -6.183 -0.198
-0.408 -0.123 0.94 -4.748 -6.153 0.031
-0.409 -0.13 0.925 -5.191 -4.84 0.687
-0.39 -0.128 0.94 -5.664 -3.756 0.916
-0.389 -0.13 0.928 -5.664 -1.878 0.901
-0.388 -0.132 0.937 -5.649 -1.664 0.84
-0.384 -0.132 0.961 -5.16 -3.206 -0.046
-0.393 -0.124 0.967 -4.58 -8.244 -0.458
-0.394 -0.119 0.95 -4.351 -11.328 -0.351
-0.387 -0.111 0.933 -4.031 -12.107 0.137
-0.378 -0.11 0.914 -4.687 -8.794 0.015
-0.374 -0.115 0.935 -5.359 -0.534 -0.947
-0.382 -0.109 0.95 -5.664 -3.603 -0.519
-0.374 -0.125 0.945 -6.0 -2.321 -1.618
-0.387 -0.119 0.973 -5.756 -4.351 -2.244
-0.398 -0.112 0.954 -5.359 -5.588 -2.672
-0.401 -0.11 0.941 -5.099 -3.771 -2.534
-0.41 -0.11 0.936 -5.359 -1.634 -1.985
-0.406 -0.103 0.929 -6.092 -1.313 -1.603
-0.405 -0.102 0.93 -7.038 -0.473 -1.344
-0.388 -0.105 0.94 -7.542 -0.321 -1.481
-0.393 -0.116 0.964 -7.634 -2.0 -2.015
-0.392 -0.112 0.977 -7.053 -4.519 -2.153
-0.405 -0.12 0.967 -6.305 -3.16 -2.702
-0.41 -0.113 0.968 -6.137 -1.13 -2.55
-0.414 -0.112 0.959 -6.26 0.137 -2.0
-0.416 -0.117 0.964 -6.595 1.817 -1.496
-0.415 -0.123 0.992 -6.0 1.038 -1.435
-0.418 -0.121 0.999 -5.038 -0.641 -1.221
-0.423 -0.123 0.98 -4.0 -1.557 -1.16
-0.425 -0.117 0.959 -4.076 -3.023 -0.565
-0.433 -0.106 0.95 -4.321 -2.55 0.473
-0.429 -0.114 0.941 -4.916 -1.71 1.344
-0.415 -0.114 0.949 -5.45 -0.198 2.061
-0.414 -0.114 0.957 -5.42 1.191 2.092
-0.412 -0.114 0.974 -5.237 -0.901 2.305
-0.4 -0.122 0.986 -4.504 -4.015 1.878
-0.39 -0.119 0.978 -3.405 -4.733 1.237
-0.401 -0.119 0.958 -3.359 -5.389 1.511
-0.391 -0.109 0.942 -3.725 -3.466 1.435
-0.396 -0.116 0.943 -4.168 -2.244 1.756
-0.398 -0.119 0.941 -4.672 -1.435 1.817