0.073 0.006 1.071 -5.389 -0.779 -1.038
0.074 0.005 1.064 -5.053 -0.458 -1.053
0.078 0.002 1.064 -4.137 1.115 -0.947
0.065 -0.001 1.065 -3.466 1.634 -0.992
0.075 0.001 1.057 -3.664 1.267 -1.053
0.079 -0.001 1.048 -3.863 2.153 -1.389
0.065 0.0 1.063 -4.412 0.947 -1.771
0.059 0.001 1.066 -4.84 -1.634 -2.0
0.06 0.007 1.057 -5.008 -2.26 -1.924
0.057 0.016 1.055 -5.328 -1.069 -1.863
0.045 0.023 1.054 -5.969 0.534 -1.756
0.045 0.023 1.063 -6.382 1.252 -1.16
0.038 0.019 1.08 -6.076 1.847 -0.718
0.03 0.021 1.084 -4.855 2.489 -0.275
0.036 0.012 1.089 -4.351 2.031 0.076
0.039 0.016 1.083 -4.336 1.908 0.519
0.038 0.021 1.084 -4.473 0.336 0.855
0.049 0.017 1.097 -3.771 -1.13 1.313
0.045 0.007 1.098 -3.45 -3.618 1.328
0.052 0.011 1.085 -3.191 -4.763 1.42
0.056 0.017 1.063 -3.542 -3.939 1.771
0.067 0.005 1.055 -4.046 -2.412 1.649
0.066 0.017 1.056 -4.992 -1.786 1.496
0.067 0.008 1.049 -5.252 -1.679 1.45
0.071 0.008 1.043 -5.511 -0.397 0.962
0.066 0.001 1.052 -5.863 0.763 0.534
0.061 0.01 1.07 -6.168 0.336 0.427
0.071 0.001 1.056 -6.015 0.534 0.183
0.052 -0.001 1.073 -6.0 0.687 0.534
0.052 -0.001 1.096 -5.374 -0.702 0.855
0.057 -0.001 1.093 -4.641 -0.198 0.504
0.052 0.003 1.083 -4.198 -0.901 0.244
0.043 0.01 1.078 -4.397 -0.412 0.275
0.044 0.004 1.073 -4.672 -1.053 0.489
0.042 0.021 1.072 -4.733 -0.489 0.153
0.05 0.014 1.064 -4.84 -0.885 0.122
0.045 0.013 1.069 -5.542 -1.939 0.58
0.041 0.012 1.067 -5.45 -3.267 1.023
0.057 0.0 1.069 -5.298 -1.435 0.565
0.055 0.013 1.074 -4.718 -0.122 0.824
0.049 0.01 1.083 -4.473 -0.718 1.282
0.057 0.011 1.079 -4.366 -1.221 1.634
0.06 0.018 1.069 -4.626 -1.45 1.282
0.057 0.014 1.063 -4.977 -1.267 1.344
0.061 0.015 1.052 -5.13 -1.664 1.389
0.064 0.011 1.061 -5.267 -1.511 1.45
0.061 0.013 1.078 -5.603 -2.916 1.466
0.061 0.007 1.062 -5.634 -3.664 1.466
0.062 0.008 1.064 -5.252 -2.168 1.145
0.057 0.012 1.054 -5.405 -1.206 1.038
0.055 0.005 1.068 -5.435 -2.031 1.527
0.059 -0.003 1.065 -5.618 -0.321 0.931
0.046 -0.0 1.072 -6.046 -0.763 1.069
0.049 0.003 1.063 -5.939 -0.901 1.008
0.047 -0.005 1.08 -5.237 0.107 0.84
0.046 0.004 1.081 -5.435 -0.55 1.16
0.054 0.007 1.072 -5.527 -0.885 1.649
0.053 -0.001 1.063 -5.603 -1.405 1.664
0.056 0.006 1.069 -5.863 -2.26 1.771
0.059 0.002 1.07 -5.969 -2.687 1.847
0.064 0.01 1.066 -5.679 -1.679 1.71
0.052 -0.003 1.076 -5.405 -1.695 1.893
0.053 -0.006 1.063 -5.176 -2.55 2.183
0.059 -0.004 1.061 -5.405 -3.573 2.58
0.065 -0.005 1.058 -5.206 -2.687 2.534
0.067 -0.001 1.057 -5.053 -2.275 2.702
0.068 0.007 1.05 -5.237 -1.725 2.595
0.073 0.011 1.048 -6.015 -0.779 2.412
0.062 0.02 1.05 -6.992 0.153 1.74
0.054 0.016 1.062 -7.695 0.443 2.015
0.042 0.011 1.071 -7.466 0.031 2.55
0.033 -0.002 1.091 -7.527 -1.74 3.191
0.038 -0.004 1.083 -7.038 -1.45 4.107
0.049 -0.003 1.088 -6.519 -1.924 4.794
0.068 -0.002 1.073 -6.275 -1.481 4.962
0.072 0.0 1.057 -6.244 0.198 4.473
0.077 0.003 1.052 -6.26 1.74 4.061
0.068 0.001 1.055 -6.382 3.45 4.046
0.053 0.002 1.051 -6.718 3.634 4.626
0.049 0.0 1.033 -7.969 5.969 5.008
0.061 -0.002 1.059 -9.221 6.992 4.718
0.062 -0.013 1.072 -9.878 5.481 5.527
0.072 -0.008 1.077 -9.084 7.176 5.588
0.057 -0.012 1.077 -8.046 7.267 5.695
0.052 0.003 1.083 -7.756 4.885 8.168
0.083 -0.006 1.075 -8.183 2.763 10.0
0.119 -0.019 1.083 -8.763 3.16 9.359
0.166 -0.033 1.094 -8.55 2.84 7.359
0.187 -0.046 1.109 -7.511 6.427 2.321
0.19 -0.051 1.107 -6.611 5.557 -2.412
0.17 -0.038 1.082 -6.489 6.504 -6.214
0.143 -0.031 1.083 -6.748 5.145 -7.481
0.119 -0.025 1.087 -6.947 0.885 -6.763
0.128 -0.039 1.081 -6.626 0.031 -6.504
0.136 -0.037 1.075 -7.099 3.634 -7.359
0.142 -0.034 1.098 -7.16 1.618 -6.473
0.168 -0.04 1.107 -7.42 -1.13 -5.191
0.194 -0.052 1.126 -6.672 -2.55 -5.374
0.231 -0.083 1.093 -5.756 5.878 -8.748
0.209 -0.059 1.172 -3.221 3.603 -6.55
0.247 -0.087 1.124 -2.855 -16.55 -3.832
0.28 -0.102 1.096 -3.817 -6.824 -7.664
0.281 -0.104 1.119 -3.954 -9.985 -8.092
0.293 -0.111 1.13 -5.527 -18.275 -1.924
0.364 -0.131 1.108 -0.473 3.695 -11.023
0.337 -0.124 1.102 1.786 22.183 -14.198
0.362 -0.146 1.13 1.695 19.45 -15.115
0.345 -0.173 1.149 1.496 24.641 -24.168
0.311 -0.165 1.229 1.099 15.511 -29.527
0.295 -0.154 1.203 2.443 -15.252 -30.26
0.308 -0.142 1.143 1.74 -23.13 -31.099
0.364 -0.164 1.072 4.198 -22.275 -35.939
0.308 -0.132 1.021 7.969 1.954 -42.26
0.281 -0.111 0.994 6.702 8.611 -40.092
0.306 -0.093 0.952 6.061 37.267 -41.924
0.248 -0.094 1.0 5.908 31.527 -40.031
0.246 -0.101 1.005 2.366 32.397 -42.565
0.224 -0.126 1.083 0.519 17.939 -48.534
0.194 -0.126 1.101 -0.687 -1.145 -52.992
0.232 -0.122 1.019 -2.168 -6.947 -58.122
0.225 -0.121 0.997 -4.046 -1.771 -62.351
0.238 -0.102 0.932 -2.992 10.718 -64.412
0.275 -0.111 0.931 1.939 38.901 -69.939
0.181 -0.087 0.955 5.847 53.725 -69.603
0.193 -0.096 0.882 7.588 75.115 -69.13
0.193 -0.122 0.922 7.969 85.374 -74.153
0.151 -0.168 0.938 2.611 84.443 -85.374
0.037 -0.153 1.16 -1.099 45.069 -93.634
0.03 -0.162 1.076 -5.878 -0.962 -98.672
-0.007 -0.148 1.03 -7.298 -10.656 -105.496
-0.051 -0.16 0.958 -7.634 -5.16 -106.122
-0.13 -0.133 0.979 -6.565 8.092 -101.237
-0.188 -0.131 0.952 -5.557 35.74 -97.71
-0.157 -0.126 0.979 0.061 48.733 -89.603
-0.159 -0.157 0.952 2.061 74.015 -88.26
-0.282 -0.148 1.104 1.817 60.824 -90.153
-0.287 -0.146 1.094 -2.809 33.359 -89.374
-0.317 -0.147 1.106 -4.214 19.115 -90.473
-0.339 -0.146 1.128 -5.344 -2.641 -88.748
-0.332 -0.121 1.096 -7.893 -18.595 -84.87
-0.253 -0.131 1.028 -6.748 -17.71 -81.756
-0.207 -0.119 1.007 -5.618 1.527 -81.588
-0.175 -0.089 0.989 -4.412 20.183 -82.427
-0.205 -0.092 0.988 -4.031 10.229 -75.115
-0.145 -0.146 0.943 1.664 42.855 -82.046
-0.275 -0.128 1.081 1.389 38.183 -82.992
-0.296 -0.134 1.1 -1.511 7.45 -82.489
-0.284 -0.13 1.066 -3.191 -4.046 -83.069
-0.256 -0.118 1.021 -1.878 -3.527 -81.206
-0.231 -0.116 0.979 -0.809 7.603 -80.504
-0.213 -0.111 0.967 0.29 13.756 -76.885
-0.166 -0.113 0.934 1.359 23.679 -75.344
-0.188 -0.119 0.968 2.565 32.55 -75.832
-0.23 -0.124 1.042 3.13 30.565 -78.489
-0.295 -0.115 1.065 1.817 14.55 -80.198
-0.308 -0.093 1.021 0.519 -1.527 -78.046
-0.293 -0.067 0.941 -2.076 -3.588 -76.962
-0.253 -0.069 0.895 -3.45 1.71 -73.282
-0.276 -0.051 0.873 -7.466 8.809 -70.519
-0.25 -0.059 0.888 -10.809 11.084 -68.366
-0.224 -0.087 0.905 -12.611 21.939 -68.122
-0.231 -0.095 0.957 -12.931 20.58 -67.42
-0.228 -0.106 0.99 -14.504 24.458 -69.985
-0.226 -0.122 1.017 -13.45 18.519 -70.702
-0.284 -0.115 1.085 -14.305 6.809 -71.481
-0.272 -0.115 1.056 -16.595 -4.901 -73.908
-0.276 -0.116 1.03 -18.504 -8.198 -75.405
-0.313 -0.116 1.054 -16.977 -6.504 -71.664
-0.297 -0.115 1.048 -12.992 0.779 -69.466
-0.29 -0.112 1.038 -11.466 3.649 -66.443
-0.277 -0.11 1.03 -10.382 10.137 -65.344
-0.277 -0.117 1.026 -9.466 14.275 -63.802
-0.292 -0.121 1.033 -9.16 16.321 -64.137
-0.348 -0.116 1.073 -10.412 8.382 -63.45
-0.358 -0.11 1.057 -12.626 -0.916 -59.817
-0.331 -0.114 1.055 -10.977 0.214 -56.977
-0.31 -0.115 1.045 -8.031 7.588 -55.267
-0.317 -0.112 1.044 -6.382 11.786 -52.809
-0.31 -0.1 1.041 -6.168 13.298 -50.137
-0.319 -0.11 1.061 -5.344 11.542 -47.695
-0.319 -0.106 1.066 -3.725 11.557 -46.061
-0.333 -0.099 1.064 -3.267 8.55 -43.542
-0.317 -0.111 1.043 -2.992 6.626 -42.122
-0.34 -0.095 1.04 -3.237 6.595 -40.672
-0.344 -0.091 1.023 -3.771 5.298 -37.145
-0.32 -0.091 1.003 -4.153 7.969 -34.58
-0.326 -0.086 1.009 -4.901 8.214 -31.573
-0.331 -0.092 1.006 -4.824 9.466 -28.672
-0.298 -0.092 1.029 -4.855 10.122 -26.595
-0.289 -0.097 1.034 -5.42 7.45 -24.366
-0.268 -0.11 1.061 -5.603 4.672 -22.84
-0.269 -0.109 1.066 -4.412 3.527 -21.389
-0.245 -0.112 1.046 -3.664 4.122 -20.672
-0.256 -0.115 1.055 -2.992 4.321 -19.481
-0.276 -0.119 1.071 -2.046 3.13 -18.458
-0.277 -0.109 1.055 -1.908 1.038 -16.931
-0.271 -0.101 1.048 -1.649 0.702 -14.87
-0.257 -0.108 1.035 -1.557 3.053 -13.817
-0.268 -0.098 1.028 -1.679 4.0 -11.985
-0.271 -0.09 1.03 -1.832 5.71 -10.672
-0.283 -0.092 1.061 -3.145 2.519 -7.786
-0.253 -0.102 1.059 -3.344 -1.16 -6.183
-0.242 -0.113 1.064 -3.359 -4.076 -5.45
-0.22 -0.111 1.07 -3.282 -5.328 -4.916
-0.221 -0.114 1.061 -1.618 -2.962 -4.0
-0.215 -0.105 1.051 -0.992 -0.672 -3.466
-0.209 -0.097 1.024 -1.359 1.328 -2.58
-0.215 -0.1 1.029 -1.435 2.092 -1.771
-0.205 -0.101 1.026 -2.229 1.267 -0.427
-0.201 -0.101 1.015 -2.916 0.168 0.26
-0.199 -0.106 1.026 -4.29 -2.153 0.687
-0.192 -0.11 1.055 -4.687 -5.679 0.275
-0.187 -0.125 1.044 -5.252 -7.832 0.183
-0.159 -0.116 1.032 -5.359 -6.565 0.198
-0.15 -0.125 1.051 -4.763 -4.611 0.901
-0.142 -0.129 1.069 -3.313 -2.855 1.328
-0.124 -0.138 1.067 -1.481 0.55 0.443
-0.12 -0.136 1.059 -0.244 3.786 -1.176
-0.142 -0.128 1.067 0.443 4.763 -1.695
-0.154 -0.132 1.075 0.229 2.031 -1.954
-0.169 -0.129 1.047 -0.977 -2.366 -2.076
-0.159 -0.127 1.046 -1.603 -4.656 -0.947
-0.158 -0.129 1.04 -1.298 -2.595 -0.855
-0.164 -0.125 1.039 -1.42 -1.71 -0.397
-0.159 -0.134 1.019 -1.603 0.137 0.153
-0.158 -0.13 1.03 -2.153 1.298 0.656
-0.148 -0.14 1.041 -2.031 1.023 0.687
-0.157 -0.132 1.039 -1.954 0.794 -0.031
-0.165 -0.135 1.044 -2.519 -1.786 0.748
-0.154 -0.134 1.052 -2.55 -3.45 1.206
-0.146 -0.139 1.058 -2.015 -3.679 0.87
-0.134 -0.14 1.04 -1.344 -1.389 0.122
-0.144 -0.131 1.034 -1.267 -0.565 0.443
-0.14 -0.128 1.036 -1.176 0.458 0.382
-0.142 -0.13 1.026 -1.328 1.176 -0.504
-0.143 -0.13 1.038 -2.305 -1.527 -0.427
-0.148 -0.126 1.054 -2.565 -3.771 -0.58
-0.135 -0.133 1.061 -1.878 -3.588 -1.115
-0.135 -0.128 1.056 -0.595 -2.779 -1.45
-0.143 -0.125 1.049 0.458 -1.863 -1.573
-0.139 -0.126 1.025 0.275 -1.267 -1.74
-0.146 -0.124 1.028 -0.092 -1.588 -1.74
-0.143 -0.12 1.015 -0.504 -1.099 -2.275
-0.161 -0.112 1.019 -1.023 -1.771 -2.305
-0.165 -0.115 1.0 -2.137 -2.55 -1.969
-0.167 -0.109 1.009 -3.237 -2.901 -1.573
-0.165 -0.113 1.025 -3.466 -2.885 -1.13
-0.162 -0.115 1.007 -3.924 -3.023 -0.947
-0.165 -0.109 1.024 -4.489 -3.359 -1.084
-0.169 -0.112 1.012 -4.992 -2.733 -0.931
-0.17 -0.112 1.023 -5.42 -2.718 -0.321
-0.165 -0.116 1.034 -5.511 -4.214 0.29
-0.161 -0.123 1.05 -5.435 -5.298 0.779
-0.149 -0.115 1.048 -5.282 -7.756 1.252
-0.115 -0.126 1.046 -5.359 -4.718 0.29
-0.139 -0.132 1.061 -3.573 -3.649 -0.168
-0.134 -0.126 1.044 -2.366 -2.244 -0.458
-0.133 -0.118 1.048 -2.046 -0.611 -1.176
-0.133 -0.114 1.019 -2.244 -0.076 -1.756
-0.142 -0.115 1.022 -1.985 0.947 -2.168
-0.154 -0.105 1.023 -2.443 0.901 -1.969
-0.16 -0.103 1.015 -3.863 -1.298 -1.954
-0.152 -0.101 1.02 -5.191 -5.298 -1.191
-0.163 -0.091 1.041 -5.679 -8.702 -0.275
-0.15 -0.126 1.013 -5.282 -5.786 -0.855
-0.146 -0.119 1.053 -5.176 -6.55 -0.58
-0.145 -0.129 1.048 -4.26 -4.015 -1.817
-0.153 -0.125 1.051 -3.908 -4.397 -1.908
-0.148 -0.12 1.033 -3.511 -3.511 -1.756
-0.159 -0.119 1.036 -3.145 -2.672 -2.198
-0.177 -0.108 1.039 -3.954 -6.198 -0.412
-0.165 -0.105 1.024 -4.382 -6.351 0.718
-0.155 -0.118 1.03 -4.748 -3.649 0.305
-0.157 -0.11 1.04 -4.87 -3.832 1.069
-0.151 -0.112 1.047 -4.611 -4.046 1.786
-0.137 -0.122 1.048 -4.336 -3.359 1.618
-0.13 -0.114 1.046 -4.244 -3.817 1.267
-0.142 -0.119 1.045 -4.58 -6.275 1.863
-0.121 -0.119 1.027 -4.702 -5.13 1.588
-0.123 -0.111 1.044 -4.87 -4.916 1.664
-0.113 -0.123 1.045 -5.145 -5.924 1.649
-0.103 -0.119 1.04 -5.053 -3.344 0.473
-0.116 -0.126 1.039 -5.115 -2.458 -0.183
-0.127 -0.117 1.048 -4.901 -1.939 -0.229
-0.119 -0.124 1.055 -4.443 -2.901 -0.183
-0.112 -0.126 1.054 -4.473 -3.588 -0.031
-0.115 -0.129 1.048 -3.985 -2.931 -1.084
-0.125 -0.12 1.061 -3.817 -2.901 -1.008
-0.122 -0.121 1.046 -3.71 -1.206 -1.237
-0.119 -0.123 1.053 -3.359 -0.58 -1.985
-0.116 -0.112 1.042 -3.405 -0.519 -2.198
-0.12 -0.109 1.045 -3.466 0.992 -2.351
-0.135 -0.12 1.045 -3.435 -0.824 -2.046
-0.136 -0.117 1.063 -2.947 -2.58 -1.634
-0.134 -0.119 1.056 -2.504 -2.702 -1.42
-0.127 -0.116 1.042 -1.924 -2.519 -1.786
-0.124 -0.118 1.047 -1.756 -1.573 -2.153
-0.129 -0.112 1.044 -1.053 -1.42 -2.504
-0.14 -0.109 1.03 -1.13 -1.176 -2.718
-0.145 -0.114 1.017 -1.359 -1.282 -2.672
-0.145 -0.105 1.022 -2.29 -2.244 -2.29
-0.14 -0.108 1.017 -2.687 -2.061 -2.061
-0.147 -0.107 1.018 -3.74 -1.313 -1.664
-0.141 -0.109 1.021 -4.137 -0.504 -1.344
-0.14 -0.11 1.019 -4.748 0.595 -1.359
-0.141 -0.106 1.033 -5.069 -0.107 -0.931
-0.146 -0.108 1.035 -5.206 -0.107 -0.794
-0.143 -0.109 1.042 -4.962 -1.695 -0.183
-0.136 -0.11 1.036 -4.87 -2.153 -0.382
-0.135 -0.116 1.04 -4.901 -3.237 -0.672
-0.133 -0.117 1.047 -5.221 -5.084 -0.26
-0.126 -0.115 1.034 -4.962 -3.267 0.061
-0.11 -0.121 1.046 -4.565 -1.328 -0.153
-0.104 -0.121 1.05 -3.786 0.458 -1.542
-0.126 -0.107 1.053 -3.069 2.473 -2.183
-0.139 -0.107 1.037 -3.023 3.756 -2.84
-0.15 -0.107 1.043 -3.725 0.977 -2.534
-0.159 -0.11 1.051 -4.214 -2.183 -1.084
-0.147 -0.11 1.049 -3.786 -2.84 -0.855
-0.136 -0.114 1.045 -3.756 -3.252 -0.855
-0.129 -0.104 1.034 -4.519 -3.389 0.229
-0.115 -0.112 1.043 -4.885 -2.321 0.489
-0.108 -0.115 1.051 -4.794 -0.687 -0.092
-0.104 -0.115 1.05 -4.718 -0.031 -1.008
-0.113 -0.112 1.055 -4.321 0.672 -2.046
-0.135 -0.116 1.065 -4.153 -1.191 -2.244
-0.125 -0.12 1.058 -3.664 -2.947 -2.0
-0.118 -0.113 1.046 -3.221 -2.29 -2.595
-0.123 -0.117 1.052 -3.13 -1.664 -3.206
-0.131 -0.117 1.041 -2.977 -0.672 -3.45
-0.127 -0.115 1.046 -2.916 0.321 -3.679
-0.14 -0.118 1.042 -3.252 1.16 -3.374
-0.142 -0.11 1.041 -3.359 0.458 -2.534
-0.138 -0.107 1.044 -3.664 -0.611 -2.443
-0.14 -0.11 1.036 -4.336 -0.443 -2.26
-0.155 -0.102 1.041 -4.489 -1.344 -1.359
-0.148 -0.107 1.031 -4.641 -2.092 -0.916
-0.136 -0.112 1.023 -4.885 -0.641 -0.519
-0.196 -0.112 1.074 -5.756 -6.702 0.641
-0.115 -0.14 1.012 -3.282 5.252 -4.763
-0.113 -0.122 1.051 -5.649 -2.595 -0.321
-0.126 -0.111 1.042 -4.031 0.656 -1.847
-0.134 -0.115 1.052 -3.939 0.321 -1.618
-0.135 -0.109 1.04 -3.267 1.344 -1.908
-0.14 -0.111 1.034 -2.901 2.0 -2.321
-0.149 -0.109 1.022 -3.756 0.794 -1.771
-0.146 -0.107 1.041 -3.954 0.076 -1.359
-0.144 -0.107 1.044 -4.107 -0.214 -1.206
-0.134 -0.103 1.025 -4.84 -0.885 -0.824
-0.134 -0.107 1.046 -5.511 -1.527 -0.229
-0.127 -0.108 1.043 -5.328 -0.58 -0.84
-0.13 -0.109 1.055 -4.87 0.076 -0.733
-0.114 -0.115 1.062 -3.221 1.664 -0.962
-0.122 -0.121 1.057 -1.817 3.267 -1.939
-0.119 -0.119 1.056 -1.771 3.939 -2.336
-0.128 -0.105 1.046 -1.359 3.939 -2.977
-0.127 -0.109 1.057 0.015 5.115 -4.183
-0.128 -0.103 1.052 1.557 8.412 -5.389
-0.128 -0.108 1.044 2.336 11.771 -7.008
-0.146 -0.101 1.04 2.214 10.794 -6.779
-0.154 -0.099 1.044 1.42 8.733 -5.313
-0.153 -0.093 1.031 0.641 6.748 -4.595
-0.161 -0.088 1.034 -0.366 4.473 -3.496
-0.158 -0.085 1.034 -1.115 2.351 -2.214
-0.161 -0.091 1.04 -1.618 1.557 -1.924
-0.162 -0.093 1.043 -2.107 0.076 -1.74
-0.167 -0.094 1.035 -2.595 -0.55 -1.298
-0.165 -0.098 1.034 -3.191 -0.412 -0.962
-0.178 -0.091 1.022 -3.481 -0.305 -0.473
-0.177 -0.094 1.035 -4.305 -0.626 -0.061
-0.17 -0.091 1.037 -4.397 -0.076 -0.305
-0.165 -0.09 1.034 -4.718 -0.931 -0.107
-0.158 -0.099 1.029 -5.74 -1.588 0.275
-0.153 -0.115 1.04 -6.275 -7.221 2.977
-0.14 -0.106 1.069 -5.115 -2.748 1.481
-0.129 -0.107 1.043 -3.588 0.901 0.214
-0.136 -0.111 1.044 -3.618 0.351 0.168
-0.142 -0.102 1.049 -3.756 -0.87 0.076
-0.152 -0.104 1.051 -4.046 -2.412 0.092
-0.149 -0.099 1.027 -4.473 -1.206 0.092
-0.142 -0.1 1.031 -4.672 -0.046 0.076
-0.146 -0.094 1.036 -5.115 -1.008 0.443
-0.148 -0.108 1.039 -5.282 -1.405 0.214
-0.148 -0.105 1.051 -5.038 -1.069 0.26
-0.142 -0.108 1.053 -4.443 -1.359 0.58
-0.137 -0.105 1.052 -4.473 -0.809 0.092
-0.143 -0.103 1.045 -4.626 -0.305 -0.214
-0.14 -0.094 1.045 -4.626 0.031 0.366
-0.147 -0.104 1.037 -4.366 1.237 0.0
-0.155 -0.108 1.05 -4.061 1.298 0.061
-0.147 -0.105 1.048 -3.679 0.809 -0.137
-0.147 -0.107 1.053 -2.947 1.74 -1.221
-0.144 -0.097 1.051 -2.626 1.389 -2.244
-0.141 -0.097 1.043 -3.038 0.122 -2.0
-0.143 -0.098 1.029 -3.786 0.55 -2.168
-0.149 -0.09 1.032 -4.534 0.763 -1.634
-0.151 -0.099 1.023 -5.45 0.183 -0.962
-0.154 -0.097 1.032 -5.985 0.122 -1.13
-0.156 -0.101 1.032 -6.198 -0.198 -0.626
-0.163 -0.101 1.043 -6.168 -0.901 -0.229