-0.076 0.049 1.055 -5.74 -1.252 1.13
-0.074 0.052 1.059 -5.786 -0.519 0.885
-0.081 0.056 1.062 -5.45 0.824 0.687
-0.075 0.056 1.061 -5.344 -1.099 0.55
-0.077 0.059 1.077 -5.069 -1.435 0.0
-0.086 0.056 1.079 -4.58 -4.0 0.031
-0.084 0.051 1.071 -4.214 -4.992 -0.183
-0.081 0.063 1.062 -4.183 -5.099 -0.229
-0.08 0.059 1.048 -4.779 -5.069 -0.031
-0.08 0.064 1.045 -5.282 -3.786 0.092
-0.077 0.064 1.042 -5.985 -1.603 0.305
-0.072 0.065 1.037 -6.611 -1.038 0.443
-0.072 0.062 1.05 -7.45 -1.313 0.076
-0.079 0.057 1.061 -7.344 -3.176 0.153
-0.074 0.05 1.069 -6.824 -3.481 -0.122
-0.078 0.055 1.087 -5.053 -1.863 0.122
-0.087 0.054 1.094 -4.031 -2.244 0.565
-0.086 0.052 1.079 -3.374 -2.947 0.931
-0.081 0.048 1.073 -3.359 -2.626 0.962
-0.078 0.052 1.069 -3.206 -2.626 0.672
-0.073 0.049 1.073 -3.145 -2.168 0.015
-0.072 0.053 1.049 -3.359 -2.55 -0.565
-0.078 0.055 1.048 -3.771 -1.695 -0.916
-0.08 0.065 1.039 -4.382 -0.87 -0.84
-0.08 0.059 1.043 -4.947 0.168 -0.58
-0.083 0.062 1.05 -5.389 -1.023 -0.55
-0.088 0.058 1.06 -5.328 -1.878 -0.015
-0.093 0.057 1.073 -4.58 -1.695 0.076
-0.092 0.062 1.07 -3.679 -2.87 1.298
-0.072 0.057 1.063 -2.931 -1.481 0.916
-0.076 0.059 1.055 -3.023 -0.947 0.702
-0.085 0.061 1.051 -3.695 -1.069 0.702
-0.088 0.063 1.058 -4.519 -2.061 0.748
-0.077 0.055 1.05 -4.794 -2.229 0.443
-0.085 0.063 1.059 -4.977 -1.954 0.611
-0.081 0.065 1.05 -5.466 -1.511 1.13
-0.074 0.057 1.057 -5.802 -1.466 0.992
-0.079 0.053 1.067 -5.481 -2.092 0.55
-0.088 0.054 1.07 -4.794 -4.046 0.962
-0.078 0.051 1.067 -3.985 -3.038 1.557
-0.086 0.052 1.072 -3.389 -1.099 1.969
-0.074 0.052 1.058 -3.466 -0.122 2.534
-0.084 0.061 1.046 -4.015 1.725 2.702
-0.08 0.056 1.066 -4.641 -0.015 2.809
-0.084 0.059 1.07 -4.702 -1.908 2.718
-0.086 0.059 1.052 -4.885 -3.527 3.267
-0.074 0.065 1.048 -4.855 -3.328 3.618
-0.085 0.068 1.06 -4.763 -1.939 5.115
-0.082 0.076 1.042 -4.137 -1.237 6.794
-0.075 0.07 1.035 -4.229 -0.321 8.244
-0.073 0.073 1.049 -4.626 -0.275 9.16
-0.057 0.076 1.048 -5.908 -3.176 11.13
-0.021 0.085 1.039 -7.359 -5.389 13.863
0.042 0.075 1.026 -9.069 -4.519 15.832
0.109 0.062 1.042 -9.802 -1.267 15.817
0.155 0.061 1.06 -10.061 2.763 15.237
0.189 0.049 1.093 -9.481 5.084 13.603
0.207 0.04 1.101 -9.359 4.885 11.893
0.244 0.03 1.137 -8.305 3.969 8.672
0.266 0.003 1.134 -7.176 0.092 4.443
0.271 -0.017 1.15 -6.702 -2.733 -1.45
0.268 -0.035 1.16 -5.084 -7.267 -6.916
0.259 -0.042 1.134 -1.985 -4.031 -12.244
0.227 -0.032 1.119 1.069 -0.092 -14.718
0.177 -0.011 1.078 2.626 8.336 -13.985
0.139 0.023 1.018 1.847 14.031 -8.076
0.122 0.034 0.996 -1.359 17.863 0.656
0.23 -0.014 0.97 -3.099 26.87 1.374
0.238 -0.025 1.032 -5.16 39.45 -5.115
0.205 -0.053 1.166 -7.71 14.275 -8.855
0.245 -0.094 1.214 -9.176 -13.237 -17.939
0.278 -0.11 1.173 -7.221 -32.931 -29.374
0.298 -0.112 1.057 -9.756 -57.924 -32.076
0.319 -0.068 1.025 -13.618 -28.321 -48.183
0.196 -0.055 0.988 -7.847 -14.519 -52.061
0.171 -0.023 0.965 -8.29 0.901 -50.931
0.135 -0.005 0.967 -10.84 18.687 -48.473
0.155 -0.041 0.982 -13.084 34.733 -47.374
0.115 -0.068 1.097 -15.511 34.824 -50.244
0.062 -0.09 1.22 -17.771 5.557 -54.824
0.083 -0.109 1.246 -20.366 -35.771 -58.489
0.171 -0.141 1.207 -19.191 -55.817 -64.962
0.191 -0.16 1.159 -17.191 -62.0 -70.748
0.212 -0.17 1.116 -12.718 -50.977 -80.626
0.119 -0.159 1.076 -13.603 -48.55 -85.969
0.041 -0.122 1.103 -18.672 -52.901 -86.748
0.002 -0.128 1.002 -15.863 -50.702 -87.679
-0.025 -0.114 1.009 -19.542 -39.176 -84.0
-0.054 -0.163 1.069 -19.664 -19.282 -84.763
-0.082 -0.138 1.085 -16.275 -23.893 -79.344
-0.042 -0.169 1.08 -16.672 -20.458 -81.878
-0.082 -0.154 1.113 -19.466 -38.611 -82.626
-0.083 -0.149 1.116 -20.046 -47.145 -81.771
-0.08 -0.147 1.043 -21.13 -53.176 -79.069
-0.036 -0.156 0.983 -18.962 -29.099 -80.183
-0.099 -0.116 1.028 -19.878 -12.977 -77.42
-0.055 -0.136 0.988 -20.855 -11.435 -72.519
-0.021 -0.156 1.018 -19.878 15.344 -74.183
-0.065 -0.171 1.128 -19.13 15.954 -76.733
-0.092 -0.194 1.201 -19.282 0.718 -80.824
-0.109 -0.183 1.176 -18.641 -17.221 -83.069
-0.111 -0.167 1.106 -16.153 -8.763 -84.443
-0.158 -0.134 1.133 -13.191 -1.618 -79.267
-0.13 -0.141 1.088 -10.626 7.328 -76.015
-0.112 -0.143 1.053 -8.046 27.389 -75.237
-0.106 -0.15 1.072 -4.26 48.992 -74.397
-0.143 -0.156 1.145 -0.153 58.198 -78.397
-0.227 -0.144 1.158 -1.603 40.305 -81.191
-0.247 -0.144 1.158 -4.611 19.908 -84.107
-0.305 -0.135 1.154 -5.802 4.641 -85.282
-0.317 -0.092 1.131 -6.458 -8.366 -78.382
-0.305 -0.073 1.047 -2.718 7.237 -75.023
-0.311 -0.044 1.029 -1.176 12.702 -66.107
-0.235 -0.041 0.931 -0.534 27.176 -61.618
-0.223 -0.064 0.957 3.756 47.832 -62.244
-0.275 -0.057 1.031 1.634 46.076 -58.504
-0.267 -0.083 1.086 0.427 30.305 -59.206
-0.256 -0.081 1.11 -2.107 11.71 -60.015
-0.219 -0.076 1.084 -1.893 -3.282 -60.519
-0.209 -0.058 1.026 -0.107 2.519 -59.863
-0.205 -0.052 1.005 1.313 8.29 -58.168
-0.214 -0.028 0.989 0.427 17.084 -57.053
-0.194 -0.031 0.994 1.221 25.237 -55.603
-0.217 -0.041 0.99 0.183 26.748 -52.122
-0.223 -0.046 1.054 -0.885 26.29 -51.954
-0.243 -0.055 1.095 -1.176 12.58 -50.595
-0.222 -0.046 1.073 -0.076 4.901 -49.145
-0.216 -0.053 1.044 2.504 7.267 -48.229
-0.234 -0.037 1.014 4.153 9.832 -46.29
-0.248 -0.021 0.968 3.206 11.557 -43.405
-0.239 -0.025 0.962 0.55 15.618 -41.573
-0.251 -0.022 0.997 -1.45 16.718 -39.893
-0.246 -0.032 1.02 -3.115 13.74 -37.908
-0.26 -0.029 1.034 -4.107 11.023 -36.351
-0.255 -0.03 1.047 -4.519 9.756 -33.405
-0.248 -0.045 1.072 -2.947 9.405 -30.55
-0.244 -0.042 1.081 -0.84 10.26 -27.237
-0.208 -0.047 1.088 0.824 9.282 -25.679
-0.212 -0.046 1.064 1.863 7.16 -25.008
-0.22 -0.024 1.03 2.0 7.679 -24.168
-0.243 -0.022 1.014 1.634 11.908 -22.321
-0.233 -0.025 1.025 0.58 11.298 -19.954
-0.242 -0.02 1.011 -0.168 12.427 -18.336
-0.242 -0.017 1.015 -0.702 13.908 -15.557
-0.235 -0.013 1.002 -1.145 15.802 -12.885
-0.235 -0.021 1.025 -2.229 16.855 -11.588
-0.238 -0.034 1.065 -2.031 9.084 -9.084
-0.219 -0.028 1.073 -1.863 4.183 -8.641
-0.294 0.074 1.175 -17.435 -15.893 -9.969
-0.174 -0.05 1.014 -3.603 2.183 -8.427
-0.179 -0.037 1.031 -1.145 2.962 -5.496
-0.161 -0.039 1.047 -0.061 5.832 -5.053
-0.162 -0.037 1.051 0.885 6.992 -5.038
-0.151 -0.04 1.033 0.748 5.756 -4.107
-0.154 -0.043 1.034 0.718 7.756 -4.885
-0.177 -0.041 1.021 0.916 8.702 -4.87
-0.189 -0.034 1.015 1.099 12.763 -4.244
-0.179 -0.034 1.036 0.366 11.71 -1.939
-0.154 -0.043 1.052 0.198 11.115 -1.786
-0.135 -0.042 1.047 -0.626 7.557 -1.191
-0.122 -0.043 1.034 -0.107 5.466 -1.206
-0.123 -0.032 1.007 -0.321 4.794 -1.435
-0.123 -0.03 0.994 -0.901 4.55 -1.099
-0.133 -0.03 0.988 -1.878 4.718 -0.137
-0.117 -0.035 1.005 -2.382 7.16 0.031
-0.107 -0.038 1.032 -2.763 6.992 -0.153
-0.112 -0.035 1.029 -2.87 8.473 -1.053
-0.125 -0.04 1.044 -3.099 7.939 -1.145
-0.125 -0.037 1.035 -3.695 5.298 -1.328
-0.131 -0.038 1.046 -4.26 2.916 -1.344
-0.129 -0.043 1.034 -5.206 -0.26 -0.092
-0.116 -0.045 1.029 -6.351 -1.176 0.672
-0.094 -0.047 1.054 -6.962 -1.573 0.901
-0.075 -0.05 1.063 -6.656 -0.565 0.244
-0.071 -0.06 1.073 -5.45 4.153 -1.176
-0.085 -0.054 1.074 -3.863 6.611 -2.58
-0.103 -0.056 1.067 -3.221 7.71 -3.45
-0.115 -0.055 1.055 -2.855 7.267 -3.573
-0.132 -0.051 1.055 -3.328 5.298 -3.71
-0.151 -0.042 1.045 -4.183 1.588 -2.58
-0.141 -0.047 1.05 -4.244 0.046 -2.275
-0.134 -0.041 1.033 -4.733 -0.809 -1.878
-0.139 -0.04 1.031 -4.947 0.046 -2.397
-0.157 -0.028 1.025 -6.626 -2.916 -1.954
-0.161 -0.033 1.025 -8.382 -4.443 -1.038
-0.161 -0.042 1.059 -8.687 -4.458 0.183
-0.136 -0.051 1.064 -8.183 -3.649 0.046
-0.132 -0.054 1.07 -7.084 -2.397 -0.611
-0.134 -0.05 1.077 -6.58 -3.328 -0.275
-0.12 -0.054 1.046 -5.969 -1.557 -0.58
-0.116 -0.058 1.053 -5.023 0.229 -2.0
-0.117 -0.044 1.06 -3.74 2.901 -3.389
-0.146 -0.045 1.052 -3.832 1.206 -3.71
-0.159 -0.039 1.055 -4.229 -1.786 -2.702
-0.15 -0.044 1.047 -5.16 -2.244 -1.481
-0.131 -0.04 1.049 -5.71 -2.702 -1.038
-0.127 -0.045 1.061 -5.939 -1.847 -1.191
-0.126 -0.047 1.06 -6.061 -1.573 -1.267
-0.131 -0.038 1.058 -6.458 -2.504 -1.298
-0.123 -0.047 1.06 -6.473 -2.855 -1.237
-0.134 -0.048 1.069 -6.076 -4.427 -1.344
-0.138 -0.041 1.067 -5.725 -6.794 -1.13
-0.132 -0.047 1.054 -5.099 -4.29 -0.916
-0.138 -0.044 1.045 -4.947 -0.733 -1.053
-0.14 -0.045 1.055 -4.748 -1.298 -0.55
-0.136 -0.051 1.062 -4.534 -0.962 -0.962
-0.132 -0.045 1.049 -4.336 -1.328 -1.282
-0.134 -0.049 1.047 -4.031 0.092 -2.427
-0.144 -0.042 1.042 -4.366 -0.366 -2.366
-0.137 -0.038 1.033 -4.992 -0.244 -1.985
-0.142 -0.04 1.039 -5.435 -0.824 -1.588
-0.142 -0.041 1.041 -5.634 -2.397 -0.702
-0.138 -0.038 1.042 -5.832 -2.992 0.351
-0.12 -0.046 1.052 -5.893 -4.015 0.092
-0.118 -0.052 1.065 -5.511 -4.168 -0.916
-0.124 -0.055 1.053 -5.206 -4.244 -0.824
-0.125 -0.047 1.052 -4.489 -1.725 -1.282
-0.134 -0.046 1.055 -4.244 -2.336 -1.145
-0.122 -0.052 1.052 -4.244 -2.931 -0.702
-0.125 -0.052 1.045 -4.397 -1.374 -0.87
-0.129 -0.052 1.047 -4.122 -0.733 -1.16
-0.125 -0.052 1.06 -3.664 0.977 -1.71
-0.137 -0.046 1.045 -3.908 -0.626 -1.527
-0.129 -0.048 1.038 -4.046 0.397 -0.947
-0.141 -0.042 1.045 -3.771 0.763 -1.069
-0.152 -0.049 1.052 -3.985 -2.168 -0.779
-0.147 -0.037 1.036 -5.16 -3.695 -0.107
-0.127 -0.048 1.039 -5.71 -4.336 0.153
-0.128 -0.044 1.055 -6.0 -3.42 0.443
-0.127 -0.049 1.052 -6.214 -2.687 1.053
-0.117 -0.056 1.053 -5.71 -1.374 0.962
-0.116 -0.049 1.058 -5.053 0.122 0.351
-0.123 -0.056 1.06 -4.641 -1.542 -0.031
-0.128 -0.052 1.047 -4.855 -3.557 -0.183
-0.135 -0.049 1.045 -5.435 -4.626 -0.107
-0.141 -0.043 1.033 -5.725 -4.885 1.511
-0.111 -0.061 1.038 -4.931 -2.321 0.779
-0.113 -0.06 1.054 -4.29 0.656 -1.008
-0.125 -0.052 1.057 -4.305 -0.977 -1.099
-0.132 -0.048 1.063 -4.489 -1.817 -1.237
-0.14 -0.043 1.05 -4.794 -3.42 -0.595
-0.134 -0.041 1.046 -5.13 -2.718 -0.168
-0.117 -0.043 1.051 -6.031 -1.969 0.412
-0.112 -0.052 1.061 -6.015 -1.603 0.183
-0.121 -0.044 1.069 -5.588 -3.389 1.176
-0.109 -0.056 1.069 -4.687 -2.962 0.824
-0.114 -0.054 1.061 -4.29 -2.153 0.244
-0.123 -0.053 1.076 -4.198 -2.611 0.244
-0.128 -0.049 1.065 -4.092 -3.756 0.748
-0.118 -0.047 1.054 -4.168 -2.427 0.489
-0.115 -0.031 1.043 -5.771 0.748 0.626
-0.132 -0.038 1.081 -4.534 -1.481 0.076
-0.116 -0.046 1.04 -5.206 -6.29 0.473
-0.13 -0.049 1.043 -5.817 -4.885 0.641
-0.112 -0.049 1.035 -5.679 -6.595 1.237
-0.113 -0.05 1.036 -5.42 -1.176 -0.366
-0.124 -0.05 1.046 -5.45 -1.939 -0.26
-0.144 -0.046 1.06 -5.679 -3.206 0.198
-0.121 -0.052 1.079 -5.603 -6.565 0.443
-0.11 -0.054 1.056 -5.16 -6.87 0.137
-0.114 -0.055 1.054 -4.611 -4.214 -0.412
-0.12 -0.052 1.059 -4.137 -4.321 -0.229
-0.12 -0.061 1.053 -3.817 -2.519 -0.153
-0.112 -0.055 1.046 -3.71 -1.496 -0.229
-0.12 -0.052 1.045 -3.817 -1.893 -1.069
-0.12 -0.047 1.039 -4.702 -3.756 -0.977
-0.131 -0.045 1.039 -5.237 -3.756 -0.84
-0.138 -0.047 1.04 -5.237 -2.321 0.183
-0.125 -0.05 1.047 -5.45 -2.489 0.947
-0.105 -0.058 1.047 -5.71 -1.069 0.473
-0.104 -0.053 1.054 -5.344 -1.466 0.229
-0.103 -0.053 1.055 -4.718 -0.214 -0.29
-0.108 -0.051 1.062 -3.954 -0.107 -0.656
-0.101 -0.058 1.066 -3.023 1.221 -1.42
-0.119 -0.052 1.064 -2.489 1.359 -1.802
-0.121 -0.053 1.063 -2.321 -0.885 -1.664
-0.126 -0.04 1.044 -2.504 -3.389 -1.389
-0.126 -0.042 1.029 -3.527 -3.206 -1.008
-0.126 -0.035 1.019 -4.565 -0.931 -0.443
-0.127 -0.04 1.035 -5.374 -0.519 -0.015
-0.128 -0.041 1.037 -5.985 -1.908 0.473
-0.123 -0.044 1.052 -6.183 -1.695 0.336
-0.125 -0.056 1.071 -5.527 -3.008 -0.275
-0.127 -0.052 1.067 -5.191 -5.206 -0.382
-0.128 -0.042 1.056 -5.038 -4.366 0.031
-0.129 -0.046 1.059 -4.641 -2.687 0.855
-0.119 -0.047 1.06 -4.611 -3.038 1.145
-0.116 -0.057 1.049 -4.55 -1.863 0.763
-0.124 -0.048 1.057 -4.504 -3.008 0.458
-0.12 -0.048 1.05 -4.687 -5.038 0.458
-0.122 -0.045 1.046 -5.176 -5.908 0.443
-0.123 -0.043 1.028 -5.42 -5.191 0.656
-0.121 -0.041 1.031 -5.847 -4.092 0.55
-0.121 -0.043 1.026 -6.321 -3.298 0.916
-0.11 -0.043 1.055 -6.076 -3.099 1.328
-0.113 -0.052 1.072 -5.191 -2.641 0.855
-0.112 -0.057 1.065 -4.656 -3.191 0.382
-0.115 -0.051 1.054 -4.824 -4.229 0.229
-0.123 -0.046 1.034 -4.733 -3.511 0.626
-0.109 -0.048 1.055 -4.366 -2.137 0.748
-0.123 -0.054 1.051 -3.969 -0.397 1.008
-0.101 -0.056 1.055 -3.893 -0.076 1.145
-0.104 -0.053 1.053 -3.374 2.153 0.687
-0.108 -0.051 1.053 -3.45 3.313 0.397
-0.103 -0.054 1.054 -3.359 4.718 -0.015
-0.112 -0.051 1.041 -3.252 7.969 -0.641
-0.11 -0.057 1.061 -3.023 9.679 -1.237
-0.112 -0.049 1.065 -2.137 9.344 -1.267
-0.125 -0.048 1.059 -1.908 5.45 -0.504
-0.124 -0.049 1.044 -2.443 1.878 0.031
-0.124 -0.05 1.034 -3.328 1.481 -0.137
-0.139 -0.043 1.041 -3.725 0.58 0.534
-0.131 -0.046 1.034 -4.183 -0.458 0.809
-0.129 -0.047 1.038 -5.038 -1.16 1.45
-0.115 -0.044 1.038 -5.786 -2.061 2.031
-0.1 -0.049 1.061 -5.42 -1.237 1.756
-0.103 -0.053 1.068 -5.038 -0.855 1.206
-0.098 -0.052 1.066 -4.763 -2.153 1.221
-0.094 -0.057 1.065 -4.534 -2.947 1.038
-0.102 -0.048 1.056 -4.382 -2.947 0.229
-0.098 -0.051 1.052 -4.489 -2.763 0.061
-0.089 -0.052 1.066 -4.214 -2.061 -0.672
-0.095 -0.056 1.065 -3.573 -1.863 -1.267
-0.095 -0.044 1.045 -3.679 -1.557 -1.099
-0.104 -0.044 1.034 -4.198 -0.107 -1.832
-0.112 -0.041 1.035 -5.069 -1.389 -1.405
-0.11 -0.041 1.045 -5.679 -2.351 -1.298
-0.122 -0.046 1.041 -5.969 -3.649 -1.664
-0.123 -0.04 1.038 -7.099 -5.344 -0.916
-0.112 -0.052 1.052 -7.466 -5.267 -0.595
-0.098 -0.052 1.072 -6.26 -2.885 -1.237
-0.101 -0.054 1.081 -5.176 -0.947 -1.695
-0.111 -0.049 1.068 -4.397 -0.626 -1.252
-0.115 -0.059 1.069 -4.153 0.321 -1.221
-0.12 -0.053 1.063 -3.924 -0.748 -1.954
-0.132 -0.053 1.062 -3.969 -2.336 -2.336
-0.13 -0.049 1.037 -4.321 -3.038 -2.031
-0.133 -0.044 1.034 -4.824 -3.298 -1.038
-0.125 -0.043 1.03 -5.313 -2.351 -1.023
-0.126 -0.039 1.039 -6.0 -1.939 -0.702
-0.12 -0.038 1.033 -6.0 -0.794 -0.702
-0.131 -0.041 1.055 -5.878 -1.237 -0.26
-0.124 -0.042 1.061 -5.893 -3.389 0.427
-0.106 -0.048 1.046 -5.725 -3.924 -0.092
-0.109 -0.048 1.045 -5.74 -2.916 -0.473
-0.118 -0.047 1.038 -6.0 -3.053 -0.321
-0.116 -0.047 1.052 -6.366 -2.504 0.015
-0.114 -0.052 1.062 -6.046 -3.282 0.29
-0.109 -0.051 1.057 -5.557 -2.901 -0.107
-0.112 -0.049 1.057 -5.237 -3.206 -0.275
-0.111 -0.049 1.056 -4.809 -2.84 -0.427
-0.103 -0.047 1.058 -4.443 -2.412 -0.733
-0.104 -0.046 1.045 -4.534 -1.435 -0.702
-0.105 -0.04 1.043 -5.023 -1.42 -0.687
-0.107 -0.044 1.037 -5.374 -1.344 -0.656
-0.118 -0.049 1.051 -5.924 -1.542 -0.656
-0.119 -0.048 1.06 -6.061 -2.779 -0.534
-0.118 -0.05 1.052 -5.679 -2.153 -0.656
-0.12 -0.052 1.064 -5.374 -2.595 -0.382
-0.114 -0.047 1.054 -5.221 -1.298 -0.153
-0.115 -0.052 1.047 -5.496 -2.153 0.366
-0.109 -0.049 1.057 -5.496 -1.42 -0.183
-0.112 -0.052 1.06 -6.183 -1.634 -0.382
-0.134 -0.092 1.08 -8.046 -4.885 -0.626
-0.084 -0.081 1.037 -4.412 1.954 -3.115
-0.127 -0.054 1.067 -4.672 1.924 -1.374
-0.114 -0.056 1.056 -3.847 -3.542 -0.611
-0.118 -0.053 1.058 -3.771 1.374 -1.13
-0.118 -0.046 1.051 -3.954 -3.344 -0.061
-0.116 -0.053 1.05 -4.519 -1.542 -0.672
-0.12 -0.049 1.042 -5.237 -2.885 -0.351
-0.106 -0.056 1.037 -5.435 -0.336 -0.397
-0.125 -0.045 1.057 -5.313 1.145 -0.137
-0.115 -0.051 1.058 -4.84 -0.351 0.275
-0.109 -0.057 1.064 -4.321 -0.458 -0.168
-0.118 -0.047 1.045 -4.55 -0.519 -0.076
-0.109 -0.051 1.049 -4.763 -0.992 0.183
-0.103 -0.058 1.044 -4.794 -1.496 -0.122
-0.096 -0.054 1.03 -4.992 -1.557 -0.718
-0.1 -0.048 1.028 -5.145 0.076 -1.023
-0.106 -0.049 1.039 -5.878 -0.107 -0.489
-0.1 -0.048 1.052 -6.046 -0.565 -0.336
-0.11 -0.058 1.05 -6.153 -0.87 -0.214
-0.112 -0.054 1.044 -6.0 -1.725 -0.198
-0.109 -0.054 1.049 -6.183 -2.168 -0.183
-0.108 -0.056 1.041 -6.794 -3.511 -0.534
-0.115 -0.054 1.062 -6.611 -3.237 -0.534
-0.108 -0.062 1.062 -5.542 -2.687 -0.275
-0.095 -0.064 1.049 -5.435 -1.74 -0.855
-0.104 -0.065 1.054 -5.542 -0.84 -0.931
-0.108 -0.056 1.059 -5.511 -0.031 -0.885
-0.112 -0.055 1.062 -5.649 -0.061 -0.779
-0.112 -0.06 1.043 -5.969 -1.221 -0.595
-0.123 -0.057 1.065 -6.656 -3.145 -0.076
-0.104 -0.058 1.057 -6.84 -2.733 0.061
-0.105 -0.065 1.066 -6.382 -0.412 -0.183
-0.11 -0.06 1.078 -5.649 -1.191 0.0
-0.1 -0.069 1.09 -3.786 -1.221 -0.366
-0.094 -0.062 1.067 -2.656 -1.282 -1.084
-0.108 -0.056 1.059 -2.641 -0.412 -1.893