-0.124 -0.001 1.06 -8.855 -1.145 -0.092
-0.123 -0.001 1.073 -8.412 -6.534 -0.305
-0.108 -0.007 1.075 -7.771 -6.58 -0.504
-0.119 -0.001 1.061 -7.298 -4.626 -0.534
-0.114 0.005 1.062 -6.916 -2.046 0.397
-0.122 0.001 1.06 -6.962 -0.107 0.809
-0.11 0.0 1.062 -7.084 -0.351 0.687
-0.103 -0.002 1.063 -6.992 0.626 0.061
-0.116 -0.007 1.075 -6.489 -0.061 -1.099
-0.122 -0.001 1.081 -5.908 -3.588 -1.786
-0.137 -0.01 1.077 -5.099 -4.565 -2.458
-0.14 -0.001 1.047 -4.519 -3.344 -2.198
-0.146 -0.001 1.052 -4.244 -1.313 -1.145
-0.142 -0.001 1.058 -3.649 0.366 -0.29
-0.122 -0.007 1.062 -2.87 1.053 -0.305
-0.124 -0.011 1.041 -3.023 0.931 -0.229
-0.131 -0.004 1.043 -3.298 0.595 -0.473
-0.136 -0.001 1.035 -4.244 -1.191 -0.244
-0.131 -0.003 1.038 -5.008 -1.695 -0.137
-0.136 0.004 1.023 -5.634 -1.374 0.382
-0.135 -0.0 1.029 -6.321 -0.931 0.962
-0.132 0.002 1.037 -7.084 -0.626 1.496
-0.127 0.0 1.05 -7.267 -0.351 2.092
-0.119 -0.008 1.047 -7.221 -0.153 2.031
-0.115 -0.005 1.065 -6.641 -0.947 1.511
-0.115 -0.011 1.067 -5.924 -2.382 1.16
-0.113 -0.009 1.057 -5.435 -3.008 0.916
-0.112 -0.009 1.061 -5.084 -2.336 0.519
-0.118 -0.003 1.056 -5.313 -1.817 0.519
-0.112 -0.001 1.061 -5.328 -2.0 0.763
-0.109 0.002 1.044 -5.527 -1.053 0.84
-0.12 0.0 1.046 -5.969 0.351 0.718
-0.117 0.004 1.069 -5.664 -0.504 0.947
-0.121 -0.001 1.074 -5.771 -1.695 1.084
-0.113 0.002 1.062 -5.328 -2.092 0.733
-0.112 -0.004 1.054 -5.374 -1.389 0.901
-0.12 -0.003 1.073 -5.313 -1.496 1.573
-0.121 -0.009 1.067 -5.053 -0.702 1.832
-0.122 -0.01 1.065 -5.206 -0.336 2.137
-0.126 -0.011 1.06 -5.069 -0.504 2.412
-0.123 -0.008 1.068 -4.977 -1.908 3.053
-0.113 -0.012 1.065 -4.458 -3.542 3.588
-0.111 -0.018 1.069 -4.321 -5.435 3.969
-0.095 -0.022 1.057 -4.29 -5.206 4.947
-0.091 -0.029 1.067 -4.718 -2.733 5.618
-0.074 -0.042 1.077 -5.603 -3.786 6.321
-0.037 -0.059 1.086 -6.275 -3.847 5.832
-0.03 -0.068 1.105 -6.168 -6.672 4.305
-0.013 -0.072 1.099 -6.015 -9.786 2.824
-0.009 -0.052 1.097 -5.191 -10.305 1.42
-0.008 -0.039 1.095 -4.931 -12.443 1.359
0.012 -0.034 1.064 -5.298 -11.359 1.679
0.034 -0.019 1.053 -6.519 -11.969 2.26
0.055 -0.026 1.062 -7.71 -11.603 2.397
0.076 -0.031 1.059 -8.519 -8.137 2.351
0.076 0.0 1.061 -12.427 -5.023 1.145
0.162 -0.054 1.069 -9.511 1.191 2.092
0.155 -0.056 1.072 -9.511 14.901 -0.595
0.197 -0.077 1.098 -9.435 11.191 -3.252
0.185 -0.171 1.177 0.87 12.489 -15.313
0.183 -0.186 1.073 4.046 21.344 -16.977
0.165 -0.089 1.231 3.588 16.794 -24.198
0.143 -0.083 1.099 0.229 10.763 -23.603
0.155 0.035 1.136 -1.206 4.977 -23.511
0.144 -0.059 1.075 1.267 14.519 -27.832
0.101 -0.107 1.001 3.252 11.023 -25.71
0.162 -0.082 1.089 -1.313 24.763 -29.74
0.102 -0.138 1.121 1.588 23.618 -34.351
0.022 -0.066 1.204 -0.87 -3.939 -34.076
0.079 -0.114 1.135 0.626 -2.458 -40.443
0.013 -0.061 1.165 5.221 -7.71 -41.618
0.058 -0.071 1.053 7.573 -0.962 -42.275
-0.004 -0.059 1.04 7.573 1.954 -41.679
0.031 -0.052 0.982 5.557 11.603 -40.595
0.062 -0.052 0.959 3.053 14.534 -38.84
0.063 -0.023 0.941 2.947 36.794 -44.58
-0.038 -0.032 1.047 1.496 29.038 -46.214
-0.058 -0.044 1.033 -1.206 11.115 -44.107
-0.006 -0.053 1.05 -1.16 5.328 -44.336
-0.008 -0.09 1.022 -0.992 3.282 -46.275
0.002 -0.087 1.056 2.29 14.809 -49.939
-0.05 -0.095 1.067 3.298 16.931 -52.061
-0.034 -0.098 1.097 5.679 13.344 -55.008
-0.081 -0.092 1.131 8.305 11.863 -58.015
-0.108 -0.11 1.178 11.954 -12.534 -54.366
-0.047 -0.095 1.094 19.588 -1.847 -54.718
-0.08 -0.068 0.985 23.328 18.885 -56.305
-0.116 -0.057 0.924 22.076 28.763 -56.672
-0.181 -0.056 0.895 17.237 32.26 -56.061
-0.228 -0.062 0.915 10.58 29.542 -55.13
-0.262 -0.1 0.961 7.405 31.496 -55.847
-0.335 -0.084 1.054 6.656 26.947 -55.863
-0.378 -0.087 1.08 7.435 17.969 -53.481
-0.362 -0.086 1.053 7.939 14.458 -52.321
-0.409 -0.076 1.077 7.924 7.847 -50.031
-0.347 -0.061 1.068 7.939 -3.908 -45.344
-0.292 -0.035 1.033 8.626 4.382 -45.405
-0.233 -0.042 1.04 9.527 5.313 -43.664
-0.197 -0.058 1.009 9.756 11.053 -45.71
-0.159 -0.064 1.077 10.565 8.779 -52.611
-0.163 -0.072 1.051 10.687 4.687 -60.26
-0.186 -0.064 1.033 11.038 5.176 -64.718
-0.227 -0.05 1.035 12.015 7.435 -67.908
-0.269 -0.034 0.993 12.443 6.626 -66.718
-0.296 -0.031 0.974 11.481 8.107 -65.893
-0.317 -0.037 0.97 9.679 3.664 -63.328
-0.303 -0.021 0.95 8.504 3.863 -62.061
-0.292 -0.037 0.934 8.748 11.038 -61.634
-0.288 -0.037 0.969 7.527 9.542 -61.908
-0.273 -0.035 0.983 5.863 2.015 -62.519
-0.243 -0.049 0.949 4.962 -0.718 -63.435
-0.237 -0.053 0.927 5.878 9.695 -66.427
-0.287 -0.049 0.955 5.878 17.878 -67.328
-0.306 -0.053 0.944 6.931 30.84 -68.855
-0.373 -0.043 0.992 7.466 20.855 -66.931
-0.368 -0.058 0.956 6.473 22.275 -67.405
-0.423 -0.051 0.951 5.588 22.718 -66.916
-0.464 -0.039 0.979 4.595 21.542 -63.176
-0.482 -0.041 0.985 4.84 21.298 -58.702
-0.488 -0.039 0.999 5.206 27.053 -53.985
-0.484 -0.037 1.008 6.382 27.954 -50.076
-0.473 -0.036 1.024 6.397 22.473 -46.443
-0.45 -0.033 1.015 7.42 21.817 -45.74
-0.447 -0.029 1.015 8.366 23.359 -44.473
-0.444 -0.031 1.012 9.221 21.695 -42.718
-0.441 -0.028 1.01 9.42 17.695 -42.168
-0.434 -0.02 0.97 9.069 15.695 -40.489
-0.409 -0.013 0.946 8.122 20.794 -39.405
-0.419 -0.01 0.952 7.527 22.351 -37.099
-0.406 -0.012 0.955 6.779 22.061 -34.58
-0.394 -0.003 0.972 7.618 20.412 -32.565
-0.392 -0.01 0.956 7.649 15.908 -30.153
-0.37 -0.017 0.92 7.74 18.275 -29.939
-0.381 -0.019 0.93 6.061 20.55 -30.107
-0.396 -0.023 0.937 3.969 16.183 -28.901
-0.386 -0.027 0.938 2.305 17.13 -27.969
-0.393 -0.028 0.959 1.756 18.718 -27.069
-0.408 -0.028 0.989 1.649 15.466 -26.214
-0.395 -0.03 0.971 1.664 10.351 -25.221
-0.409 -0.024 0.961 1.573 15.145 -24.885
-0.412 -0.024 0.97 1.221 13.924 -22.992
-0.404 -0.027 0.961 0.763 13.084 -22.122
-0.423 -0.034 0.975 -0.321 10.198 -20.519
-0.419 -0.032 0.979 -0.229 9.099 -18.305
-0.436 -0.038 1.014 0.595 7.206 -16.244
-0.427 -0.035 0.998 1.45 4.305 -14.534
-0.426 -0.042 0.999 1.74 5.878 -13.298
-0.435 -0.032 1.003 2.718 3.069 -12.092
-0.421 -0.029 0.97 2.763 3.13 -10.718
-0.414 -0.019 0.941 1.618 5.969 -9.71
-0.412 -0.009 0.957 0.321 5.924 -7.511
-0.385 -0.022 0.961 -0.947 4.611 -6.046
-0.368 -0.012 0.956 -2.198 3.664 -5.328
-0.36 -0.016 0.959 -3.023 1.924 -4.885
-0.369 -0.011 0.976 -3.664 0.733 -4.977
-0.375 -0.008 0.97 -3.832 -2.763 -4.076
-0.373 -0.011 0.977 -2.901 -3.267 -3.206
-0.364 -0.016 0.972 -2.29 -4.107 -2.55
-0.343 -0.014 0.957 -3.176 -3.008 -2.351
-0.33 -0.013 0.97 -3.45 2.397 -3.053
-0.348 -0.01 0.994 -3.756 3.435 -3.42
-0.335 -0.017 0.989 -3.634 1.817 -2.794
-0.327 -0.018 0.982 -3.863 3.573 -3.099
-0.336 -0.005 0.985 -4.656 2.244 -2.26
-0.316 -0.019 0.986 -5.954 3.374 -2.092
-0.302 -0.031 1.015 -5.588 3.389 -3.053
-0.314 -0.041 1.011 -5.359 1.496 -3.573
-0.325 -0.035 1.002 -4.947 -0.794 -4.122
-0.351 -0.028 0.996 -5.084 -2.244 -3.603
-0.354 -0.031 0.99 -5.069 -1.756 -2.58
-0.346 -0.027 0.999 -4.901 -2.58 -1.573
-0.325 -0.033 0.993 -4.824 -3.496 -1.802
-0.325 -0.041 0.998 -5.038 -2.107 -2.107
-0.319 -0.044 0.992 -5.206 -1.695 -2.26
-0.32 -0.039 0.99 -4.885 -0.84 -2.687
-0.334 -0.03 0.991 -5.267 -3.908 -1.771
-0.322 -0.039 0.985 -5.664 -3.481 -1.053
-0.321 -0.044 0.99 -5.511 -1.145 -1.588
-0.312 -0.036 0.988 -5.74 0.458 -1.939
-0.321 -0.037 1.02 -6.122 1.756 -2.794
-0.329 -0.037 1.033 -5.893 -5.099 -2.153
-0.304 -0.04 1.014 -5.328 -5.817 -2.611
-0.313 -0.037 1.006 -4.748 -4.061 -3.053
-0.317 -0.032 0.989 -4.656 -1.069 -2.992
-0.327 -0.031 1.012 -4.382 -2.565 -2.412
-0.31 -0.036 0.996 -4.015 -3.252 -2.229
-0.318 -0.039 0.993 -3.847 -2.977 -1.954
-0.323 -0.032 0.985 -4.504 -4.916 -1.74
-0.33 -0.031 0.978 -5.771 -5.359 -2.092
-0.322 -0.035 1.0 -5.573 -2.687 -2.504
-0.33 -0.039 1.02 -4.84 -2.595 -2.229
-0.331 -0.033 0.999 -4.351 -1.725 -1.924
-0.337 -0.037 1.009 -4.0 -2.443 -1.298
-0.338 -0.041 1.012 -3.634 -3.649 -0.977
-0.336 -0.036 1.012 -3.618 -6.794 -0.733
-0.325 -0.033 0.987 -4.214 -7.45 -0.427
-0.327 -0.03 1.002 -4.489 -8.153 -0.58
-0.335 -0.034 0.997 -3.893 -10.992 0.046
-0.328 -0.034 0.977 -3.786 -8.427 0.916
-0.317 -0.027 0.981 -3.924 -5.511 1.206
-0.306 -0.031 1.006 -3.573 -2.305 0.382
-0.299 -0.035 1.016 -2.947 -4.397 -0.672
-0.297 -0.028 0.994 -2.718 -5.008 -1.557
-0.3 -0.031 0.99 -2.626 -5.359 -2.031
-0.313 -0.028 0.995 -3.115 -4.656 -1.588
-0.31 -0.026 0.984 -3.679 -5.511 -1.16
-0.312 -0.028 0.989 -4.244 -3.924 -1.145
-0.331 -0.004 0.984 -6.824 -4.977 -1.374
-0.294 -0.033 0.979 -4.336 -3.069 -2.153
-0.33 -0.026 0.991 -5.267 -1.099 -2.58
-0.34 -0.024 0.989 -5.206 -6.947 -0.748
-0.323 -0.021 0.987 -6.305 -4.901 -0.931
-0.316 -0.022 0.993 -5.71 -2.672 -1.13
-0.306 -0.026 0.991 -5.74 -1.817 -0.824
-0.3 -0.033 0.991 -5.908 -2.733 -0.931
-0.299 -0.033 0.993 -6.198 -3.282 -1.053
-0.301 -0.037 1.005 -6.168 -3.511 -1.603
-0.309 -0.037 1.002 -5.908 -3.221 -1.893
-0.303 -0.041 1.004 -5.435 -2.046 -2.198
-0.319 -0.037 1.007 -5.069 0.29 -1.771
-0.325 -0.033 1.003 -4.763 1.969 -1.42
-0.326 -0.042 0.997 -4.641 1.13 -0.901
-0.33 -0.034 0.997 -5.099 -0.305 -0.198
-0.315 -0.035 0.985 -5.679 -1.42 0.031
-0.302 -0.039 0.992 -6.107 -3.221 -0.198
-0.284 -0.038 0.992 -6.122 -3.496 -0.595
-0.286 -0.034 1.002 -5.878 -2.641 -1.328
-0.284 -0.035 1.006 -5.328 -3.176 -1.237
-0.281 -0.034 1.008 -4.611 -2.626 -1.435
-0.282 -0.039 1.001 -4.214 -3.023 -2.015
-0.291 -0.035 1.0 -4.412 -3.252 -2.214
-0.288 -0.035 0.998 -4.55 -3.573 -2.733
-0.293 -0.044 0.989 -4.962 -1.008 -3.802
-0.31 -0.036 0.987 -5.359 1.221 -3.954
-0.326 -0.041 1.0 -5.374 1.939 -2.458
-0.327 -0.035 0.998 -5.313 3.695 -1.847
-0.312 -0.046 1.016 -4.733 4.26 -1.282
-0.318 -0.044 1.016 -4.611 1.679 -1.496
-0.316 -0.043 1.017 -4.656 -1.145 -1.481
-0.311 -0.039 1.01 -4.473 -1.481 -1.603
-0.325 -0.035 0.999 -4.092 -1.313 -1.344
-0.319 -0.037 1.006 -4.046 -2.87 -0.427
-0.317 -0.037 0.994 -4.153 -3.389 -0.427
-0.304 -0.038 0.985 -4.58 -3.985 -0.031
-0.303 -0.039 0.999 -4.55 -2.122 -0.733
-0.315 -0.032 0.99 -4.885 -3.359 -0.29
-0.31 -0.038 0.983 -5.038 -2.916 -0.153
-0.298 -0.037 0.986 -5.634 -2.489 -0.397
-0.293 -0.039 1.001 -6.183 -2.229 -0.595
-0.282 -0.045 1.012 -5.939 -2.519 -1.023
-0.271 -0.048 1.016 -4.443 -1.145 -1.878
-0.282 -0.043 1.018 -3.847 -0.595 -2.779
-0.293 -0.044 1.003 -3.542 -0.672 -3.191
-0.302 -0.033 1.002 -3.603 -0.992 -2.916
-0.306 -0.034 0.989 -3.664 -0.366 -2.626
-0.315 -0.035 0.979 -3.832 0.336 -2.137
-0.322 -0.036 0.98 -4.489 1.42 -1.817
-0.32 -0.037 0.985 -5.634 0.504 -1.008
-0.32 -0.043 0.999 -6.214 -0.977 -0.947
-0.311 -0.04 1.013 -5.252 -1.313 -1.542
-0.31 -0.04 1.007 -4.641 -2.382 -1.603
-0.306 -0.044 0.99 -4.229 -0.595 -1.511
-0.302 -0.043 0.994 -4.229 -0.29 -1.481
-0.299 -0.04 0.994 -3.985 0.748 -1.832
-0.306 -0.042 0.99 -4.244 -0.214 -1.817
-0.302 -0.045 0.993 -4.656 -0.382 -2.137
-0.323 -0.04 0.989 -5.817 -1.74 -2.0
-0.315 -0.039 0.996 -6.473 -2.412 -1.13
-0.315 -0.045 1.014 -5.573 -1.084 -1.069
-0.304 -0.05 1.009 -5.069 -1.802 -0.534
-0.307 -0.054 1.006 -4.55 -0.702 -0.763
-0.307 -0.051 1.005 -3.954 -0.015 -0.489
-0.303 -0.051 1.009 -3.42 2.275 -1.527
-0.315 -0.05 1.013 -3.099 -0.122 -1.634
-0.306 -0.04 0.998 -3.389 -0.656 -1.679
-0.304 -0.036 0.994 -3.771 -1.13 -1.206
-0.303 -0.038 0.991 -4.229 -2.611 -0.947
-0.301 -0.03 0.985 -4.427 -1.176 -0.687
-0.309 -0.03 0.978 -4.977 -0.824 -0.229
-0.313 -0.031 0.978 -5.74 -0.656 0.275
-0.298 -0.044 0.991 -6.092 -0.458 -0.519
-0.31 -0.043 1.005 -6.382 -1.832 -1.313
-0.306 -0.038 1.026 -6.168 -4.397 -1.374
-0.306 -0.039 1.011 -5.832 -3.725 -1.557
-0.297 -0.044 1.009 -4.87 -1.618 -2.443
-0.312 -0.036 1.013 -4.183 -1.618 -2.641
-0.308 -0.04 1.012 -3.985 -0.366 -2.351
-0.314 -0.033 1.011 -4.29 0.076 -1.573
-0.316 -0.04 1.01 -4.321 -0.885 -1.298
-0.317 -0.042 1.007 -4.779 -2.916 -1.374
-0.317 -0.045 1.004 -4.824 -4.122 -1.252
-0.327 -0.041 1.0 -4.519 -3.313 -0.977
-0.333 -0.031 0.998 -4.656 -4.611 0.412
-0.314 -0.037 1.002 -4.351 -3.649 1.282
-0.305 -0.033 0.985 -4.687 -0.84 0.931
-0.301 -0.037 0.996 -5.176 -2.198 0.84
-0.293 -0.028 1.005 -5.344 -3.252 0.58
-0.304 -0.035 1.001 -5.359 -3.359 0.183
-0.303 -0.037 1.005 -5.618 -4.947 -0.29
-0.298 -0.046 0.991 -5.527 -5.573 -0.687
-0.306 -0.046 1.009 -5.405 -4.168 -1.038
-0.302 -0.045 1.01 -4.672 -2.962 -0.931
-0.317 -0.032 1.019 -4.229 -1.115 -0.626
-0.305 -0.045 1.019 -3.176 -0.824 -0.275
-0.294 -0.05 0.999 -2.947 0.702 -0.733
-0.296 -0.027 0.984 -5.145 2.931 -0.443
-0.329 -0.024 1.047 -3.756 0.137 -1.023
-0.307 -0.032 0.979 -4.458 -3.313 -0.168
-0.299 -0.04 0.99 -4.687 0.916 -1.008
-0.293 -0.038 0.999 -4.992 -1.45 -0.55
-0.308 -0.038 0.984 -4.962 0.443 -0.916
-0.312 -0.043 1.004 -5.084 -2.198 -0.031
-0.315 -0.044 1.018 -5.298 -5.13 0.137
-0.304 -0.05 1.008 -4.809 -4.947 -0.244
-0.302 -0.043 1.0 -4.779 -4.321 -0.137
-0.303 -0.04 1.006 -4.885 -2.809 0.076
-0.298 -0.049 1.004 -4.489 -1.176 0.305
-0.29 -0.039 1.011 -4.504 -1.252 0.153
-0.287 -0.037 1.006 -4.366 -0.962 -0.29
-0.305 -0.041 1.01 -4.061 -2.031 -1.115
-0.304 -0.042 1.007 -4.275 -4.275 -1.115
-0.303 -0.039 0.993 -4.611 -4.198 -0.794
-0.315 -0.033 0.973 -5.069 -4.153 0.092
-0.302 -0.03 0.985 -5.466 -5.176 0.794
-0.282 -0.037 0.991 -5.42 -3.45 -0.58
-0.291 -0.042 1.003 -5.328 -1.664 -1.176
-0.292 -0.04 1.001 -5.45 -1.786 -1.084
-0.304 -0.036 1.008 -5.573 -5.496 -0.519
-0.302 -0.048 1.002 -5.206 -10.0 0.55
-0.305 -0.04 0.998 -5.634 -3.42 -0.137
-0.301 -0.044 1.012 -5.359 -3.267 0.244
-0.286 -0.045 1.021 -5.13 -3.069 0.397
-0.296 -0.036 1.028 -4.534 -4.366 0.489
-0.286 -0.044 1.029 -4.061 -8.489 0.855
-0.273 -0.05 1.005 -3.313 -6.061 -0.489
-0.278 -0.037 0.997 -3.038 -3.328 -1.206
-0.301 -0.038 0.991 -3.74 -2.687 -0.351
-0.298 -0.036 0.992 -4.046 -2.656 0.489
-0.292 -0.039 0.991 -4.412 -2.489 0.107
-0.292 -0.036 1.001 -4.519 -1.924 -0.29
-0.292 -0.042 0.985 -4.947 -1.557 -0.397
-0.306 -0.035 0.99 -5.176 -3.16 -0.137
-0.309 -0.043 1.006 -5.771 -6.092 0.58
-0.287 -0.048 0.98 -5.725 -4.137 0.595
-0.289 -0.042 1.006 -5.389 -0.427 0.061
-0.292 -0.045 1.028 -5.359 -0.641 0.382
-0.292 -0.045 1.028 -4.748 0.489 -0.122
-0.293 -0.05 1.035 -3.863 -0.031 0.305
-0.293 -0.058 1.027 -3.069 -0.824 -0.412
-0.294 -0.051 1.013 -3.16 -3.038 -0.626
-0.297 -0.046 1.002 -3.893 -2.565 -0.076
-0.296 -0.092 0.955 -9.237 -0.321 -2.031
-0.26 -0.048 0.98 -5.634 -0.26 0.611
-0.294 -0.046 1.004 -4.595 0.718 0.183
-0.29 -0.04 0.985 -5.298 -4.931 1.679
-0.298 -0.047 1.005 -5.588 -1.328 1.634
-0.281 -0.038 0.994 -4.977 -4.351 0.656
-0.281 -0.037 0.989 -5.298 -5.282 0.321
-0.269 -0.037 0.989 -5.237 -4.214 0.26
-0.263 -0.041 1.003 -5.496 -1.176 -0.611
-0.272 -0.036 1.017 -5.603 0.0 -1.176
-0.277 -0.04 1.009 -5.527 -0.794 -1.588
-0.277 -0.035 1.013 -5.176 -0.351 -1.649
-0.292 -0.036 1.03 -4.947 0.275 -1.603
-0.302 -0.037 1.02 -5.313 -3.802 -1.511
-0.284 -0.031 1.0 -5.603 -5.527 -1.298
-0.285 -0.036 1.0 -5.527 -2.351 -1.267
-0.285 -0.036 0.994 -5.725 -1.053 -0.885
-0.288 -0.038 1.003 -5.634 -0.244 -1.145
-0.282 -0.044 1.009 -5.603 1.115 -0.763
-0.282 -0.043 1.023 -5.45 2.534 -1.328
-0.295 -0.046 1.022 -5.466 -0.702 -1.328
-0.301 -0.04 1.027 -5.13 -3.618 -1.527
-0.3 -0.037 1.016 -4.565 -2.534 -1.16
-0.3 -0.037 1.022 -4.687 -4.122 -0.473
-0.298 -0.036 1.008 -4.672 -4.885 0.305
-0.289 -0.039 1.003 -4.595 -2.061 0.321
-0.291 -0.045 1.009 -4.672 -1.313 0.046
-0.284 -0.047 1.015 -5.038 -2.153 -0.046
-0.281 -0.039 1.008 -5.237 -1.939 -0.275
-0.287 -0.042 1.018 -5.298 -2.076 -0.519
-0.281 -0.044 1.018 -5.359 -4.275 -0.183
-0.278 -0.043 1.01 -5.038 -4.382 -0.382
-0.281 -0.044 1.028 -4.305 -4.626 -0.137
-0.285 -0.041 1.015 -3.985 -3.74 -0.214
-0.275 -0.047 1.002 -4.489 -3.954 0.0
-0.28 -0.046 1.006 -4.427 -3.481 -0.26
-0.286 -0.047 1.023 -4.229 -3.802 -0.519
-0.284 -0.046 0.998 -4.611 -3.771 -0.382
-0.286 -0.046 0.966 -8.672 0.626 1.374
-0.286 -0.04 1.013 -4.412 -3.863 -0.397
-0.281 -0.042 0.993 -5.023 -1.359 -0.794
-0.301 -0.039 1.007 -4.565 -1.282 -0.641
-0.294 -0.036 0.988 -5.389 -1.252 0.0
-0.292 -0.039 1.019 -5.756 -3.221 -0.168
-0.285 -0.044 1.011 -5.802 -5.573 -0.076
-0.265 -0.043 0.993 -5.557 -3.817 -0.595
-0.284 -0.039 1.019 -5.191 -3.527 -0.427
-0.287 -0.043 1.017 -5.023 -4.29 0.244
-0.277 -0.047 1.0 -5.13 -5.053 0.031