-0.245 0.062 1.033 -4.931 -4.244 0.061
-0.242 0.075 1.032 -4.153 -5.13 0.305
-0.243 0.064 1.016 -3.756 -4.031 0.916
-0.239 0.066 0.992 -4.382 -1.74 1.603
-0.239 0.068 0.997 -5.16 1.008 1.863
-0.229 0.067 1.0 -6.336 1.74 2.061
-0.228 0.061 1.015 -7.023 1.13 1.618
-0.231 0.062 1.042 -7.115 -2.809 0.198
-0.238 0.058 1.035 -7.496 -9.237 -0.473
-0.227 0.055 1.017 -6.702 -8.336 -1.099
-0.246 0.058 1.027 -5.832 -6.763 -0.244
-0.24 0.052 1.027 -5.221 -4.687 0.321
-0.237 0.059 1.012 -5.252 -4.168 0.687
-0.229 0.063 1.022 -5.496 -2.137 0.84
-0.234 0.06 1.024 -5.786 -1.008 0.992
-0.238 0.061 1.025 -5.908 -1.206 1.328
-0.234 0.06 1.04 -5.588 -0.733 0.916
-0.231 0.06 1.037 -5.771 -3.252 0.718
-0.227 0.059 1.043 -5.176 -4.061 0.58
-0.22 0.068 1.005 -5.115 -2.916 0.702
-0.221 0.076 1.012 -5.45 -0.977 0.641
-0.235 0.065 1.012 -5.832 -0.458 0.733
-0.219 0.069 0.997 -5.954 0.916 0.366
-0.234 0.073 1.008 -6.336 1.817 0.244
-0.237 0.069 1.016 -6.733 0.779 0.412
-0.237 0.066 1.025 -6.244 -0.153 -0.168
-0.242 0.062 1.038 -6.214 -2.626 0.092
-0.238 0.06 1.041 -5.985 -3.634 0.092
-0.25 0.062 1.009 -5.969 -1.985 0.244
-0.253 0.069 1.032 -5.725 -1.527 1.359
-0.243 0.065 1.016 -5.756 1.099 1.74
-0.248 0.062 1.013 -5.847 1.328 2.0
-0.248 0.065 1.009 -6.565 1.237 2.275
-0.249 0.059 1.025 -7.008 1.435 1.954
-0.261 0.062 1.034 -7.664 -1.817 2.076
-0.253 0.062 1.019 -7.573 -3.725 2.397
-0.245 0.067 1.018 -7.664 -2.672 2.901
-0.246 0.067 1.017 -7.45 -1.145 3.771
-0.237 0.067 1.011 -7.45 -0.366 4.137
-0.219 0.062 0.999 -7.756 0.26 4.26
-0.227 0.061 1.019 -8.107 1.267 4.092
-0.223 0.058 1.027 -8.733 0.382 4.198
-0.225 0.05 1.041 -8.733 -1.084 3.496
-0.231 0.048 1.056 -9.176 -5.802 2.687
-0.235 0.052 1.045 -9.16 -9.191 2.763
-0.224 0.046 1.048 -8.504 -7.145 3.008
-0.214 0.048 1.06 -6.718 -2.916 3.359
-0.23 0.048 1.055 -5.985 -1.435 5.176
-0.223 0.053 1.037 -5.603 -1.099 5.206
-0.238 0.066 1.034 -5.954 -0.824 5.634
-0.236 0.059 1.018 -7.145 -1.969 7.069
-0.239 0.065 1.009 -8.763 -2.916 7.359
-0.254 0.065 1.031 -10.305 -7.053 8.122
-0.247 0.065 1.038 -11.573 -9.191 8.015
-0.239 0.056 1.028 -12.107 -11.206 8.458
-0.241 0.058 1.038 -12.137 -9.756 9.71
-0.237 0.056 1.049 -11.145 -7.069 11.252
-0.221 0.054 1.042 -10.076 -3.924 12.122
-0.208 0.042 1.048 -9.389 -2.611 12.336
-0.201 0.049 1.043 -9.405 -1.282 12.031
-0.199 0.045 1.045 -8.855 -1.176 12.015
-0.19 0.047 1.048 -8.641 -2.87 11.634
-0.185 0.049 1.056 -8.397 -6.458 11.176
-0.17 0.049 1.041 -8.351 -9.374 10.214
-0.162 0.045 1.031 -8.626 -10.351 9.237
-0.149 0.038 1.017 -8.779 -9.405 8.992
-0.145 0.046 1.012 -9.053 -6.26 8.733
-0.15 0.045 1.014 -9.527 -4.962 9.634
-0.13 0.042 1.012 -10.473 -2.061 10.885
-0.122 0.04 1.032 -11.649 0.366 11.908
-0.103 0.033 1.063 -12.947 0.366 12.977
-0.06 0.02 1.084 -14.305 -0.641 13.267
-0.04 0.011 1.112 -14.901 0.412 12.58
0.014 -0.001 1.115 -14.321 1.313 10.458
0.055 -0.004 1.127 -13.725 4.443 8.565
0.078 0.002 1.111 -13.328 10.031 7.206
0.144 0.0 1.114 -12.061 14.947 7.847
0.202 -0.006 1.124 -10.107 21.695 6.427
0.26 -0.023 1.126 -8.229 24.87 2.015
0.314 -0.042 1.135 -5.435 18.901 -5.389
0.321 -0.055 1.115 -4.321 14.092 -17.069
0.312 -0.063 1.084 -3.084 9.282 -29.847
0.258 -0.064 1.036 -2.29 10.412 -40.962
0.18 -0.056 1.029 -1.618 14.076 -50.046
0.083 -0.062 1.042 -3.481 16.58 -55.664
-0.0 -0.07 1.08 -1.74 20.931 -59.023
-0.042 -0.058 1.113 -0.153 17.328 -58.29
-0.082 -0.081 1.122 1.481 7.527 -57.786
-0.064 -0.094 1.117 1.832 1.191 -60.565
-0.029 -0.113 1.061 1.084 -6.656 -64.962
-0.041 -0.127 1.065 1.542 -6.412 -69.679
-0.052 -0.137 1.048 3.313 2.061 -74.275
-0.107 -0.145 1.061 6.229 15.313 -77.817
-0.163 -0.132 1.079 8.473 21.252 -79.221
-0.214 -0.145 1.122 10.031 12.076 -80.015
-0.229 -0.151 1.101 9.573 1.084 -81.435
-0.222 -0.15 1.074 8.229 -4.702 -83.679
-0.231 -0.152 1.06 8.443 -5.74 -84.687
-0.244 -0.15 1.061 8.794 -1.145 -84.885
-0.257 -0.145 1.055 10.137 3.954 -83.389
-0.283 -0.145 1.065 11.725 8.168 -79.878
-0.229 -0.16 1.058 14.137 11.435 -79.435
-0.22 -0.162 1.06 16.153 14.29 -81.344
-0.208 -0.166 1.061 15.969 2.824 -83.786
-0.185 -0.178 1.045 13.786 -8.809 -88.519
-0.169 -0.19 1.015 11.71 -17.313 -92.0
-0.166 -0.202 1.014 12.443 -12.733 -96.321
-0.217 -0.197 1.021 15.466 -3.573 -96.489
-0.264 -0.26 0.983 20.031 8.473 -97.252
-0.27 -0.185 1.088 18.504 15.649 -98.489
-0.311 -0.206 1.082 20.336 2.519 -102.443
-0.286 -0.21 1.076 16.321 -21.115 -104.702
-0.237 -0.219 0.999 15.008 -30.855 -108.458
-0.255 -0.224 0.986 15.573 -24.519 -112.076
-0.281 -0.216 0.97 17.282 -18.504 -111.771
-0.308 -0.198 0.945 20.046 -6.26 -110.214
-0.327 -0.219 0.91 22.733 5.466 -105.908
-0.309 -0.183 0.851 20.565 25.649 -105.756
-0.27 -0.228 0.884 24.046 28.229 -105.069
-0.368 -0.196 0.95 19.542 28.489 -109.282
-0.367 -0.191 0.952 14.137 -9.969 -107.359
-0.324 -0.203 0.886 11.756 -6.748 -113.023
-0.396 -0.179 0.891 9.771 -11.115 -111.084
-0.4 -0.177 0.88 10.763 1.145 -108.427
-0.425 -0.199 0.845 14.55 15.74 -103.588
-0.442 -0.149 0.933 15.359 24.458 -100.962
-0.417 -0.162 0.848 14.992 27.221 -100.305
-0.442 -0.168 0.875 11.725 27.084 -102.046
-0.443 -0.175 0.872 6.29 13.557 -101.756
-0.463 -0.172 0.914 2.0 4.947 -102.626
-0.496 -0.156 0.938 -1.527 -3.359 -101.084
-0.538 -0.128 0.985 -3.771 -13.45 -96.122
-0.502 -0.139 0.99 -4.641 -19.145 -89.74
-0.434 -0.15 0.993 -2.0 -12.015 -85.908
-0.357 -0.182 0.896 3.695 16.87 -87.954
-0.425 -0.141 0.992 7.786 21.771 -87.573
-0.436 -0.123 0.933 9.328 27.45 -86.214
-0.492 -0.104 0.931 9.16 35.481 -84.031
-0.517 -0.073 0.958 7.405 37.817 -79.282
-0.578 -0.013 0.997 8.0 22.076 -74.382
-0.498 -0.071 0.97 5.038 39.496 -70.733
-0.532 -0.076 0.984 4.885 34.092 -63.084
-0.459 -0.096 0.971 5.466 34.504 -61.389
-0.483 -0.093 0.964 6.779 38.504 -60.779
-0.511 -0.087 1.008 7.038 28.534 -56.534
-0.515 -0.085 0.959 6.55 24.153 -53.511
-0.508 -0.087 0.969 4.382 20.458 -50.168
-0.492 -0.102 0.958 2.916 19.328 -46.733
-0.485 -0.098 0.946 1.863 23.527 -43.74
-0.482 -0.099 0.94 0.885 25.084 -40.519
-0.487 -0.091 0.947 -0.229 25.695 -36.931
-0.508 -0.165 1.02 4.763 18.305 -34.168
-0.468 -0.107 0.971 -1.099 24.0 -31.344
-0.481 -0.122 1.027 -0.214 18.382 -29.908
-0.454 -0.134 0.996 -0.366 13.13 -27.878
-0.46 -0.125 1.0 0.305 13.42 -27.13
-0.465 -0.134 0.998 -0.443 10.748 -23.267
-0.435 -0.136 1.002 0.641 11.176 -21.038
-0.425 -0.132 0.988 1.328 15.16 -19.939
-0.403 -0.142 0.988 1.603 19.115 -20.137
-0.402 -0.142 0.989 1.969 18.336 -20.672
-0.41 -0.142 0.99 1.985 13.466 -19.847
-0.427 -0.14 0.973 2.29 10.031 -18.26
-0.43 -0.138 0.953 1.649 10.427 -15.802
-0.413 -0.148 0.964 1.496 10.672 -14.244
-0.415 -0.144 0.972 1.466 9.176 -12.733
-0.41 -0.151 0.966 0.641 5.481 -11.603
-0.402 -0.146 0.958 0.565 4.565 -11.557
-0.408 -0.138 0.933 0.382 5.74 -10.672
-0.41 -0.139 0.948 0.046 7.878 -10.061
-0.41 -0.141 0.958 0.229 6.611 -8.824
-0.408 -0.145 0.96 -0.092 5.511 -7.542
-0.386 -0.144 0.95 0.031 4.733 -7.206
-0.405 -0.137 0.955 -0.58 4.0 -6.489
-0.388 -0.145 0.964 -0.58 2.122 -5.771
-0.394 -0.136 0.956 -0.626 0.26 -5.496
-0.383 -0.14 0.955 -1.099 -1.466 -5.053
-0.392 -0.135 0.948 -1.069 -1.038 -5.389
-0.396 -0.13 0.951 -1.374 -2.458 -4.336
-0.399 -0.125 0.929 -2.305 -2.641 -3.435
-0.387 -0.131 0.927 -3.939 -2.565 -1.863
-0.366 -0.13 0.939 -4.29 2.84 -2.321
-0.363 -0.131 0.973 -4.534 1.237 -2.229
-0.339 -0.14 0.964 -4.611 -0.26 -3.069
-0.35 -0.126 0.968 -4.504 -0.87 -2.855
-0.351 -0.13 0.971 -3.878 -1.267 -2.137
-0.338 -0.128 0.979 -3.511 -1.878 -1.786
-0.327 -0.127 0.954 -3.328 -0.229 -1.802
-0.333 -0.127 0.958 -3.389 1.435 -2.198
-0.342 -0.127 0.956 -3.359 1.969 -2.595
-0.352 -0.123 0.949 -3.802 2.107 -2.565
-0.365 -0.129 0.943 -4.122 2.504 -2.473
-0.373 -0.128 0.953 -4.489 2.992 -2.137
-0.38 -0.134 0.975 -4.672 -0.443 -1.359
-0.362 -0.137 0.971 -5.023 -3.267 -1.176
-0.339 -0.141 0.965 -5.557 -4.626 -1.573
-0.328 -0.139 0.963 -4.885 -1.893 -2.626
-0.334 -0.133 0.976 -4.87 -1.252 -2.168
-0.33 -0.142 0.969 -4.153 1.649 -2.412
-0.356 -0.134 0.965 -3.176 4.672 -2.366
-0.364 -0.137 0.974 -3.267 3.649 -1.679
-0.37 -0.134 0.972 -3.786 1.557 -1.511
-0.375 -0.128 0.951 -4.214 1.023 -1.237
-0.381 -0.134 0.957 -5.069 1.45 -0.641
-0.369 -0.133 0.969 -5.084 0.611 -0.336
-0.367 -0.13 0.969 -4.855 0.275 -0.977
-0.367 -0.134 0.96 -5.405 -0.672 -0.382
-0.357 -0.13 0.972 -5.756 -0.977 -0.565
-0.353 -0.141 0.989 -5.42 -2.122 0.58
-0.333 -0.151 1.013 -3.985 -0.168 0.489
-0.323 -0.148 1.004 -2.718 0.58 -0.504
-0.328 -0.137 0.997 -2.092 -0.061 -1.618
-0.346 -0.13 0.986 -1.969 -1.908 -2.641
-0.362 -0.129 0.967 -2.397 -3.756 -2.504
-0.349 -0.127 0.958 -3.573 -4.275 -2.947
-0.359 -0.125 0.96 -5.145 -6.366 -2.55
-0.356 -0.128 0.971 -5.832 -7.695 -1.679
-0.341 -0.137 0.982 -5.71 -6.107 -1.145
-0.336 -0.14 0.98 -5.069 -3.649 -1.267
-0.346 -0.142 0.983 -4.794 -2.824 -1.618
-0.343 -0.146 0.985 -4.58 -4.214 -1.237
-0.34 -0.146 0.988 -5.053 -5.298 -1.618
-0.334 -0.142 0.974 -4.962 -6.84 -2.061
-0.336 -0.138 0.955 -4.763 -6.061 -1.939
-0.344 -0.135 0.956 -5.008 -2.504 -1.71
-0.346 -0.139 0.964 -5.252 -0.29 -1.13
-0.348 -0.138 0.976 -5.176 0.748 -0.244
-0.315 -0.149 0.995 -4.565 -0.275 -0.305
-0.318 -0.152 0.989 -3.954 -1.053 -1.573
-0.341 -0.141 0.981 -3.847 -2.382 -2.031
-0.346 -0.141 0.982 -3.725 -1.42 -2.076
-0.341 -0.14 0.97 -3.42 -0.397 -2.031
-0.334 -0.141 0.978 -3.466 1.053 -2.031
-0.336 -0.139 0.978 -3.42 1.466 -1.878
-0.34 -0.134 0.975 -3.603 0.901 -1.679
-0.345 -0.132 0.983 -3.023 0.458 -1.802
-0.344 -0.134 0.97 -2.626 -0.092 -1.878
-0.363 -0.133 0.96 -2.58 -0.779 -2.107
-0.359 -0.133 0.957 -3.573 -1.695 -2.031
-0.36 -0.135 0.952 -3.908 -0.885 -2.153
-0.354 -0.128 0.955 -4.504 -0.061 -1.527
-0.344 -0.135 0.973 -4.534 0.031 -1.45
-0.346 -0.13 0.981 -4.443 -0.153 -1.328
-0.351 -0.128 0.967 -3.939 0.26 -1.267
-0.357 -0.128 0.963 -3.74 1.115 -1.13
-0.366 -0.129 0.957 -4.061 0.122 -0.763
-0.368 -0.13 0.953 -5.176 -0.931 -0.626
-0.365 -0.133 0.947 -5.817 -0.84 0.183
-0.353 -0.134 0.954 -6.29 -0.046 0.611
-0.35 -0.142 0.973 -5.511 0.626 -0.107
-0.354 -0.137 0.978 -5.099 -0.733 -0.427
-0.365 -0.134 0.959 -4.885 -1.939 -0.076
-0.372 -0.131 0.948 -5.496 -1.45 0.198
-0.359 -0.136 0.962 -6.092 -4.489 0.168
-0.354 -0.135 0.956 -6.412 -5.099 -0.336
-0.339 -0.141 0.954 -6.397 -4.198 0.092
-0.335 -0.136 0.962 -6.275 -1.45 -0.076
-0.333 -0.135 0.964 -6.336 -0.763 0.29
-0.321 -0.141 0.967 -6.046 1.115 0.046
-0.338 -0.14 0.985 -5.847 1.176 -0.763
-0.35 -0.131 0.991 -6.489 -6.015 -0.885
-0.343 -0.133 0.964 -7.191 -9.847 -0.687
-0.35 -0.124 0.963 -7.832 -9.878 -0.305
-0.338 -0.127 0.975 -8.305 -11.359 -0.214
-0.327 -0.131 0.988 -8.336 -10.58 -0.321
-0.321 -0.14 0.991 -7.527 -8.901 -0.427
-0.332 -0.144 1.006 -7.16 -8.061 -0.565
-0.354 -0.147 1.034 -7.221 -15.634 -0.351
-0.345 -0.159 1.011 -6.84 -16.58 -1.45
-0.353 -0.156 1.014 -5.206 -14.26 -2.382
-0.36 -0.145 0.99 -5.298 -13.252 -1.053
-0.358 -0.143 0.988 -5.053 -9.267 0.031
-0.344 -0.148 0.994 -4.977 -6.366 1.252
-0.321 -0.15 1.0 -4.321 -3.374 1.588
-0.326 -0.144 1.003 -3.481 -1.588 2.046
-0.328 -0.146 0.996 -2.595 -1.603 1.832
-0.33 -0.136 1.006 -2.794 -3.573 1.298
-0.327 -0.141 0.987 -3.267 -7.588 0.992
-0.324 -0.13 0.966 -3.756 -8.58 0.458
-0.324 -0.127 0.961 -4.55 -7.328 1.008
-0.32 -0.129 0.967 -4.931 -7.084 1.847
-0.305 -0.134 0.973 -4.687 -4.87 1.496
-0.302 -0.14 0.969 -4.473 -3.832 1.359
-0.3 -0.135 0.976 -4.931 -3.069 1.16
-0.301 -0.146 0.987 -5.008 -4.458 0.565
-0.307 -0.137 0.99 -4.397 -4.427 -0.107
-0.314 -0.136 0.984 -4.244 -4.427 -0.107
-0.308 -0.14 0.971 -4.26 -2.779 -0.031
-0.307 -0.139 0.99 -3.969 -1.084 -0.26
-0.308 -0.147 0.979 -3.679 -1.359 0.031
-0.306 -0.139 0.978 -3.481 -2.366 0.076
-0.314 -0.139 0.978 -3.466 -3.634 -0.031
-0.313 -0.14 0.962 -3.725 -5.527 -0.29
-0.319 -0.137 0.935 -4.458 -3.481 -0.901
-0.339 -0.128 0.944 -5.237 -2.977 -0.183
-0.319 -0.13 0.961 -6.458 -2.489 0.366
-0.308 -0.141 0.963 -6.794 -0.26 0.092
-0.305 -0.145 0.983 -6.305 0.733 -0.031
-0.309 -0.142 0.995 -6.153 -0.061 -0.534
-0.317 -0.14 1.013 -6.29 -4.947 -0.55
-0.307 -0.148 0.998 -5.74 -6.595 -0.641
-0.309 -0.14 0.985 -4.84 -4.046 -0.595
-0.318 -0.135 0.979 -5.481 -3.786 0.26
-0.305 -0.144 0.986 -5.847 -2.763 0.244
-0.3 -0.147 0.984 -5.42 -1.45 0.321
-0.294 -0.138 0.991 -5.084 -1.344 -0.092
-0.298 -0.138 0.99 -4.916 -2.061 -0.443
-0.302 -0.136 0.992 -5.053 -4.962 -0.809
-0.296 -0.134 0.971 -5.099 -6.153 -0.962
-0.303 -0.133 0.957 -5.221 -2.931 -0.992
-0.313 -0.138 0.963 -6.305 -1.466 -0.366
-0.314 -0.139 0.983 -6.885 -2.397 -0.015
-0.308 -0.14 1.016 -6.229 -4.321 -0.275
-0.299 -0.149 0.997 -5.084 -2.947 -1.115
-0.31 -0.142 0.991 -5.008 -1.328 -1.191
-0.323 -0.134 0.997 -5.71 -1.359 -0.427
-0.324 -0.141 1.008 -4.992 -2.305 -0.901
-0.318 -0.14 1.001 -4.809 -3.863 -1.466
-0.323 -0.143 0.984 -5.099 -4.672 -1.313
-0.319 -0.138 0.978 -5.42 -2.061 -0.595
-0.321 -0.138 0.985 -5.817 -0.885 0.321
-0.317 -0.148 0.999 -5.863 -1.038 0.84
-0.308 -0.146 1.002 -4.977 0.275 0.656
-0.306 -0.144 1.002 -4.153 0.641 -0.031
-0.307 -0.141 0.995 -4.473 -0.229 -0.153
-0.328 -0.138 1.002 -4.183 -2.412 0.183
-0.312 -0.143 1.001 -4.061 -5.588 -0.061
-0.318 -0.14 0.98 -4.275 -5.573 -0.046
-0.317 -0.142 0.96 -5.221 -3.511 0.519
-0.328 -0.138 0.972 -5.71 -2.015 1.511
-0.302 -0.144 0.976 -5.985 -1.237 1.771
-0.289 -0.15 0.981 -5.466 0.611 0.733
-0.3 -0.146 0.991 -5.008 0.26 0.122
-0.303 -0.133 0.987 -5.145 -0.748 -0.168
-0.316 -0.135 0.986 -5.542 -2.519 0.275
-0.309 -0.141 0.987 -5.756 -5.695 0.336
-0.301 -0.145 0.977 -5.74 -4.26 0.244
-0.3 -0.14 0.98 -5.756 -2.183 0.565
-0.293 -0.147 0.992 -5.466 0.122 0.458
-0.299 -0.147 1.002 -5.038 -0.962 0.672
-0.304 -0.151 0.995 -5.038 -2.733 -0.061
-0.31 -0.142 0.991 -5.74 -4.153 -0.534
-0.312 -0.143 0.981 -6.168 -6.382 -0.427
-0.318 -0.138 0.986 -6.55 -4.0 0.0
-0.303 -0.144 0.988 -6.519 -3.237 0.092
-0.293 -0.157 1.0 -5.939 -1.206 -0.382
-0.295 -0.148 1.002 -4.779 1.038 -0.534
-0.301 -0.15 1.01 -3.313 2.336 -0.916
-0.316 -0.144 1.01 -3.221 1.817 -1.252
-0.309 -0.139 0.999 -3.939 -3.008 -0.977
-0.31 -0.139 0.979 -4.336 -4.122 -0.855
-0.315 -0.139 0.989 -4.58 -3.756 -0.443
-0.306 -0.135 0.99 -4.885 -5.252 0.107
-0.296 -0.151 0.978 -5.176 -3.405 0.0
-0.301 -0.145 0.991 -5.328 -2.153 0.0
-0.308 -0.139 0.998 -5.038 -1.191 0.214
-0.302 -0.147 1.004 -4.733 -1.939 0.061
-0.303 -0.146 1.004 -4.595 -2.672 -0.321
-0.295 -0.143 0.997 -4.504 -2.916 -0.55
-0.295 -0.138 0.993 -4.183 -1.42 -0.733
-0.296 -0.145 0.999 -3.786 -0.672 -0.84
-0.294 -0.137 0.988 -4.076 0.489 -0.87
-0.292 -0.142 0.983 -4.58 0.107 -1.053
-0.299 -0.144 0.974 -4.916 -0.137 -1.359
-0.306 -0.142 0.978 -5.496 -1.74 -1.282
-0.299 -0.147 0.979 -5.939 -2.519 -1.328
-0.312 -0.144 0.982 -6.214 -2.137 -1.145
-0.316 -0.145 0.99 -6.656 -3.527 -0.122
-0.299 -0.143 0.995 -6.641 -4.336 -0.046
-0.297 -0.146 0.998 -6.061 -3.053 -0.931
-0.299 -0.138 0.992 -6.382 -5.237 -0.779
-0.295 -0.141 0.992 -6.229 -5.634 -0.397
-0.291 -0.148 1.001 -6.092 -4.122 -0.489
-0.279 -0.142 1.011 -6.137 -3.969 -1.023
-0.28 -0.156 1.003 -5.893 -3.985 -1.557
-0.282 -0.155 1.017 -5.252 -2.305 -1.863
-0.291 -0.155 1.018 -4.733 -1.023 -1.725
-0.264 -0.159 0.974 -5.344 -1.221 -2.076
-0.322 -0.149 1.005 -4.336 -0.305 -1.557
-0.307 -0.157 1.008 -3.985 -1.389 -2.076
-0.313 -0.143 1.0 -3.74 -2.763 -1.802
-0.304 -0.137 0.983 -3.939 -2.962 -1.237
-0.311 -0.142 0.989 -4.0 -1.939 -0.534
-0.307 -0.141 0.979 -4.55 -3.298 -0.29
-0.312 -0.143 0.998 -4.611 -2.962 -0.595
-0.31 -0.142 0.987 -4.565 -4.718 -0.366
-0.304 -0.136 0.987 -4.427 -3.679 -0.382
-0.301 -0.141 0.985 -4.489 -2.672 -0.504
-0.299 -0.145 0.988 -4.29 -2.565 -0.718
-0.297 -0.14 0.996 -4.153 -2.198 -0.779
-0.307 -0.148 0.994 -4.0 -3.634 -0.718
-0.298 -0.151 0.974 -4.153 -2.305 -0.626
-0.307 -0.144 0.991 -3.954 -0.84 -0.29
-0.3 -0.137 1.005 -3.847 0.473 -0.046
-0.299 -0.149 0.996 -3.908 -0.427 -0.458
-0.305 -0.146 1.0 -3.847 -2.351 -0.397
-0.307 -0.144 0.994 -4.015 -4.137 -0.092
-0.307 -0.138 0.993 -3.863 -4.153 0.244
-0.306 -0.135 0.984 -3.969 -2.779 0.183
-0.295 -0.141 0.975 -4.168 -1.878 0.382