-0.02 0.042 1.034 -5.466 1.298 -3.573
-0.002 0.044 1.046 -6.977 1.786 -5.145
0.004 0.046 1.052 -7.573 3.282 -7.557
-0.022 0.052 1.066 -7.954 2.84 -8.763
-0.041 0.055 1.092 -7.649 1.084 -8.809
-0.055 0.051 1.098 -6.198 -0.214 -7.695
-0.04 0.046 1.102 -4.672 -1.847 -6.977
-0.01 0.049 1.044 -3.634 5.893 -7.176
-0.054 0.056 1.098 -2.321 3.618 -7.008
-0.058 0.054 1.054 -3.405 2.29 -6.198
-0.054 0.049 1.081 -4.321 -0.55 -5.16
-0.018 0.036 1.078 -4.107 -2.244 -7.069
-0.038 0.035 1.092 -3.45 -1.924 -8.87
-0.052 0.039 1.077 -2.55 -3.496 -8.962
-0.054 0.053 1.064 -2.0 -0.763 -8.504
-0.059 0.064 1.062 -2.534 -1.084 -6.931
-0.05 0.056 1.049 -3.374 -0.321 -5.71
-0.036 0.052 1.057 -3.725 1.206 -5.069
-0.052 0.056 1.054 -4.351 0.656 -4.366
-0.065 0.059 1.052 -5.069 1.908 -3.008
-0.062 0.069 1.045 -6.061 2.702 -1.099
-0.036 0.054 1.051 -7.191 4.015 -0.061
-0.046 0.051 1.059 -7.634 4.397 0.0
-0.047 0.039 1.079 -7.542 1.771 0.672
-0.03 0.029 1.098 -7.145 -1.145 0.55
-0.03 0.024 1.093 -5.664 -1.466 -1.008
-0.029 0.032 1.094 -4.534 -2.153 -1.374
-0.036 0.038 1.087 -3.71 -2.275 -1.313
-0.043 0.05 1.078 -3.71 -1.435 -0.992
-0.036 0.055 1.057 -3.725 -0.351 -0.809
-0.052 0.055 1.062 -4.565 1.313 -0.382
-0.051 0.054 1.066 -4.947 1.679 0.092
-0.052 0.052 1.071 -5.298 1.985 0.443
-0.048 0.051 1.064 -5.74 0.855 0.977
-0.052 0.055 1.087 -5.786 -1.282 1.42
-0.052 0.053 1.08 -5.069 -2.198 1.695
-0.049 0.055 1.075 -4.366 -1.084 2.015
-0.046 0.057 1.064 -3.985 0.046 2.855
-0.038 0.053 1.043 -4.504 1.771 3.069
-0.026 0.047 1.049 -5.176 1.084 2.229
-0.039 0.051 1.056 -5.71 -0.611 1.267
-0.041 0.045 1.054 -6.427 -2.153 0.672
-0.052 0.049 1.056 -6.809 -1.405 0.58
-0.059 0.047 1.05 -6.885 -0.321 1.588
-0.042 0.048 1.055 -6.763 0.885 2.061
-0.038 0.042 1.061 -6.397 -0.519 1.695
-0.025 0.031 1.086 -5.16 -2.0 0.336
-0.037 0.036 1.072 -3.924 -4.061 -0.412
-0.039 0.04 1.051 -2.763 -1.084 -1.13
-0.042 0.046 1.033 -3.053 1.679 -1.344
-0.052 0.047 1.033 -4.137 2.901 -0.809
-0.055 0.048 1.031 -5.863 4.122 -0.489
-0.066 0.048 1.04 -7.221 2.641 0.26
-0.059 0.051 1.057 -8.321 -1.16 1.191
-0.06 0.046 1.067 -8.458 -4.504 2.443
-0.058 0.044 1.07 -8.718 -6.916 4.947
-0.027 0.04 1.061 -8.687 -7.252 6.061
-0.004 0.037 1.077 -8.321 -6.626 5.71
0.021 0.036 1.097 -8.015 -7.069 4.153
0.027 0.039 1.088 -7.557 -6.321 2.504
0.024 0.045 1.081 -7.16 -3.45 1.176
0.024 0.031 1.07 -7.069 -1.206 0.0
0.02 0.041 1.082 -6.992 -1.298 -0.809
0.026 0.041 1.068 -7.069 0.55 -1.71
0.002 0.04 1.076 -6.779 2.977 -1.679
-0.015 0.038 1.103 -5.924 2.626 -1.573
-0.011 0.037 1.096 -4.87 1.16 -1.145
-0.011 0.037 1.086 -4.153 -1.053 -1.191
-0.002 0.032 1.08 -3.084 -0.366 -1.985
-0.007 0.041 1.063 -2.702 0.87 -2.29
-0.017 0.05 1.046 -3.206 1.939 -1.069
-0.024 0.051 1.039 -3.802 4.855 0.351
-0.017 0.056 1.033 -4.687 8.611 2.473
-0.004 0.06 1.019 -6.229 13.45 4.427
0.006 0.053 1.03 -7.389 16.55 4.382
-0.004 0.038 1.071 -8.687 12.489 4.015
0.0 0.028 1.086 -8.947 4.992 2.29
-0.003 0.002 1.111 -7.542 -0.824 0.183
0.017 -0.017 1.106 -4.672 -1.847 -4.489
-0.015 0.001 1.089 -2.916 -2.397 -7.817
-0.037 0.006 1.063 -2.489 1.206 -10.611
-0.077 0.015 1.046 -2.87 5.786 -11.588
-0.111 0.022 1.044 -3.649 7.557 -11.008
-0.112 0.031 1.048 -4.092 7.359 -9.893
-0.13 0.036 1.063 -3.985 9.71 -9.069
-0.153 0.05 1.079 -3.267 8.763 -6.321
-0.147 0.049 1.067 -2.855 7.023 -3.802
-0.139 0.056 1.074 -2.473 6.092 -1.389
-0.114 0.046 1.07 -2.244 5.832 0.992
-0.091 0.041 1.061 -1.725 6.366 2.0
-0.074 0.051 1.03 -1.542 5.863 2.992
-0.057 0.054 1.035 -1.954 7.145 4.183
-0.02 0.058 1.031 -3.634 7.053 6.504
0.033 0.049 1.043 -4.763 9.313 7.588
0.082 0.036 1.031 -5.695 12.58 7.527
0.115 0.045 1.057 -6.473 16.305 7.313
0.147 0.034 1.091 -6.687 18.229 7.435
0.163 0.019 1.146 -4.702 13.557 5.786
0.208 0.025 1.141 -4.092 6.107 4.473
0.266 0.012 1.121 -2.412 2.824 0.855
0.318 0.013 1.099 -2.489 3.939 -3.221
0.342 0.0 1.11 -3.099 1.405 -6.626
0.334 -0.0 1.095 -3.13 3.435 -9.023
0.362 -0.004 1.128 -2.504 3.618 -12.519
0.384 -0.029 1.057 -2.595 6.321 -15.45
0.392 -0.048 1.081 -3.344 8.443 -21.405
0.289 -0.061 1.146 -5.237 -7.878 -24.748
0.329 -0.054 1.141 -5.756 -15.527 -33.42
0.305 -0.074 1.101 -4.321 -10.107 -41.16
0.252 -0.075 1.069 -5.176 -7.649 -42.748
0.259 -0.085 1.021 -5.496 8.824 -44.748
0.219 -0.095 1.03 -7.053 23.786 -45.969
0.181 -0.122 1.062 -8.763 31.084 -48.107
0.081 -0.108 1.157 -8.321 21.817 -49.756
0.048 -0.101 1.152 -8.198 5.786 -50.824
0.006 -0.084 1.124 -9.206 -10.168 -48.611
0.008 -0.108 1.07 -5.466 -3.252 -48.733
-0.11 -0.083 1.114 -3.618 10.733 -43.344
-0.205 -0.062 1.079 0.046 16.458 -32.855
-0.277 0.0 0.983 -3.481 25.527 -26.168
-0.391 0.022 0.925 -19.115 12.061 -11.878
-0.321 -0.013 1.017 -29.557 -2.489 2.824
-0.206 -0.091 1.11 -27.252 -11.282 10.84
-0.08 -0.134 1.172 -22.656 11.832 9.664
0.004 -0.149 1.241 -8.687 24.595 -0.58
0.054 -0.154 1.2 0.794 34.351 -15.313
0.02 -0.158 1.264 6.076 20.0 -34.214
-0.084 -0.113 1.251 5.817 -22.107 -51.649
-0.127 -0.101 1.15 3.679 -51.008 -60.992
-0.13 -0.099 1.008 5.008 -36.061 -70.809
-0.289 -0.021 1.051 5.359 -15.71 -66.779
-0.325 -0.02 1.065 0.947 -12.443 -59.527
-0.228 -0.061 1.054 7.191 -4.153 -57.863
-0.238 -0.063 1.12 8.061 1.786 -65.786
-0.32 -0.061 1.114 6.107 -24.885 -69.344
-0.303 -0.062 1.083 5.985 -28.397 -72.305
-0.333 -0.002 1.06 6.855 -28.473 -66.947
-0.27 -0.01 0.967 8.504 -10.046 -69.13
-0.32 -0.022 0.967 5.985 -3.374 -65.466
-0.273 -0.009 0.985 5.481 4.26 -62.458
-0.264 -0.026 1.067 5.847 4.595 -64.443
-0.276 -0.049 1.05 6.656 -4.779 -66.626
-0.3 -0.006 1.074 7.527 -11.71 -62.87
-0.262 -0.019 1.034 9.527 -8.107 -61.496
-0.262 -0.005 1.037 10.183 -4.611 -60.656
-0.242 -0.007 1.006 10.992 -1.542 -57.908
-0.221 0.029 0.964 9.069 3.038 -56.336
-0.185 0.0 0.94 9.557 12.55 -58.305
-0.243 0.008 1.007 7.16 6.702 -57.969
-0.232 0.007 1.002 6.458 3.221 -56.916
-0.256 0.012 1.019 6.458 7.557 -57.679
-0.278 0.019 1.027 6.366 5.603 -54.947
-0.266 0.012 1.021 7.527 8.26 -52.229
-0.215 0.024 0.995 7.786 12.534 -51.069
-0.244 0.01 0.985 7.573 21.191 -51.267
-0.28 0.017 1.035 7.252 17.603 -49.176
-0.299 0.015 1.005 8.137 19.863 -49.145
-0.342 0.033 1.038 7.603 12.794 -47.405
-0.386 0.052 1.018 7.42 9.618 -45.145
-0.374 0.059 0.966 5.282 5.985 -42.092
-0.348 0.06 0.951 3.038 7.954 -37.634
-0.364 0.058 0.977 2.153 13.282 -34.824
-0.355 0.065 0.981 1.618 14.198 -30.962
-0.347 0.062 0.983 1.053 14.626 -27.542
-0.33 0.057 0.996 0.748 15.267 -25.191
-0.308 0.057 1.019 0.656 11.496 -24.321
-0.306 0.06 0.992 1.695 15.115 -23.74
-0.296 0.059 0.986 3.374 22.244 -22.595
-0.304 0.053 0.97 4.076 22.885 -21.695
-0.33 0.07 0.948 1.389 14.321 -18.977
-0.318 0.07 0.918 -1.863 10.26 -16.519
-0.316 0.069 0.96 -4.977 11.069 -15.405
-0.321 0.064 0.982 -5.817 8.351 -12.321
-0.306 0.055 0.995 -5.817 7.267 -10.031
-0.305 0.051 1.001 -5.618 8.962 -7.802
-0.296 0.049 1.048 -6.0 3.527 -5.099
-0.253 0.038 1.057 -5.252 1.267 -3.908
-0.211 0.029 1.063 -3.038 4.672 -4.061
-0.186 0.03 1.048 -0.397 8.641 -4.168
-0.219 0.04 1.052 0.229 10.656 -4.641
-0.206 0.045 1.052 0.183 5.664 -2.84
-0.179 0.028 1.056 0.885 8.061 -3.863
-0.178 0.03 1.061 1.603 7.115 -4.565
-0.177 0.034 1.043 1.985 8.122 -4.626
-0.177 0.038 1.057 2.534 9.298 -4.351
-0.176 0.041 1.043 3.008 6.214 -4.0
-0.166 0.045 1.015 1.832 6.122 -3.832
-0.164 0.055 1.017 0.687 5.435 -3.481
-0.173 0.044 1.007 0.107 7.786 -3.267
-0.192 0.046 1.037 -0.656 10.229 -3.374
-0.174 0.03 1.061 -0.885 5.695 -3.664
-0.161 0.026 1.045 -1.053 5.45 -5.115
-0.19 0.031 1.06 -1.145 2.214 -5.053
-0.182 0.034 1.068 -0.443 1.496 -4.84
-0.167 0.028 1.062 0.443 -0.443 -4.656
-0.172 0.026 1.073 0.718 2.55 -5.878
-0.183 0.032 1.055 0.992 0.611 -5.008
-0.177 0.03 1.052 0.794 2.84 -4.397
-0.185 0.028 1.047 0.794 4.031 -4.137
-0.208 0.025 1.047 0.565 3.725 -4.168
-0.225 0.032 1.043 0.809 3.557 -3.038
-0.23 0.026 1.03 0.672 4.473 -2.641
-0.228 0.038 1.025 0.443 2.595 -2.122
-0.22 0.039 1.028 -0.076 1.954 -2.183
-0.203 0.038 1.024 -0.626 -0.351 -2.55
-0.196 0.038 1.013 -1.374 0.504 -3.053
-0.198 0.037 1.01 -1.832 3.527 -3.634
-0.213 0.045 1.016 -2.397 3.817 -3.176
-0.216 0.039 1.026 -3.053 2.733 -2.153
-0.217 0.039 1.044 -3.16 0.656 -0.794
-0.208 0.042 1.052 -2.977 -0.84 0.275
-0.202 0.038 1.056 -2.855 -4.458 0.351
-0.174 0.025 1.046 -2.366 -4.824 -0.122
-0.17 0.03 1.035 -1.771 -0.794 -1.863
-0.175 0.034 1.03 -1.481 0.336 -2.351
-0.171 0.034 1.028 -1.832 2.397 -3.282
-0.185 0.044 1.016 -2.382 0.809 -2.504
-0.191 0.041 1.02 -3.511 0.931 -2.427
-0.179 0.04 1.033 -3.481 -0.702 -2.794
-0.188 0.041 1.031 -3.634 -0.855 -2.87
-0.191 0.045 1.022 -3.496 -0.962 -2.763
-0.191 0.043 1.014 -4.0 0.382 -3.069
-0.21 0.052 1.027 -4.641 -3.115 -2.366
-0.196 0.047 1.011 -4.427 -1.389 -2.458
-0.201 0.048 1.021 -4.687 -0.504 -2.321
-0.2 0.048 1.019 -5.924 -2.595 -2.244
-0.192 0.041 1.024 -6.824 -0.504 -3.023
-0.197 0.041 1.038 -6.656 -0.702 -2.672
-0.19 0.037 1.063 -5.71 0.061 -2.763
-0.199 0.037 1.063 -4.687 -0.366 -2.55
-0.192 0.033 1.041 -4.0 0.824 -2.595
-0.193 0.036 1.05 -3.618 1.847 -2.977
-0.201 0.042 1.038 -3.634 -0.763 -2.672
-0.189 0.039 1.04 -4.061 -1.496 -3.221
-0.191 0.041 1.052 -3.664 -2.473 -2.947
-0.199 0.046 1.025 -3.237 -1.511 -2.427
-0.191 0.047 1.004 -3.573 1.832 -2.794
-0.194 0.051 1.036 -3.939 1.206 -2.763
-0.185 0.043 1.043 -3.481 0.55 -2.565
-0.192 0.033 1.046 -2.901 1.298 -3.145
-0.195 0.04 1.031 -2.672 1.908 -3.42
-0.215 0.045 1.032 -2.824 1.649 -3.267
-0.219 0.055 1.029 -3.908 1.038 -2.931
-0.209 0.049 1.026 -4.183 1.16 -2.855
-0.204 0.041 1.02 -5.206 -0.229 -3.237
-0.21 0.047 1.023 -5.817 -2.321 -2.962
-0.21 0.044 1.04 -5.328 -0.718 -3.45
-0.22 0.04 1.046 -5.16 -2.641 -1.969
-0.2 0.039 1.03 -4.824 -3.176 -1.939
-0.199 0.041 1.025 -4.733 -2.076 -2.183
-0.205 0.048 1.023 -4.229 0.305 -1.863
-0.187 0.038 1.036 -4.29 0.489 -2.366
-0.185 0.038 1.045 -3.908 0.397 -3.298
-0.207 0.044 1.03 -3.756 -0.122 -3.252
-0.207 0.044 1.025 -3.954 -1.252 -2.534
-0.209 0.049 1.023 -4.275 -0.641 -1.542
-0.197 0.049 1.036 -4.763 -2.122 -1.008
-0.169 0.033 1.057 -4.412 0.702 -1.878
-0.18 0.027 1.084 -2.153 3.13 -2.733
-0.191 0.036 1.077 -0.458 3.191 -2.672
-0.184 0.031 1.063 0.473 2.947 -2.748
-0.174 0.029 1.064 1.298 2.443 -3.939
-0.185 0.042 1.048 1.817 1.771 -4.229
-0.192 0.038 1.032 1.802 2.198 -4.565
-0.198 0.049 1.022 1.496 2.977 -4.916
-0.218 0.058 1.004 0.824 5.45 -5.389
-0.237 0.06 0.997 -0.489 3.221 -4.641
-0.24 0.06 0.988 -2.718 0.55 -3.359
-0.224 0.059 1.004 -3.954 1.145 -3.237
-0.238 0.059 1.014 -4.672 0.321 -1.71
-0.227 0.056 1.005 -3.771 1.573 -2.168
-0.23 0.061 1.008 -4.076 1.13 -1.71
-0.226 0.058 1.01 -4.794 0.107 -1.206
-0.224 0.051 1.032 -5.74 -1.115 -1.435
-0.218 0.049 1.043 -5.313 -2.427 -1.542
-0.216 0.056 1.016 -5.115 -0.443 -2.0
-0.233 0.057 1.021 -5.313 -0.046 -1.42
-0.229 0.051 1.034 -5.893 -0.87 -0.901
-0.222 0.054 1.036 -5.466 -1.267 -0.992
-0.214 0.055 1.035 -4.931 -1.176 -0.901
-0.208 0.059 1.029 -5.13 -2.137 -0.885
-0.203 0.055 1.021 -5.084 -2.015 -1.053
-0.207 0.055 1.021 -5.328 0.153 -1.618
-0.211 0.056 1.025 -6.015 -0.794 -1.634
-0.208 0.051 1.037 -6.351 -0.504 -2.015
-0.214 0.041 1.042 -6.779 -0.977 -2.565
-0.214 0.045 1.052 -6.855 -2.092 -2.275
-0.225 0.044 1.071 -6.244 -4.031 -1.71
-0.22 0.043 1.06 -5.634 -4.137 -1.038
-0.21 0.045 1.039 -5.038 -1.649 -0.779
-0.213 0.038 1.031 -4.718 0.824 -0.763
-0.21 0.036 1.042 -4.962 2.779 -1.237
-0.205 0.042 1.034 -5.496 0.595 -1.282
-0.199 0.044 1.032 -5.847 0.336 -1.756
-0.198 0.04 1.034 -5.924 -0.137 -1.786
-0.205 0.046 1.039 -5.328 1.023 -2.214
-0.202 0.044 1.048 -4.916 0.427 -1.832
-0.2 0.048 1.035 -5.237 2.672 -3.115
-0.22 0.055 1.047 -7.252 -1.939 -2.733
-0.198 0.057 1.07 -5.771 -3.634 -3.435
-0.213 0.039 1.037 -4.229 7.344 -5.023
-0.208 0.032 1.049 -3.847 1.664 -3.099
-0.198 0.027 1.029 -3.756 6.321 -4.565
-0.216 0.018 1.029 -3.588 4.611 -5.481
-0.212 0.051 1.047 -3.389 1.817 -3.649
-0.226 0.047 1.031 -4.061 0.092 -3.13
-0.23 0.043 1.029 -4.153 -2.702 -2.107
-0.222 0.037 1.028 -4.763 -0.779 -2.015
-0.209 0.046 1.037 -3.603 -0.321 -1.252
-0.218 0.032 1.038 -3.634 2.794 -2.321
-0.219 0.041 1.031 -3.176 -0.87 -1.756
-0.215 0.043 1.021 -3.557 -0.29 -2.443
-0.219 0.053 1.011 -3.664 -1.71 -1.832
-0.219 0.048 1.014 -4.092 -0.443 -1.664
-0.21 0.049 1.009 -4.137 1.084 -1.878
-0.206 0.046 1.023 -4.687 1.771 -2.489
-0.212 0.043 1.026 -4.473 1.71 -3.053
-0.227 0.044 1.026 -5.13 -0.672 -3.191
-0.216 0.043 1.028 -4.916 -1.405 -2.702
-0.213 0.045 1.042 -0.565 0.305 -1.664
-0.221 0.048 1.025 -3.634 1.252 -1.847
-0.203 0.042 1.033 -3.466 0.687 -1.847
-0.205 0.041 1.033 -3.771 2.626 -2.382
-0.2 0.037 1.045 -3.115 4.26 -3.573
-0.233 0.041 1.049 -2.672 2.595 -4.122
-0.227 0.048 1.023 -2.779 0.412 -3.252
-0.23 0.043 1.03 -2.794 2.794 -3.817
-0.233 0.024 1.039 0.122 2.137 -2.58
-0.213 0.043 1.031 -1.985 6.26 -4.84
-0.219 0.05 1.077 -0.595 -1.679 -3.344
-0.202 0.037 1.042 -1.603 5.191 -4.336
-0.233 0.047 1.075 -0.55 0.947 -3.954
-0.207 0.04 1.029 -0.198 -0.061 -3.588
-0.239 0.009 1.024 4.29 2.931 -3.008
-0.258 0.061 1.012 -1.603 3.664 -3.405
-0.247 0.053 1.007 -2.382 2.855 -2.824
-0.246 0.058 1.012 -2.962 1.802 -2.519
-0.24 0.054 1.008 -3.115 0.534 -2.565
-0.261 0.058 0.993 -3.908 0.397 -2.26
-0.252 0.063 0.985 -4.992 0.687 -1.069
-0.248 0.054 1.006 -5.878 0.076 -0.611
-0.228 0.05 0.999 -6.244 -1.969 -0.458
-0.235 0.052 1.004 -6.916 -2.473 -0.046
-0.225 0.052 1.028 -7.053 -3.099 0.015
-0.229 0.051 1.026 -6.947 -4.595 -0.214
-0.215 0.042 1.028 -6.641 -3.374 -0.748
-0.221 0.039 1.038 -6.153 -2.122 -1.176
-0.217 0.043 1.03 -5.405 -1.863 -1.191
-0.222 0.046 1.03 -5.588 -0.031 -1.221
-0.231 0.043 1.044 -5.496 -0.84 -0.672
-0.229 0.042 1.048 -5.435 -2.382 -0.366
-0.221 0.044 1.05 -4.489 -3.359 -0.519
-0.223 0.045 1.052 -3.435 -1.771 -1.023
-0.231 0.039 1.062 -2.061 -1.435 -1.038
-0.223 0.043 1.038 -0.611 0.702 -1.542
-0.23 0.05 1.04 -0.214 1.695 -1.664
-0.228 0.052 1.028 -0.427 1.542 -2.275
-0.24 0.058 1.031 -1.466 1.16 -1.908
-0.225 0.055 1.016 -2.458 0.962 -2.107
-0.221 0.05 1.02 -3.282 1.099 -2.198
-0.23 0.059 1.009 -4.672 1.313 -2.183
-0.241 0.052 1.026 -5.206 0.885 -2.031
-0.246 0.05 1.028 -5.725 -2.458 -1.679
-0.247 0.054 1.027 -6.122 -3.939 -0.702
-0.239 0.046 1.041 -5.649 -3.298 -0.504
-0.234 0.044 1.038 -5.45 -2.504 -0.611
-0.229 0.049 1.041 -5.573 -2.794 -0.26
-0.226 0.047 1.041 -5.71 -3.115 0.092
-0.224 0.038 1.052 -5.038 -0.748 -0.794
-0.23 0.04 1.061 -4.275 -2.733 -0.992
-0.23 0.044 1.045 -3.084 -2.427 -0.809
-0.237 0.049 1.019 -3.206 -1.603 -0.321
-0.238 0.052 1.013 -4.275 -3.863 -0.015
-0.219 0.05 1.006 -4.519 -3.191 -0.504
-0.224 0.045 1.033 -4.763 -1.756 -1.099
-0.227 0.053 1.015 -4.595 -3.634 -0.382
-0.21 0.051 1.017 -5.069 -2.305 -0.55
-0.218 0.047 1.024 -4.763 -0.58 -0.641
-0.212 0.045 1.048 -3.725 -1.282 -0.397
-0.213 0.04 1.04 -2.992 -1.511 -0.763
-0.219 0.047 1.031 -2.84 -1.481 -1.16
-0.225 0.046 1.029 -2.992 -2.26 -1.389
-0.231 0.05 1.024 -2.947 -2.947 -1.252
-0.215 0.05 1.012 -2.031 0.244 -2.718
-0.223 0.05 1.002 -1.924 2.931 -2.947
-0.241 0.053 1.009 -2.473 3.435 -2.656
-0.28 0.052 1.076 -3.557 -2.244 -1.481
-0.235 0.042 1.015 -3.802 -2.84 -0.733
-0.223 0.053 1.047 -3.588 -4.901 -0.672
-0.207 0.048 1.011 -4.076 -3.344 -0.962
-0.227 0.055 1.026 -4.061 -2.489 -1.466
-0.222 0.049 1.008 -4.779 -3.939 -1.084
-0.227 0.051 1.022 -5.359 -3.588 -1.42
-0.229 0.053 1.026 -5.847 -4.427 -1.42
-0.237 0.047 1.028 -5.756 -3.237 -1.252
-0.223 0.041 1.033 -4.992 -1.496 -1.573
-0.22 0.049 1.043 -4.992 -1.389 -1.45
-0.224 0.049 1.026 -4.687 -0.779 -1.008
-0.219 0.051 1.023 -4.718 -0.366 -1.328
-0.226 0.054 1.027 -4.595 -0.321 -1.542