-0.044 0.073 1.062 -7.206 -5.45 -0.58
-0.047 0.067 1.064 -6.962 -7.176 -1.008
-0.05 0.065 1.064 -7.16 -4.962 -1.786
-0.052 0.075 1.071 -6.87 -6.412 -2.122
-0.052 0.069 1.061 -6.58 -4.305 -2.29
-0.059 0.068 1.071 -6.55 -3.634 -2.443
-0.062 0.071 1.06 -6.84 -5.13 -2.168
-0.065 0.07 1.058 -7.053 -3.847 -1.832
-0.063 0.066 1.068 -6.977 -4.168 -1.374
-0.063 0.066 1.062 -6.55 -3.74 -1.176
-0.061 0.064 1.087 -6.214 -2.87 -1.282
-0.049 0.064 1.077 -5.878 -4.046 -1.588
-0.043 0.065 1.074 -5.206 -3.664 -1.603
-0.038 0.061 1.077 -4.855 -4.779 -2.412
-0.043 0.066 1.069 -4.809 -4.427 -3.389
-0.035 0.065 1.06 -5.069 -3.634 -3.908
-0.043 0.068 1.059 -5.817 -2.58 -3.863
-0.054 0.066 1.054 -6.244 -3.023 -3.603
-0.049 0.06 1.059 -6.412 -2.336 -3.618
-0.04 0.058 1.073 -6.244 -2.473 -4.29
-0.025 0.051 1.085 -6.214 -4.473 -5.466
-0.022 0.053 1.075 -5.695 -5.847 -8.015
-0.035 0.05 1.081 -5.603 -7.42 -9.817
-0.049 0.061 1.057 -5.985 -6.595 -10.397
-0.074 0.063 1.061 -6.29 -4.809 -9.435
-0.099 0.064 1.065 -6.092 -3.328 -7.038
-0.096 0.071 1.074 -5.405 -1.053 -4.565
-0.097 0.067 1.064 -4.504 0.458 -2.504
-0.069 0.056 1.068 -3.649 1.344 -1.74
-0.049 0.057 1.075 -2.718 3.527 -2.687
-0.056 0.057 1.082 -2.412 0.672 -2.687
-0.062 0.067 1.069 -2.0 -0.458 -3.267
-0.072 0.073 1.071 -2.092 -1.328 -3.115
-0.072 0.074 1.049 -2.641 -1.71 -2.519
-0.075 0.075 1.047 -3.573 -0.718 -2.168
-0.072 0.072 1.042 -4.046 -0.641 -1.206
-0.077 0.071 1.048 -4.595 -0.84 -0.458
-0.064 0.071 1.053 -4.427 -0.977 0.122
-0.069 0.066 1.061 -4.305 -3.313 0.183
-0.049 0.063 1.043 -4.473 -5.985 -0.153
-0.059 0.07 1.03 -4.55 -5.924 -0.824
-0.059 0.065 1.036 -5.557 -5.298 -0.824
-0.053 0.073 1.039 -6.397 -3.481 -0.641
-0.063 0.07 1.065 -6.58 -1.145 -0.824
-0.06 0.061 1.079 -5.74 -1.16 -0.611
-0.061 0.055 1.077 -5.023 -1.252 -0.321
-0.062 0.054 1.074 -4.443 -2.015 -0.382
-0.057 0.057 1.067 -4.534 -2.947 -0.107
-0.057 0.061 1.059 -5.053 -2.702 0.183
-0.057 0.06 1.055 -5.405 -2.656 0.397
-0.06 0.058 1.059 -5.481 -2.382 0.504
-0.061 0.065 1.066 -5.389 -3.313 0.885
-0.054 0.06 1.062 -5.527 -3.924 0.824
-0.051 0.072 1.059 -5.45 -5.954 1.496
-0.039 0.064 1.04 -5.573 -5.374 2.137
-0.045 0.06 1.053 -5.695 -3.374 2.58
-0.04 0.071 1.059 -5.954 -4.641 3.008
-0.034 0.071 1.045 -6.0 -5.725 3.359
-0.021 0.078 1.048 -5.069 -3.542 3.542
-0.031 0.081 1.071 -6.153 -8.397 5.191
0.01 0.076 1.046 -6.473 -4.092 4.275
0.021 0.082 1.043 -7.374 -3.542 4.397
0.04 0.069 1.052 -7.74 0.611 3.282
0.043 0.068 1.107 -8.733 -1.313 2.977
0.059 0.062 1.09 -7.969 0.855 1.374
0.074 0.055 1.097 -7.344 2.55 0.626
0.096 0.041 1.103 -6.84 4.198 -1.038
0.125 0.042 1.095 -6.229 7.191 -2.611
0.127 0.038 1.097 -6.092 7.664 -3.939
0.145 0.041 1.088 -5.573 10.351 -6.733
0.145 0.039 1.079 -4.916 12.412 -8.015
0.138 0.032 1.072 -5.511 14.977 -9.756
0.133 0.043 1.06 -6.183 15.053 -11.191
0.156 0.036 1.049 -6.748 18.702 -12.962
0.16 0.021 1.05 -7.542 21.695 -14.855
0.18 0.012 1.064 -8.153 19.954 -17.191
0.21 -0.001 1.054 -8.458 19.618 -20.031
0.229 0.005 1.017 -10.58 24.382 -22.885
0.276 0.057 0.958 -15.588 43.847 -26.947
0.22 0.0 1.044 -13.496 52.824 -34.916
0.215 0.001 1.031 -14.718 45.832 -39.405
0.204 -0.008 1.06 -17.237 48.29 -43.71
0.178 -0.016 1.076 -13.099 32.198 -48.29
0.19 -0.032 1.027 -13.802 39.008 -53.344
0.149 -0.041 1.099 -13.038 43.069 -58.565
0.126 -0.049 1.118 -10.947 36.137 -62.641
0.099 -0.052 1.141 -8.443 32.473 -66.153
0.074 -0.058 1.174 -5.466 20.26 -70.107
0.061 -0.068 1.161 -1.557 7.802 -74.183
0.055 -0.071 1.126 -1.145 1.481 -77.435
0.05 -0.065 1.107 0.229 10.092 -81.695
0.009 -0.065 1.094 1.802 7.603 -83.038
-0.03 -0.077 1.103 2.092 10.718 -84.458
-0.018 -0.079 1.113 3.313 14.565 -86.397
-0.002 -0.072 1.112 5.267 1.405 -86.275
-0.013 -0.08 1.07 7.084 4.412 -90.031
-0.014 -0.083 1.061 7.206 2.168 -92.076
-0.029 -0.09 1.107 8.275 -0.702 -96.031
-0.036 -0.106 1.091 12.55 -7.756 -100.977
-0.062 -0.109 1.008 13.221 -2.29 -104.443
-0.105 -0.122 0.975 11.344 -0.26 -105.191
-0.127 -0.123 1.006 8.992 4.87 -105.847
-0.134 -0.125 1.023 8.718 7.954 -107.252
-0.177 -0.143 1.065 8.992 0.595 -110.29
-0.196 -0.134 1.035 8.718 -12.58 -110.443
-0.223 -0.128 1.025 10.153 -5.023 -110.947
-0.249 -0.125 1.003 10.58 -3.573 -108.351
-0.242 -0.119 0.969 9.863 6.687 -106.244
-0.237 -0.123 0.974 9.908 10.931 -104.824
-0.245 -0.124 0.945 9.42 23.771 -103.878
-0.261 -0.153 0.954 7.374 25.924 -104.107
-0.309 -0.151 1.053 6.626 20.611 -105.679
-0.348 -0.156 1.032 7.16 4.916 -105.71
-0.363 -0.148 1.004 6.534 0.183 -103.695
-0.39 -0.145 1.002 6.122 1.023 -99.206
-0.383 -0.125 0.956 6.107 7.908 -93.221
-0.376 -0.128 0.949 7.45 23.466 -89.435
-0.38 -0.115 0.937 5.756 24.901 -84.137
-0.345 -0.129 0.93 3.42 28.702 -81.328
-0.353 -0.13 1.014 3.008 20.702 -80.565
-0.327 -0.149 1.01 2.687 14.473 -81.252
-0.345 -0.135 0.998 2.229 10.351 -80.305
-0.333 -0.122 0.97 1.817 13.16 -76.87
-0.322 -0.122 0.963 2.55 24.122 -73.74
-0.327 -0.109 0.969 3.221 28.55 -70.321
-0.302 -0.127 0.971 3.099 30.534 -68.214
-0.293 -0.132 0.968 2.687 29.634 -68.183
-0.291 -0.148 1.026 1.939 21.71 -70.092
-0.3 -0.157 0.988 0.168 9.206 -72.168
-0.343 -0.145 1.012 -0.718 8.504 -72.046
-0.337 -0.154 0.992 -0.748 8.534 -69.511
-0.345 -0.158 0.981 0.107 15.786 -67.084
-0.365 -0.154 0.987 0.427 18.947 -63.527
-0.369 -0.146 0.979 0.092 23.023 -60.885
-0.361 -0.145 0.976 -0.168 28.656 -58.26
-0.346 -0.141 0.973 -1.374 28.382 -56.366
-0.34 -0.135 0.976 -1.954 30.565 -56.153
-0.349 -0.139 1.0 -1.298 30.214 -54.626
-0.353 -0.137 1.02 -0.473 24.031 -53.069
-0.345 -0.141 1.006 0.29 19.756 -51.847
-0.341 -0.156 0.977 0.763 25.924 -52.656
-0.379 -0.151 0.969 -0.885 16.595 -50.519
-0.391 -0.147 0.967 -1.71 17.588 -50.229
-0.434 -0.136 0.979 -2.229 16.565 -48.031
-0.455 -0.125 0.973 -3.191 16.031 -44.122
-0.458 -0.121 0.978 -3.725 13.542 -39.527
-0.438 -0.129 0.971 -3.771 16.107 -36.26
-0.418 -0.132 0.977 -3.954 19.527 -33.908
-0.419 -0.135 0.971 -3.618 23.527 -32.641
-0.446 -0.12 0.999 -3.649 15.786 -30.015
-0.419 -0.13 0.997 -3.405 12.092 -28.763
-0.451 -0.113 1.023 -2.763 11.282 -28.26
-0.41 -0.117 0.988 -1.817 8.137 -26.504
-0.402 -0.118 0.986 -1.725 11.893 -25.74
-0.427 -0.108 0.989 -1.74 9.802 -23.298
-0.418 -0.098 0.978 -2.87 8.733 -20.611
-0.383 -0.103 0.975 -3.557 10.702 -18.687
-0.361 -0.113 1.01 -3.267 16.519 -18.458
-0.37 -0.116 1.031 -3.16 10.29 -17.969
-0.373 -0.111 1.028 -2.794 8.611 -17.221
-0.362 -0.115 1.009 -2.092 8.26 -16.29
-0.37 -0.108 1.016 -0.916 9.298 -15.832
-0.379 -0.117 1.019 -0.076 9.588 -14.611
-0.376 -0.117 1.008 0.473 8.977 -13.802
-0.379 -0.113 1.001 0.779 9.084 -13.13
-0.381 -0.113 0.979 0.412 7.511 -12.244
-0.384 -0.106 0.975 -0.519 8.198 -11.053
-0.379 -0.11 0.977 -1.695 8.565 -9.74
-0.369 -0.116 0.992 -2.427 6.748 -8.748
-0.371 -0.118 1.002 -2.611 4.718 -8.015
-0.373 -0.122 1.003 -2.214 3.511 -7.74
-0.386 -0.117 0.993 -1.878 4.351 -6.611
-0.382 -0.119 0.99 -1.863 3.618 -5.634
-0.379 -0.122 0.997 -1.359 4.382 -4.794
-0.368 -0.13 1.011 -0.458 3.695 -3.878
-0.369 -0.124 0.996 -0.183 2.489 -3.13
-0.363 -0.115 0.984 -0.55 0.443 -2.489
-0.37 -0.12 0.971 -1.481 -0.84 -1.802
-0.353 -0.112 0.966 -2.824 -1.679 -0.58
-0.334 -0.118 0.98 -3.511 0.382 0.046
-0.329 -0.113 1.014 -3.359 1.313 0.611
-0.31 -0.115 1.021 -2.763 4.29 0.107
-0.308 -0.117 1.018 -1.145 -0.351 0.153
-0.301 -0.116 1.017 -0.382 -2.855 -0.656
-0.305 -0.111 0.999 -0.382 -4.336 -0.992
-0.303 -0.119 0.986 -0.153 -3.191 -1.573
-0.292 -0.111 0.974 -0.656 -1.359 -1.863
-0.309 -0.111 0.972 -1.099 -0.015 -1.679
-0.31 -0.11 0.973 -1.359 0.397 -1.511
-0.316 -0.109 0.967 -1.863 -0.443 -1.481
-0.319 -0.105 0.96 -2.901 -2.29 -1.084
-0.303 -0.103 0.966 -3.802 -2.672 -0.931
-0.303 -0.115 0.987 -3.878 -2.656 -0.733
-0.305 -0.111 0.994 -3.664 -1.588 -1.038
-0.303 -0.121 0.983 -3.359 -1.618 -1.008
-0.307 -0.118 0.979 -3.328 -2.26 -1.053
-0.311 -0.111 0.975 -3.695 -2.58 -0.718
-0.311 -0.111 0.97 -4.29 -2.779 -0.137
-0.306 -0.12 0.99 -4.504 -3.008 -0.107
-0.304 -0.122 1.001 -4.427 -4.916 -0.58
-0.306 -0.112 1.0 -3.511 -5.282 -0.931
-0.3 -0.114 0.987 -2.977 -5.664 -0.84
-0.295 -0.117 0.98 -3.053 -3.664 -0.855
-0.295 -0.117 0.97 -3.634 -3.374 -0.366
-0.285 -0.114 0.983 -4.0 -1.466 -0.763
-0.289 -0.115 0.988 -4.458 -0.687 -0.901
-0.276 -0.109 1.009 -4.443 -0.55 -1.588
-0.288 -0.111 1.009 -3.573 -1.237 -2.305
-0.295 -0.111 1.001 -3.038 -2.305 -2.931
-0.315 -0.106 0.986 -2.656 -3.221 -3.237
-0.326 -0.105 0.969 -3.725 -9.847 -2.031
-0.345 -0.096 0.96 -3.435 -2.473 -1.557
-0.34 -0.105 0.95 -4.84 -3.328 -0.595
-0.322 -0.111 0.954 -5.847 -2.336 -0.55
-0.326 -0.11 0.986 -6.29 -4.366 0.107
-0.31 -0.115 0.986 -6.336 -5.359 -0.122
-0.318 -0.118 0.988 -5.878 -6.29 -0.382
-0.319 -0.112 0.986 -5.863 -9.084 -0.107
-0.308 -0.106 0.983 -5.924 -5.13 0.198
-0.288 -0.105 1.0 -5.511 -1.237 0.214
-0.28 -0.111 1.003 -5.069 -1.588 -0.26
-0.282 -0.105 0.994 -4.931 -0.275 -0.977
-0.289 -0.111 0.999 -5.267 0.58 -1.878
-0.303 -0.11 1.004 -5.267 -0.931 -2.0
-0.306 -0.107 0.988 -5.282 -0.061 -1.74
-0.314 -0.107 0.993 -5.74 0.504 -1.71
-0.323 -0.107 1.005 -5.649 0.137 -0.931
-0.315 -0.109 0.998 -4.962 -0.626 -0.55
-0.323 -0.116 1.009 -4.061 -1.435 -0.443
-0.32 -0.121 1.001 -3.557 -1.145 -0.412
-0.32 -0.111 0.993 -3.954 -2.855 -0.305
-0.307 -0.106 0.972 -4.824 -1.832 0.26
-0.295 -0.108 0.989 -5.435 0.198 -0.015
-0.296 -0.104 0.995 -5.573 -0.168 -0.366
-0.297 -0.111 1.028 -5.176 -1.374 -0.29
-0.303 -0.105 1.013 -4.641 -0.84 -0.412
-0.306 -0.113 1.005 -4.58 -1.206 -0.26
-0.313 -0.115 1.007 -5.023 -2.656 -0.29
-0.302 -0.116 1.013 -4.809 -5.008 0.26
-0.301 -0.111 1.013 -4.183 -2.84 0.122
-0.305 -0.105 1.016 -3.878 -2.977 0.076
-0.302 -0.109 1.016 -3.511 -3.939 0.046
-0.3 -0.104 0.997 -3.45 -3.756 -0.29
-0.313 -0.106 0.991 -3.542 -4.901 -0.26
-0.312 -0.111 0.977 -4.122 -2.748 -0.153
-0.314 -0.105 0.991 -4.473 -2.321 0.092
-0.307 -0.102 1.0 -4.992 -3.74 0.489
-0.3 -0.112 0.998 -5.16 -3.099 0.779
-0.291 -0.111 1.002 -4.702 -2.275 0.87
-0.301 -0.11 1.0 -4.824 -0.992 0.824
-0.299 -0.116 1.014 -4.702 -1.649 0.672
-0.297 -0.113 1.024 -4.198 -3.786 0.168
-0.297 -0.112 1.022 -3.542 -4.809 0.168
-0.303 -0.113 1.007 -2.962 -4.595 0.473
-0.311 -0.108 0.999 -2.87 -4.58 0.718
-0.306 -0.101 0.984 -3.206 -4.763 1.13
-0.312 -0.104 0.981 -3.527 -4.0 1.359
-0.303 -0.112 0.992 -3.511 -8.305 1.664
-0.297 -0.109 0.964 -4.214 -6.397 1.359
-0.295 -0.106 0.996 -4.244 -6.427 1.145
-0.294 -0.106 0.982 -4.504 -7.389 1.527
-0.289 -0.106 0.973 -4.641 -5.908 1.344
-0.295 -0.1 0.984 -4.748 -5.863 1.618
-0.281 -0.105 0.981 -5.374 -5.969 1.969
-0.269 -0.105 0.982 -6.122 -5.069 1.466
-0.269 -0.118 0.986 -6.595 -3.939 0.87
-0.272 -0.108 1.013 -6.275 -3.756 0.061
-0.275 -0.112 1.005 -5.756 -3.878 -0.321
-0.28 -0.115 1.02 -5.374 -3.45 -0.397
-0.276 -0.121 1.018 -4.733 -4.061 -0.626
-0.28 -0.113 1.005 -4.305 -4.55 -0.656
-0.284 -0.11 1.003 -4.26 -4.198 -0.366
-0.282 -0.116 1.009 -4.489 -4.076 -0.336
-0.288 -0.116 0.998 -4.748 -6.061 -0.046
-0.276 -0.111 1.0 -5.099 -5.084 -0.321
-0.288 -0.108 1.007 -4.901 -4.916 -0.412
-0.283 -0.114 1.018 -4.809 -4.855 -0.214
-0.277 -0.115 1.001 -4.687 -3.405 -0.168
-0.272 -0.11 0.999 -4.458 -3.008 -0.168
-0.271 -0.106 1.004 -4.611 -1.725 0.0
-0.277 -0.104 1.008 -4.809 -2.168 -0.321
-0.274 -0.115 0.999 -4.901 -2.794 -0.382
-0.271 -0.112 1.018 -4.885 -3.969 -1.16
-0.276 -0.112 1.014 -4.443 -6.26 -1.481
-0.282 -0.106 0.997 -4.382 -5.832 -1.649
-0.283 -0.105 0.997 -4.565 -4.336 -1.023
-0.278 -0.1 0.987 -4.779 -2.595 -0.824
-0.277 -0.103 1.004 -5.053 -1.939 -0.458
-0.285 -0.109 1.018 -5.023 -4.336 -0.137
-0.273 -0.112 1.014 -4.656 -6.84 -0.443
-0.28 -0.116 1.012 -4.26 -10.0 -0.824
-0.286 -0.112 1.008 -3.908 -13.053 -0.641
-0.281 -0.113 1.006 -3.527 -13.542 -0.168
-0.277 -0.113 0.981 -4.0 -8.473 -0.137
-0.274 -0.108 1.002 -4.504 -5.298 -0.046
-0.27 -0.104 0.998 -4.672 -4.794 0.214
-0.276 -0.107 1.006 -5.038 -4.122 -0.015
-0.268 -0.104 1.009 -5.069 -7.389 -0.015
-0.268 -0.108 1.002 -5.084 -8.626 -0.061
-0.26 -0.1 0.997 -5.344 -5.374 -0.244
-0.25 -0.111 1.008 -5.191 -2.595 -0.565
-0.256 -0.107 1.005 -5.527 -0.809 -0.687
-0.255 -0.104 1.008 -5.405 0.366 -1.069
-0.265 -0.111 1.025 -5.008 -0.107 -1.298
-0.264 -0.108 1.025 -4.519 -2.901 -1.588
-0.276 -0.11 1.022 -3.985 -3.603 -2.046
-0.28 -0.106 1.009 -4.153 -3.771 -1.252
-0.282 -0.108 0.998 -5.069 -2.702 -0.214
-0.284 -0.114 1.003 -5.405 -2.779 0.321
-0.27 -0.119 1.018 -5.038 -3.084 0.0
-0.275 -0.111 1.023 -4.565 -2.26 -0.244
-0.281 -0.107 1.004 -4.733 -3.557 0.26
-0.277 -0.112 1.001 -5.374 -3.405 0.427
-0.269 -0.108 1.004 -5.527 -2.26 0.336
-0.26 -0.101 1.008 -5.344 -1.053 0.29
-0.262 -0.108 1.009 -5.237 -1.954 0.412
-0.257 -0.105 1.008 -5.16 -1.695 0.031
-0.256 -0.11 1.012 -5.099 -2.382 -0.214
-0.26 -0.108 1.018 -4.702 -1.405 -0.443
-0.271 -0.103 1.003 -4.55 -2.611 -0.183
-0.271 -0.106 0.997 -5.023 -2.473 0.076
-0.28 -0.103 0.989 -5.71 -1.008 0.336
-0.269 -0.112 1.016 -5.374 0.702 0.275
-0.28 -0.11 1.012 -5.053 1.603 0.092
-0.265 -0.112 1.015 -4.733 -0.809 0.275
-0.264 -0.105 0.996 -5.084 -1.435 0.214
-0.273 -0.106 0.992 -5.573 0.305 0.336
-0.271 -0.108 0.998 -6.336 -0.275 0.702
-0.267 -0.111 1.012 -6.809 -0.763 0.534
-0.264 -0.113 1.021 -6.473 -2.412 0.412
-0.263 -0.116 1.028 -5.924 -3.115 0.565
-0.265 -0.115 1.031 -5.176 -3.603 0.366
-0.267 -0.112 1.02 -4.519 -4.565 0.504
-0.255 -0.112 1.013 -4.351 -2.229 0.321
-0.262 -0.105 1.021 -4.031 -1.74 -0.107
-0.258 -0.111 1.01 -4.092 -2.794 -0.107
-0.254 -0.11 1.005 -4.198 -3.053 -0.229
-0.259 -0.102 0.997 -4.641 -2.443 0.031
-0.255 -0.104 1.0 -4.794 -0.84 0.168
-0.252 -0.101 0.999 -5.527 -1.237 0.321
-0.254 -0.105 1.007 -5.786 -2.794 0.153
-0.253 -0.108 1.019 -5.466 -4.58 -0.061
-0.245 -0.113 1.009 -4.992 -2.382 -0.855
-0.257 -0.114 1.023 -4.916 -3.634 -0.733
-0.257 -0.118 1.007 -5.008 -4.198 -0.519
-0.263 -0.11 1.005 -5.359 -2.595 -0.382
-0.262 -0.114 1.015 -5.695 -3.359 0.0
-0.259 -0.111 1.011 -5.176 -1.847 0.061
-0.246 -0.121 1.03 -5.389 -1.389 -0.229
-0.248 -0.118 1.032 -5.176 -2.962 -0.397
-0.25 -0.117 1.035 -4.748 -4.092 -0.397
-0.25 -0.115 1.026 -4.229 -3.084 -0.763
-0.25 -0.118 1.017 -3.985 -2.061 -0.992
-0.247 -0.117 1.007 -4.153 -0.656 -0.748
-0.259 -0.111 1.009 -4.305 -0.336 -0.565
-0.248 -0.113 1.01 -4.382 0.153 -0.763
-0.254 -0.109 1.009 -4.29 0.031 -1.145
-0.252 -0.104 1.005 -4.076 -1.16 -1.405
-0.252 -0.101 0.99 -4.153 -1.771 -1.756
-0.255 -0.108 0.991 -4.305 -0.855 -1.863
-0.255 -0.107 0.975 -5.084 0.977 -1.985
-0.266 -0.101 0.991 -5.588 1.359 -1.863
-0.261 -0.108 1.002 -5.756 -0.351 -1.817
-0.258 -0.107 1.008 -5.374 0.198 -2.244
-0.264 -0.103 1.006 -4.702 0.55 -2.366
-0.274 -0.111 1.017 -5.053 -0.137 -1.557
-0.263 -0.107 0.998 -5.084 0.977 -1.176
-0.264 -0.114 0.999 -5.802 2.962 -1.282
-0.261 -0.109 1.013 -5.695 3.282 -1.16
-0.262 -0.118 1.015 -5.74 3.053 -1.389
-0.268 -0.117 1.027 -5.481 0.351 -1.405
-0.271 -0.111 1.02 -4.824 -2.809 -1.313
-0.272 -0.119 1.008 -4.748 -3.71 -1.16
-0.276 -0.115 1.012 -4.947 -3.725 -0.656
-0.265 -0.109 1.01 -5.023 -2.733 0.046
-0.254 -0.112 1.009 -5.145 -0.214 -0.198
-0.251 -0.112 1.027 -5.069 0.794 -0.824
-0.248 -0.114 1.017 -5.374 -0.443 -1.13
-0.249 -0.113 1.016 -4.962 -0.519 -1.252
-0.266 -0.108 1.027 -4.565 -1.313 -1.496
-0.266 -0.121 1.023 -4.122 -2.183 -1.267
-0.273 -0.114 1.014 -3.954 -1.618 -0.901
-0.275 -0.113 0.999 -4.076 0.947 -0.87
-0.285 -0.11 1.015 -4.748 -0.504 -0.183
-0.271 -0.115 1.01 -4.87 -1.802 0.107
-0.279 -0.106 0.998 -5.13 -2.031 0.214
-0.274 -0.103 1.001 -5.359 -0.489 0.718
-0.276 -0.112 1.006 -5.298 1.588 0.702
-0.265 -0.112 1.026 -5.863 -2.076 1.023
-0.249 -0.118 1.03 -5.466 -2.473 0.656
-0.257 -0.109 1.011 -5.252 -3.603 0.504
-0.25 -0.115 1.016 -4.84 -1.099 0.427
-0.243 -0.123 1.021 -4.168 1.008 -0.26
-0.246 -0.11 1.022 -3.481 1.679 -0.565
-0.249 -0.12 1.021 -3.237 1.588 -0.962
-0.265 -0.119 1.011 -3.313 0.748 -1.145
-0.274 -0.115 1.014 -3.527 -2.718 -0.84
-0.266 -0.116 0.995 -3.634 -2.351 -0.595
-0.279 -0.105 1.001 -3.924 -2.443 0.122
-0.271 -0.114 1.006 -4.244 -1.511 0.412