0.13 -0.209 1.026 9.847 13.099 -4.092
0.125 -0.203 1.036 9.557 10.366 -2.977
0.125 -0.208 1.046 9.008 8.855 -1.863
0.129 -0.199 1.033 8.305 6.931 -1.145
0.134 -0.197 1.033 7.588 5.191 -1.13
0.126 -0.198 1.028 6.519 3.985 -0.901
0.128 -0.189 1.034 5.847 4.183 -0.427
0.131 -0.194 1.033 5.252 2.504 -0.305
0.138 -0.192 1.02 4.107 0.351 -0.641
0.151 -0.186 1.018 2.763 0.504 -0.336
0.158 -0.188 0.994 0.641 0.687 -0.718
0.16 -0.184 0.991 -1.695 1.023 -1.344
0.153 -0.193 1.0 -3.634 -0.122 -1.435
0.138 -0.196 1.041 -4.031 0.26 -0.611
0.121 -0.202 1.047 -3.45 0.046 0.672
0.127 -0.202 1.052 -2.748 -0.626 1.405
0.137 -0.197 1.039 -3.023 -1.191 1.252
0.143 -0.204 1.063 -1.893 -1.74 1.16
0.146 -0.199 1.052 -1.496 -0.824 0.931
0.153 -0.203 1.048 -1.496 0.076 0.641
0.154 -0.195 1.047 -2.076 0.336 0.336
0.149 -0.198 1.042 -3.023 -2.427 -0.382
0.136 -0.193 1.038 -3.618 -3.176 -0.198
0.135 -0.197 1.034 -4.092 -4.244 -0.122
0.137 -0.194 1.053 -4.137 -6.809 0.366
0.147 -0.2 1.076 -3.053 -4.458 1.145
0.141 -0.205 1.079 -1.771 -4.443 1.084
0.146 -0.194 1.08 -0.183 -4.595 0.824
0.148 -0.193 1.052 0.458 -3.573 0.916
0.151 -0.188 1.056 0.718 -2.626 0.29
0.161 -0.187 1.045 -0.183 -3.145 0.061
0.156 -0.188 1.026 -1.756 -1.695 -0.397
0.153 -0.18 1.015 -4.076 -3.13 -0.87
0.148 -0.18 1.012 -5.878 -3.756 -0.611
0.139 -0.185 1.026 -7.099 -3.496 -0.366
0.138 -0.195 1.039 -7.573 -3.588 0.229
0.134 -0.201 1.07 -6.656 -2.229 1.099
0.144 -0.199 1.063 -5.771 -3.557 0.977
0.145 -0.198 1.066 -5.069 -5.206 0.916
0.148 -0.197 1.063 -4.244 -3.053 1.466
0.153 -0.191 1.057 -3.756 0.29 1.74
0.155 -0.197 1.054 -4.29 0.84 1.496
0.149 -0.189 1.052 -5.038 -1.893 1.084
0.148 -0.189 1.047 -6.076 -3.099 1.466
0.152 -0.193 1.045 -6.901 -3.069 1.603
0.162 -0.198 1.043 -7.634 -2.855 1.099
0.151 -0.2 1.063 -7.618 -4.504 0.611
0.159 -0.2 1.062 -7.328 -2.977 0.977
0.165 -0.201 1.063 -7.16 -1.893 0.656
0.158 -0.202 1.056 -7.191 -2.489 0.626
0.159 -0.202 1.057 -7.679 -3.802 0.489
0.16 -0.199 1.041 -8.656 -4.504 0.443
0.163 -0.203 1.043 -9.527 -4.534 0.305
0.175 -0.193 1.047 -11.527 -1.924 -0.168
0.199 -0.189 1.04 -13.893 2.198 -1.099
0.215 -0.182 1.044 -17.908 7.74 -2.718
0.227 -0.167 1.08 -22.779 15.038 -5.023
0.199 -0.172 1.138 -27.573 17.435 -7.695
0.146 -0.165 1.236 -32.137 17.71 -10.748
0.064 -0.18 1.376 -31.069 9.282 -13.344
0.006 -0.195 1.456 -28.107 8.55 -11.435
-0.019 -0.21 1.509 -23.038 13.237 -8.305
-0.033 -0.216 1.537 -16.26 15.603 -3.45
0.011 -0.238 1.553 -6.931 17.328 -1.817
0.04 -0.233 1.589 -0.412 22.718 0.977
0.075 -0.234 1.513 8.397 20.702 0.443
0.114 -0.217 1.464 13.023 24.076 -0.214
0.125 -0.198 1.396 15.939 26.076 -2.412
0.144 -0.19 1.354 15.45 26.855 -5.328
0.125 -0.195 1.349 14.595 29.496 -7.771
0.121 -0.204 1.384 16.26 33.924 -8.916
0.082 -0.219 1.41 18.84 34.55 -9.282
0.062 -0.219 1.436 23.908 33.298 -9.084
0.068 -0.219 1.425 29.282 35.099 -9.13
0.06 -0.178 1.452 35.939 36.122 -9.954
0.03 -0.189 1.391 36.198 38.641 -8.718
0.001 -0.189 1.379 39.237 39.71 -6.931
-0.003 -0.176 1.365 40.931 40.0 -4.015
-0.006 -0.183 1.337 42.366 36.748 -1.267
0.03 -0.182 1.307 44.351 35.16 0.55
0.065 -0.19 1.298 49.282 34.229 -0.84
0.082 -0.188 1.271 47.206 32.611 1.084
0.105 -0.149 1.261 53.023 38.733 1.71
0.128 -0.183 1.276 51.985 30.153 -0.885
0.146 -0.171 1.263 55.176 36.519 -2.58
0.135 -0.162 1.239 57.695 42.275 -4.336
0.126 -0.155 1.2 59.603 46.26 -5.695
0.095 -0.134 1.155 59.405 44.977 -6.977
0.075 -0.129 1.109 57.16 37.542 -8.595
0.095 -0.074 1.143 55.74 22.0 -12.382
0.1 -0.115 1.059 47.481 14.733 -12.794
0.112 -0.116 1.093 45.511 21.679 -11.985
0.119 -0.126 1.114 46.198 32.718 -9.679
0.109 -0.125 1.128 49.084 44.229 -6.672
0.11 -0.123 1.114 55.069 51.939 -4.534
0.125 -0.09 1.051 58.916 51.45 -4.779
0.122 -0.069 0.986 60.489 49.16 -6.458
0.107 -0.042 0.927 60.015 45.191 -8.626
0.081 -0.021 0.869 56.947 41.466 -10.779
0.032 -0.007 0.833 53.145 39.16 -11.527
-0.002 0.008 0.811 48.641 32.26 -11.573
-0.024 0.023 0.796 43.237 24.931 -11.74
-0.022 0.036 0.775 36.855 18.061 -12.412
-0.023 0.044 0.788 31.634 10.107 -14.702
-0.038 0.06 0.797 27.542 5.985 -16.153
-0.058 0.059 0.813 24.855 3.542 -17.115
-0.065 0.069 0.821 24.489 -0.504 -17.756
-0.074 0.079 0.795 22.29 -7.802 -19.099
-0.065 0.084 0.797 19.328 -12.168 -20.244
-0.051 0.091 0.791 15.313 -6.855 -20.672
-0.04 0.078 0.799 12.092 2.046 -21.42
-0.027 0.08 0.805 9.374 15.847 -21.725
-0.058 0.083 0.819 7.42 19.496 -22.519
-0.085 0.086 0.829 6.122 15.069 -24.061
-0.109 0.094 0.848 5.481 8.595 -24.748
-0.137 0.095 0.851 6.0 -3.71 -25.038
-0.152 0.099 0.851 6.168 -17.206 -23.969
-0.148 0.106 0.833 5.985 -29.466 -23.405
-0.114 0.104 0.825 4.26 -32.153 -22.595
-0.103 0.109 0.833 2.366 -20.443 -20.718
-0.124 0.104 0.847 0.733 -7.496 -17.466
-0.148 0.104 0.867 0.947 5.344 -13.954
-0.166 0.105 0.915 1.42 12.901 -10.0
-0.173 0.08 0.941 6.947 23.038 -7.603
-0.201 0.113 0.905 3.466 4.427 -4.351
-0.199 0.11 0.909 5.191 -5.252 -3.099
-0.177 0.113 0.881 4.061 -17.893 -2.702
-0.125 0.105 0.887 2.809 -23.695 -3.267
-0.108 0.097 0.894 1.466 -18.595 -3.191
-0.114 0.088 0.912 0.992 -11.466 -1.969
-0.126 0.089 0.916 0.458 -2.489 0.626
-0.132 0.095 0.934 -0.092 4.794 3.603
-0.132 0.086 0.942 -0.366 6.244 6.137
-0.113 0.085 0.942 -0.183 4.107 7.282
-0.101 0.093 0.944 -0.153 -0.29 7.374
-0.088 0.099 0.95 0.748 -5.893 6.824
-0.061 0.095 0.943 1.435 -7.267 5.893
-0.052 0.092 0.931 0.916 -1.924 5.695
-0.069 0.103 0.923 0.0 2.397 6.061
-0.073 0.101 0.923 -0.779 4.992 6.718
-0.073 0.106 0.93 -1.878 6.168 7.176
-0.068 0.112 0.939 -2.962 5.099 6.595
-0.07 0.115 0.937 -4.107 1.45 5.435
-0.06 0.109 0.945 -4.55 -1.802 3.878
-0.067 0.116 0.947 -4.733 -4.534 2.931
-0.067 0.114 0.939 -4.931 -7.649 2.076
-0.058 0.111 0.953 -5.557 -5.328 2.092
-0.05 0.112 0.955 -5.878 -0.183 2.641
-0.051 0.119 0.967 -6.137 4.183 3.145
-0.052 0.121 0.97 -6.26 5.389 2.626
-0.052 0.122 0.979 -5.924 2.076 1.496
-0.054 0.124 0.98 -5.817 -1.084 0.076
-0.053 0.125 0.987 -5.725 -4.29 -1.542
-0.05 0.119 0.983 -6.641 -5.405 -2.916
-0.064 0.118 0.986 -7.679 -5.496 -3.695
-0.077 0.123 1.012 -7.435 -4.748 -3.45
-0.075 0.119 1.014 -7.176 -2.489 -2.962
-0.069 0.129 1.033 -6.0 -0.702 -3.023
-0.077 0.137 1.037 -5.023 1.618 -2.595
-0.082 0.136 1.023 -4.519 0.244 -2.611
-0.085 0.15 1.015 -4.656 -2.748 -3.267
-0.081 0.154 1.011 -5.786 -5.45 -4.183
-0.086 0.159 1.016 -7.206 -5.359 -4.489
-0.089 0.147 1.027 -7.985 -5.282 -4.519
-0.103 0.154 1.036 -8.076 -4.55 -4.214
-0.104 0.145 1.035 -8.641 -3.42 -3.939
-0.102 0.145 1.053 -8.702 -2.046 -3.389
-0.106 0.153 1.066 -8.473 -2.076 -3.176
-0.105 0.145 1.079 -8.275 -2.382 -3.053
-0.104 0.14 1.08 -7.924 -4.137 -3.573
-0.103 0.138 1.096 -6.962 -5.099 -4.214
-0.113 0.137 1.094 -5.817 -7.42 -4.183
-0.11 0.132 1.078 -4.916 -8.366 -3.664
-0.107 0.133 1.068 -4.321 -7.588 -2.718
-0.096 0.132 1.045 -4.137 -4.809 -1.74
-0.084 0.131 1.04 -4.58 -2.504 -1.053
-0.094 0.132 1.027 -5.45 -0.427 -0.397
-0.083 0.133 1.037 -6.26 0.947 -0.336
-0.083 0.128 1.034 -7.435 0.305 -0.733
-0.097 0.128 1.043 -8.26 -2.336 -1.282
-0.099 0.127 1.052 -9.13 -4.595 -1.664
-0.098 0.122 1.061 -9.496 -6.473 -1.71
-0.097 0.122 1.054 -9.237 -5.786 -1.466
-0.093 0.117 1.064 -9.435 -2.26 -0.931
-0.089 0.111 1.071 -9.557 -0.015 -0.656
-0.103 0.114 1.075 -9.405 2.321 0.122
-0.101 0.113 1.085 -8.733 2.702 0.26
-0.11 0.111 1.085 -7.634 0.107 0.183
-0.106 0.108 1.099 -6.351 -2.748 0.031
-0.1 0.112 1.089 -4.733 -4.397 -0.153
-0.095 0.106 1.075 -3.252 -4.809 -0.321
-0.098 0.111 1.064 -2.458 -4.305 -0.198
-0.104 0.115 1.05 -1.924 -5.45 0.29
-0.092 0.133 1.033 -2.046 -4.412 0.824
-0.084 0.139 1.025 -2.794 -2.336 0.885
-0.089 0.143 1.028 -3.756 -0.595 1.298
-0.094 0.146 1.01 -4.672 -0.198 1.725
-0.098 0.145 1.01 -5.954 0.229 2.122
-0.093 0.135 1.046 -6.962 -0.519 2.275
-0.089 0.134 1.036 -7.466 -0.702 2.794
-0.079 0.127 1.047 -7.267 0.336 2.641
-0.067 0.134 1.057 -6.702 2.198 2.107
-0.071 0.135 1.053 -5.954 3.359 1.603
-0.077 0.137 1.051 -5.496 2.214 1.023
-0.079 0.13 1.043 -5.725 1.725 0.672
-0.082 0.128 1.037 -6.55 0.489 0.489
-0.089 0.127 1.046 -7.176 -0.87 0.672
-0.086 0.124 1.053 -7.573 -2.55 0.641
-0.074 0.126 1.064 -7.664 -3.802 0.534
-0.063 0.123 1.064 -7.344 -3.084 0.29
-0.063 0.127 1.06 -6.977 -0.351 0.0
-0.064 0.129 1.062 -6.641 -0.763 -0.198
-0.066 0.123 1.055 -5.771 -0.947 -0.534
-0.067 0.132 1.043 -5.496 -1.679 -1.16
-0.062 0.129 1.036 -5.45 -2.229 -1.634
-0.068 0.137 1.042 -5.817 -1.511 -2.076
-0.077 0.137 1.028 -6.565 -0.122 -2.336
-0.076 0.142 1.029 -7.939 -0.427 -2.061
-0.083 0.135 1.035 -8.962 0.473 -2.183
-0.087 0.136 1.054 -9.664 0.473 -2.382
-0.09 0.119 1.066 -9.527 0.244 -2.58
-0.098 0.119 1.074 -8.779 -0.641 -2.382
-0.101 0.112 1.087 -8.076 -1.527 -2.076
-0.089 0.107 1.08 -6.992 -0.718 -1.863
-0.089 0.118 1.078 -6.427 0.443 -1.13
-0.085 0.107 1.059 -6.275 2.641 -0.809
-0.095 0.114 1.065 -6.336 2.458 -0.595
-0.098 0.111 1.07 -6.061 -0.977 -0.824
-0.095 0.104 1.073 -5.267 -3.481 -1.252
-0.097 0.111 1.07 -4.366 -4.656 -1.649
-0.09 0.113 1.062 -4.092 -3.557 -1.618
-0.088 0.113 1.05 -3.817 -2.565 -1.42
-0.084 0.116 1.046 -4.275 -2.046 -1.176
-0.082 0.111 1.048 -4.55 -1.099 -1.053
-0.096 0.11 1.055 -4.84 -1.328 -1.023
-0.091 0.11 1.057 -4.321 -1.634 -1.206
-0.098 0.112 1.047 -4.58 -0.137 -0.962
-0.099 0.11 1.046 -4.672 -1.237 -1.16
-0.107 0.115 1.038 -5.008 -1.359 -0.901
-0.098 0.121 1.027 -5.42 -1.573 -0.656
-0.101 0.117 1.036 -6.153 -1.008 -0.046
-0.106 0.112 1.04 -6.733 -1.328 0.366
-0.103 0.111 1.037 -7.176 -1.435 0.809
-0.101 0.11 1.051 -7.267 -1.405 1.115
-0.095 0.108 1.054 -6.916 -0.809 1.344
-0.091 0.111 1.069 -6.244 0.198 0.763
-0.092 0.113 1.067 -5.908 -1.481 0.031
-0.094 0.111 1.064 -5.252 -2.29 -0.122
-0.094 0.109 1.062 -4.855 -2.29 0.046
-0.093 0.115 1.052 -4.824 -2.092 0.427
-0.093 0.116 1.057 -5.282 -1.053 0.809
-0.096 0.114 1.047 -5.145 -0.916 1.099
-0.088 0.114 1.044 -5.13 -0.992 1.099
-0.075 0.108 1.056 -5.206 -0.977 0.611
-0.082 0.109 1.049 -4.58 -1.786 0.122
-0.084 0.113 1.056 -3.893 -3.023 -0.397
-0.084 0.118 1.049 -3.786 -3.985 -0.855
-0.087 0.118 1.027 -4.763 -3.679 -1.008
-0.093 0.115 1.031 -5.893 -2.626 -0.443
-0.096 0.113 1.044 -6.55 -2.733 -0.137
-0.1 0.116 1.056 -6.794 -2.489 0.473
-0.096 0.107 1.075 -6.58 -2.962 0.595
-0.085 0.108 1.068 -5.756 -0.977 0.336
-0.093 0.111 1.074 -5.695 0.519 0.702
-0.091 0.105 1.067 -5.328 -0.137 0.977
-0.092 0.106 1.064 -5.405 -0.84 0.992
-0.085 0.105 1.064 -4.824 -2.198 0.763
-0.075 0.107 1.066 -4.382 -3.038 0.351
-0.077 0.11 1.055 -3.954 -2.763 0.305
-0.075 0.112 1.053 -3.969 -1.481 -0.015
-0.079 0.116 1.042 -4.473 -1.176 0.153
-0.078 0.118 1.031 -4.779 -2.031 0.26
-0.081 0.116 1.029 -5.45 -2.733 0.229
-0.084 0.117 1.031 -5.924 -4.046 -0.26
-0.082 0.109 1.042 -6.229 -4.489 -0.672
-0.082 0.113 1.043 -6.26 -3.359 -0.534
-0.081 0.117 1.05 -6.229 -2.336 -0.29
-0.078 0.117 1.041 -6.321 -2.504 -0.412
-0.083 0.11 1.043 -6.458 -1.481 -0.595
-0.085 0.111 1.049 -6.29 -1.634 -0.611
-0.087 0.109 1.046 -6.427 -1.71 -0.519
-0.092 0.111 1.051 -6.779 -3.863 -0.534
-0.09 0.109 1.057 -6.809 -4.458 -0.244
-0.091 0.109 1.043 -6.809 -3.924 -0.305
-0.087 0.118 1.049 -7.496 -1.893 0.015
-0.098 0.108 1.054 -7.985 -0.504 0.733
-0.097 0.104 1.059 -8.122 -1.374 1.298
-0.093 0.107 1.073 -7.679 -2.885 1.405
-0.093 0.104 1.082 -6.672 -3.588 0.947
-0.082 0.106 1.081 -6.0 -3.252 0.916
-0.083 0.106 1.064 -5.878 -2.947 1.084
-0.077 0.107 1.053 -6.046 -2.977 1.221
-0.077 0.112 1.044 -6.718 -2.763 1.328
-0.075 0.101 1.05 -7.176 -2.061 1.389
-0.075 0.095 1.062 -7.435 -1.099 1.573
-0.08 0.09 1.064 -7.298 -1.725 1.771
-0.074 0.093 1.062 -6.947 -2.672 1.511
-0.07 0.093 1.067 -6.275 -3.344 0.824
-0.067 0.091 1.065 -5.282 -4.092 0.061
-0.068 0.09 1.065 -4.641 -4.0 -0.565
-0.071 0.104 1.052 -4.351 -3.389 -0.366
-0.072 0.105 1.032 -4.656 -2.702 -0.137
-0.074 0.113 1.025 -4.733 -3.145 -0.321
-0.067 0.11 1.02 -5.969 -3.664 -0.611
-0.069 0.114 1.019 -6.779 -3.725 -0.947
-0.083 0.114 1.027 -7.649 -3.71 -0.656
-0.08 0.112 1.019 -8.763 -4.305 -0.794
-0.084 0.108 1.035 -9.481 -3.863 -0.336
-0.091 0.098 1.049 -9.71 -2.809 -0.137
-0.091 0.098 1.052 -9.695 -2.947 0.275
-0.09 0.099 1.058 -9.588 -2.87 0.763
-0.093 0.095 1.051 -9.405 -3.603 0.824
-0.091 0.092 1.058 -9.115 -4.015 1.053
-0.089 0.101 1.066 -8.672 -3.603 1.389
-0.08 0.095 1.071 -8.092 -3.389 1.298
-0.08 0.09 1.076 -7.649 -2.901 1.557
-0.066 0.095 1.077 -6.931 -3.359 1.374
-0.072 0.096 1.074 -6.687 -3.847 0.916
-0.064 0.103 1.06 -6.641 -4.855 0.672
-0.057 0.101 1.056 -7.328 -4.916 0.366
-0.065 0.102 1.064 -7.618 -4.198 0.183
-0.059 0.1 1.07 -7.389 -3.267 0.336
-0.062 0.095 1.076 -7.527 -2.336 0.55
-0.059 0.094 1.068 -7.328 -1.664 0.458
-0.057 0.092 1.071 -7.221 -1.466 0.534
-0.059 0.095 1.071 -7.13 -2.046 0.397
-0.054 0.095 1.073 -7.42 -2.0 0.275
-0.054 0.087 1.08 -7.298 -2.733 -0.076
-0.052 0.087 1.081 -6.504 -2.947 -0.55
-0.057 0.077 1.084 -5.863 -3.13 -0.733
-0.057 0.076 1.074 -5.206 -3.71 -0.931
-0.055 0.077 1.065 -4.947 -2.702 -1.099
-0.063 0.085 1.063 -4.977 -2.992 -1.435
-0.063 0.086 1.059 -4.901 -3.344 -1.374
-0.068 0.084 1.058 -5.069 -3.527 -1.237
-0.07 0.088 1.058 -4.885 -4.351 -1.206
-0.065 0.076 1.064 -5.191 -4.687 -1.313
-0.062 0.074 1.057 -4.962 -4.397 -1.13
-0.058 0.076 1.054 -4.687 -3.802 -0.901
-0.061 0.082 1.042 -4.595 -2.168 -0.947
-0.063 0.087 1.033 -5.191 -1.878 -0.977
-0.058 0.088 1.046 -6.153 -2.0 -1.298
-0.059 0.088 1.052 -6.824 -2.534 -1.359
-0.064 0.083 1.068 -7.847 -2.366 -0.901
-0.072 0.086 1.085 -6.534 -2.397 -1.405
-0.085 0.083 1.074 -5.847 -3.374 -0.947
-0.075 0.087 1.081 -5.45 -3.374 -0.366
-0.077 0.083 1.075 -5.084 -3.252 -0.107
-0.07 0.092 1.072 -5.099 -2.473 0.458
-0.062 0.088 1.061 -4.489 -1.878 0.595
-0.054 0.09 1.068 -4.504 -2.977 0.382
-0.051 0.085 1.063 -4.504 -4.916 -0.107
-0.046 0.096 1.061 -4.275 -6.122 -0.702
-0.053 0.084 1.075 -3.924 -5.573 -0.656
-0.052 0.096 1.075 -3.588 -4.244 -0.321
-0.043 0.093 1.066 -3.847 -2.137 -0.122
-0.037 0.089 1.065 -3.664 -1.527 -0.504
-0.046 0.09 1.068 -3.328 -2.092 -0.534
-0.041 0.089 1.065 -2.504 -2.794 -0.947
-0.045 0.095 1.05 -2.611 -3.786 -1.481
-0.047 0.086 1.061 -2.351 -3.969 -1.679
-0.048 0.087 1.061 -2.214 -3.924 -1.679
-0.053 0.093 1.062 -2.214 -4.168 -1.511
-0.042 0.085 1.064 -1.756 -3.191 -1.634
-0.036 0.095 1.048 -1.832 -1.985 -1.481
-0.041 0.105 1.034 -2.473 -1.954 -2.015
-0.047 0.108 1.033 -3.649 -3.099 -2.244
-0.055 0.102 1.038 -5.16 -3.725 -2.397
-0.061 0.101 1.058 -6.519 -5.267 -2.107
-0.065 0.093 1.105 -6.183 -4.489 -1.435
-0.067 0.077 1.127 -3.939 -2.947 -0.947
-0.066 0.071 1.143 -1.359 -1.954 -0.809
-0.056 0.078 1.144 1.237 -0.122 -0.214
-0.063 0.075 1.138 3.496 2.122 0.366
-0.059 0.078 1.107 5.16 2.275 0.916
-0.054 0.089 1.075 5.893 1.374 1.313
-0.046 0.095 1.061 5.679 0.595 1.099
-0.038 0.102 1.042 3.832 -0.489 0.443
-0.044 0.106 1.041 2.244 -2.595 -0.321
-0.054 0.112 1.032 0.794 -3.298 -0.672
-0.064 0.109 1.047 -0.183 -4.153 -0.489
-0.05 0.112 1.043 -0.962 -3.206 -0.046
-0.048 0.105 1.04 -1.466 -1.511 0.397
-0.049 0.106 1.045 -1.924 -0.962 0.855
-0.044 0.104 1.048 -2.336 0.412 0.824
-0.038 0.11 1.053 -2.641 0.061 0.214
-0.044 0.106 1.044 -3.115 -1.267 -0.55
-0.045 0.104 1.039 -3.893 -2.611 -1.16
-0.044 0.113 1.045 -4.198 -3.13 -1.588
-0.05 0.107 1.052 -4.061 -3.069 -1.557
-0.06 0.107 1.04 -4.168 -3.176 -1.298
-0.059 0.112 1.027 -5.023 -2.427 -0.977
-0.067 0.107 1.026 -5.802 -2.382 -0.427
-0.067 0.115 1.04 -6.55 -2.534 -0.336
-0.068 0.116 1.059 -6.718 -2.733 0.107
-0.055 0.106 1.071 -6.489 -2.962 0.321
-0.055 0.107 1.078 -5.847 -2.198 0.107
-0.056 0.101 1.08 -4.977 -2.382 -0.046
-0.056 0.096 1.076 -4.0 -3.252 -0.168
-0.052 0.104 1.059 -3.74 -3.573 -0.26