0.299 -0.161 1.031 -4.412 -8.397 5.42
0.304 -0.162 1.022 -4.977 -4.931 5.557
0.325 -0.161 1.03 -6.0 -2.137 4.748
0.329 -0.171 1.034 -6.931 -2.153 3.405
0.323 -0.168 1.042 -7.282 -3.481 1.817
0.317 -0.177 1.053 -7.374 -4.412 0.992
0.319 -0.177 1.062 -6.794 -3.832 0.595
0.321 -0.186 1.068 -5.832 -2.901 0.122
0.308 -0.179 1.08 -4.656 -2.336 -0.168
0.296 -0.186 1.07 -3.023 -2.55 -0.412
0.292 -0.182 1.09 -1.527 -2.534 0.137
0.29 -0.171 1.069 0.076 -1.511 0.687
0.294 -0.163 1.038 0.305 -2.122 0.947
0.293 -0.158 1.018 -0.26 -3.176 0.809
0.291 -0.152 1.023 -1.573 -3.664 0.702
0.293 -0.158 1.016 -2.626 -2.855 0.794
0.294 -0.156 1.021 -3.405 -2.412 0.87
0.306 -0.165 1.033 -3.908 -2.122 0.519
0.298 -0.165 1.041 -3.481 -2.397 -0.122
0.307 -0.169 1.043 -2.565 -2.397 -0.718
0.306 -0.163 1.025 -2.183 -2.885 -1.359
0.297 -0.153 1.009 -2.305 -3.511 -1.344
0.289 -0.158 0.997 -3.099 -3.878 -1.084
0.3 -0.155 0.985 -4.122 -2.672 -0.794
0.305 -0.156 0.998 -5.679 -1.954 -0.809
0.302 -0.154 1.001 -6.504 -1.786 -0.901
0.302 -0.165 1.007 -7.267 -0.321 -0.702
0.291 -0.157 1.018 -7.176 -1.679 -0.977
0.282 -0.162 1.023 -6.809 -2.885 -1.023
0.286 -0.168 1.033 -6.137 -3.649 -0.87
0.294 -0.17 1.04 -5.267 -4.046 -0.733
0.297 -0.167 1.037 -4.641 -3.084 -0.611
0.315 -0.169 1.032 -4.031 0.198 -0.824
0.311 -0.162 1.02 -3.893 1.71 -1.13
0.295 -0.164 1.027 -3.863 -0.107 -1.191
0.291 -0.167 1.013 -3.969 -1.832 -1.16
0.299 -0.16 1.014 -4.595 -2.214 -1.038
0.304 -0.158 1.0 -5.771 -2.443 -0.855
0.305 -0.153 1.008 -6.305 -3.191 -1.13
0.299 -0.161 1.022 -7.13 -4.244 -1.542
0.299 -0.163 1.016 -7.237 -4.275 -1.481
0.298 -0.167 1.03 -7.496 -4.901 -1.267
0.301 -0.167 1.036 -7.282 -4.504 -0.885
0.312 -0.171 1.019 -7.176 -2.641 -1.084
0.306 -0.168 1.018 -7.481 -2.672 -1.313
0.292 -0.168 1.016 -8.046 -2.992 -1.481
0.292 -0.162 1.02 -8.351 -2.718 -1.313
0.292 -0.165 1.019 -8.366 -4.397 -1.389
0.283 -0.167 1.027 -8.687 -5.313 -1.115
0.294 -0.169 1.02 -8.595 -4.534 -0.58
0.298 -0.168 1.022 -8.672 -1.908 -0.198
0.304 -0.178 1.027 -8.229 -0.321 -0.214
0.299 -0.163 1.027 -8.214 -0.626 -0.183
0.295 -0.164 1.017 -8.595 -1.008 -0.168
0.3 -0.172 1.024 -9.267 -1.42 -0.26
0.293 -0.165 1.031 -9.924 -1.817 0.137
0.285 -0.171 1.038 -10.122 -1.725 0.489
0.286 -0.176 1.052 -11.13 -2.809 0.534
0.299 -0.181 1.06 -10.931 -3.756 0.87
0.304 -0.18 1.078 -10.824 -6.824 0.229
0.321 -0.181 1.092 -12.183 -3.023 0.382
0.329 -0.182 1.11 -13.145 -0.794 0.275
0.332 -0.183 1.135 -13.573 -0.611 -0.443
0.346 -0.189 1.169 -13.939 -1.466 -1.939
0.348 -0.19 1.188 -14.305 -1.267 -2.901
0.338 -0.183 1.218 -14.092 -0.092 -4.382
0.324 -0.181 1.247 -13.374 1.42 -5.267
0.321 -0.18 1.264 -12.947 5.832 -6.046
0.298 -0.177 1.288 -12.641 8.015 -5.71
0.297 -0.176 1.286 -12.977 7.893 -5.725
0.293 -0.173 1.287 -14.092 4.809 -5.924
0.306 -0.176 1.275 -15.16 1.252 -6.382
0.331 -0.167 1.253 -17.42 2.519 -6.26
0.31 -0.169 1.245 -19.267 0.733 -6.183
0.355 -0.184 1.28 -18.504 5.237 -6.336
0.365 -0.195 1.307 -16.321 7.023 -8.229
0.387 -0.195 1.331 -11.359 7.435 -11.496
0.378 -0.189 1.347 -5.878 9.511 -14.504
0.348 -0.182 1.351 -1.267 10.901 -18.031
0.286 -0.179 1.339 0.824 9.053 -19.756
0.241 -0.194 1.367 3.771 9.206 -18.687
0.239 -0.2 1.379 7.634 11.71 -16.229
0.26 -0.209 1.374 10.718 15.466 -14.229
0.277 -0.206 1.368 14.26 16.534 -13.511
0.325 -0.203 1.34 16.031 19.786 -13.13
0.34 -0.198 1.32 17.725 24.092 -14.137
0.342 -0.193 1.345 18.046 29.298 -14.244
0.345 -0.195 1.332 20.55 34.076 -15.115
0.34 -0.194 1.312 22.122 37.206 -16.718
0.333 -0.199 1.296 23.649 39.389 -18.321
0.32 -0.196 1.276 24.962 39.817 -19.786
0.33 -0.187 1.247 26.595 39.405 -23.008
0.309 -0.167 1.185 25.252 33.466 -27.649
0.268 -0.155 1.168 21.618 25.42 -31.221
0.193 -0.145 1.156 19.16 17.053 -31.542
0.166 -0.123 1.125 17.42 8.137 -30.061
0.16 -0.122 1.101 15.313 1.099 -28.061
0.161 -0.111 1.08 13.221 -5.237 -25.588
0.182 -0.129 1.08 13.176 -9.511 -22.809
0.228 -0.137 1.098 14.977 -9.267 -20.0
0.288 -0.155 1.092 20.473 -0.702 -17.817
0.35 -0.159 1.076 23.832 23.496 -15.496
0.339 -0.166 1.078 28.626 52.733 -12.046
0.313 -0.156 1.054 33.069 72.733 -8.84
0.292 -0.147 1.017 36.244 81.008 -6.672
0.277 -0.14 0.973 39.267 75.71 -6.565
0.273 -0.128 0.928 39.588 63.008 -8.565
0.269 -0.118 0.894 37.725 49.176 -12.015
0.248 -0.101 0.868 34.26 31.359 -16.107
0.213 -0.088 0.875 31.084 10.534 -20.626
0.198 -0.082 0.866 28.794 -8.763 -24.061
0.197 -0.074 0.88 27.908 -21.985 -25.802
0.224 -0.072 0.889 28.84 -19.893 -25.099
0.23 -0.069 0.873 30.947 -0.397 -21.542
0.204 -0.053 0.842 32.504 27.099 -15.252
0.179 -0.041 0.831 30.137 56.656 -7.527
0.139 -0.036 0.823 28.733 70.916 -1.466
0.12 -0.038 0.823 27.099 69.847 1.878
0.11 -0.033 0.831 24.076 58.855 2.87
0.133 -0.031 0.836 21.832 45.618 1.679
0.136 -0.025 0.838 18.443 35.13 -1.008
0.123 -0.033 0.875 16.977 21.588 -4.412
0.153 -0.041 0.89 18.427 15.374 -6.092
0.168 -0.036 0.883 20.473 28.458 -4.382
0.171 -0.021 0.859 21.954 55.435 -0.626
0.135 -0.002 0.842 19.695 81.74 4.183
0.099 0.016 0.831 17.817 89.863 7.802
0.074 0.03 0.792 16.58 79.573 7.847
0.089 0.044 0.773 13.618 56.885 4.015
0.091 0.048 0.738 6.718 42.473 -0.473
0.055 0.034 0.769 0.412 23.252 -5.74
0.021 0.036 0.818 -4.305 5.435 -9.878
-0.01 0.035 0.875 -7.573 -6.687 -12.015
-0.036 0.02 0.938 -7.435 -16.443 -12.092
-0.025 0.014 0.984 -4.656 -15.191 -9.084
0.032 -0.055 0.967 7.45 16.947 -3.802
-0.055 0.04 0.949 -2.168 24.366 4.275
-0.073 0.029 0.983 0.473 48.947 10.305
-0.077 0.031 0.955 1.74 39.45 12.58
-0.063 0.038 0.938 0.962 27.679 12.092
-0.035 0.032 0.932 1.084 11.16 9.344
-0.01 0.041 0.926 -0.519 3.344 6.809
-0.018 0.043 0.926 -2.122 -2.061 4.198
-0.005 0.047 0.931 -2.229 -8.733 1.756
0.013 0.049 0.941 -2.794 -11.649 -1.008
0.015 0.051 0.946 -3.16 -9.74 -2.824
-0.015 0.049 0.975 -3.527 -4.198 -2.305
-0.042 0.045 0.976 -3.328 0.198 -0.382
-0.062 0.051 0.983 -3.42 1.817 1.908
-0.054 0.054 0.963 -3.71 0.733 3.573
-0.041 0.056 0.947 -4.443 -0.427 3.695
-0.046 0.065 0.961 -6.122 -1.969 3.924
-0.045 0.057 0.968 -7.664 -5.71 4.122
-0.041 0.058 0.988 -8.336 -9.985 3.939
-0.021 0.051 1.002 -8.565 -9.878 4.092
-0.018 0.042 1.014 -8.443 -4.26 5.069
-0.006 0.04 1.033 -7.679 3.359 6.382
-0.012 0.046 1.04 -6.443 8.809 7.176
-0.013 0.051 1.023 -6.076 9.191 7.618
-0.007 0.052 1.014 -5.863 5.649 7.191
0.0 0.052 1.023 -6.321 2.473 6.397
-0.0 0.044 1.027 -7.237 -2.107 5.191
-0.003 0.041 1.026 -7.649 -6.0 4.0
0.013 0.035 1.037 -7.954 -8.031 2.962
0.012 0.037 1.065 -7.74 -7.557 2.26
0.013 0.043 1.09 -6.519 -5.466 2.031
0.01 0.045 1.079 -4.0 -3.664 2.229
0.019 0.052 1.072 -2.092 -0.427 2.87
0.024 0.056 1.04 -1.466 2.84 3.435
0.021 0.062 1.027 -2.702 5.374 3.695
0.022 0.074 1.017 -4.336 5.252 3.435
0.022 0.062 1.036 -5.588 1.649 2.214
0.031 0.067 1.028 -6.366 -2.092 1.191
0.039 0.06 1.044 -6.931 -3.786 -0.183
0.037 0.064 1.061 -6.992 -3.42 -1.237
0.041 0.054 1.071 -6.427 -0.809 -1.756
0.033 0.062 1.072 -5.573 3.038 -1.771
0.016 0.064 1.07 -5.969 7.313 -1.008
0.013 0.066 1.067 -6.168 7.878 -1.023
0.005 0.071 1.058 -6.504 5.359 -1.573
0.006 0.069 1.074 -7.237 1.45 -2.626
-0.002 0.059 1.093 -7.191 -0.931 -3.176
-0.016 0.058 1.106 -7.328 -2.076 -3.557
-0.006 0.056 1.114 -6.534 -2.672 -3.405
-0.01 0.056 1.123 -5.328 -3.084 -3.084
-0.003 0.052 1.135 -4.122 -2.26 -2.779
0.002 0.05 1.126 -2.718 -0.885 -2.458
0.009 0.052 1.115 -1.42 -0.046 -2.244
0.009 0.055 1.112 -0.55 0.489 -2.153
0.014 0.054 1.079 -0.244 1.588 -2.519
0.011 0.064 1.071 -1.191 2.473 -3.008
0.003 0.058 1.06 -2.794 2.58 -3.145
0.006 0.052 1.067 -3.496 1.252 -3.328
-0.008 0.054 1.082 -3.328 0.656 -4.0
-0.008 0.049 1.1 -2.595 -0.489 -4.321
-0.015 0.053 1.094 -1.679 -0.916 -4.107
-0.012 0.049 1.081 -0.763 0.26 -3.969
-0.016 0.054 1.073 -0.763 0.58 -3.695
-0.019 0.048 1.067 -0.397 1.191 -3.71
-0.025 0.056 1.051 -1.176 0.321 -3.664
-0.02 0.055 1.035 -2.015 -0.336 -3.939
-0.02 0.052 1.053 -2.473 -1.924 -4.534
-0.027 0.046 1.056 -2.565 -2.794 -4.565
-0.03 0.061 1.048 -2.733 -3.939 -4.809
-0.033 0.065 1.036 -3.145 -5.603 -4.824
-0.035 0.061 1.036 -3.908 -6.641 -4.504
-0.035 0.069 1.034 -4.794 -7.42 -3.649
-0.025 0.066 1.032 -5.099 -3.466 -2.366
-0.027 0.072 1.034 -6.092 2.168 -0.809
-0.025 0.06 1.035 -7.176 6.244 0.473
-0.033 0.062 1.046 -7.939 6.901 0.748
-0.033 0.056 1.07 -7.664 4.641 0.55
-0.028 0.052 1.08 -7.16 1.42 -0.168
-0.036 0.046 1.09 -6.458 -1.405 -0.626
-0.024 0.052 1.099 -5.282 -2.137 -1.069
-0.024 0.054 1.089 -4.198 -2.0 -1.435
-0.026 0.051 1.084 -3.13 -0.336 -0.962
-0.029 0.056 1.069 -3.099 1.71 -0.229
-0.035 0.058 1.05 -3.725 3.878 0.687
-0.031 0.058 1.066 -4.275 3.725 1.008
-0.03 0.058 1.064 -4.672 2.321 1.206
-0.029 0.062 1.065 -4.748 0.595 0.947
-0.031 0.052 1.08 -5.206 -0.779 0.84
-0.021 0.055 1.079 -4.656 -0.901 0.489
-0.016 0.054 1.075 -4.153 -1.206 0.473
-0.005 0.054 1.082 -3.206 0.015 0.275
-0.002 0.055 1.077 -2.26 1.008 0.473
-0.004 0.061 1.056 -1.985 2.565 0.534
-0.006 0.062 1.045 -2.458 3.389 0.534
-0.011 0.066 1.045 -3.527 2.809 0.198
-0.015 0.067 1.044 -4.275 1.115 -0.305
-0.018 0.059 1.038 -4.779 -1.084 -0.534
-0.021 0.065 1.048 -5.069 -3.084 -0.809
-0.018 0.073 1.047 -5.359 -3.618 -0.718
-0.019 0.069 1.044 -5.969 -2.748 -0.611
-0.02 0.061 1.041 -6.84 -1.481 0.153
-0.028 0.059 1.045 -7.267 -0.046 0.901
-0.019 0.063 1.047 -7.45 1.908 1.389
-0.024 0.068 1.062 -7.649 2.0 1.466
-0.023 0.062 1.061 -7.221 0.183 1.221
-0.02 0.057 1.072 -6.84 -1.985 0.427
-0.015 0.056 1.058 -6.015 -2.626 -0.183
-0.011 0.061 1.058 -5.695 -2.992 -0.748
-0.027 0.065 1.049 -5.588 -2.718 -0.931
-0.025 0.064 1.061 -5.405 -1.832 -0.489
-0.016 0.062 1.045 -5.481 -0.595 -0.122
-0.025 0.062 1.042 -6.244 0.824 0.107
-0.035 0.064 1.042 -6.763 1.435 0.031
-0.028 0.06 1.049 -7.405 0.458 -0.046
-0.037 0.06 1.053 -7.786 -1.985 -0.489
-0.031 0.055 1.066 -8.015 -4.275 -0.992
-0.03 0.062 1.08 -7.298 -5.099 -1.023
-0.027 0.057 1.071 -6.382 -3.802 -0.779
-0.022 0.061 1.066 -6.0 -1.16 -0.519
-0.017 0.061 1.053 -6.015 1.45 0.504
-0.019 0.058 1.039 -6.748 2.931 0.763
-0.026 0.05 1.038 -7.924 2.977 0.824
-0.025 0.051 1.058 -8.611 0.626 0.534
-0.02 0.041 1.071 -8.58 -2.702 -0.031
-0.016 0.045 1.079 -8.092 -5.466 -0.748
-0.014 0.039 1.083 -7.481 -6.504 -1.328
-0.011 0.045 1.082 -6.336 -5.527 -1.618
-0.013 0.047 1.068 -6.107 -3.588 -1.878
-0.012 0.043 1.057 -5.756 -1.359 -1.496
-0.011 0.046 1.065 -5.71 0.443 -1.542
-0.021 0.047 1.051 -6.046 1.603 -0.977
-0.024 0.042 1.062 -6.214 0.931 -1.221
-0.023 0.041 1.064 -6.718 -1.267 -1.74
-0.026 0.044 1.073 -6.84 -3.359 -1.969
-0.025 0.036 1.088 -6.321 -4.931 -1.863
-0.02 0.045 1.082 -5.328 -4.275 -1.893
-0.017 0.043 1.076 -4.504 -2.687 -1.847
-0.02 0.046 1.068 -4.397 -1.237 -1.45
-0.015 0.047 1.077 -4.061 -0.427 -1.115
-0.015 0.051 1.065 -3.756 0.885 -1.267
-0.017 0.059 1.058 -4.061 0.489 -1.618
-0.02 0.056 1.06 -4.901 0.0 -1.664
-0.039 0.055 1.062 -5.466 -0.962 -1.221
-0.03 0.057 1.068 -5.817 -1.847 -1.191
-0.023 0.05 1.071 -6.031 -1.511 -1.008
-0.02 0.046 1.056 -6.107 0.29 -0.565
-0.033 0.042 1.073 -5.817 0.718 -0.168
-0.014 0.042 1.069 -5.817 0.702 0.26
-0.008 0.039 1.069 -5.756 0.672 -0.275
-0.016 0.044 1.077 -5.344 0.687 -1.023
-0.016 0.052 1.062 -4.885 -0.947 -1.527
-0.01 0.046 1.058 -4.901 -1.878 -1.924
-0.022 0.057 1.029 -5.389 -1.328 -2.076
-0.028 0.059 1.029 -6.351 -1.374 -1.954
-0.028 0.046 1.044 -7.466 -0.626 -1.221
-0.031 0.048 1.052 -8.504 0.672 -0.366
-0.035 0.03 1.043 -13.053 3.42 1.847
-0.04 0.033 1.091 -7.115 1.924 -0.198
-0.027 0.04 1.081 -7.588 -0.87 -0.443
-0.022 0.028 1.083 -6.809 1.008 -0.504
-0.028 0.036 1.09 -6.214 -0.626 -0.763
-0.025 0.031 1.094 -5.45 -2.061 -0.916
-0.018 0.04 1.083 -5.252 -2.015 -1.008
-0.016 0.041 1.08 -4.595 -0.702 -1.206
-0.023 0.041 1.076 -4.183 -0.656 -1.221
-0.021 0.043 1.075 -4.092 -0.397 -1.053
-0.019 0.042 1.062 -3.832 -0.412 -0.901
-0.023 0.042 1.067 -4.076 -0.55 -1.099
-0.018 0.042 1.062 -4.092 -0.275 -1.191
-0.021 0.047 1.057 -4.305 -0.275 -1.084
-0.018 0.043 1.046 -4.779 -0.305 -1.42
-0.026 0.045 1.065 -4.656 -0.061 -1.603
-0.016 0.048 1.052 -4.962 -0.595 -1.588
-0.02 0.042 1.062 -5.115 -0.153 -1.466
-0.02 0.046 1.053 -5.328 0.305 -1.542
-0.027 0.044 1.06 -5.893 0.565 -1.466
-0.026 0.042 1.06 -5.985 0.947 -1.344
-0.023 0.034 1.065 -6.122 0.153 -1.435
-0.03 0.041 1.082 -6.046 -0.412 -1.16
-0.027 0.037 1.08 -5.756 -1.023 -1.206
-0.021 0.038 1.081 -5.038 -1.16 -1.435
-0.024 0.034 1.081 -4.504 -1.206 -1.649
-0.028 0.042 1.069 -3.893 -0.931 -1.71
-0.036 0.046 1.05 -4.321 -0.153 -1.527
-0.041 0.043 1.053 -4.855 0.0 -1.42
-0.039 0.046 1.055 -5.466 -0.718 -1.053
-0.043 0.042 1.062 -6.214 -1.252 -0.718
-0.032 0.042 1.081 -6.183 -1.435 -0.519
-0.021 0.037 1.097 -5.511 -0.855 -0.565
-0.025 0.037 1.086 -4.733 -0.076 -0.534
-0.026 0.039 1.073 -4.168 0.733 -0.611
-0.034 0.043 1.077 -3.802 0.366 -0.626
-0.022 0.049 1.059 -3.832 -0.122 -0.794
-0.018 0.044 1.057 -4.275 -0.015 -0.611
-0.022 0.045 1.05 -4.824 0.351 -0.916
-0.025 0.047 1.049 -4.748 -0.397 -0.977
-0.024 0.04 1.053 -5.069 -0.947 -0.947
-0.021 0.041 1.053 -5.481 -0.412 -0.87
-0.031 0.044 1.044 -6.031 0.702 -0.672
-0.029 0.043 1.044 -6.473 0.947 -0.321
-0.028 0.04 1.045 -7.16 0.55 -0.229
-0.025 0.038 1.058 -7.282 0.122 -0.214
-0.03 0.027 1.073 -6.992 0.137 -0.473
-0.027 0.025 1.079 -6.183 -0.153 -0.458
-0.021 0.03 1.082 -5.908 0.183 -0.809
-0.021 0.028 1.078 -5.466 0.55 -1.115
-0.025 0.034 1.078 -5.573 0.198 -1.359
-0.036 0.029 1.088 -5.099 -0.046 -1.557
-0.033 0.03 1.085 -4.565 -1.145 -1.557
-0.033 0.033 1.08 -4.031 -2.015 -1.405
-0.032 0.034 1.07 -3.802 -2.153 -1.634
-0.033 0.05 1.06 -4.015 -1.832 -1.786
-0.034 0.045 1.05 -4.489 -1.603 -1.237
-0.037 0.049 1.063 -5.389 -0.809 -0.763
-0.034 0.046 1.067 -5.405 -0.84 -0.641
-0.037 0.037 1.08 -5.298 -1.466 -0.153
-0.029 0.038 1.077 -5.389 -1.405 -0.214
-0.026 0.039 1.07 -5.191 -0.656 -0.153
-0.02 0.037 1.074 -5.038 -0.229 -0.565
-0.027 0.037 1.064 -5.115 0.733 -0.275
-0.017 0.035 1.069 -5.206 0.214 -0.489
-0.022 0.033 1.055 -5.038 0.473 -0.87
-0.024 0.034 1.063 -5.328 0.015 -1.115
-0.035 0.032 1.072 -4.977 -1.328 -1.176
-0.04 0.033 1.069 -4.55 -2.382 -0.992
-0.033 0.037 1.055 -4.55 -1.221 -0.885
-0.036 0.036 1.061 -4.885 0.214 -0.855
-0.029 0.043 1.051 -5.527 0.046 -0.55
-0.037 0.035 1.063 -5.664 -0.855 -0.885
-0.032 0.032 1.071 -5.847 -1.481 -0.779
-0.029 0.031 1.083 -5.573 -1.328 -1.008
-0.027 0.03 1.079 -4.84 -1.267 -0.931
-0.036 0.042 1.071 -4.427 -0.321 -0.855
-0.034 0.037 1.062 -4.473 0.687 -0.855
-0.033 0.046 1.054 -4.855 0.885 -0.489
-0.034 0.038 1.052 -5.374 1.176 -0.305
-0.036 0.043 1.049 -5.573 0.855 -0.046
-0.022 0.048 1.041 -5.511 0.168 -0.382
-0.018 0.04 1.034 -6.458 0.931 -0.718
-0.031 0.036 1.038 -7.084 1.008 -0.855
-0.045 0.034 1.042 -7.893 -0.26 -0.763
-0.041 0.039 1.056 -8.641 -0.504 -0.229
-0.041 0.041 1.069 -8.901 -0.26 0.076
-0.039 0.03 1.092 -8.366 -0.565 0.076
-0.03 0.021 1.102 -7.481 -0.305 0.0
-0.03 0.017 1.102 -6.275 0.107 -0.366
-0.026 0.025 1.101 -4.87 -0.153 -0.87
-0.041 0.024 1.093 -4.305 -0.718 -0.947
-0.037 0.023 1.074 -4.26 -2.366 -1.282
-0.039 0.023 1.072 -4.0 -2.977 -1.344
-0.035 0.037 1.062 -4.672 -2.473 -1.237
-0.041 0.035 1.061 -4.885 -2.168 -0.824
-0.042 0.031 1.058 -5.282 -1.435 -0.061
-0.037 0.032 1.06 -5.542 -0.122 0.244
-0.029 0.032 1.068 -5.74 1.481 0.29
-0.027 0.029 1.077 -5.664 1.603 0.321
-0.023 0.024 1.074 -5.695 -0.122 -0.076
-0.028 0.025 1.081 -5.496 -1.282 -0.885
-0.023 0.026 1.098 -4.992 -2.031 -1.71
-0.039 0.017 1.09 -4.046 -2.0 -1.908
-0.033 0.019 1.087 -2.977 -1.863 -1.588
-0.039 0.026 1.067 -2.534 -1.481 -1.191
-0.042 0.029 1.069 -2.794 -0.305 -0.656
-0.035 0.033 1.052 -3.542 -0.046 -0.443
-0.041 0.038 1.039 -4.611 -0.229 -0.305