0.439 -0.265 0.946 -6.336 -2.519 0.275
0.438 -0.269 0.953 -6.641 -1.939 0.641
0.452 -0.277 0.968 -6.153 -2.122 0.305
0.463 -0.274 0.974 -5.267 -2.031 -0.473
0.458 -0.277 0.969 -4.656 -1.206 -1.099
0.453 -0.272 0.965 -4.321 -1.878 -1.573
0.434 -0.274 0.969 -4.076 -2.748 -2.198
0.41 -0.272 0.989 -3.115 -4.198 -2.031
0.408 -0.266 0.983 -2.351 -4.427 -1.282
0.417 -0.255 0.973 -1.924 -4.305 -0.672
0.429 -0.249 0.955 -2.107 -3.389 0.0
0.429 -0.253 0.954 -2.565 -2.214 0.779
0.438 -0.259 0.939 -2.718 -2.015 1.115
0.46 -0.26 0.938 -3.389 -1.603 0.977
0.454 -0.267 0.949 -3.603 -1.511 0.275
0.456 -0.262 0.94 -4.153 -1.221 -0.412
0.453 -0.265 0.944 -4.687 -2.092 -1.221
0.455 -0.269 0.951 -5.038 -2.641 -1.863
0.452 -0.268 0.97 -4.55 -2.931 -2.229
0.439 -0.272 0.958 -3.695 -3.557 -2.366
0.446 -0.266 0.974 -2.534 -4.748 -2.977
0.433 -0.266 0.961 -1.725 -4.824 -3.115
0.429 -0.258 0.944 -1.679 -3.16 -2.626
0.437 -0.259 0.934 -2.015 -1.252 -2.107
0.441 -0.256 0.922 -2.992 0.076 -1.618
0.429 -0.258 0.926 -3.924 0.366 -1.542
0.43 -0.25 0.917 -4.687 -0.672 -0.809
0.434 -0.255 0.939 -5.74 -0.809 -0.595
0.431 -0.257 0.941 -6.122 -0.992 -0.366
0.432 -0.264 0.949 -6.489 -0.718 0.046
0.429 -0.259 0.952 -6.58 -1.344 0.015
0.432 -0.261 0.952 -6.351 -1.679 0.351
0.43 -0.267 0.936 -6.305 -1.313 0.55
0.427 -0.261 0.963 -6.29 -1.435 0.412
0.434 -0.261 0.963 -5.969 -1.069 1.084
0.438 -0.259 0.952 -6.046 -1.542 1.298
0.438 -0.26 0.944 -6.305 -3.099 1.008
0.442 -0.264 0.958 -6.427 -3.481 0.962
0.448 -0.256 0.954 -6.702 -2.641 0.977
0.444 -0.26 0.944 -6.595 -2.672 0.901
0.446 -0.257 0.945 -6.626 -3.252 0.87
0.447 -0.261 0.941 -7.191 -3.069 0.779
0.454 -0.261 0.943 -7.389 -2.656 0.656
0.456 -0.265 0.951 -7.603 -2.046 0.595
0.451 -0.27 0.958 -7.618 -2.84 0.672
0.449 -0.276 0.956 -7.145 -2.229 0.702
0.441 -0.267 0.953 -7.282 -2.565 0.595
0.441 -0.265 0.964 -7.053 -1.878 0.824
0.448 -0.269 0.963 -7.008 -2.031 0.748
0.443 -0.27 0.964 -6.809 -1.664 0.55
0.449 -0.269 0.964 -6.489 -0.092 0.504
0.431 -0.277 0.981 -6.061 0.473 0.977
0.443 -0.275 0.978 -5.939 0.962 1.237
0.439 -0.263 0.975 -5.985 0.595 1.267
0.44 -0.26 0.976 -6.015 -0.611 1.527
0.458 -0.268 0.969 -6.214 2.046 1.695
0.471 -0.257 0.979 -7.282 2.824 0.763
0.471 -0.264 0.985 -8.031 4.992 -0.26
0.476 -0.267 1.006 -8.275 6.489 -1.42
0.463 -0.278 1.023 -8.473 8.595 -2.153
0.439 -0.282 1.038 -8.107 8.366 -2.733
0.421 -0.287 1.074 -7.359 7.878 -2.718
0.42 -0.292 1.102 -4.336 7.832 -2.718
0.4 -0.305 1.075 -6.26 8.87 -0.55
0.442 -0.31 1.139 -6.092 3.878 0.244
0.45 -0.319 1.17 -3.832 1.954 0.595
0.472 -0.348 1.197 0.87 0.534 -1.267
0.515 -0.332 1.208 -0.397 4.107 1.038
0.54 -0.339 1.206 1.13 9.664 -0.29
0.521 -0.355 1.229 2.672 12.015 -0.137
0.523 -0.361 1.23 3.542 9.282 0.153
0.523 -0.376 1.233 3.115 6.214 1.023
0.539 -0.38 1.246 3.908 -2.137 1.099
0.581 -0.38 1.267 4.061 -3.115 -0.198
0.57 -0.375 1.317 9.618 -7.511 -2.977
0.581 -0.344 1.363 18.626 -6.214 -6.443
0.608 -0.351 1.284 26.84 1.298 -10.473
0.558 -0.329 1.322 26.29 12.794 -11.374
0.484 -0.35 1.361 31.099 11.359 -14.366
0.477 -0.308 1.378 36.824 25.817 -15.679
0.384 -0.319 1.35 46.412 33.542 -13.313
0.363 -0.308 1.276 45.664 17.267 -11.71
0.401 -0.301 1.279 44.977 11.176 -10.153
0.41 -0.294 1.26 49.008 10.26 -9.481
0.435 -0.275 1.24 51.45 6.061 -10.321
0.453 -0.256 1.217 53.725 6.183 -12.153
0.467 -0.245 1.204 58.336 8.229 -14.26
0.468 -0.233 1.193 63.527 8.534 -16.198
0.492 -0.217 1.145 67.664 13.282 -18.153
0.486 -0.202 1.099 69.481 18.855 -19.588
0.479 -0.178 1.05 69.771 23.42 -20.321
0.461 -0.161 1.035 68.641 28.336 -21.374
0.437 -0.132 1.007 66.153 28.443 -22.824
0.401 -0.116 0.989 63.115 24.672 -24.26
0.398 -0.099 0.991 61.71 22.275 -24.977
0.402 -0.085 0.993 61.389 20.046 -26.183
0.407 -0.073 0.983 61.954 19.206 -27.374
0.417 -0.062 0.947 63.344 19.191 -28.748
0.409 -0.05 0.901 63.328 19.71 -30.183
0.392 -0.031 0.869 61.634 22.519 -30.092
0.381 -0.023 0.858 59.313 29.237 -28.29
0.371 -0.016 0.854 56.26 38.214 -26.092
0.34 0.0 0.865 53.374 46.626 -22.595
0.339 0.013 0.874 52.382 50.092 -19.939
0.351 0.031 0.857 51.221 49.817 -19.099
0.34 0.029 0.837 50.092 45.618 -19.939
0.328 0.047 0.821 48.153 42.061 -20.687
0.319 0.053 0.813 46.366 39.527 -21.313
0.305 0.066 0.812 43.45 36.565 -21.954
0.293 0.058 0.794 40.916 32.275 -22.504
0.279 0.084 0.805 38.26 29.42 -22.351
0.284 0.087 0.796 36.489 28.26 -22.214
0.274 0.095 0.782 33.038 26.855 -22.595
0.248 0.109 0.778 29.847 23.252 -22.656
0.245 0.118 0.769 26.458 19.374 -22.748
0.234 0.132 0.764 22.687 16.916 -22.336
0.228 0.143 0.769 20.015 14.855 -21.573
0.215 0.148 0.761 16.443 14.229 -20.336
0.225 0.15 0.769 14.031 17.115 -19.282
0.212 0.149 0.794 10.931 21.023 -18.153
0.173 0.151 0.807 9.298 23.939 -15.878
0.152 0.147 0.822 7.74 26.214 -11.74
0.156 0.15 0.842 6.595 28.855 -7.084
0.177 0.153 0.857 5.695 30.885 -3.939
0.197 0.15 0.873 6.244 33.069 -2.473
0.208 0.151 0.865 6.168 33.084 -2.26
0.208 0.148 0.868 6.076 31.389 -2.55
0.203 0.158 0.853 6.015 27.206 -3.542
0.198 0.163 0.848 4.336 22.198 -4.076
0.197 0.159 0.845 2.397 19.71 -3.817
0.198 0.168 0.839 0.55 18.947 -3.328
0.184 0.166 0.846 -1.771 16.794 -3.221
0.193 0.163 0.859 -3.42 15.099 -2.779
0.199 0.163 0.885 -4.748 14.992 -3.221
0.206 0.158 0.914 -5.008 13.145 -3.969
0.208 0.156 0.933 -5.084 11.847 -5.023
0.19 0.159 0.934 -4.931 8.534 -5.969
0.178 0.162 0.951 -4.366 5.435 -6.397
0.174 0.167 0.953 -3.802 3.634 -6.885
0.17 0.175 0.948 -5.023 2.29 -6.794
0.172 0.176 0.933 -6.031 1.115 -6.763
0.161 0.176 0.941 -6.916 1.038 -6.351
0.148 0.176 0.945 -8.656 0.168 -5.389
0.146 0.179 0.976 -10.183 0.046 -4.412
0.149 0.171 0.989 -10.702 1.038 -3.634
0.155 0.174 1.023 -10.412 1.405 -3.191
0.147 0.166 1.029 -10.0 1.496 -2.992
0.152 0.168 1.051 -8.794 -1.771 -3.069
0.165 0.176 1.046 -7.511 -2.809 -3.679
0.165 0.175 1.044 -6.473 -3.13 -4.229
0.156 0.179 1.038 -6.305 -3.053 -3.878
0.134 0.184 1.014 -6.244 -1.985 -2.84
0.141 0.179 1.014 -7.328 -1.328 -1.679
0.141 0.188 1.021 -8.595 -0.595 -0.336
0.151 0.18 1.039 -9.359 -0.031 0.641
0.162 0.175 1.039 -10.153 -0.076 1.069
0.166 0.171 1.074 -9.908 -0.29 1.053
0.176 0.17 1.078 -9.206 -0.595 0.672
0.183 0.174 1.08 -7.71 -0.794 0.0
0.185 0.164 1.079 -6.824 1.405 -0.855
0.178 0.172 1.072 -6.427 0.809 -1.389
0.169 0.163 1.076 -6.351 0.489 -1.221
0.164 0.155 1.083 -6.0 1.527 -0.962
0.163 0.161 1.069 -6.198 1.817 -0.641
0.159 0.16 1.084 -5.344 0.733 -0.26
0.159 0.154 1.073 -5.374 0.779 0.84
0.174 0.161 1.078 -5.008 -0.305 1.344
0.179 0.151 1.081 -4.656 0.87 1.405
0.183 0.153 1.08 -4.183 1.344 1.313
0.186 0.147 1.084 -3.435 2.366 1.206
0.189 0.152 1.09 -2.107 0.87 0.687
0.198 0.154 1.077 -0.458 0.473 0.29
0.196 0.162 1.062 0.061 1.328 -0.504
0.194 0.173 1.042 0.26 1.939 -1.115
0.178 0.165 1.044 0.244 0.779 -1.298
0.177 0.17 1.036 -0.504 0.137 -1.573
0.167 0.171 1.03 -0.885 -1.13 -1.588
0.162 0.167 1.032 -1.374 -0.84 -1.45
0.166 0.172 1.036 -1.878 0.0 -1.023
0.175 0.183 1.025 -2.29 -0.504 -1.176
0.177 0.18 1.021 -2.809 -0.29 -1.389
0.168 0.184 1.012 -3.481 0.519 -1.176
0.167 0.181 1.003 -4.473 -0.519 -1.405
0.163 0.183 1.007 -5.664 -1.542 -1.221
0.162 0.174 1.016 -6.397 -3.16 -1.328
0.155 0.165 1.027 -6.458 -5.511 -1.252
0.159 0.171 1.028 -6.092 -5.42 -1.069
0.165 0.17 1.017 -5.237 -5.191 -1.053
0.166 0.177 1.008 -5.527 -4.229 -0.916
0.171 0.169 0.992 -5.908 -0.58 -0.901
0.15 0.176 0.998 -6.947 -0.885 -1.008
0.14 0.168 1.004 -8.153 -2.824 -0.885
0.151 0.167 1.024 -8.733 -5.435 -0.656
0.15 0.17 1.029 -8.84 -6.397 -0.58
0.155 0.17 1.036 -8.809 -6.305 -0.183
0.169 0.177 1.033 -8.626 -5.115 0.137
0.173 0.176 1.048 -8.687 -3.588 0.275
0.17 0.176 1.045 -8.809 -2.198 0.595
0.175 0.175 1.045 -8.947 -0.611 0.397
0.167 0.171 1.055 -9.496 -1.145 0.382
0.153 0.163 1.065 -9.298 -2.137 0.794
0.162 0.164 1.077 -9.099 -2.473 1.13
0.166 0.159 1.089 -8.534 -1.511 1.466
0.165 0.162 1.094 -7.466 -1.023 1.756
0.174 0.152 1.088 -6.962 -0.779 2.214
0.181 0.16 1.088 -6.702 -1.069 2.122
0.192 0.152 1.076 -5.985 -1.557 2.031
0.204 0.156 1.078 -5.328 -0.992 1.191
0.198 0.156 1.088 -5.267 -0.748 0.366
0.194 0.152 1.072 -4.916 -0.321 0.55
0.191 0.158 1.072 -4.779 0.687 0.55
0.189 0.152 1.074 -4.901 0.366 0.397
0.191 0.155 1.058 -4.84 -0.458 0.168
0.199 0.153 1.061 -5.756 -0.519 -0.275
0.195 0.151 1.068 -5.466 -0.015 -0.702
0.193 0.148 1.078 -4.626 0.611 -1.145
0.184 0.155 1.065 -4.26 -0.641 -1.847
0.181 0.154 1.055 -4.733 -1.664 -2.183
0.181 0.15 1.061 -4.824 -0.656 -2.382
0.17 0.155 1.068 -4.626 -0.305 -1.756
0.17 0.151 1.065 -3.618 0.397 -1.511
0.166 0.155 1.056 -2.641 -0.565 -1.359
0.164 0.155 1.047 -2.458 -1.313 -1.374
0.169 0.157 1.036 -2.504 0.061 -1.496
0.167 0.161 1.031 -3.13 -0.336 -1.481
0.17 0.163 1.029 -3.847 -0.031 -1.237
0.17 0.161 1.029 -4.626 -1.038 -1.191
0.166 0.16 1.034 -5.237 -1.71 -1.069
0.163 0.162 1.047 -5.267 -1.603 -0.977
0.165 0.16 1.033 -4.962 -2.382 -0.656
0.168 0.153 1.039 -4.916 -2.198 -0.168
0.172 0.162 1.039 -4.626 -0.382 0.061
0.165 0.166 1.033 -4.794 0.122 0.122
0.166 0.166 1.029 -4.779 0.168 0.061
0.177 0.158 1.034 -4.687 0.748 -0.107
0.173 0.17 1.021 -5.13 0.015 -0.534
0.181 0.17 1.027 -6.443 -0.855 -0.885
0.175 0.17 1.031 -7.053 -1.191 -1.145
0.17 0.165 1.048 -7.237 -1.695 -0.962
0.172 0.168 1.055 -7.664 -1.374 -0.809
0.167 0.163 1.074 -7.023 -1.557 -0.672
0.17 0.164 1.077 -6.29 -0.992 -0.87
0.17 0.161 1.073 -5.664 -0.565 -1.13
0.171 0.159 1.065 -5.511 -1.084 -1.084
0.175 0.158 1.069 -5.344 -0.916 -0.992
0.171 0.157 1.071 -5.344 -0.824 -1.038
0.174 0.159 1.083 -4.794 -0.595 -0.733
0.174 0.159 1.071 -4.656 -1.42 -0.55
0.172 0.162 1.069 -4.427 -1.74 -0.641
0.184 0.159 1.066 -4.336 -1.634 -0.672
0.178 0.149 1.065 -4.656 -0.809 -1.206
0.178 0.154 1.085 -4.031 -0.015 -1.084
0.175 0.14 1.082 -3.328 0.153 -0.794
0.18 0.147 1.078 -2.992 -0.779 -1.023
0.174 0.151 1.071 -2.733 -1.847 -1.374
0.186 0.156 1.064 -2.794 -0.183 -1.756
0.177 0.153 1.056 -2.855 1.588 -1.786
0.167 0.157 1.055 -2.672 0.427 -1.725
0.166 0.155 1.052 -2.885 -0.687 -1.679
0.172 0.16 1.041 -3.74 -1.145 -1.832
0.168 0.15 1.062 -3.695 -0.046 -2.153
0.165 0.159 1.062 -3.359 -0.076 -1.908
0.157 0.156 1.062 -2.382 -0.916 -2.107
0.164 0.152 1.049 -1.969 -1.267 -1.664
0.16 0.16 1.043 -2.061 0.076 -1.389
0.159 0.161 1.041 -2.519 0.229 -1.237
0.15 0.16 1.03 -2.855 -0.412 -0.855
0.157 0.162 1.029 -3.511 -1.847 -0.534
0.165 0.157 1.03 -3.878 -3.389 -0.214
0.166 0.162 1.038 -3.74 -3.038 -0.427
0.169 0.17 1.041 -3.313 -2.198 -0.626
0.16 0.167 1.028 -3.481 -2.458 -0.718
0.167 0.166 1.023 -3.649 -1.084 -0.427
0.164 0.171 1.026 -4.321 -1.389 -0.366
0.16 0.172 1.02 -5.145 -1.328 -0.244
0.16 0.173 1.027 -5.466 -1.145 -0.015
0.163 0.171 1.045 -6.092 -2.565 0.076
0.164 0.173 1.049 -5.649 -2.687 0.107
0.17 0.165 1.052 -5.603 -2.992 0.275
0.17 0.169 1.043 -5.573 -2.58 0.382
0.174 0.165 1.039 -5.496 -2.031 0.366
0.178 0.168 1.053 -6.107 -2.58 0.275
0.175 0.158 1.053 -6.198 -2.397 0.321
0.173 0.154 1.065 -5.847 -2.931 0.443
0.181 0.162 1.058 -5.786 -2.366 0.26
0.182 0.16 1.071 -5.679 -1.878 0.0
0.188 0.155 1.067 -5.45 -1.618 0.031
0.182 0.154 1.071 -4.885 -1.252 0.168
0.19 0.159 1.067 -4.412 -0.916 -0.26
0.187 0.158 1.05 -4.427 -1.008 -0.672
0.184 0.159 1.052 -4.473 -1.511 -1.191
0.18 0.154 1.051 -4.473 -2.305 -1.71
0.176 0.147 1.045 -4.58 -3.664 -1.588
0.18 0.154 1.056 -4.962 -3.756 -1.298
0.179 0.152 1.06 -4.214 -2.198 -1.099
0.172 0.155 1.059 -3.71 -1.878 -1.038
0.165 0.154 1.057 -3.496 -2.443 -1.176
0.17 0.161 1.043 -3.038 -3.466 -1.435
0.171 0.17 1.034 -3.084 -4.26 -1.649
0.175 0.172 1.013 -3.71 -4.0 -1.496
0.173 0.171 1.004 -4.977 -3.069 -1.374
0.166 0.179 1.006 -6.305 -2.901 -1.145
0.159 0.17 1.018 -7.695 -2.382 -0.382
0.173 0.167 1.04 -8.397 -1.649 -0.122
0.167 0.167 1.061 -8.412 -0.87 0.031
0.167 0.165 1.075 -7.985 0.183 0.107
0.165 0.156 1.066 -7.206 -0.321 0.214
0.172 0.154 1.087 -6.687 -0.641 0.198
0.17 0.152 1.072 -5.74 -1.038 0.275
0.176 0.152 1.058 -5.954 -0.168 0.489
0.177 0.155 1.063 -6.0 0.275 0.534
0.171 0.152 1.059 -5.756 -1.023 0.489
0.188 0.151 1.058 -5.71 -1.786 0.366
0.188 0.153 1.068 -5.527 -2.611 -0.168
0.184 0.155 1.062 -5.237 -2.229 -0.351
0.181 0.151 1.051 -4.763 -2.275 -0.137
0.19 0.16 1.06 -4.947 -2.137 -0.427
0.188 0.161 1.07 -5.084 -1.069 -0.84
0.17 0.155 1.072 -5.008 -1.13 -0.824
0.172 0.156 1.063 -4.427 -1.771 -0.855
0.185 0.155 1.073 -4.443 -0.55 -0.489
0.18 0.155 1.063 -4.183 -0.565 -0.672
0.172 0.156 1.06 -3.939 -0.763 -0.947
0.173 0.154 1.052 -4.031 -1.725 -0.947
0.186 0.163 1.047 -3.878 -2.366 -1.099
0.178 0.166 1.051 -4.031 -2.504 -1.084
0.181 0.155 1.049 -3.924 -2.687 -0.931
0.177 0.16 1.058 -3.786 -2.305 -1.023
0.179 0.161 1.047 -3.863 -1.42 -0.992
0.174 0.162 1.046 -3.878 -0.611 -1.008
0.171 0.15 1.042 -4.412 -1.176 -0.87
0.169 0.158 1.051 -4.626 -0.58 -0.534
0.17 0.163 1.046 -4.672 -1.069 -0.336
0.167 0.16 1.051 -4.855 -1.435 -0.489
0.176 0.161 1.045 -4.977 -1.527 -0.458
0.177 0.157 1.041 -5.221 -1.908 -0.427
0.166 0.155 1.038 -7.344 -1.786 0.931
0.185 0.149 1.063 -5.145 -1.588 -0.168
0.175 0.155 1.036 -4.779 0.153 -0.153
0.174 0.156 1.051 -5.588 0.229 -0.122
0.176 0.16 1.05 -5.542 0.565 0.061
0.172 0.157 1.047 -5.847 -0.901 0.366
0.175 0.15 1.047 -5.985 -1.298 0.198
0.182 0.153 1.061 -5.389 -2.061 0.244
0.183 0.156 1.056 -5.099 -2.58 0.198
0.184 0.151 1.053 -4.763 -2.0 0.015
0.181 0.162 1.038 -4.489 -1.908 -0.443
0.181 0.16 1.037 -4.763 -2.489 -0.366
0.188 0.161 1.034 -5.313 -2.305 -0.565
0.188 0.156 1.037 -5.756 -2.702 -0.977
0.169 0.163 1.041 -5.817 -2.412 -1.191
0.17 0.158 1.06 -5.725 -1.374 -1.069
0.173 0.165 1.043 -5.893 -0.168 -0.855
0.163 0.164 1.054 -5.847 0.58 -0.565
0.163 0.155 1.052 -5.725 -0.015 -0.153
0.162 0.159 1.043 -6.061 -0.458 0.153
0.171 0.159 1.046 -6.321 -0.595 0.458
0.169 0.151 1.062 -6.427 -1.206 0.29
0.178 0.149 1.064 -6.198 -1.542 0.305
0.177 0.142 1.084 -5.542 -1.405 0.626
0.179 0.142 1.073 -4.763 -1.832 0.504
0.19 0.142 1.074 -3.969 -1.405 0.519
0.197 0.153 1.073 -2.534 0.534 0.275
0.2 0.145 1.072 -1.664 1.71 -0.641
0.197 0.15 1.067 -0.611 1.954 -1.282
0.192 0.15 1.052 -0.244 0.763 -1.832
0.184 0.154 1.048 -0.687 1.145 -2.0
0.162 0.155 1.051 -1.038 0.809 -2.015
0.161 0.157 1.041 -1.908 -1.725 -1.786
0.16 0.163 1.038 -2.55 -2.779 -1.252
0.17 0.161 1.044 -3.221 -1.832 -0.84
0.16 0.16 1.038 -3.74 -1.542 -0.214
0.159 0.164 1.044 -3.924 -1.771 0.137
0.162 0.166 1.037 -4.427 -2.458 0.519
0.17 0.16 1.049 -4.809 -2.244 0.412
0.169 0.161 1.056 -4.855 -2.275 0.901
0.176 0.157 1.068 -4.29 -2.55 0.824
0.184 0.152 1.072 -3.847 -2.198 0.87
0.185 0.156 1.069 -3.42 -1.145 0.595
0.193 0.161 1.058 -2.977 -0.366 0.214
0.184 0.162 1.052 -3.145 -1.084 0.366
0.183 0.16 1.053 -3.42 -1.16 -0.122
0.178 0.159 1.052 -3.74 -1.817 -0.458
0.178 0.168 1.056 -3.313 -1.969 -0.641
0.185 0.165 1.051 -3.252 -1.939 -0.916
0.181 0.168 1.035 -3.145 -1.847 -1.13
0.179 0.173 1.027 -3.481 -2.046 -1.176
0.177 0.172 1.015 -4.534 -1.42 -1.176
0.172 0.177 1.019 -5.939 0.153 -0.885
0.166 0.175 1.042 -6.611 0.656 -0.168
0.162 0.161 1.054 -6.916 1.359 0.412
0.161 0.162 1.048 -6.824 1.817 1.023
0.177 0.16 1.062 -6.58 1.634 1.023
0.18 0.16 1.061 -6.153 1.511 0.87
0.182 0.156 1.06 -6.382 0.565 0.534
0.173 0.155 1.062 -6.153 -0.611 0.229
0.183 0.148 1.065 -5.679 -1.664 0.061
0.183 0.149 1.073 -5.069 -0.885 0.061
0.18 0.149 1.073 -4.122 -0.87 -0.107
0.19 0.146 1.068 -3.344 -1.374 -0.397