0.426 -0.47 0.872 -3.679 -0.366 -0.901
0.41 -0.487 0.896 1.527 -1.878 -3.374
0.423 -0.456 0.868 -5.863 0.214 -0.107
0.435 -0.465 0.891 -4.565 2.901 -0.015
0.432 -0.464 0.881 -4.84 2.672 -0.168
0.425 -0.458 0.871 -4.29 2.779 -0.321
0.424 -0.461 0.874 -4.153 3.176 -0.397
0.423 -0.459 0.865 -4.168 1.618 -0.397
0.415 -0.458 0.857 -4.519 0.84 -0.412
0.414 -0.459 0.854 -4.763 -0.366 -0.26
0.413 -0.452 0.868 -5.282 -1.557 0.015
0.418 -0.461 0.868 -5.221 -2.031 0.092
0.43 -0.464 0.869 -5.374 -2.58 0.015
0.428 -0.462 0.874 -5.282 -2.641 0.092
0.439 -0.46 0.876 -5.099 -1.817 0.031
0.434 -0.46 0.877 -5.084 -0.626 0.153
0.432 -0.456 0.868 -4.947 0.092 0.214
0.43 -0.459 0.886 -4.824 1.313 0.214
0.416 -0.463 0.882 -4.992 0.489 -0.321
0.418 -0.461 0.882 -4.885 0.046 -0.305
0.423 -0.463 0.871 -5.145 0.718 -0.244
0.424 -0.458 0.874 -5.176 0.687 -0.076
0.426 -0.454 0.869 -5.282 0.504 0.168
0.426 -0.465 0.866 -5.115 0.855 0.321
0.451 -0.516 0.896 0.947 8.244 0.244
0.409 -0.448 0.847 -7.115 -0.947 1.13
0.419 -0.466 0.876 -4.626 -3.359 0.916
0.425 -0.459 0.871 -5.45 -1.618 1.206
0.42 -0.469 0.878 -4.992 -3.374 1.176
0.427 -0.463 0.872 -4.412 -2.137 1.435
0.425 -0.462 0.875 -4.748 -2.321 1.496
0.425 -0.47 0.864 -4.443 -2.824 1.069
0.425 -0.465 0.875 -4.656 -2.824 0.672
0.42 -0.462 0.872 -4.931 -2.809 0.427
0.421 -0.459 0.87 -4.901 -2.641 0.26
0.42 -0.46 0.872 -4.947 -2.901 -0.214
0.416 -0.459 0.873 -5.206 -3.679 -0.153
0.427 -0.454 0.874 -5.053 -3.069 -0.321
0.422 -0.458 0.866 -5.298 -2.779 0.107
0.426 -0.465 0.87 -5.206 -2.87 0.26
0.425 -0.458 0.873 -5.023 -2.58 0.321
0.425 -0.47 0.871 -4.947 -2.901 0.366
0.426 -0.458 0.88 -5.099 -2.427 0.382
0.427 -0.463 0.877 -4.595 -1.527 0.26
0.417 -0.467 0.882 -4.656 -1.038 0.092
0.421 -0.466 0.877 -4.763 -1.008 0.137
0.414 -0.46 0.876 -5.328 -1.954 0.061
0.415 -0.46 0.887 -5.191 -1.527 0.412
0.421 -0.463 0.875 -5.374 -1.405 0.748
0.435 -0.462 0.876 -5.405 0.427 0.855
0.438 -0.457 0.86 -5.282 1.45 0.489
0.434 -0.462 0.871 -5.084 1.084 0.061
0.424 -0.46 0.863 -5.053 1.16 -0.229
0.413 -0.463 0.864 -5.191 0.519 0.183
0.416 -0.465 0.873 -5.328 -1.13 0.153
0.412 -0.463 0.873 -5.786 -2.397 0.046
0.406 -0.47 0.888 -5.847 -2.748 -0.015
0.409 -0.462 0.879 -5.695 -1.679 0.183
0.407 -0.466 0.882 -5.16 -0.473 0.443
0.41 -0.467 0.867 -5.267 1.313 1.145
0.408 -0.464 0.849 -5.771 2.962 1.71
0.412 -0.461 0.842 -6.565 3.267 2.519
0.419 -0.465 0.846 -7.557 2.031 2.489
0.418 -0.461 0.83 -8.885 2.351 2.611
0.418 -0.46 0.851 -9.084 -0.122 2.168
0.416 -0.477 0.887 -2.58 -1.939 -0.84
0.39 -0.465 0.865 -8.427 -5.786 2.397
0.406 -0.469 0.879 -9.74 0.84 3.603
0.4 -0.461 0.859 -8.809 -0.443 3.542
0.402 -0.464 0.856 -8.977 -1.206 4.305
0.408 -0.458 0.846 -9.511 -0.061 4.122
0.403 -0.46 0.823 -10.412 -2.626 4.031
0.394 -0.458 0.825 -11.618 -4.351 4.092
0.391 -0.453 0.83 -12.748 -8.168 4.443
0.399 -0.451 0.821 -14.214 -9.267 4.779
0.391 -0.462 0.823 -15.496 -11.13 5.282
0.407 -0.462 0.815 -16.489 -11.496 6.0
0.437 -0.476 0.856 -16.687 -12.061 4.687
0.447 -0.482 0.852 -16.183 -11.985 3.42
0.442 -0.486 0.865 -16.031 -10.076 3.069
0.431 -0.499 0.871 -15.328 -7.481 3.542
0.437 -0.505 0.873 -14.626 -3.756 4.092
0.438 -0.503 0.9 -14.29 0.031 4.779
0.446 -0.503 0.885 -14.351 3.221 4.58
0.441 -0.493 0.895 -13.908 1.115 3.481
0.459 -0.499 0.891 -14.107 -0.183 2.58
0.44 -0.506 0.897 -14.336 -0.794 1.588
0.447 -0.509 0.896 -14.794 0.901 1.267
0.435 -0.512 0.918 -15.252 2.412 1.252
0.431 -0.512 0.917 -16.198 2.885 1.115
0.443 -0.52 0.93 -17.74 1.405 0.198
0.434 -0.525 0.958 -17.985 3.359 -0.321
0.425 -0.53 0.985 -17.496 4.489 -0.855
0.423 -0.542 1.036 -15.466 2.656 -1.496
0.419 -0.553 1.06 -11.664 1.71 -2.244
0.405 -0.557 1.055 -9.206 2.885 -2.305
0.39 -0.581 1.081 -7.618 5.145 -1.42
0.368 -0.6 1.121 -6.427 3.374 0.0
0.363 -0.619 1.151 -4.443 -0.794 2.702
0.385 -0.628 1.188 -1.298 -5.542 5.557
0.444 -0.631 1.201 2.87 -6.656 7.328
0.519 -0.623 1.214 8.015 -1.573 6.382
0.557 -0.619 1.204 14.076 2.26 3.557
0.582 -0.612 1.194 19.176 4.107 -0.076
0.56 -0.614 1.179 22.748 6.214 -3.939
0.54 -0.613 1.184 24.489 3.71 -7.313
0.514 -0.612 1.189 25.679 0.168 -9.847
0.506 -0.614 1.214 26.427 -4.244 -12.031
0.504 -0.619 1.235 28.55 -6.931 -13.344
0.518 -0.617 1.254 31.832 -5.756 -13.603
0.563 -0.625 1.258 37.221 -0.305 -13.878
0.594 -0.626 1.249 42.595 7.573 -14.901
0.621 -0.627 1.228 46.901 19.145 -16.718
0.612 -0.625 1.203 48.397 30.183 -17.832
0.598 -0.604 1.208 49.511 33.893 -19.13
0.597 -0.591 1.209 50.916 32.901 -21.634
0.583 -0.493 1.248 56.198 40.29 -23.634
0.585 -0.562 1.197 53.725 28.992 -26.779
0.59 -0.542 1.184 58.214 26.718 -30.55
0.576 -0.536 1.157 60.489 26.718 -33.221
0.57 -0.523 1.156 63.832 29.115 -34.611
0.582 -0.517 1.117 66.87 36.565 -35.847
0.609 -0.502 1.112 70.794 44.916 -38.351
0.606 -0.492 1.102 75.053 53.237 -40.87
0.578 -0.484 1.057 78.565 55.023 -43.511
0.548 -0.457 1.032 80.672 50.336 -45.725
0.541 -0.427 1.008 82.137 45.695 -48.305
0.517 -0.393 0.97 82.824 41.939 -51.023
0.489 -0.349 0.946 82.458 41.191 -53.13
0.447 -0.318 0.931 82.412 41.969 -53.878
0.402 -0.284 0.891 80.763 45.389 -52.611
0.363 -0.257 0.863 79.053 47.252 -50.84
0.331 -0.236 0.849 76.733 48.397 -48.321
0.305 -0.21 0.846 74.626 49.069 -45.435
0.281 -0.201 0.834 72.55 46.947 -42.977
0.261 -0.183 0.815 70.824 44.473 -40.748
0.257 -0.165 0.827 68.855 43.237 -38.641
0.247 -0.142 0.82 67.832 40.061 -36.336
0.258 -0.13 0.795 68.076 38.931 -34.382
0.26 -0.102 0.753 66.26 39.405 -32.794
0.251 -0.087 0.721 64.137 40.748 -31.435
0.233 -0.061 0.682 60.198 42.153 -29.16
0.199 -0.052 0.677 54.885 44.458 -26.29
0.172 -0.036 0.679 50.244 46.58 -22.794
0.142 -0.02 0.691 43.832 46.183 -19.237
0.115 -0.015 0.716 38.733 43.649 -15.496
0.119 -0.008 0.75 33.573 40.26 -12.015
0.143 -0.015 0.797 30.824 36.779 -10.366
0.14 -0.013 0.84 29.649 32.687 -10.046
0.145 -0.012 0.876 31.542 29.435 -10.351
0.152 0.004 0.859 33.588 26.565 -10.748
0.139 0.015 0.839 34.214 26.565 -10.397
0.128 0.023 0.809 34.061 25.099 -9.466
0.114 0.034 0.783 31.954 25.053 -7.817
0.094 0.046 0.753 28.305 25.649 -5.573
0.091 0.047 0.755 24.412 23.573 -3.221
0.082 0.049 0.757 20.305 22.382 -0.931
0.098 0.06 0.771 15.74 21.496 1.878
0.126 0.065 0.791 12.321 21.374 3.649
0.167 0.062 0.821 10.092 22.214 3.359
0.189 0.052 0.865 8.672 23.817 2.229
0.208 0.044 0.9 9.374 26.397 -0.305
0.186 0.04 0.915 11.282 25.649 -2.58
0.179 0.053 0.885 12.092 23.679 -4.153
0.166 0.046 0.842 10.687 21.267 -5.221
0.147 0.054 0.81 6.168 16.595 -6.275
0.143 0.041 0.819 0.092 10.931 -6.824
0.127 0.047 0.851 -5.16 3.756 -6.748
0.136 0.038 0.898 -9.359 -3.191 -6.809
0.148 0.039 0.937 -12.198 -10.29 -6.977
0.18 0.04 0.982 -13.42 -15.099 -8.687
0.195 0.039 1.007 -12.733 -15.13 -10.733
0.188 0.043 1.027 -11.618 -11.832 -11.679
0.18 0.032 1.055 -7.634 -11.649 -12.519
0.17 0.04 1.042 -4.687 -7.924 -12.504
0.138 0.038 1.047 -2.137 -5.313 -11.481
0.118 0.041 1.025 -0.473 -4.565 -9.969
0.124 0.054 1.01 0.168 -2.763 -8.092
0.104 0.057 0.996 0.305 -1.527 -6.351
0.109 0.068 0.983 -0.198 -0.321 -4.58
0.108 0.067 0.98 -1.603 1.176 -3.13
0.116 0.064 0.999 -3.008 3.481 -1.771
0.115 0.066 1.037 -3.069 3.359 -1.389
0.113 0.067 1.062 -1.756 2.779 -1.099
0.12 0.072 1.045 -0.076 2.092 -0.901
0.129 0.08 1.031 1.237 3.053 -0.748
0.123 0.08 1.015 1.221 3.74 -0.473
0.112 0.075 1.006 0.779 3.588 0.214
0.106 0.078 1.008 0.183 2.626 1.252
0.121 0.077 1.0 -1.008 3.328 2.489
0.122 0.075 1.006 -1.618 4.336 3.527
0.126 0.081 1.0 -2.305 4.168 4.229
0.143 0.089 1.004 -3.038 4.427 4.534
0.153 0.087 1.002 -3.863 5.863 4.58
0.161 0.082 1.023 -4.427 6.672 4.26
0.161 0.076 1.013 -5.435 6.534 3.573
0.154 0.068 1.033 -5.908 5.756 3.16
0.146 0.062 1.048 -6.29 3.298 2.962
0.156 0.061 1.069 -5.878 1.618 2.137
0.157 0.054 1.067 -5.237 -0.015 1.679
0.158 0.05 1.077 -3.908 -0.779 1.145
0.151 0.049 1.082 -3.008 -2.244 0.718
0.156 0.053 1.081 -1.817 -2.305 0.718
0.158 0.058 1.076 -0.611 -0.412 0.931
0.157 0.067 1.066 0.687 0.275 0.611
0.17 0.075 1.059 0.87 1.893 -0.183
0.146 0.091 1.037 1.252 1.649 -0.794
0.146 0.094 1.019 0.534 -0.748 -1.252
0.14 0.096 1.014 -0.641 -2.626 -1.45
0.145 0.096 1.017 -2.153 -4.198 -1.588
0.156 0.096 1.031 -2.672 -4.794 -1.802
0.164 0.1 1.028 -3.542 -3.756 -2.351
0.159 0.094 1.04 -4.153 -2.87 -2.718
0.146 0.089 1.048 -4.29 -3.206 -3.099
0.148 0.09 1.042 -4.962 -2.962 -3.023
0.148 0.086 1.045 -4.885 -2.122 -2.901
0.143 0.088 1.052 -4.977 -2.366 -3.099
0.138 0.078 1.06 -5.206 -3.267 -2.87
0.14 0.082 1.05 -5.832 -4.061 -2.916
0.129 0.079 1.056 -5.71 -5.16 -3.282
0.121 0.082 1.069 -6.504 -7.008 -2.931
0.11 0.075 1.064 -6.992 -8.641 -2.076
0.126 0.074 1.076 -6.763 -9.725 -1.511
0.152 0.077 1.091 -6.489 -8.779 -1.786
0.191 0.072 1.1 -5.13 -7.237 -3.969
0.178 0.072 1.083 -3.695 -5.695 -6.031
0.156 0.075 1.074 -3.145 -7.115 -7.069
0.141 0.083 1.047 -3.878 -7.924 -6.672
0.136 0.085 1.057 -4.885 -8.84 -5.496
0.134 0.083 1.052 -5.588 -8.046 -4.382
0.136 0.084 1.048 -5.695 -6.168 -2.916
0.135 0.097 1.035 -6.076 -3.954 -1.435
0.136 0.089 1.033 -6.26 -2.672 -0.168
0.144 0.089 1.03 -6.702 -0.748 0.305
0.138 0.095 1.03 -9.099 3.069 1.176
0.131 0.078 1.048 -8.061 -0.55 1.664
0.144 0.08 1.054 -8.702 -0.305 2.122
0.147 0.083 1.084 -8.214 -2.107 1.863
0.163 0.075 1.091 -6.626 -3.099 1.42
0.167 0.077 1.089 -4.824 -2.641 0.794
0.164 0.075 1.09 -3.634 -2.504 0.229
0.153 0.075 1.065 -3.206 -1.847 0.351
0.147 0.074 1.053 -3.328 -1.405 0.885
0.149 0.077 1.055 -3.832 -1.802 1.695
0.158 0.077 1.054 -4.565 -1.038 2.244
0.159 0.087 1.055 -4.748 -1.435 2.321
0.168 0.087 1.059 -4.992 -0.611 1.954
0.166 0.09 1.061 -4.901 0.229 1.817
0.168 0.088 1.066 -5.16 -0.076 2.015
0.162 0.079 1.051 -5.695 -0.748 2.092
0.166 0.08 1.062 -5.695 -0.855 2.26
0.181 0.086 1.063 -6.229 0.473 2.107
0.168 0.08 1.06 -6.382 2.412 1.908
0.166 0.081 1.05 -6.519 1.588 1.924
0.173 0.08 1.073 -6.702 0.412 1.817
0.174 0.081 1.07 -7.206 -0.733 1.435
0.183 0.07 1.091 -6.626 -0.977 0.656
0.182 0.064 1.089 -5.435 -0.565 -0.29
0.17 0.066 1.077 -4.931 -0.855 -0.305
0.173 0.065 1.09 -4.214 -2.107 -0.519
0.177 0.073 1.069 -3.832 -1.496 -0.656
0.175 0.074 1.07 -4.198 -0.763 -0.855
0.165 0.071 1.075 -3.939 -0.626 -0.992
0.169 0.069 1.059 -4.29 -1.527 -1.16
0.17 0.089 1.057 -6.672 -1.481 0.046
0.158 0.072 1.067 -3.527 -2.366 -2.656
0.149 0.073 1.065 -3.221 -4.214 -2.763
0.152 0.077 1.062 -2.412 -4.26 -3.084
0.149 0.076 1.043 -2.687 -3.603 -3.115
0.149 0.081 1.044 -3.069 -1.42 -2.748
0.126 0.085 1.036 -3.985 -1.573 -2.015
0.131 0.082 1.038 -5.176 0.214 -1.191
0.124 0.076 1.051 -6.947 2.718 -0.275
0.135 0.067 1.055 -6.107 2.061 0.229
0.132 0.068 1.053 -6.0 1.069 0.595
0.131 0.063 1.056 -6.26 0.336 1.053
0.148 0.07 1.055 -6.015 0.137 1.359
0.148 0.07 1.061 -5.74 -0.214 1.496
0.156 0.066 1.058 -5.511 0.534 1.954
0.159 0.079 1.051 -5.527 1.328 1.908
0.164 0.073 1.046 -5.176 1.802 1.878
0.164 0.076 1.042 -5.679 1.496 1.863
0.165 0.072 1.037 -6.366 1.023 1.588
0.163 0.073 1.044 -7.267 -0.107 1.405
0.167 0.075 1.055 -8.168 -0.168 1.389
0.168 0.076 1.076 -8.183 0.229 0.962
0.163 0.073 1.083 -7.771 0.076 0.824
0.165 0.07 1.083 -7.252 0.076 0.763
0.162 0.068 1.094 -6.809 -0.885 0.519
0.158 0.058 1.106 -6.107 -0.947 0.137
0.16 0.064 1.113 -5.252 -1.099 0.214
0.153 0.066 1.097 -4.092 -1.542 0.321
0.162 0.066 1.095 -3.389 -1.634 0.58
0.157 0.068 1.089 -2.84 -1.023 0.443
0.16 0.071 1.091 -2.26 -0.534 0.092
0.168 0.068 1.075 -1.985 -0.565 -0.015
0.161 0.07 1.072 -2.382 -0.947 0.244
0.156 0.076 1.073 -2.55 -1.221 0.198
0.165 0.084 1.068 -2.275 -1.13 0.229
0.163 0.083 1.066 -2.336 -0.458 0.107
0.167 0.079 1.08 -2.107 0.061 -0.29
0.166 0.082 1.067 -1.679 0.0 -0.611
0.167 0.073 1.056 -1.527 -0.183 -0.962
0.167 0.083 1.047 -1.939 0.611 -1.008
0.16 0.084 1.031 -2.382 0.076 -1.344
0.16 0.083 1.024 -3.328 -0.84 -1.267
0.16 0.082 1.031 -4.489 -1.252 -1.359
0.151 0.082 1.037 -4.794 -1.847 -1.176
0.151 0.084 1.043 -5.176 -2.336 -1.176
0.155 0.078 1.053 -5.191 -1.573 -1.084
0.158 0.079 1.062 -5.267 -0.427 -0.901
0.151 0.075 1.072 -4.931 -0.122 -1.084
0.151 0.076 1.058 -4.58 -0.366 -0.931
0.149 0.077 1.057 -4.443 -1.176 -1.16
0.15 0.07 1.057 -4.901 -1.282 -0.977
0.157 0.075 1.052 -5.405 0.076 -0.779
0.145 0.075 1.058 -5.359 0.534 -0.809
0.155 0.081 1.061 -5.069 0.015 -0.794
0.149 0.078 1.076 -4.977 -1.191 -0.824
0.139 0.083 1.062 -5.053 -2.29 -0.947
0.148 0.081 1.055 -5.191 -2.55 -0.626
0.154 0.085 1.063 -5.557 -0.366 -0.641
0.143 0.076 1.068 -5.542 0.168 -0.397
0.138 0.069 1.071 -5.115 -1.16 -0.305
0.149 0.07 1.075 -4.748 -2.015 -0.382
0.157 0.066 1.08 -4.397 -2.702 -0.763
0.148 0.069 1.079 -3.954 -2.412 -0.962
0.144 0.062 1.078 -2.992 -3.786 -0.794
0.154 0.065 1.079 -2.595 -4.672 -0.809
0.148 0.064 1.074 -2.107 -4.29 -0.626
0.143 0.069 1.071 -2.229 -4.504 -0.534
0.153 0.067 1.076 -2.122 -4.534 -0.26
0.16 0.068 1.072 -1.939 -3.954 -0.29
0.162 0.066 1.07 -1.634 -2.87 -0.733
0.167 0.077 1.06 -1.313 -2.794 -0.901
0.164 0.078 1.062 -1.374 -3.588 -1.191
0.164 0.085 1.039 -2.107 -3.649 -1.481
0.149 0.089 1.043 -2.672 -2.87 -1.191
0.147 0.082 1.045 -3.466 -3.328 -0.855
0.154 0.1 1.054 -4.0 -3.023 -0.687
0.151 0.089 1.056 -4.412 -2.672 -0.427
0.154 0.093 1.053 -4.626 -1.924 -0.198
0.156 0.087 1.052 -4.855 -1.282 -0.168
0.16 0.094 1.06 -5.023 -0.84 0.198
0.164 0.087 1.049 -5.542 -0.611 0.321
0.158 0.079 1.05 -6.443 -0.58 0.351
0.149 0.078 1.065 -6.824 -0.015 0.443
0.149 0.081 1.073 -6.565 0.092 0.366
0.15 0.082 1.073 -6.0 -0.702 0.595
0.156 0.071 1.076 -5.893 -0.26 0.641
0.16 0.074 1.08 -5.847 -0.031 0.565
0.158 0.069 1.079 -5.176 -0.076 0.229
0.154 0.078 1.08 -4.26 -1.252 0.26
0.156 0.08 1.073 -3.267 -2.611 0.122
0.163 0.076 1.062 -2.992 -3.008 -0.015
0.164 0.079 1.056 -2.916 -2.061 0.122
0.176 0.089 1.053 -3.466 -0.565 -0.092
0.164 0.088 1.038 -3.756 0.214 -0.092
0.158 0.084 1.037 -4.794 -1.115 -0.061
0.161 0.088 1.056 -5.282 -1.924 0.061
0.176 0.082 1.056 -5.344 -2.366 -0.153
0.169 0.075 1.069 -5.45 -1.435 -0.534
0.167 0.074 1.072 -4.947 -1.359 -0.718
0.163 0.079 1.06 -4.947 -2.275 -1.023
0.165 0.079 1.057 -5.206 -2.382 -1.221
0.154 0.08 1.065 -5.313 -2.748 -1.344
0.151 0.079 1.077 -4.992 -3.038 -1.527
0.144 0.083 1.069 -4.626 -3.023 -1.038
0.141 0.082 1.074 -4.84 -3.832 -0.779
0.152 0.08 1.069 -4.305 -3.405 -0.733
0.149 0.083 1.069 -3.725 -3.511 -0.489
0.157 0.087 1.054 -3.664 -1.893 -0.107
0.146 0.085 1.053 -4.031 -0.641 0.443
0.151 0.081 1.057 -4.626 -1.695 0.748
0.159 0.081 1.065 -5.023 -2.244 0.687
0.166 0.072 1.08 -4.702 -2.092 0.656
0.167 0.08 1.072 -4.382 -2.519 0.473
0.174 0.073 1.072 -3.817 -2.641 -0.122
0.17 0.076 1.067 -3.649 -2.351 -0.183
0.174 0.082 1.054 -4.458 -2.107 0.046
0.181 0.068 1.061 -9.069 -2.076 1.985
0.172 0.079 1.059 -3.176 -1.435 -0.962
0.171 0.073 1.047 -4.58 -3.206 -0.718
0.175 0.08 1.049 -4.321 -0.809 -0.977
0.17 0.077 1.05 -5.115 -2.519 -1.16
0.16 0.078 1.063 -4.901 -2.748 -1.023
0.167 0.074 1.057 -4.58 -3.771 -1.466
0.161 0.079 1.059 -4.504 -3.634 -1.649
0.158 0.074 1.068 -4.076 -4.427 -1.466
0.161 0.077 1.056 -3.679 -4.504 -1.618
0.16 0.083 1.055 -3.802 -3.267 -1.511
0.16 0.084 1.053 -3.924 -1.908 -1.282
0.155 0.078 1.062 -3.771 -2.382 -1.298
0.165 0.076 1.057 -3.649 -2.748 -1.374
0.177 0.072 1.056 -3.603 -3.466 -1.466
0.169 0.068 1.056 -3.099 -4.672 -1.908
0.17 0.073 1.055 -2.748 -5.527 -2.153
0.173 0.078 1.054 -2.489 -6.626 -2.718
0.169 0.082 1.052 -3.893 -9.053 -3.679
0.19 0.07 1.064 -0.443 -6.55 -3.954