0.385 -0.327 0.947 -4.687 -1.313 0.427
0.389 -0.33 0.939 -4.779 -0.733 1.053
0.398 -0.332 0.936 -4.687 2.229 1.588
0.399 -0.332 0.934 -5.191 2.885 1.74
0.396 -0.333 0.925 -5.832 1.527 1.389
0.406 -0.32 0.934 -5.634 0.443 1.191
0.404 -0.335 0.929 -5.786 -0.611 0.534
0.406 -0.334 0.935 -5.756 0.168 0.198
0.401 -0.339 0.945 -5.42 1.634 0.351
0.407 -0.332 0.94 -5.099 2.397 0.076
0.4 -0.335 0.951 -5.069 1.405 0.061
0.405 -0.334 0.945 -4.977 -0.382 -0.015
0.397 -0.329 0.933 -5.069 -1.481 -0.336
0.41 -0.327 0.931 -5.221 -1.389 -0.641
0.403 -0.324 0.933 -5.42 -0.718 -0.519
0.406 -0.326 0.929 -6.153 -0.763 -0.443
0.407 -0.317 0.926 -6.595 -0.809 -0.412
0.396 -0.325 0.933 -7.298 -0.702 -0.336
0.396 -0.332 0.935 -7.863 -1.893 -0.427
0.393 -0.33 0.94 -8.275 -2.687 -0.489
0.402 -0.344 0.961 -7.771 -2.183 -0.977
0.408 -0.336 0.977 -6.656 0.122 -1.053
0.399 -0.339 0.983 -5.481 1.908 -1.023
0.386 -0.331 0.961 -4.687 1.649 -0.779
0.392 -0.335 0.956 -4.595 1.298 -0.748
0.389 -0.33 0.955 -4.962 0.733 -0.733
0.395 -0.332 0.949 -5.389 0.137 -0.748
0.395 -0.331 0.951 -5.771 0.015 -0.687
0.384 -0.337 0.95 -5.725 -0.504 -0.565
0.389 -0.333 0.956 -5.542 -1.145 -0.626
0.389 -0.343 0.963 -5.267 -1.496 -0.55
0.392 -0.332 0.965 -5.038 -0.641 -0.412
0.403 -0.333 0.957 -4.656 1.756 -0.244
0.387 -0.334 0.95 -4.534 1.252 -0.198
0.384 -0.339 0.954 -4.489 -1.45 -0.29
0.403 -0.335 0.947 -4.565 -2.122 -0.336
0.387 -0.333 0.947 -4.947 -1.191 -0.489
0.392 -0.336 0.939 -5.282 -1.008 -0.565
0.393 -0.334 0.942 -5.634 -0.931 -0.321
0.398 -0.338 0.943 -5.634 -1.405 -0.473
0.397 -0.331 0.949 -5.511 -0.534 -0.534
0.394 -0.33 0.942 -5.557 -1.237 -0.641
0.397 -0.325 0.933 -5.71 -1.115 -0.901
0.389 -0.335 0.945 -5.603 -0.733 -0.885
0.396 -0.333 0.939 -5.405 0.0 -1.023
0.382 -0.342 0.946 -5.023 -0.565 -0.901
0.389 -0.333 0.943 -5.084 -1.71 -0.489
0.396 -0.331 0.941 -5.084 -1.603 -0.656
0.394 -0.329 0.927 -5.511 -1.969 -0.931
0.391 -0.33 0.934 -5.954 -2.641 -0.824
0.408 -0.334 0.93 -6.412 -1.847 -0.443
0.408 -0.33 0.931 -6.977 -1.435 -0.656
0.413 -0.336 0.941 -7.282 -1.038 -0.885
0.405 -0.348 0.958 -7.466 -1.603 -1.496
0.396 -0.336 0.954 -7.221 -3.664 -2.153
0.395 -0.335 0.948 -7.328 -3.664 -1.954
0.387 -0.339 0.949 -7.252 -3.786 -1.756
0.387 -0.333 0.948 -7.374 -3.191 -1.466
0.379 -0.333 0.946 -7.634 -2.076 -0.55
0.379 -0.341 0.954 -7.74 -1.74 -0.305
0.376 -0.333 0.948 -8.137 -2.55 -0.26
0.381 -0.339 0.961 -8.122 -2.244 0.107
0.389 -0.347 0.964 -7.649 -2.107 0.321
0.4 -0.351 0.966 -7.313 -1.038 0.214
0.405 -0.346 0.951 -7.267 -0.58 -0.137
0.403 -0.346 0.952 -7.023 -0.076 -0.519
0.404 -0.348 0.95 -7.206 -0.046 -0.962
0.406 -0.35 0.942 -7.924 -1.084 -1.008
0.402 -0.344 0.945 -9.16 -2.137 -1.435
0.397 -0.341 0.957 -10.0 -2.26 -1.679
0.379 -0.342 0.961 -10.763 -0.046 -1.252
0.379 -0.343 0.98 -11.344 0.626 -0.55
0.379 -0.337 1.001 -12.046 0.382 -0.55
0.369 -0.34 1.021 -14.29 -1.832 -0.794
0.35 -0.351 1.065 -14.107 -3.969 -0.427
0.355 -0.353 1.104 -13.985 -1.298 0.855
0.341 -0.361 1.161 -13.267 0.198 1.924
0.334 -0.373 1.21 -10.809 -0.611 3.359
0.375 -0.374 1.236 -8.168 -1.313 4.244
0.416 -0.387 1.25 -5.786 -3.725 4.0
0.469 -0.382 1.228 -4.672 -3.771 1.878
0.494 -0.408 1.239 -3.298 -4.931 -0.244
0.505 -0.423 1.272 -1.74 0.061 -1.924
0.502 -0.429 1.288 -0.351 6.595 -4.214
0.499 -0.432 1.328 2.153 14.87 -6.183
0.391 -0.438 1.355 6.672 26.504 -4.351
0.406 -0.442 1.384 11.206 20.962 -4.122
0.402 -0.433 1.357 16.229 19.649 -3.557
0.411 -0.441 1.339 19.389 19.969 -3.527
0.398 -0.432 1.312 20.55 18.824 -3.16
0.406 -0.439 1.337 21.267 15.908 -4.153
0.425 -0.446 1.345 24.473 16.916 -4.473
0.432 -0.451 1.37 28.351 24.382 -4.107
0.411 -0.448 1.359 33.435 23.679 -4.947
0.458 -0.451 1.367 41.313 25.435 -6.855
0.449 -0.445 1.31 48.26 25.405 -8.885
0.438 -0.422 1.248 53.634 28.55 -10.092
0.427 -0.406 1.2 55.557 30.061 -11.176
0.424 -0.386 1.154 56.29 30.29 -12.122
0.404 -0.366 1.128 55.954 28.366 -13.527
0.389 -0.348 1.099 54.733 20.534 -15.786
0.375 -0.326 1.089 55.145 10.611 -18.336
0.37 -0.305 1.056 54.855 2.947 -21.023
0.356 -0.288 1.045 54.748 -0.779 -22.611
0.374 -0.267 1.01 55.878 -0.87 -23.389
0.387 -0.256 0.991 56.412 2.748 -24.076
0.393 -0.245 0.965 56.55 8.626 -24.55
0.395 -0.227 0.938 55.786 15.649 -24.565
0.393 -0.216 0.911 53.313 23.16 -23.481
0.382 -0.206 0.901 52.046 26.672 -22.611
0.372 -0.196 0.885 49.115 27.618 -21.496
0.377 -0.19 0.892 46.076 26.168 -20.611
0.393 -0.223 0.882 49.481 23.74 -23.069
0.372 -0.17 0.881 40.916 16.672 -20.702
0.379 -0.166 0.934 36.809 19.985 -20.305
0.365 -0.157 0.957 37.679 17.634 -19.817
0.387 -0.154 0.97 39.939 17.023 -19.573
0.401 -0.136 0.946 42.336 19.557 -20.351
0.395 -0.12 0.931 42.794 21.634 -21.42
0.382 -0.117 0.911 44.366 23.527 -22.489
0.363 -0.091 0.889 44.626 24.977 -23.344
0.332 -0.088 0.889 45.115 23.389 -23.74
0.314 -0.067 0.859 46.153 21.42 -24.244
0.31 -0.052 0.837 46.061 19.863 -23.939
0.306 -0.036 0.824 46.519 16.55 -24.0
0.299 -0.034 0.785 45.191 14.061 -24.534
0.29 -0.019 0.787 43.389 13.008 -25.069
0.259 -0.014 0.79 41.145 13.221 -24.595
0.225 -0.008 0.815 38.947 11.634 -22.321
0.234 -0.001 0.823 38.672 9.16 -20.336
0.251 0.017 0.823 38.443 11.756 -19.221
0.263 0.032 0.806 37.649 16.107 -18.626
0.246 0.04 0.771 36.672 18.229 -18.458
0.236 0.057 0.751 34.015 21.176 -17.802
0.202 0.072 0.742 30.702 21.756 -16.962
0.183 0.084 0.758 26.397 20.366 -15.649
0.177 0.088 0.766 22.076 19.511 -14.229
0.172 0.094 0.79 18.794 17.863 -12.962
0.162 0.099 0.811 15.863 16.427 -11.985
0.153 0.095 0.832 13.328 15.374 -10.641
0.149 0.093 0.85 11.985 13.557 -9.115
0.147 0.086 0.868 10.824 14.168 -7.099
0.156 0.08 0.896 9.893 15.924 -4.916
0.16 0.085 0.905 10.137 17.023 -3.206
0.172 0.085 0.905 10.214 18.366 -2.076
0.18 0.089 0.9 9.649 20.031 -1.069
0.183 0.094 0.899 9.557 19.237 -0.824
0.178 0.094 0.898 8.0 16.305 -1.053
0.173 0.087 0.919 6.931 12.977 -1.389
0.167 0.101 0.925 6.076 8.137 -1.954
0.176 0.1 0.913 5.863 5.588 -2.427
0.182 0.121 0.902 4.901 3.588 -2.947
0.168 0.114 0.892 2.687 3.756 -2.947
0.165 0.115 0.894 -0.122 4.351 -2.351
0.174 0.119 0.917 -2.763 4.84 -2.122
0.169 0.111 0.943 -4.672 4.26 -2.198
0.168 0.108 0.974 -5.863 3.053 -2.061
0.177 0.102 0.993 -6.061 1.71 -2.26
0.177 0.115 1.0 -5.634 1.191 -2.489
0.173 0.118 0.995 -5.374 0.137 -2.794
0.176 0.118 0.992 -5.313 -0.336 -2.656
0.168 0.12 0.986 -5.939 -0.489 -2.748
0.152 0.117 0.986 -7.145 -1.328 -1.939
0.144 0.118 1.013 -8.214 -1.053 -0.366
0.153 0.117 1.025 -8.168 -0.26 0.916
0.173 0.116 1.019 -7.939 0.031 1.511
0.18 0.108 1.026 -7.466 2.397 1.954
0.196 0.123 1.022 -6.55 3.099 2.137
0.204 0.115 0.996 -6.794 4.718 1.664
0.199 0.115 0.998 -8.214 6.168 1.298
0.188 0.114 0.996 -10.015 5.282 0.931
0.182 0.102 1.029 -11.45 3.16 0.519
0.175 0.104 1.073 -11.282 0.122 0.229
0.186 0.103 1.097 -9.634 -2.0 0.321
0.199 0.109 1.09 -7.527 -1.695 0.015
0.213 0.107 1.083 -5.405 -0.534 -0.779
0.208 0.108 1.068 -3.496 1.115 -0.885
0.2 0.114 1.052 -2.443 2.534 -0.977
0.193 0.11 1.041 -2.275 3.267 -0.794
0.19 0.108 1.045 -1.878 1.496 -0.656
0.191 0.115 1.036 -2.168 -0.519 -0.565
0.203 0.121 1.033 -2.168 -1.908 -0.947
0.204 0.12 1.009 -2.611 -1.939 -1.023
0.202 0.128 1.008 -2.977 -1.71 -0.992
0.217 0.125 0.983 -3.618 -2.336 -1.237
0.221 0.127 0.976 -5.893 -1.863 -2.153
0.198 0.123 0.987 -8.595 -2.916 -2.626
0.192 0.126 1.023 -9.893 -4.58 -2.489
0.193 0.123 1.056 -10.534 -6.672 -2.763
0.199 0.123 1.073 -9.863 -6.656 -3.115
0.193 0.119 1.088 -8.748 -5.527 -2.916
0.195 0.11 1.097 -7.527 -4.87 -2.779
0.183 0.114 1.092 -7.267 -4.122 -2.565
0.17 0.107 1.107 -7.267 -3.863 -2.489
0.172 0.103 1.11 -6.534 -2.962 -1.573
0.187 0.104 1.11 -5.771 -2.275 -1.45
0.197 0.102 1.106 -5.13 -2.351 -1.374
0.19 0.102 1.093 -4.122 -2.336 -1.298
0.201 0.104 1.078 -3.573 -1.206 -1.237
0.204 0.114 1.057 -3.496 -0.244 -1.328
0.206 0.109 1.046 -3.679 0.427 -1.374
0.196 0.105 1.041 -5.344 0.901 -1.069
0.189 0.105 1.046 -6.321 1.649 -0.702
0.193 0.091 1.059 -6.611 1.664 -0.779
0.194 0.08 1.086 -6.382 2.198 -0.87
0.205 0.089 1.079 -6.031 1.282 -1.481
0.2 0.079 1.079 -5.389 0.092 -2.092
0.194 0.091 1.073 -4.779 -0.672 -2.611
0.201 0.088 1.065 -4.443 -0.275 -2.947
0.183 0.089 1.059 -4.611 0.046 -2.855
0.171 0.086 1.063 -4.641 -0.87 -2.168
0.177 0.094 1.052 -4.885 -0.55 -2.305
0.187 0.093 1.054 -5.023 0.244 -2.26
0.175 0.093 1.054 -5.298 -0.58 -1.969
0.166 0.098 1.05 -5.237 -1.13 -1.939
0.166 0.097 1.045 -5.863 -0.672 -1.634
0.167 0.102 1.047 -5.71 -0.962 -1.45
0.167 0.096 1.055 -5.74 -0.611 -1.176
0.163 0.092 1.056 -5.969 -1.191 -0.779
0.166 0.09 1.059 -5.573 -1.511 -0.244
0.166 0.101 1.058 -5.298 -1.527 -0.061
0.167 0.094 1.073 -5.16 -1.756 0.321
0.171 0.091 1.078 -4.336 -2.26 0.443
0.177 0.102 1.071 -3.42 -2.458 0.565
0.182 0.102 1.053 -2.824 -2.183 0.489
0.185 0.107 1.061 -2.351 -1.634 0.672
0.195 0.111 1.04 -2.26 -1.588 0.733
0.206 0.115 1.024 -2.809 -0.122 0.656
0.205 0.114 1.017 -3.573 1.145 0.244
0.19 0.111 1.018 -5.069 1.069 0.244
0.206 0.112 1.023 -6.046 -0.336 0.076
0.203 0.111 1.033 -6.794 -1.573 -0.641
0.204 0.114 1.049 -6.809 -1.13 -1.298
0.194 0.097 1.052 -6.824 -1.634 -2.137
0.181 0.103 1.053 -7.42 -0.366 -1.985
0.173 0.102 1.072 -7.45 -0.595 -1.42
0.17 0.1 1.081 -7.267 -0.626 -1.008
0.17 0.095 1.081 -6.733 -1.099 -0.962
0.171 0.094 1.084 -6.076 -1.176 -0.427
0.17 0.096 1.085 -5.267 -0.931 -0.015
0.177 0.1 1.082 -4.702 -0.458 0.397
0.178 0.097 1.078 -4.046 -0.519 0.809
0.188 0.102 1.059 -3.924 -0.153 1.053
0.198 0.101 1.045 -4.687 0.107 0.916
0.195 0.101 1.037 -5.557 -0.137 0.962
0.204 0.102 1.049 -6.122 -0.382 0.641
0.196 0.093 1.067 -6.061 -0.962 0.321
0.207 0.093 1.071 -5.527 -1.786 -0.092
0.219 0.095 1.072 -5.16 -1.359 -0.824
0.202 0.093 1.065 -5.038 0.183 -1.511
0.184 0.1 1.06 -4.656 -0.626 -1.618
0.185 0.107 1.056 -4.794 -2.122 -1.405
0.184 0.107 1.054 -5.023 -1.985 -1.42
0.182 0.105 1.06 -5.42 -1.618 -1.13
0.18 0.104 1.057 -5.634 -1.74 -1.038
0.187 0.099 1.061 -5.71 -2.0 -0.733
0.187 0.102 1.06 -5.481 -1.893 -0.87
0.186 0.1 1.058 -5.45 -1.481 -0.87
0.195 0.097 1.055 -5.466 -1.099 -0.977
0.188 0.11 1.056 -5.389 -1.16 -1.344
0.18 0.103 1.06 -5.282 -0.168 -1.221
0.168 0.099 1.076 -5.389 -0.122 -1.145
0.168 0.097 1.075 -4.931 -0.916 -0.534
0.182 0.092 1.084 -4.458 -0.412 -0.137
0.185 0.096 1.08 -3.878 0.473 0.046
0.185 0.093 1.081 -3.466 -0.229 -0.015
0.197 0.093 1.067 -2.947 -0.244 -0.153
0.196 0.095 1.05 -2.809 -0.58 -0.687
0.205 0.092 1.039 -3.038 -1.45 -1.313
0.201 0.097 1.03 -4.061 -2.916 -1.817
0.193 0.103 1.035 -4.824 -3.878 -1.954
0.197 0.098 1.053 -5.511 -3.817 -1.985
0.183 0.091 1.06 -5.389 -3.206 -2.092
0.182 0.097 1.072 -4.473 -4.031 -2.122
0.186 0.109 1.07 -3.756 -4.153 -2.321
0.187 0.102 1.063 -3.374 -2.611 -2.29
0.19 0.106 1.062 -3.145 -1.695 -1.985
0.182 0.106 1.046 -2.901 -1.924 -1.649
0.18 0.103 1.038 -3.313 -1.832 -1.527
0.183 0.103 1.04 -4.107 -1.893 -1.221
0.187 0.107 1.034 -4.931 -0.626 -1.374
0.185 0.106 1.045 -5.634 -0.809 -1.511
0.18 0.104 1.044 -5.45 -1.969 -1.573
0.178 0.112 1.037 -5.664 -2.473 -1.405
0.182 0.109 1.052 -5.237 -2.015 -1.282
0.184 0.103 1.044 -4.656 -2.26 -1.191
0.186 0.097 1.037 -4.29 -1.053 -1.176
0.19 0.11 1.039 -4.489 -0.229 -1.115
0.188 0.091 1.051 -5.221 -0.687 -1.099
0.192 0.088 1.066 -5.252 -2.122 -1.008
0.194 0.089 1.074 -4.779 -3.802 -1.282
0.198 0.093 1.07 -4.031 -4.427 -2.244
0.2 0.101 1.07 -3.374 -4.122 -2.947
0.188 0.097 1.055 -2.779 -4.794 -3.115
0.182 0.103 1.039 -2.87 -4.702 -2.931
0.176 0.103 1.028 -3.557 -3.725 -2.412
0.174 0.107 1.034 -4.382 -2.992 -1.878
0.177 0.113 1.037 -5.267 -2.0 -1.374
0.167 0.113 1.045 -5.74 -2.061 -1.16
0.176 0.108 1.051 -6.092 -2.168 -0.702
0.166 0.11 1.052 -6.611 -1.664 -0.183
0.185 0.106 1.068 -6.794 -1.588 0.168
0.181 0.102 1.062 -6.58 -1.45 0.534
0.193 0.104 1.06 -6.962 -1.16 0.718
0.198 0.103 1.062 -7.084 -0.611 0.992
0.197 0.095 1.073 -7.191 -0.107 0.87
0.198 0.092 1.081 -6.763 -0.504 0.55
0.206 0.095 1.085 -6.031 -0.55 0.0
0.201 0.08 1.078 -5.511 -0.595 -0.122
0.198 0.08 1.088 -4.962 -1.542 -0.504
0.204 0.081 1.079 -4.305 -2.336 -0.672
0.202 0.093 1.073 -3.786 -2.916 -1.191
0.198 0.093 1.069 -3.863 -2.824 -1.344
0.191 0.103 1.072 -3.893 -3.252 -1.221
0.202 0.099 1.056 -3.664 -2.809 -1.221
0.202 0.095 1.062 -3.649 -2.504 -1.527
0.196 0.104 1.057 -3.924 -3.115 -1.786
0.189 0.099 1.065 -3.588 -3.573 -1.832
0.192 0.098 1.068 -3.176 -3.679 -1.847
0.193 0.099 1.054 -3.16 -2.962 -1.771
0.188 0.107 1.053 -3.695 -2.153 -1.527
0.189 0.104 1.043 -3.985 -1.634 -1.252
0.184 0.102 1.053 -4.275 -2.565 -0.901
0.184 0.108 1.042 -4.458 -3.191 -0.794
0.197 0.102 1.05 -5.069 -3.053 -0.458
0.191 0.097 1.055 -5.099 -1.206 -0.534
0.194 0.098 1.061 -5.099 -0.489 -0.198
0.188 0.092 1.072 -4.58 -1.038 -0.092
0.192 0.088 1.066 -4.0 -1.298 -0.229
0.194 0.088 1.066 -3.557 -1.725 -0.702
0.192 0.091 1.063 -3.267 -1.893 -0.718
0.185 0.095 1.065 -3.084 -1.878 -0.412
0.192 0.096 1.054 -3.267 -2.382 -0.244
0.194 0.099 1.065 -2.84 -3.221 -0.046
0.189 0.099 1.061 -2.336 -4.183 -0.137
0.2 0.1 1.05 -2.473 -3.115 -0.443
0.196 0.099 1.057 -2.168 -2.58 -0.565
0.196 0.097 1.043 -2.214 -3.328 -0.565
0.195 0.092 1.032 -4.504 -2.489 0.198
0.193 0.107 1.045 -2.55 -2.26 -0.336
0.204 0.101 1.044 -3.023 -3.511 -0.947
0.213 0.1 1.039 -3.206 -3.191 -1.389
0.227 0.105 1.061 -2.641 -3.13 -2.29
0.208 0.1 1.068 -1.511 -3.679 -3.176
0.216 0.101 1.067 -0.626 -4.58 -3.954
0.202 0.104 1.055 -0.183 -4.046 -4.504
0.212 0.104 1.039 -0.87 -3.115 -4.29
0.184 0.096 1.055 -2.824 -4.412 -3.786
0.186 0.102 1.046 -0.702 -3.573 -3.939
0.191 0.119 1.019 -2.046 -3.939 -3.344
0.182 0.114 1.04 -2.809 -2.473 -1.939
0.182 0.112 1.05 -3.084 -2.962 -1.511
0.194 0.11 1.062 -3.145 -3.099 -0.824
0.213 0.109 1.074 -2.565 -2.534 -0.824
0.213 0.119 1.071 -1.603 -1.237 -1.282
0.209 0.114 1.054 -1.237 -1.435 -1.557
0.215 0.106 1.06 -1.267 -1.985 -1.679
0.216 0.1 1.06 -2.443 -4.779 -2.198
0.208 0.111 1.048 -1.405 -0.321 -1.679
0.206 0.105 1.052 -0.504 -4.641 -2.0
0.2 0.106 1.036 -1.038 -3.939 -2.046
0.203 0.117 1.051 -1.374 -3.252 -1.908
0.205 0.111 1.052 -1.618 -2.687 -1.679
0.207 0.114 1.045 -2.504 -1.542 -1.13
0.207 0.115 1.053 -3.42 -0.992 -0.733
0.206 0.113 1.04 -4.137 -0.366 -0.321
0.204 0.111 1.055 -4.763 -0.305 0.076
0.215 0.115 1.068 -4.473 -0.565 -0.076
0.214 0.107 1.07 -3.985 -0.55 -0.412
0.218 0.109 1.078 -3.481 -0.687 -0.824
0.205 0.105 1.055 -2.565 -1.206 -1.145
0.205 0.106 1.046 -2.29 -2.076 -1.313
0.208 0.124 1.042 -2.427 -2.061 -1.344
0.212 0.118 1.043 -2.992 -2.137 -1.817
0.202 0.123 1.059 -3.435 -1.756 -2.015
0.19 0.118 1.06 -2.84 -2.351 -1.771
0.2 0.129 1.066 -2.718 -3.496 -1.679
0.2 0.127 1.06 -2.336 -3.389 -1.45
0.192 0.12 1.061 -1.954 -2.641 -0.947
0.2 0.121 1.044 -1.435 -2.183 -0.611
0.205 0.124 1.045 -1.298 -0.763 -0.397
0.219 0.119 1.03 -1.313 -0.214 -0.534
0.222 0.115 1.036 -1.802 0.29 -1.13
0.218 0.12 1.032 -1.603 0.489 -2.076
0.221 0.123 1.026 -2.015 -0.84 -2.733
0.23 0.116 1.038 -2.305 -0.336 -3.817
0.219 0.121 1.045 -1.924 -0.534 -4.534
0.208 0.128 1.048 -1.588 -1.435 -5.16
0.192 0.125 1.045 -1.496 -1.893 -5.344
0.191 0.135 1.029 -1.45 -2.305 -4.885
0.19 0.136 1.032 -2.305 -1.191 -4.229
0.186 0.136 1.03 -3.13 -0.55 -3.511
0.183 0.131 1.051 -3.664 -0.321 -3.099
0.185 0.126 1.068 -3.817 -0.595 -2.198
0.193 0.128 1.061 -3.863 -1.679 -1.725
0.195 0.131 1.061 -3.695 -1.573 -1.252
0.195 0.137 1.068 -3.466 -0.992 -0.931
0.199 0.138 1.064 -3.634 -1.191 -0.748
0.206 0.133 1.071 -3.695 -0.458 -0.534
0.2 0.132 1.081 -3.42 -0.885 -0.519