0.213 -0.196 1.023 -0.916 0.55 -2.305
0.21 -0.209 1.016 0.626 0.015 -3.206
0.205 -0.201 1.018 -2.366 -0.351 -1.282
0.211 -0.208 1.021 -2.977 0.107 -1.221
0.222 -0.212 1.033 -3.145 0.611 -1.298
0.223 -0.208 1.038 -2.55 0.641 -1.649
0.214 -0.212 1.046 -1.954 -0.092 -1.588
0.205 -0.207 1.039 -1.679 0.763 -1.282
0.198 -0.197 1.02 -2.26 -1.053 -1.359
0.205 -0.198 1.018 -3.023 -1.282 -0.901
0.213 -0.201 1.029 -3.573 -1.405 -0.351
0.22 -0.208 1.03 -3.802 -0.718 -0.061
0.217 -0.205 1.035 -3.893 -0.29 -0.29
0.224 -0.201 1.033 -3.954 -0.565 -0.626
0.221 -0.206 1.02 -4.153 0.733 -0.412
0.223 -0.204 1.02 -4.321 0.275 -0.321
0.22 -0.203 1.021 -4.565 -0.443 -0.412
0.219 -0.209 1.016 -4.656 -0.305 -0.321
0.229 -0.201 1.018 -5.176 0.198 -0.321
0.225 -0.205 1.031 -5.359 0.29 -0.214
0.229 -0.202 1.031 -5.16 0.656 -0.321
0.221 -0.209 1.032 -5.237 0.58 -0.473
0.208 -0.199 1.036 -5.237 -1.511 -0.473
0.215 -0.202 1.047 -5.176 -4.137 -0.519
0.221 -0.207 1.037 -4.702 -4.031 -0.427
0.22 -0.206 1.039 -4.305 -2.824 -0.29
0.229 -0.203 1.035 -4.305 -1.756 -0.458
0.226 -0.196 1.02 -4.58 -0.702 -0.382
0.231 -0.198 1.01 -5.176 0.412 -0.244
0.227 -0.19 1.005 -6.076 -0.809 -0.076
0.23 -0.196 1.006 -6.687 -1.405 -0.336
0.234 -0.201 1.02 -7.267 -1.527 -0.55
0.241 -0.2 1.032 -7.603 -1.435 -0.977
0.235 -0.2 1.022 -7.634 -0.061 -1.435
0.23 -0.206 1.035 -7.71 -1.481 -2.107
0.222 -0.209 1.044 -7.496 -1.16 -2.168
0.209 -0.204 1.048 -7.267 -0.229 -1.985
0.206 -0.208 1.027 -7.374 -0.992 -1.893
0.206 -0.203 1.036 -7.328 -0.901 -1.405
0.202 -0.203 1.04 -7.542 -1.603 -1.145
0.211 -0.204 1.027 -7.908 -1.847 -0.763
0.217 -0.21 1.035 -7.954 -1.511 -0.718
0.221 -0.207 1.025 -8.031 0.244 -0.763
0.213 -0.212 1.024 -8.29 1.466 -0.595
0.222 -0.205 1.027 -8.84 0.305 -0.885
0.21 -0.215 1.021 -9.359 -0.947 -1.191
0.205 -0.216 1.026 -9.863 -0.962 -1.252
0.204 -0.216 1.032 -9.954 -1.435 -1.084
0.207 -0.217 1.032 -10.107 -2.84 -0.916
0.22 -0.217 1.034 -10.107 -3.74 -1.252
0.25 -0.225 1.044 -9.405 -2.198 -2.061
0.263 -0.231 1.061 -8.198 -0.153 -4.122
0.266 -0.229 1.051 -7.191 0.504 -6.412
0.274 -0.237 1.036 -7.145 1.16 -8.87
0.25 -0.234 1.04 -7.282 -0.87 -11.206
0.221 -0.221 1.048 -7.603 2.046 -10.763
0.185 -0.231 1.064 -7.756 4.473 -8.885
0.173 -0.223 1.07 -7.634 3.985 -7.191
0.172 -0.227 1.075 -7.618 1.542 -5.511
0.183 -0.223 1.07 -9.359 5.099 -3.756
0.179 -0.218 1.084 -7.893 -0.412 -3.924
0.213 -0.213 1.071 -8.824 0.489 -3.42
0.204 -0.204 1.094 -9.969 -1.099 -3.939
0.214 -0.2 1.126 -11.603 -3.282 -4.58
0.201 -0.207 1.159 -12.076 -1.328 -4.763
0.195 -0.219 1.198 -11.771 0.489 -4.672
0.183 -0.221 1.238 -10.0 3.42 -3.817
0.171 -0.24 1.26 -7.985 2.687 -2.916
0.178 -0.24 1.248 -5.603 1.481 -1.908
0.202 -0.242 1.233 -4.443 1.985 -1.481
0.212 -0.241 1.232 -3.649 2.489 -1.863
0.223 -0.246 1.215 -3.405 2.748 -2.336
0.237 -0.241 1.215 -2.901 4.153 -3.267
0.248 -0.234 1.19 -2.733 4.397 -4.26
0.274 -0.223 1.135 -3.771 5.145 -6.061
0.291 -0.214 1.098 -6.687 5.634 -8.336
0.314 -0.196 1.059 -10.183 3.252 -11.649
0.351 -0.194 1.05 -13.756 1.527 -16.687
0.355 -0.192 1.05 -17.893 2.046 -21.511
0.328 -0.196 1.126 -19.878 12.336 -24.046
0.23 -0.222 1.236 -19.221 17.405 -23.053
0.157 -0.241 1.335 -13.008 28.885 -18.504
0.133 -0.187 1.427 -2.107 29.771 -15.069
0.117 -0.257 1.373 -3.008 25.084 -10.107
0.135 -0.264 1.39 4.443 24.931 -7.878
0.17 -0.251 1.35 8.275 23.252 -6.687
0.199 -0.253 1.323 12.26 27.359 -6.244
0.22 -0.245 1.31 13.802 27.542 -7.847
0.227 -0.243 1.302 17.206 27.008 -10.183
0.224 -0.24 1.25 17.924 25.893 -12.855
0.221 -0.236 1.238 17.359 24.824 -14.672
0.223 -0.231 1.237 16.733 26.443 -15.481
0.205 -0.23 1.259 18.366 29.191 -15.802
0.19 -0.221 1.281 21.42 30.351 -16.015
0.16 -0.208 1.274 24.305 31.435 -16.763
0.129 -0.202 1.256 26.244 30.061 -16.855
0.116 -0.191 1.248 26.931 26.366 -18.015
0.123 -0.155 1.193 30.092 24.107 -19.191
0.146 -0.167 1.229 25.969 24.84 -19.313
0.155 -0.166 1.258 29.053 25.74 -20.794
0.202 -0.193 1.219 36.397 38.962 -22.046
0.162 -0.139 1.117 29.603 31.679 -19.16
0.204 -0.141 1.13 26.137 52.031 -18.061
0.214 -0.132 1.083 24.534 55.634 -20.702
0.199 -0.135 1.099 21.695 51.786 -24.382
0.199 -0.137 1.088 23.313 49.298 -28.779
0.194 -0.175 1.105 26.565 62.702 -31.771
0.145 -0.142 1.059 22.458 40.122 -34.427
0.149 -0.124 1.083 20.931 49.863 -36.595
0.093 -0.14 1.05 21.511 47.359 -37.954
0.127 -0.117 1.061 22.87 67.725 -35.954
0.048 -0.145 1.09 16.183 75.359 -32.763
0.066 -0.193 1.119 23.817 95.252 -29.527
-0.115 -0.147 1.132 24.763 78.427 -23.359
-0.086 -0.143 1.127 25.267 62.061 -17.13
-0.063 -0.141 1.117 31.893 54.214 -13.008
-0.028 -0.131 1.056 33.954 46.84 -10.962
-0.014 -0.119 1.02 34.702 45.069 -9.893
-0.031 -0.121 0.979 35.573 35.481 -10.473
-0.019 -0.118 0.981 37.038 25.618 -10.229
0.019 -0.11 0.961 38.977 25.053 -10.382
0.018 -0.1 0.938 39.313 29.099 -10.931
0.006 -0.089 0.922 40.397 30.489 -11.588
-0.042 -0.078 0.896 40.763 26.458 -11.634
-0.057 -0.077 0.904 40.977 20.931 -11.023
-0.066 -0.055 0.888 40.84 16.458 -10.244
-0.063 -0.044 0.864 40.885 12.702 -9.573
-0.073 -0.03 0.854 40.473 11.527 -8.534
-0.064 -0.018 0.83 39.71 10.687 -7.496
-0.056 -0.008 0.804 37.634 17.252 -6.687
-0.085 0.006 0.789 34.87 21.863 -5.053
-0.123 0.015 0.788 31.878 22.763 -3.069
-0.136 0.016 0.809 29.099 16.931 -1.206
-0.143 0.023 0.818 26.168 12.153 0.0
-0.142 0.032 0.849 24.229 8.855 1.069
-0.137 0.037 0.877 23.45 5.847 1.817
-0.147 0.043 0.894 23.817 5.176 2.809
-0.142 0.05 0.907 24.901 3.16 4.031
-0.135 0.049 0.9 25.878 1.191 5.282
-0.146 0.051 0.9 26.58 -0.275 6.046
-0.161 0.066 0.894 26.656 0.55 9.053
-0.166 0.069 0.881 26.153 -0.55 11.939
-0.141 0.081 0.862 23.985 -1.42 14.29
-0.121 0.09 0.848 21.527 -2.214 15.954
-0.082 0.099 0.855 18.794 -0.947 16.473
-0.066 0.1 0.873 16.489 3.344 16.702
-0.055 0.101 0.904 14.992 3.099 15.573
-0.047 0.099 0.893 13.985 -0.534 13.359
-0.043 0.099 0.89 12.214 -2.779 10.901
-0.055 0.106 0.906 10.092 -4.687 9.282
-0.069 0.117 0.918 8.229 -4.595 8.595
-0.078 0.112 0.927 7.084 -3.023 8.931
-0.074 0.108 0.925 5.344 -2.412 9.969
-0.054 0.109 0.934 5.13 -3.344 10.031
-0.046 0.108 0.943 4.321 -0.947 10.137
-0.049 0.115 0.921 3.878 0.168 9.878
-0.032 0.122 0.921 2.748 0.214 9.313
-0.031 0.122 0.906 0.55 -1.252 7.878
-0.017 0.115 0.916 -1.817 -0.107 5.893
-0.031 0.118 0.946 -4.031 1.313 4.305
-0.052 0.112 0.969 -5.313 0.183 2.931
-0.058 0.101 0.993 -5.206 1.344 2.443
-0.081 0.104 0.998 -4.931 0.824 2.473
-0.076 0.101 1.011 -4.26 0.458 2.412
-0.079 0.109 1.008 -4.305 1.16 2.305
-0.094 0.108 1.009 -4.137 1.771 2.702
-0.103 0.107 1.003 -4.519 1.282 3.496
-0.096 0.119 0.999 -4.809 0.672 4.107
-0.091 0.117 1.0 -5.038 -0.275 4.565
-0.09 0.111 1.016 -5.542 -2.183 4.0
-0.092 0.112 1.029 -5.084 -1.206 4.458
-0.088 0.12 1.032 -4.229 0.87 4.656
-0.073 0.125 1.035 -3.16 1.084 4.198
-0.071 0.135 1.026 -1.664 0.534 3.206
-0.071 0.144 1.0 -1.115 0.107 2.137
-0.07 0.142 0.984 -1.771 -1.145 1.359
-0.074 0.136 0.974 -3.008 -2.58 0.733
-0.077 0.132 0.972 -4.901 -4.0 0.351
-0.073 0.128 1.0 -6.015 -4.779 0.214
-0.059 0.126 0.995 -7.466 -3.74 0.046
-0.061 0.135 1.009 -8.244 -0.26 -0.153
-0.066 0.137 1.012 -8.412 0.855 -0.55
-0.058 0.14 1.012 -8.656 -0.809 -1.695
-0.066 0.141 0.999 -8.519 -1.45 -3.282
-0.082 0.135 1.008 -9.267 -2.458 -4.443
-0.089 0.138 1.008 -9.527 -1.939 -4.718
-0.102 0.144 1.016 -10.534 -2.641 -4.443
-0.111 0.136 1.024 -11.542 -3.924 -4.046
-0.113 0.134 1.041 -11.664 -1.603 -2.962
-0.121 0.128 1.07 -10.656 0.351 -1.863
-0.108 0.135 1.042 -9.786 1.908 -0.962
-0.109 0.145 1.052 -8.641 -1.588 -0.916
-0.091 0.15 1.03 -8.321 -3.527 -1.466
-0.085 0.148 1.028 -9.344 -3.71 -2.718
-0.094 0.143 1.025 -9.954 -2.718 -3.069
-0.109 0.14 1.041 -10.565 0.122 -1.679
-0.114 0.132 1.068 -10.26 -0.015 -0.55
-0.098 0.131 1.06 -9.618 -1.282 -0.153
-0.086 0.136 1.052 -9.084 -1.969 -0.244
-0.065 0.132 1.05 -8.855 -2.107 -0.519
-0.063 0.128 1.046 -9.786 -2.794 -1.45
-0.074 0.113 1.073 -10.214 -4.412 -2.076
-0.068 0.111 1.088 -9.649 -2.183 -1.954
-0.069 0.109 1.1 -8.626 -0.641 -1.893
-0.08 0.103 1.105 -7.053 -1.664 -2.366
-0.065 0.108 1.109 -5.695 -3.008 -2.809
-0.064 0.119 1.09 -4.809 -3.786 -3.893
-0.062 0.113 1.08 -3.924 -4.0 -4.473
-0.069 0.113 1.073 -3.695 -4.519 -5.435
-0.072 0.133 1.062 -4.076 -4.718 -5.863
-0.087 0.122 1.068 -4.107 -4.107 -5.863
-0.086 0.125 1.057 -4.626 -3.313 -5.573
-0.093 0.123 1.065 -5.496 -1.13 -4.931
-0.093 0.127 1.066 -5.832 0.031 -4.382
-0.094 0.13 1.085 -6.931 1.634 -3.374
-0.088 0.103 1.092 -5.344 2.733 -4.473
-0.114 0.117 1.078 -4.29 0.458 -4.87
-0.105 0.112 1.082 -4.382 -0.763 -4.916
-0.109 0.106 1.071 -4.107 -1.618 -4.916
-0.107 0.102 1.08 -3.878 2.092 -3.863
-0.109 0.099 1.079 -3.42 4.473 -3.13
-0.102 0.106 1.069 -3.328 3.634 -2.794
-0.104 0.106 1.068 -3.191 1.13 -2.992
-0.088 0.102 1.056 -2.992 -0.305 -4.153
-0.09 0.107 1.067 -2.611 -0.015 -4.947
-0.106 0.109 1.065 -1.74 -1.802 -5.664
-0.111 0.107 1.065 -1.42 -4.656 -6.107
-0.094 0.112 1.063 -0.916 -5.481 -6.351
-0.088 0.11 1.039 -1.069 -0.351 -6.076
-0.113 0.111 1.042 -1.817 4.198 -5.069
-0.119 0.121 1.053 -2.153 4.473 -4.107
-0.12 0.121 1.047 -2.519 1.893 -4.092
-0.105 0.122 1.048 -2.702 -0.29 -4.916
-0.113 0.125 1.052 -2.595 2.092 -4.885
-0.129 0.118 1.051 -1.847 3.969 -4.229
-0.135 0.121 1.04 -2.29 2.748 -3.237
-0.125 0.131 1.027 -4.427 2.366 -1.924
-0.124 0.129 1.029 -3.282 1.542 -3.466
-0.132 0.13 1.029 -3.832 3.16 -2.718
-0.141 0.123 1.055 -3.084 2.29 -2.275
-0.145 0.125 1.036 -2.641 -1.038 -2.229
-0.142 0.132 1.03 -2.382 -2.779 -2.092
-0.13 0.129 1.02 -2.397 -0.809 -1.435
-0.132 0.138 1.017 -3.237 1.802 -0.992
-0.13 0.138 1.016 -3.893 0.901 -0.443
-0.133 0.127 1.002 -4.84 -1.053 -0.321
-0.114 0.12 1.016 -5.176 -1.405 -0.336
-0.12 0.12 1.038 -5.099 0.718 0.137
-0.128 0.126 1.047 -4.504 0.198 0.595
-0.12 0.127 1.023 -4.687 -1.496 0.519
-0.116 0.132 1.025 -5.45 -3.42 0.489
-0.097 0.132 1.019 -5.71 -1.832 -0.046
-0.121 0.14 1.003 -6.489 2.275 0.565
-0.123 0.135 1.013 -7.023 1.573 1.313
-0.097 0.121 1.017 -8.779 0.244 1.756
-0.111 0.135 1.01 -8.29 -0.626 1.282
-0.106 0.135 1.013 -9.527 0.916 1.847
-0.111 0.134 1.017 -10.321 0.84 2.229
-0.109 0.128 1.023 -11.053 -0.107 2.26
-0.097 0.129 1.041 -11.237 0.336 2.58
-0.082 0.14 1.038 -11.344 1.038 1.908
-0.088 0.13 1.05 -11.649 1.176 1.557
-0.093 0.118 1.062 -12.015 0.87 1.328
-0.1 0.108 1.073 -12.015 0.809 1.084
-0.099 0.09 1.098 -11.603 1.511 0.885
-0.094 0.096 1.119 -10.061 -0.321 0.641
-0.09 0.088 1.135 -8.061 -1.573 0.046
-0.088 0.087 1.128 -5.313 -2.031 -0.84
-0.092 0.098 1.116 -3.176 -3.573 -1.664
-0.093 0.11 1.08 -1.924 -4.626 -2.58
-0.1 0.114 1.062 -1.496 -5.069 -2.916
-0.101 0.12 1.042 -2.183 -4.626 -2.824
-0.1 0.116 1.022 -3.695 -3.145 -2.229
-0.106 0.12 1.032 -4.947 -0.824 -1.45
-0.103 0.108 1.04 -5.954 0.214 -0.977
-0.106 0.107 1.048 -6.611 0.321 -1.573
-0.111 0.103 1.067 -6.55 -0.351 -2.183
-0.119 0.094 1.075 -5.954 -1.969 -2.168
-0.121 0.098 1.087 -5.069 -3.313 -2.656
-0.11 0.098 1.077 -3.924 -3.344 -3.13
-0.111 0.098 1.069 -3.191 -0.198 -3.206
-0.136 0.102 1.061 -3.145 3.023 -2.031
-0.142 0.095 1.051 -2.931 0.763 -1.42
-0.137 0.098 1.054 -2.885 -0.458 -1.069
-0.128 0.102 1.048 -2.962 -0.107 -0.733
-0.13 0.112 1.029 -3.084 0.992 -0.458
-0.139 0.122 1.028 -3.573 -0.321 -0.275
-0.132 0.117 1.02 -4.122 -1.756 -0.092
-0.121 0.114 1.017 -4.885 -0.443 0.244
-0.114 0.114 1.028 -5.466 -0.214 0.29
-0.109 0.117 1.033 -5.389 -0.611 0.275
-0.101 0.119 1.025 -5.893 -2.122 -0.153
-0.1 0.122 1.018 -6.504 -2.84 -0.718
-0.1 0.117 1.029 -7.038 -1.893 -1.115
-0.11 0.116 1.037 -7.42 -1.435 -1.069
-0.116 0.113 1.057 -7.115 -2.351 -0.901
-0.113 0.108 1.055 -6.656 -3.618 -0.55
-0.107 0.112 1.057 -6.26 -2.183 -0.672
-0.106 0.108 1.057 -6.122 -0.183 -0.595
-0.112 0.115 1.048 -5.817 -0.885 -0.443
-0.108 0.117 1.048 -5.969 -1.771 -0.916
-0.104 0.107 1.068 -5.847 -3.069 -1.45
-0.109 0.103 1.063 -5.435 -3.053 -1.649
-0.107 0.097 1.071 -5.16 -3.557 -1.695
-0.111 0.094 1.077 -4.962 -3.466 -1.695
-0.112 0.091 1.086 -4.198 -2.015 -1.42
-0.113 0.099 1.087 -3.542 -0.107 -1.084
-0.108 0.097 1.088 -2.504 -0.489 -1.069
-0.104 0.102 1.081 -1.74 -0.565 -1.634
-0.102 0.109 1.063 -1.527 -1.725 -2.489
-0.109 0.111 1.044 -1.832 -0.84 -2.489
-0.115 0.103 1.047 -2.672 -1.328 -2.626
-0.112 0.109 1.048 -3.053 -2.137 -2.565
-0.122 0.113 1.055 -3.252 -1.969 -2.824
-0.117 0.113 1.053 -3.344 -1.145 -2.107
-0.112 0.109 1.033 -3.802 0.137 -1.466
-0.111 0.108 1.029 -4.458 3.817 -0.992
-0.117 0.114 1.031 -4.809 5.939 -0.565
-0.117 0.111 1.021 -5.344 4.275 -0.702
-0.13 0.108 1.031 -6.031 1.176 -1.13
-0.122 0.106 1.044 -6.153 -1.557 -1.573
-0.122 0.106 1.052 -6.137 -3.115 -1.435
-0.124 0.1 1.062 -5.588 -3.221 -0.962
-0.121 0.11 1.05 -4.626 -2.977 -0.901
-0.114 0.106 1.045 -4.412 -1.588 -0.626
-0.116 0.111 1.037 -4.214 -1.359 -0.29
-0.118 0.102 1.046 -4.137 -2.122 -0.122
-0.104 0.111 1.042 -4.595 -2.656 -0.229
-0.103 0.107 1.038 -4.718 -2.824 -0.534
-0.105 0.111 1.04 -5.13 -2.397 -0.733
-0.102 0.106 1.036 -5.389 -2.519 -1.084
-0.112 0.102 1.051 -5.954 -3.344 -1.252
-0.115 0.104 1.06 -5.603 -5.191 -1.527
-0.114 0.106 1.059 -4.687 -3.939 -1.71
-0.121 0.104 1.061 -3.817 -2.565 -1.634
-0.121 0.109 1.056 -3.71 -1.863 -1.16
-0.118 0.108 1.038 -4.321 -2.244 -1.053
-0.123 0.103 1.045 -4.992 -0.748 -1.053
-0.129 0.108 1.041 -5.16 0.244 -0.824
-0.134 0.109 1.05 -4.855 -0.992 -0.382
-0.128 0.115 1.05 -5.328 -1.756 -0.122
-0.121 0.113 1.048 -5.634 -2.229 -0.137
-0.116 0.108 1.058 -5.527 -1.45 -0.046
-0.115 0.106 1.052 -5.786 -0.901 0.412
-0.117 0.11 1.061 -5.985 -2.107 0.656
-0.111 0.1 1.076 -5.832 -2.947 0.977
-0.095 0.101 1.09 -5.115 -2.321 0.794
-0.094 0.104 1.078 -4.702 -2.366 0.595
-0.081 0.104 1.075 -2.534 -2.763 0.29
-0.076 0.11 1.062 -2.046 -2.626 -0.107
-0.07 0.112 1.044 -1.634 -2.229 -0.687
-0.065 0.114 1.042 -1.771 -0.504 -1.435
-0.071 0.112 1.036 -1.969 -0.412 -2.214
-0.075 0.114 1.025 -2.107 -1.115 -2.931
-0.086 0.119 1.023 -2.962 -2.733 -3.74
-0.087 0.131 1.014 -3.786 -3.725 -4.229
-0.092 0.141 1.029 -3.878 -3.954 -4.397
-0.089 0.142 1.019 -3.985 -2.901 -4.489
-0.098 0.147 1.028 -4.397 -1.634 -4.565
-0.096 0.145 1.01 -4.992 1.053 -4.26
-0.105 0.135 1.017 -6.29 1.145 -3.954
-0.117 0.133 1.046 -7.176 -1.359 -3.939
-0.117 0.115 1.064 -7.13 -3.313 -3.786
-0.104 0.116 1.075 -6.519 -4.321 -3.634
-0.106 0.099 1.066 -5.954 -4.26 -3.832
-0.103 0.101 1.085 -5.42 -3.664 -3.847
-0.094 0.089 1.085 -4.397 -1.511 -3.847
-0.1 0.082 1.078 -3.588 -0.382 -3.802
-0.113 0.078 1.076 -2.977 -1.634 -4.244
-0.117 0.079 1.084 -1.969 -3.969 -4.412
-0.117 0.089 1.07 -0.947 -4.885 -4.55
-0.111 0.106 1.056 -0.092 -5.924 -4.763
-0.104 0.122 1.021 -0.061 -5.74 -5.038
-0.104 0.135 0.992 -1.542 -3.313 -4.824
-0.118 0.129 0.986 -4.061 -1.496 -4.061
-0.121 0.125 0.993 -6.641 -0.565 -3.252
-0.122 0.115 1.015 -8.779 -0.443 -2.992
-0.121 0.104 1.053 -9.802 -1.466 -2.87
-0.114 0.101 1.086 -9.359 -2.794 -2.916
-0.104 0.1 1.095 -8.458 -3.908 -3.435
-0.115 0.103 1.097 -7.008 -3.45 -3.863
-0.115 0.098 1.092 -6.26 -1.71 -3.695
-0.124 0.099 1.078 -5.847 0.122 -2.733
-0.13 0.088 1.077 -6.0 2.687 -1.542
-0.129 0.078 1.08 -6.534 3.756 -0.397
-0.133 0.085 1.086 -6.763 1.45 0.076
-0.129 0.09 1.1 -6.366 -0.84 -0.046
-0.111 0.098 1.093 -5.13 -1.985 -0.351
-0.106 0.098 1.096 -4.168 -2.901 -0.718
-0.099 0.105 1.074 -3.618 -2.809 -0.779
-0.108 0.111 1.068 -3.649 0.29 -0.046
-0.104 0.106 1.057 -3.969 1.985 0.718
-0.105 0.103 1.052 -4.092 3.008 0.931
-0.113 0.098 1.065 -4.458 1.649 0.656
-0.12 0.096 1.085 -4.0 -1.206 0.473
-0.113 0.095 1.092 -3.099 -3.282 0.366
-0.107 0.093 1.083 -2.046 -5.359 -0.046
-0.103 0.103 1.074 -1.374 -6.504 -0.107
-0.096 0.107 1.058 -0.611 -5.313 0.076
-0.094 0.121 1.051 -0.58 -2.87 0.672