0.254 -0.198 1.049 -4.229 -0.122 -3.588
0.236 -0.204 1.032 -4.305 -0.611 -3.573
0.222 -0.198 1.034 -4.443 -2.031 -3.42
0.221 -0.192 1.04 -4.733 -2.885 -3.008
0.226 -0.185 1.02 -5.084 -2.0 -2.366
0.218 -0.19 1.022 -5.45 -1.542 -1.908
0.229 -0.188 1.011 -5.435 -0.107 -1.634
0.229 -0.198 1.027 -5.802 0.122 -1.359
0.237 -0.196 1.021 -6.076 0.947 -1.374
0.229 -0.202 1.039 -6.168 0.962 -1.802
0.224 -0.205 1.037 -5.893 0.412 -1.511
0.227 -0.203 1.048 -5.557 -0.824 -1.344
0.223 -0.204 1.051 -4.733 -1.74 -0.947
0.239 -0.204 1.038 -4.458 -1.237 -0.626
0.239 -0.204 1.021 -4.366 -0.626 -0.824
0.245 -0.202 1.025 -4.198 0.305 -1.313
0.236 -0.206 1.024 -4.046 -1.313 -1.527
0.231 -0.204 1.021 -4.122 -2.504 -1.496
0.238 -0.201 1.032 -4.366 -1.878 -1.573
0.231 -0.199 1.022 -4.427 -0.565 -1.374
0.232 -0.194 1.015 -4.305 -0.962 -1.298
0.23 -0.198 1.004 -4.763 -1.176 -1.099
0.232 -0.192 1.001 -6.321 -1.832 -0.794
0.23 -0.191 1.009 -6.931 -2.214 -0.58
0.237 -0.202 1.011 -7.496 -2.412 -0.29
0.246 -0.205 1.016 -7.634 -1.435 -0.519
0.252 -0.213 1.032 -7.359 -0.168 -0.519
0.245 -0.208 1.031 -6.87 0.794 -0.794
0.246 -0.205 1.023 -6.916 0.214 -1.42
0.244 -0.207 1.014 -6.901 -0.641 -2.061
0.229 -0.2 1.014 -6.947 -1.588 -2.489
0.228 -0.193 1.007 -7.817 -2.061 -2.198
0.219 -0.193 1.004 -8.702 -2.489 -2.0
0.222 -0.201 1.014 -9.13 -2.275 -1.267
0.22 -0.196 1.025 -9.527 -1.756 -0.718
0.222 -0.208 1.032 -9.13 -1.298 -0.198
0.224 -0.211 1.033 -8.763 -2.29 0.168
0.23 -0.213 1.031 -8.504 -3.725 -0.229
0.233 -0.208 1.017 -8.763 -4.473 -0.107
0.24 -0.206 1.015 -8.977 -4.427 -0.26
0.228 -0.208 1.022 -9.267 -4.611 -0.183
0.236 -0.206 1.029 -9.832 -3.389 0.305
0.243 -0.206 1.018 -10.275 -2.092 0.443
0.233 -0.207 1.023 -10.962 -2.29 0.443
0.236 -0.211 1.026 -12.092 -3.557 0.214
0.233 -0.214 1.022 -13.511 -3.588 -0.198
0.233 -0.221 1.049 -14.626 -3.939 -0.489
0.237 -0.227 1.065 -14.58 -2.076 -0.092
0.233 -0.232 1.085 -13.924 -0.214 0.0
0.254 -0.238 1.061 -13.328 0.473 -0.443
0.254 -0.234 1.042 -13.954 1.496 -1.542
0.255 -0.23 1.005 -16.611 1.664 -2.763
0.244 -0.218 0.968 -21.771 3.542 -4.061
0.222 -0.218 0.967 -26.824 1.115 -6.137
0.208 -0.233 0.995 -32.183 1.16 -6.901
0.163 -0.228 1.0 -38.122 5.954 -5.084
0.146 -0.28 1.175 -30.443 10.137 -3.588
0.132 -0.279 1.107 -29.221 -0.183 -4.015
0.163 -0.263 1.163 -31.557 2.733 0.718
0.172 -0.261 1.177 -28.489 3.664 1.618
0.198 -0.265 1.173 -26.656 3.511 1.542
0.231 -0.288 1.197 -19.786 11.878 0.092
0.21 -0.256 1.153 -23.389 1.71 -1.573
0.253 -0.267 1.163 -26.458 7.328 -0.305
0.232 -0.292 1.208 -25.634 15.389 0.412
0.203 -0.305 1.239 -24.84 17.023 2.901
0.209 -0.306 1.256 -21.725 18.092 4.794
0.255 -0.304 1.269 -18.611 13.053 3.496
0.271 -0.302 1.279 -15.634 8.687 0.26
0.271 -0.305 1.269 -14.153 7.023 -2.641
0.271 -0.301 1.272 -12.748 6.641 -5.115
0.265 -0.302 1.267 -11.267 4.458 -8.992
0.215 -0.277 1.272 -9.328 0.092 -11.13
0.256 -0.354 1.333 -5.771 12.275 -10.504
0.191 -0.305 1.333 -10.809 11.435 -7.908
0.2 -0.323 1.372 -6.534 24.733 -5.038
0.173 -0.325 1.394 -4.198 35.069 -2.992
0.159 -0.335 1.42 0.733 30.809 -2.626
0.169 -0.333 1.411 6.58 24.763 -2.702
0.199 -0.325 1.383 11.115 20.321 -3.756
0.226 -0.324 1.336 15.084 16.87 -5.145
0.264 -0.314 1.285 18.168 13.817 -7.435
0.295 -0.308 1.237 18.779 13.099 -11.221
0.281 -0.302 1.203 18.031 11.618 -14.504
0.269 -0.297 1.191 17.298 9.985 -17.42
0.261 -0.292 1.186 16.824 8.015 -20.0
0.256 -0.282 1.173 16.687 6.931 -22.901
0.26 -0.239 1.254 20.153 1.206 -26.458
0.229 -0.272 1.178 15.313 -2.687 -26.611
0.211 -0.271 1.172 14.427 -5.573 -27.847
0.23 -0.269 1.148 12.382 -13.115 -29.863
0.237 -0.265 1.145 7.71 -19.863 -32.992
0.211 -0.266 1.156 4.122 -26.809 -34.611
0.202 -0.263 1.174 2.977 -30.58 -33.435
0.193 -0.275 1.195 5.527 -30.458 -29.817
0.224 -0.269 1.175 10.305 -32.198 -26.473
0.288 -0.262 1.152 17.42 -24.992 -24.153
0.325 -0.258 1.132 24.061 -8.397 -22.061
0.329 -0.251 1.108 31.374 12.977 -19.496
0.31 -0.242 1.1 39.206 32.29 -15.878
0.277 -0.234 1.063 45.618 44.626 -12.092
0.275 -0.233 1.022 50.595 49.695 -8.931
0.284 -0.211 0.966 54.092 52.336 -7.634
0.285 -0.207 0.912 55.603 51.145 -7.908
0.275 -0.185 0.874 54.595 45.466 -9.786
0.265 -0.172 0.834 51.527 39.069 -11.863
0.237 -0.151 0.818 47.435 30.626 -14.626
0.223 -0.141 0.812 43.802 20.076 -17.023
0.209 -0.131 0.808 40.611 8.382 -20.672
0.185 -0.119 0.818 37.13 0.702 -23.053
0.171 -0.113 0.812 34.626 -4.427 -23.756
0.163 -0.109 0.812 31.756 1.221 -22.29
0.131 -0.108 0.825 29.664 11.924 -18.092
0.113 -0.116 0.853 28.794 23.084 -12.809
0.101 -0.109 0.869 28.733 34.656 -6.824
0.095 -0.108 0.885 29.191 44.611 -0.977
0.102 -0.099 0.894 29.817 49.771 3.618
0.122 -0.093 0.88 30.122 50.351 5.878
0.139 -0.074 0.879 29.878 47.969 5.832
0.141 -0.06 0.861 28.336 40.031 3.588
0.126 -0.053 0.853 26.107 32.489 0.962
0.106 -0.052 0.863 25.206 21.42 -1.466
0.09 -0.053 0.874 22.427 12.366 -3.252
0.074 -0.061 0.892 21.13 2.519 -3.511
0.089 -0.06 0.899 20.656 -3.664 -3.176
0.132 -0.062 0.903 19.405 -1.71 -2.611
0.155 -0.06 0.912 19.863 6.153 -2.382
0.143 -0.049 0.911 20.412 13.435 -2.336
0.131 -0.038 0.895 21.145 19.618 -1.634
0.114 -0.029 0.887 20.443 22.687 -0.87
0.087 -0.015 0.884 19.374 21.695 -1.038
0.079 -0.001 0.893 17.878 18.534 -1.511
0.076 -0.002 0.886 16.305 14.443 -2.718
0.078 0.007 0.88 14.489 10.702 -3.817
0.066 0.013 0.882 12.641 6.168 -5.496
0.054 0.014 0.874 9.863 2.504 -6.061
0.047 0.013 0.897 7.939 0.26 -5.939
0.048 0.025 0.894 6.26 1.649 -5.435
0.039 0.024 0.914 4.473 5.481 -4.382
0.029 0.024 0.928 3.542 7.16 -3.145
0.016 0.035 0.936 2.214 7.832 -2.076
0.014 0.037 0.94 0.824 7.878 -1.206
0.01 0.034 0.94 -0.565 6.641 -0.443
0.016 0.035 0.937 -1.71 4.718 0.198
0.013 0.035 0.953 -3.496 2.901 0.458
0.017 0.021 0.983 -4.275 0.214 0.519
0.013 0.019 1.001 -4.229 -1.13 0.412
0.029 0.019 1.023 -3.405 -2.962 0.397
0.032 0.022 1.03 -2.275 -2.092 0.947
0.031 0.028 1.027 -1.267 -0.931 1.649
0.033 0.031 1.012 -0.534 -0.489 2.489
0.042 0.035 0.991 -1.344 1.695 3.069
0.033 0.027 0.988 -2.397 3.893 4.321
0.026 0.035 0.984 -4.137 3.191 4.84
0.037 0.026 0.994 -5.496 3.389 5.237
0.044 0.03 1.017 -6.565 1.695 5.282
0.052 0.03 1.027 -6.718 0.305 4.763
0.061 0.034 1.041 -6.458 -0.901 3.695
0.06 0.027 1.041 -6.336 -1.603 3.038
0.053 0.021 1.037 -7.084 -0.397 2.687
0.049 0.012 1.062 -7.45 0.168 2.962
0.036 0.009 1.076 -6.58 0.229 3.817
0.046 0.007 1.086 -5.618 -0.168 4.122
0.056 0.013 1.073 -4.473 -0.489 4.137
0.059 0.019 1.065 -3.908 0.489 4.321
0.065 0.018 1.053 -3.756 0.0 4.107
0.062 0.028 1.041 -4.962 0.275 4.107
0.06 0.027 1.035 -5.817 0.702 4.26
0.061 0.028 1.047 -6.137 1.679 4.229
0.069 0.021 1.061 -6.336 2.092 4.229
0.076 0.022 1.062 -6.641 1.985 3.573
0.075 0.02 1.067 -7.145 1.542 3.023
0.07 0.022 1.083 -6.656 0.855 2.26
0.067 0.017 1.085 -6.26 -0.076 1.74
0.073 0.021 1.084 -6.229 -0.382 1.649
0.067 0.024 1.086 -6.29 0.153 1.481
0.069 0.022 1.08 -6.229 1.267 1.802
0.06 0.021 1.083 -5.863 3.771 1.847
0.06 0.024 1.075 -6.092 3.389 2.076
0.062 0.025 1.081 -5.74 2.29 1.45
0.059 0.026 1.079 -6.122 0.962 0.916
0.059 0.022 1.095 -6.092 1.252 0.137
0.054 0.022 1.082 -5.985 2.412 0.366
0.04 0.021 1.092 -5.145 3.221 0.84
0.04 0.025 1.086 -4.947 3.313 1.191
0.044 0.019 1.08 -4.504 4.244 1.649
0.044 0.012 1.093 -4.137 3.618 1.527
0.047 0.024 1.09 -3.359 2.473 1.313
0.051 0.019 1.092 -2.504 0.84 1.053
0.04 0.021 1.084 -1.924 -2.244 0.672
0.049 0.024 1.072 -1.435 -4.519 0.29
0.062 0.034 1.045 -1.588 -2.84 -0.427
0.049 0.035 1.032 -2.412 0.809 -0.427
0.042 0.035 1.042 -3.13 0.763 0.397
0.049 0.036 1.052 -3.74 0.611 0.366
0.053 0.031 1.06 -3.985 -0.534 0.031
0.061 0.031 1.056 -4.183 -2.275 -0.473
0.054 0.031 1.062 -4.031 -3.725 -1.16
0.06 0.021 1.078 -4.183 -4.656 -1.221
0.057 0.028 1.082 -3.985 -3.542 -1.13
0.064 0.021 1.084 -3.069 -3.023 -1.267
0.069 0.022 1.093 -2.641 -3.45 -1.282
0.076 0.029 1.083 -2.229 -3.359 -1.649
0.074 0.03 1.073 -2.534 -1.679 -1.893
0.058 0.036 1.073 -3.053 -0.061 -2.305
0.052 0.033 1.071 -3.359 0.305 -2.275
0.047 0.035 1.066 -6.26 0.26 -0.885
0.045 0.031 1.071 -3.969 -0.153 -2.336
0.041 0.033 1.066 -3.756 -0.427 -2.0
0.035 0.037 1.061 -3.939 2.0 -1.511
0.032 0.037 1.064 -4.519 1.481 -1.115
0.025 0.042 1.05 -4.611 2.244 -0.885
0.028 0.041 1.053 -5.405 2.473 -0.229
0.027 0.039 1.049 -6.153 2.656 0.443
0.024 0.03 1.057 -6.366 3.496 1.084
0.027 0.029 1.073 -6.275 3.145 1.221
0.046 0.024 1.081 -5.374 3.084 0.565
0.046 0.027 1.083 -4.565 3.588 -0.183
0.042 0.02 1.07 -3.71 2.672 -0.748
0.04 0.026 1.068 -3.282 2.168 -0.702
0.042 0.028 1.063 -3.527 2.183 -0.733
0.042 0.037 1.05 -4.046 1.237 -0.672
0.036 0.032 1.042 -4.733 1.527 -0.55
0.034 0.035 1.048 -5.802 0.504 -0.687
0.035 0.033 1.058 -6.122 -0.992 -0.458
0.04 0.028 1.069 -6.427 -1.908 -0.626
0.041 0.034 1.08 -6.382 -1.893 -0.702
0.048 0.027 1.074 -6.168 -0.779 -0.84
0.044 0.022 1.075 -5.725 -0.366 -0.794
0.04 0.027 1.067 -5.71 -0.122 -1.191
0.037 0.021 1.071 -5.389 1.191 -1.221
0.026 0.023 1.077 -5.527 0.702 -1.023
0.027 0.024 1.084 -5.237 -0.046 -1.008
0.036 0.025 1.074 -4.947 0.198 -0.855
0.025 0.022 1.069 -4.611 0.809 -0.534
0.023 0.022 1.063 -4.763 0.076 -0.427
0.027 0.03 1.057 -5.252 -0.122 -0.489
0.033 0.023 1.05 -5.618 -0.947 -0.504
0.033 0.028 1.058 -5.908 -2.198 -0.962
0.035 0.027 1.069 -5.649 -2.153 -1.053
0.03 0.027 1.08 -5.42 -2.824 -1.038
0.031 0.022 1.067 -5.084 -2.916 -1.13
0.035 0.024 1.074 -4.427 -1.053 -0.931
0.031 0.034 1.063 -4.031 0.733 -0.55
0.023 0.033 1.063 -3.893 0.397 -0.397
0.032 0.03 1.053 -4.412 0.26 0.031
0.039 0.034 1.045 -5.252 -0.565 -0.183
0.039 0.026 1.048 -6.397 -1.053 -0.473
0.039 0.018 1.07 -6.992 -2.275 -0.58
0.042 0.025 1.074 -6.733 -3.573 -0.733
0.036 0.022 1.091 -6.061 -3.389 -0.962
0.033 0.02 1.084 -5.634 -2.55 -1.145
0.028 0.026 1.087 -4.855 -0.962 -1.13
0.025 0.022 1.084 -4.275 0.031 -0.733
0.028 0.013 1.072 -4.168 -0.061 0.0
0.022 0.021 1.076 -4.26 -0.702 0.275
0.02 0.011 1.075 -4.458 -2.092 0.168
0.035 0.015 1.094 -4.351 -2.748 0.214
0.04 0.016 1.101 -3.557 -3.725 0.0
0.044 0.013 1.106 -2.489 -4.366 -0.443
0.047 0.021 1.099 -0.901 -3.924 -0.718
0.054 0.017 1.088 0.198 -2.534 -0.931
0.044 0.031 1.067 0.687 -0.992 -0.672
0.031 0.038 1.043 0.58 -0.153 -0.29
0.039 0.045 1.027 -0.504 -0.122 0.122
0.046 0.042 1.024 -2.031 0.718 0.412
0.039 0.045 1.026 -3.496 -0.046 0.214
0.039 0.041 1.024 -5.069 -1.618 -0.366
0.034 0.041 1.031 -6.595 -3.786 -0.626
0.035 0.045 1.039 -7.191 -5.679 -0.962
0.036 0.033 1.062 -7.542 -4.931 -0.885
0.032 0.035 1.072 -7.115 -3.878 -0.702
0.033 0.029 1.079 -6.779 -1.664 -0.153
0.031 0.027 1.074 -6.107 1.557 0.382
0.02 0.019 1.084 -5.756 1.832 1.115
0.023 0.019 1.065 -5.832 1.847 1.603
0.02 0.021 1.07 -5.985 0.779 1.328
0.027 0.027 1.071 -6.153 -1.695 0.519
0.026 0.033 1.073 -6.107 -4.458 0.29
0.034 0.025 1.075 -5.924 -5.344 0.229
0.042 0.028 1.076 -6.244 -4.473 0.458
0.044 0.027 1.068 -6.626 -2.397 1.069
0.05 0.025 1.081 -6.718 -0.351 1.481
0.046 0.019 1.078 -6.687 0.183 1.71
0.056 0.02 1.082 -6.214 -0.076 1.603
0.06 0.02 1.07 -5.679 -0.656 0.809
0.057 0.02 1.074 -5.634 -1.542 0.0
0.055 0.022 1.067 -6.0 -1.542 -0.58
0.055 0.029 1.073 -5.863 -0.565 -1.084
0.046 0.032 1.079 -5.634 -0.26 -1.389
0.043 0.027 1.088 -5.634 -0.687 -0.977
0.034 0.023 1.081 -5.405 -0.962 -0.672
0.043 0.028 1.08 -5.206 -0.397 -0.58
0.043 0.026 1.073 -5.145 0.473 -0.412
0.038 0.027 1.078 -5.328 0.824 -0.473
0.04 0.027 1.076 -5.237 -0.031 -0.443
0.042 0.028 1.072 -5.267 -0.809 -0.718
0.038 0.028 1.073 -5.527 -2.137 -1.023
0.036 0.025 1.083 -5.237 -3.237 -1.16
0.037 0.016 1.084 -4.84 -3.954 -1.466
0.044 0.029 1.079 -4.977 -3.145 -1.618
0.044 0.026 1.076 -4.779 0.198 -1.008
0.032 0.026 1.068 -4.58 2.824 -0.046
0.036 0.026 1.062 -4.718 3.099 0.336
0.038 0.025 1.067 -5.069 2.55 0.443
0.037 0.019 1.064 -5.359 0.29 0.198
0.038 0.02 1.055 -5.618 -1.588 -0.321
0.041 0.016 1.063 -5.817 -2.962 -0.901
0.034 0.013 1.072 -5.649 -3.634 -1.221
0.044 0.018 1.081 -5.023 -3.267 -1.206
0.044 0.018 1.072 -4.519 -2.809 -1.511
0.042 0.02 1.085 -4.168 -1.069 -1.557
0.04 0.017 1.063 -3.588 -0.336 -1.511
0.039 0.018 1.062 -3.756 -0.061 -1.267
0.034 0.02 1.052 -3.908 -0.55 -1.42
0.027 0.022 1.052 -4.931 -1.282 -1.298
0.033 0.026 1.052 -5.466 -2.458 -1.267
0.034 0.022 1.055 -5.71 -2.519 -1.252
0.031 0.028 1.07 -5.389 -2.061 -1.053
0.027 0.028 1.067 -5.099 -2.336 -0.672
0.043 0.027 1.067 -5.252 -0.84 -0.718
0.044 0.022 1.057 -5.298 0.473 -0.641
0.042 0.022 1.057 -5.664 0.473 -0.641
0.042 0.027 1.054 -6.046 0.794 -0.473
0.035 0.017 1.07 -6.321 0.015 -0.824
0.035 0.022 1.066 -6.336 -1.145 -1.344
0.032 0.015 1.08 -5.924 -2.565 -1.374
0.032 0.018 1.09 -5.74 -3.725 -1.084
0.029 0.021 1.083 -5.13 -2.595 -0.916
0.036 0.017 1.085 -5.053 -1.374 -0.275
0.027 0.016 1.084 -4.87 -1.145 0.0
0.05 0.011 1.081 -4.656 -1.115 0.031
0.044 0.011 1.088 -4.534 -0.458 -0.122
0.048 0.013 1.08 -4.214 -1.542 -0.58
0.045 0.045 1.085 -7.985 -2.58 1.496
0.056 0.009 1.093 -5.038 -2.183 -1.069
0.045 0.017 1.071 -3.099 -4.962 -2.656
0.048 0.02 1.066 -3.206 -4.275 -2.565
0.048 0.019 1.06 -3.389 -3.603 -2.565
0.04 0.021 1.058 -3.588 -2.305 -2.473
0.031 0.019 1.066 -4.137 -0.901 -1.939
0.031 0.029 1.056 -4.718 -1.496 -1.496
0.033 0.026 1.051 -4.977 -1.893 -1.191
0.034 0.025 1.062 -5.221 -2.366 -1.328
0.043 0.028 1.058 -5.237 -1.038 -1.527
0.03 0.027 1.073 -5.527 -2.198 -1.71
0.033 0.025 1.061 -5.832 -2.427 -1.298
0.028 0.023 1.064 -6.046 -2.901 -1.084
0.036 0.023 1.067 -5.893 -2.214 -0.855
0.042 0.021 1.076 -5.878 -0.397 -0.733
0.033 0.018 1.078 -5.817 1.725 0.031
0.029 0.023 1.067 -6.137 0.962 0.26
0.036 0.018 1.077 -6.458 0.336 0.412
0.038 0.014 1.073 -6.565 -0.397 0.351
0.033 0.011 1.086 -6.412 -0.656 0.397
0.037 0.007 1.099 -5.969 -1.008 0.595
0.041 0.006 1.098 -5.221 -1.206 0.504
0.051 0.019 1.099 -4.824 -0.947 0.153
0.046 0.014 1.098 -4.122 -0.824 -0.29
0.043 0.022 1.077 -3.893 -2.153 -0.595
0.052 0.02 1.071 -4.031 -2.275 -0.809
0.046 0.02 1.065 -4.168 -2.076 -0.733
0.037 0.018 1.059 -4.504 -2.305 -0.458
0.037 0.009 1.067 -4.977 -1.618 0.153
0.041 0.017 1.073 -5.328 -0.672 0.305
0.051 0.015 1.079 -5.267 -0.137 0.458
0.056 0.016 1.078 -5.206 -0.275 0.229
0.053 0.012 1.085 -4.947 -0.427 -0.046
0.052 0.014 1.079 -4.565 -0.565 -0.26
0.057 0.02 1.075 -4.473 -0.183 -0.916
0.042 0.013 1.074 -4.427 0.076 -1.176
0.037 0.018 1.082 -4.275 -0.794 -1.206
0.037 0.016 1.084 -3.878 -1.13 -1.115
0.035 0.019 1.067 -3.588 -0.534 -0.962
0.03 0.024 1.075 -3.695 -0.565 -0.718
0.031 0.028 1.06 -4.168 -0.87 -0.427
0.033 0.022 1.06 -4.611 -1.298 -0.443
0.045 0.021 1.063 -5.13 -1.221 -0.244
0.041 0.019 1.069 -5.389 -1.435 -0.55
0.042 0.024 1.065 -5.282 -2.29 -0.672
0.044 0.021 1.075 -4.931 -1.878 -1.13
0.04 0.025 1.072 -4.702 -0.779 -1.252
0.036 0.025 1.06 -4.397 -1.145 -1.313
0.03 0.026 1.061 -4.84 -0.748 -0.687
0.033 0.019 1.061 -5.115 0.931 -0.443
0.033 0.02 1.071 -5.344 1.695 -0.015
0.032 0.015 1.071 -5.573 1.023 0.26
0.037 0.016 1.072 -5.42 -0.336 0.076
0.047 0.007 1.069 -5.45 -0.977 -0.443
0.042 0.012 1.09 -4.824 -0.504 -0.84
0.035 0.016 1.082 -4.351 -0.565 -0.947
0.036 0.016 1.08 -4.015 -1.802 -0.824
0.039 0.013 1.067 -4.137 -1.344 -0.473
0.038 0.014 1.066 -4.275 1.191 -0.504
0.026 0.01 1.064 -4.153 2.229 -0.046
0.028 0.02 1.064 -4.29 1.267 0.015
0.03 0.02 1.058 -4.244 0.214 0.015
0.037 0.018 1.057 -5.45 -0.305 0.153
0.032 0.024 1.053 -6.489 0.198 0.687
0.038 0.022 1.074 -6.015 -0.321 0.534