0.285 -0.272 0.99 1.084 -2.198 0.809
0.275 -0.27 1.001 0.214 -1.634 0.244
0.27 -0.274 1.023 0.321 -2.229 0.244
0.268 -0.272 1.036 1.023 -0.718 0.672
0.256 -0.269 1.036 2.015 -0.55 1.023
0.265 -0.267 1.03 2.855 -1.496 1.237
0.271 -0.262 1.005 3.237 -1.893 1.435
0.277 -0.254 0.986 2.87 -1.878 1.603
0.289 -0.257 0.978 2.168 -0.733 1.603
0.298 -0.258 0.973 0.947 -0.733 0.824
0.296 -0.256 0.972 -0.687 -1.695 0.229
0.294 -0.253 0.981 -1.588 -2.336 -0.382
0.291 -0.256 0.995 -2.336 -2.351 -0.275
0.287 -0.263 1.004 -2.29 -0.336 0.031
0.275 -0.258 1.01 -2.412 -0.84 0.122
0.271 -0.257 1.024 -2.29 -1.679 0.107
0.268 -0.256 1.021 -1.878 -2.733 0.29
0.266 -0.251 1.019 -1.679 -3.481 0.626
0.277 -0.26 1.003 -1.649 -2.198 1.099
0.286 -0.255 0.997 -2.153 -0.397 1.221
0.291 -0.25 0.988 -2.947 2.321 1.084
0.3 -0.25 0.987 -3.557 1.939 0.275
0.298 -0.26 0.996 -4.183 -0.244 -1.038
0.291 -0.258 0.995 -4.931 -1.435 -1.695
0.292 -0.26 1.005 -4.962 -2.29 -2.0
0.289 -0.259 1.008 -5.16 -0.809 -2.137
0.283 -0.262 1.007 -5.13 0.534 -1.939
0.271 -0.26 1.021 -5.282 0.489 -1.863
0.271 -0.26 1.025 -5.267 0.229 -1.237
0.263 -0.26 1.023 -5.252 -0.046 -0.55
0.269 -0.264 1.027 -4.534 0.58 -0.031
0.269 -0.259 1.02 -4.534 -0.641 -0.031
0.27 -0.252 1.014 -4.626 -2.321 -0.183
0.267 -0.252 1.013 -5.206 -5.359 -0.137
0.281 -0.26 0.998 -5.679 -5.176 0.275
0.294 -0.258 1.012 -6.473 -2.824 0.305
0.291 -0.263 0.995 -7.115 -1.282 0.0
0.285 -0.264 1.013 -7.527 0.153 0.122
0.289 -0.261 1.015 -7.924 -1.084 0.153
0.29 -0.269 1.005 -8.626 -2.901 -0.046
0.301 -0.261 1.005 -10.061 -3.45 -0.107
0.313 -0.262 1.005 -11.725 -0.397 0.015
0.307 -0.256 1.02 -14.076 1.176 -0.046
0.316 -0.25 1.019 -17.908 2.168 0.137
0.317 -0.251 1.048 -21.588 2.305 -0.153
0.328 -0.259 1.094 -26.351 2.931 -0.519
0.326 -0.293 1.167 -29.74 6.015 -0.672
0.327 -0.307 1.243 -30.565 10.458 -1.359
0.346 -0.349 1.366 -25.908 8.992 -5.282
0.329 -0.352 1.406 -14.748 4.901 -10.58
0.318 -0.354 1.412 -10.794 4.107 -10.855
0.314 -0.356 1.397 -2.901 10.87 -10.794
0.3 -0.335 1.335 3.45 9.985 -11.954
0.286 -0.322 1.278 8.046 10.672 -12.183
0.276 -0.292 1.22 9.908 9.664 -12.489
0.282 -0.274 1.167 9.573 10.763 -12.763
0.271 -0.26 1.152 7.405 9.389 -13.115
0.274 -0.247 1.155 4.931 9.786 -12.687
0.28 -0.259 1.178 2.305 14.366 -12.122
0.291 -0.273 1.208 0.855 18.992 -12.733
0.272 -0.282 1.261 1.511 20.458 -13.893
0.267 -0.277 1.272 4.412 20.26 -15.71
0.262 -0.278 1.298 12.0 17.618 -21.771
0.258 -0.268 1.29 8.351 15.191 -20.565
0.246 -0.274 1.291 12.198 18.885 -21.985
0.218 -0.268 1.272 14.595 24.015 -21.344
0.191 -0.267 1.287 16.031 29.756 -19.771
0.173 -0.266 1.284 17.023 34.092 -17.679
0.153 -0.26 1.296 18.611 38.931 -15.252
0.16 -0.254 1.277 20.214 41.328 -12.84
0.194 -0.263 1.292 22.779 41.374 -12.87
0.23 -0.249 1.27 26.504 40.779 -14.534
0.284 -0.26 1.271 30.0 42.58 -17.359
0.289 -0.255 1.286 35.588 53.878 -18.992
0.253 -0.248 1.27 40.366 65.771 -19.527
0.213 -0.242 1.26 44.794 75.252 -18.183
0.168 -0.225 1.225 46.427 76.397 -17.557
0.131 -0.218 1.206 47.74 73.847 -16.336
0.118 -0.214 1.183 48.214 70.198 -15.053
0.123 -0.196 1.151 47.802 65.847 -13.817
0.133 -0.185 1.134 48.015 60.565 -13.634
0.145 -0.167 1.103 47.053 54.824 -14.672
0.148 -0.159 1.066 45.771 50.137 -15.878
0.155 -0.147 1.046 44.29 47.359 -17.328
0.135 -0.138 1.041 42.275 45.252 -18.397
0.115 -0.143 1.037 40.443 45.237 -17.71
0.104 -0.142 1.027 39.191 46.962 -16.305
0.092 -0.139 1.01 37.557 46.641 -15.542
0.069 -0.139 0.997 36.183 40.779 -15.359
0.047 -0.123 0.986 33.74 31.542 -15.237
0.057 -0.115 0.988 32.351 21.313 -15.267
0.078 -0.116 0.984 31.634 12.702 -15.71
0.112 -0.113 0.982 31.496 9.237 -15.878
0.147 -0.105 0.969 32.031 18.992 -14.626
0.16 -0.099 0.958 32.504 38.092 -12.672
0.125 -0.077 0.941 31.618 52.26 -10.977
0.085 -0.069 0.944 30.397 55.206 -9.695
0.064 -0.062 0.932 28.611 49.435 -10.229
0.035 -0.06 0.929 25.847 36.992 -11.985
0.018 -0.052 0.935 23.481 22.26 -14.351
0.001 -0.054 0.954 21.695 7.527 -16.687
-0.013 -0.051 0.958 21.511 -9.847 -18.626
-0.014 -0.044 0.95 21.191 -27.45 -21.145
0.011 -0.04 0.947 21.008 -40.962 -22.458
0.068 -0.031 0.939 21.405 -33.069 -21.099
0.075 -0.023 0.93 21.679 -0.214 -15.756
0.022 -0.023 0.923 21.71 33.42 -8.351
-0.031 -0.011 0.925 21.71 51.221 -1.573
-0.071 -0.012 0.927 21.191 54.0 3.557
-0.074 -0.023 0.934 21.908 43.252 6.168
-0.051 0.0 0.918 22.794 26.382 5.939
-0.027 0.007 0.894 21.954 12.031 3.679
-0.019 0.023 0.885 20.931 -2.26 -0.183
-0.017 0.028 0.874 20.305 -17.313 -4.26
0.007 0.032 0.856 19.557 -25.328 -6.031
0.015 0.033 0.844 17.649 -8.58 -4.092
-0.018 0.034 0.852 15.802 10.473 0.687
-0.037 0.034 0.863 14.885 24.198 5.496
-0.06 0.041 0.885 13.649 31.328 9.435
-0.065 0.052 0.891 12.824 26.519 10.702
-0.068 0.054 0.898 12.427 17.008 9.893
-0.05 0.052 0.912 11.847 5.328 8.275
-0.019 0.062 0.9 10.26 -8.0 4.901
0.009 0.057 0.911 9.267 -18.275 0.885
0.021 0.057 0.924 8.229 -18.916 -2.458
0.013 0.052 0.957 8.321 -7.282 -2.061
-0.012 0.054 0.96 10.122 9.191 1.511
-0.04 0.068 0.958 12.214 24.916 6.0
-0.058 0.077 0.946 13.206 27.603 8.931
-0.045 0.087 0.917 12.733 21.939 9.038
-0.038 0.099 0.892 11.16 12.962 7.115
-0.03 0.101 0.879 8.29 2.779 4.366
-0.027 0.105 0.894 6.122 -5.771 1.405
-0.031 0.103 0.888 3.282 -14.885 -1.557
-0.043 0.1 0.918 1.008 -21.481 -4.214
-0.039 0.09 0.946 0.656 -23.802 -5.038
-0.024 0.098 0.964 1.466 -17.664 -4.992
-0.025 0.094 0.981 3.16 -3.313 -2.656
-0.05 0.111 0.966 4.977 14.473 1.237
-0.075 0.109 0.935 5.649 25.13 4.672
-0.087 0.111 0.897 3.954 25.634 6.534
-0.093 0.123 0.885 0.153 18.901 6.58
-0.089 0.125 0.916 -3.878 9.359 5.771
-0.073 0.124 0.939 -6.55 1.282 4.137
-0.063 0.112 0.96 -8.412 -3.832 3.099
-0.068 0.106 0.987 -9.389 -7.176 2.473
-0.052 0.094 1.0 -9.74 -7.634 2.672
-0.045 0.097 1.01 -9.939 0.473 3.496
-0.061 0.088 1.048 -9.206 7.16 4.992
-0.065 0.086 1.059 -7.679 8.504 5.679
-0.065 0.083 1.065 -5.847 5.282 5.542
-0.053 0.101 1.053 -5.008 -0.168 4.473
-0.041 0.098 1.038 -5.618 -4.046 2.794
-0.052 0.099 1.035 -6.076 -6.763 1.679
-0.054 0.091 1.051 -6.275 -9.618 1.191
-0.055 0.089 1.059 -5.557 -11.511 1.16
-0.04 0.094 1.055 -4.519 -11.557 0.885
-0.036 0.091 1.047 -3.893 -8.916 1.008
-0.031 0.094 1.043 -3.176 -3.588 1.573
-0.042 0.1 1.035 -3.115 -0.794 2.168
-0.051 0.106 1.031 -3.405 -1.191 2.641
-0.036 0.109 1.031 -4.214 -1.649 2.122
-0.036 0.106 1.033 -4.87 -1.817 1.695
-0.038 0.113 1.045 -5.13 -3.145 1.099
-0.038 0.115 1.047 -5.008 -3.603 0.412
-0.046 0.114 1.042 -5.221 -3.359 0.137
-0.037 0.115 1.039 -5.298 -0.565 0.198
-0.046 0.118 1.047 -5.557 4.55 1.115
-0.066 0.114 1.061 -5.603 7.863 2.168
-0.068 0.111 1.069 -5.481 6.718 2.824
-0.062 0.111 1.075 -5.511 3.756 2.748
-0.047 0.114 1.08 -5.603 0.763 2.092
-0.052 0.103 1.08 -5.603 0.885 1.023
-0.062 0.099 1.099 -5.298 0.107 0.718
-0.063 0.098 1.111 -4.0 -2.214 0.947
-0.056 0.097 1.106 -2.595 -2.809 1.374
-0.043 0.108 1.084 -1.45 -0.473 1.679
-0.028 0.111 1.064 -0.87 2.58 1.405
-0.034 0.119 1.045 -0.901 6.0 1.542
-0.042 0.121 1.028 -1.771 6.779 1.542
-0.049 0.112 1.023 -3.176 3.588 0.779
-0.054 0.116 1.051 -4.031 0.046 0.031
-0.054 0.116 1.067 -3.985 -3.817 -0.397
-0.049 0.115 1.066 -3.145 -4.687 -0.763
-0.044 0.116 1.059 -2.733 -3.847 -0.931
-0.047 0.114 1.058 -2.229 0.046 -0.122
-0.049 0.113 1.053 -1.756 3.038 0.305
-0.05 0.119 1.051 -1.786 3.069 0.519
-0.042 0.109 1.036 -2.153 2.947 0.198
-0.052 0.116 1.045 -2.366 2.962 -0.214
-0.058 0.117 1.049 -2.321 0.198 -0.733
-0.055 0.123 1.051 -2.214 -1.893 -1.206
-0.054 0.125 1.038 -2.168 -3.664 -1.924
-0.052 0.127 1.03 -2.626 -3.542 -2.198
-0.06 0.12 1.027 -3.328 -1.435 -2.107
-0.07 0.118 1.034 -4.153 -0.29 -1.802
-0.076 0.114 1.04 -4.397 -1.802 -1.695
-0.08 0.125 1.049 -4.198 -3.359 -1.985
-0.076 0.123 1.045 -4.321 -3.878 -1.878
-0.073 0.124 1.037 -5.008 -2.977 -1.313
-0.08 0.126 1.039 -5.679 -1.511 -0.641
-0.072 0.121 1.046 -6.076 2.153 0.015
-0.077 0.117 1.053 -6.412 3.847 0.84
-0.071 0.122 1.049 -6.855 2.275 1.023
-0.071 0.115 1.066 -7.221 0.55 0.916
-0.057 0.109 1.07 -7.16 0.275 0.336
-0.065 0.105 1.083 -6.916 1.939 0.046
-0.073 0.101 1.087 -6.153 2.244 0.427
-0.077 0.111 1.09 -5.557 1.16 0.672
-0.065 0.103 1.09 -4.855 0.885 0.84
-0.053 0.109 1.07 -4.748 1.496 0.718
-0.046 0.102 1.072 -4.809 4.29 0.427
-0.058 0.109 1.073 -4.534 4.55 0.153
-0.062 0.109 1.074 -4.336 1.435 -0.107
-0.071 0.107 1.067 -4.183 -1.298 -0.809
-0.062 0.104 1.083 -4.336 -3.985 -1.053
-0.048 0.109 1.084 -3.481 -2.137 -1.328
-0.065 0.109 1.079 -2.55 3.298 -0.733
-0.065 0.111 1.066 -1.664 4.504 -0.275
-0.062 0.116 1.053 -1.863 3.435 -0.473
-0.063 0.112 1.051 -2.229 0.458 -0.901
-0.068 0.121 1.049 -2.351 -1.939 -1.252
-0.061 0.115 1.048 -2.229 -4.473 -1.832
-0.065 0.116 1.038 -2.489 -4.885 -2.275
-0.064 0.121 1.029 -2.763 -4.916 -2.183
-0.063 0.127 1.028 -3.374 -1.374 -1.863
-0.08 0.129 1.029 -4.412 1.725 -1.145
-0.086 0.125 1.035 -5.252 2.137 -0.55
-0.088 0.13 1.046 -5.313 1.298 0.061
-0.072 0.119 1.054 -5.527 -0.779 -0.443
-0.068 0.12 1.064 -5.344 -1.359 -1.13
-0.086 0.111 1.079 -5.084 -2.244 -1.176
-0.083 0.113 1.064 -4.305 -3.221 -0.977
-0.071 0.115 1.061 -4.015 -3.466 -0.977
-0.07 0.125 1.043 -4.824 -2.244 -0.214
-0.07 0.119 1.05 -4.779 2.992 -0.076
-0.093 0.118 1.052 -3.863 3.374 0.29
-0.075 0.124 1.046 -3.863 1.939 0.275
-0.074 0.13 1.028 -4.58 -0.443 -0.366
-0.077 0.126 1.031 -5.725 -2.122 -0.336
-0.077 0.118 1.049 -6.336 -1.237 0.458
-0.075 0.115 1.059 -6.0 -0.672 0.84
-0.065 0.116 1.056 -5.71 -0.519 0.855
-0.06 0.115 1.059 -5.786 0.748 0.473
-0.069 0.112 1.048 -5.847 2.58 0.504
-0.073 0.11 1.05 -5.618 2.809 1.008
-0.061 0.123 1.047 -6.168 1.939 0.977
-0.055 0.116 1.045 -6.58 0.763 0.137
-0.059 0.111 1.056 -7.053 0.397 -0.595
-0.069 0.113 1.068 -6.947 -0.397 -1.328
-0.076 0.11 1.085 -6.427 -0.214 -1.084
-0.08 0.108 1.085 -5.221 -1.511 -0.84
-0.078 0.107 1.072 -4.275 -2.55 -0.885
-0.067 0.116 1.055 -3.954 -0.656 -0.931
-0.08 0.112 1.066 -4.031 1.42 -0.473
-0.09 0.109 1.064 -3.863 2.489 0.244
-0.09 0.115 1.069 -3.573 2.382 0.687
-0.077 0.115 1.056 -3.313 -0.733 0.382
-0.07 0.118 1.046 -3.771 -2.809 0.214
-0.07 0.123 1.031 -4.366 -3.252 -0.015
-0.069 0.125 1.046 -4.885 -0.855 -0.061
-0.06 0.111 1.056 -6.58 1.939 0.947
-0.068 0.122 1.033 -4.763 1.221 -0.366
-0.07 0.117 1.045 -5.588 -0.321 -0.718
-0.074 0.114 1.043 -5.695 -0.931 -1.405
-0.073 0.115 1.066 -6.061 -1.084 -1.466
-0.09 0.118 1.061 -5.847 -1.145 -1.313
-0.088 0.114 1.062 -5.695 -2.611 -1.023
-0.084 0.111 1.067 -5.74 -4.046 -1.344
-0.073 0.114 1.067 -4.977 -2.58 -1.603
-0.085 0.115 1.073 -4.382 0.916 -1.053
-0.087 0.117 1.063 -4.0 1.13 -0.565
-0.082 0.121 1.064 -4.0 1.008 -0.321
-0.081 0.118 1.053 -4.26 0.0 -0.244
-0.082 0.112 1.074 -4.733 -1.053 -0.244
-0.06 0.112 1.092 -3.145 -3.847 -0.092
-0.097 0.111 1.057 -2.595 -5.908 -0.901
-0.056 0.108 1.086 -3.313 -1.588 -0.748
-0.081 0.111 1.062 -2.489 -2.443 -0.809
-0.068 0.118 1.046 -2.046 -0.275 -0.855
-0.079 0.118 1.03 -2.061 -0.137 -0.763
-0.07 0.123 1.035 -2.55 -2.031 -0.947
-0.072 0.118 1.006 -3.099 -1.924 -1.221
-0.069 0.126 1.015 -4.397 -2.763 -1.542
-0.078 0.12 1.018 -5.511 -2.885 -1.298
-0.081 0.118 1.045 -5.374 -2.916 -1.053
-0.076 0.117 1.05 -5.237 -1.252 -0.84
-0.066 0.115 1.039 -4.992 -0.336 -0.901
-0.074 0.117 1.046 -5.145 -0.962 -1.115
-0.086 0.12 1.064 -5.038 -1.832 -1.176
-0.082 0.116 1.062 -4.809 -2.55 -1.145
-0.083 0.118 1.07 -4.397 -3.16 -1.084
-0.085 0.114 1.067 -4.122 -3.908 -1.008
-0.08 0.113 1.062 -3.832 -3.893 -0.733
-0.073 0.122 1.056 -3.908 -3.374 -0.733
-0.073 0.122 1.046 -4.489 -2.733 -0.718
-0.078 0.128 1.048 -4.885 -2.687 -0.397
-0.074 0.126 1.059 -5.496 -2.412 -0.244
-0.065 0.116 1.063 -5.847 -1.924 -0.076
-0.069 0.116 1.078 -5.389 -1.802 -0.229
-0.066 0.104 1.077 -4.962 -1.771 -0.29
-0.059 0.11 1.093 -4.443 -1.252 -0.305
-0.06 0.105 1.095 -3.771 -1.099 -0.366
-0.058 0.11 1.078 -3.405 -1.206 -0.473
-0.057 0.102 1.077 -3.282 -1.053 -0.748
-0.066 0.109 1.072 -3.16 -1.618 -1.053
-0.065 0.11 1.065 -2.779 -2.107 -1.359
-0.068 0.117 1.062 -2.58 -2.321 -1.237
-0.068 0.115 1.052 -2.626 -2.0 -1.13
-0.071 0.121 1.045 -2.901 -0.504 -0.977
-0.072 0.115 1.054 -3.405 0.229 -0.641
-0.08 0.121 1.047 -3.695 -0.748 -0.672
-0.063 0.116 1.059 -3.389 -1.603 -0.718
-0.064 0.112 1.042 -3.542 -0.412 -1.023
-0.08 0.113 1.051 -3.466 0.687 -0.916
-0.092 0.108 1.052 -3.359 0.809 -0.214
-0.081 0.112 1.054 -3.069 -0.55 -0.595
-0.064 0.117 1.055 -3.405 -2.26 -1.16
-0.079 0.115 1.051 -3.634 -2.015 -1.069
-0.083 0.115 1.052 -3.252 -1.863 -0.412
-0.082 0.115 1.054 -2.992 -1.679 0.061
-0.079 0.118 1.047 -3.16 -2.198 0.137
-0.068 0.12 1.051 -3.695 -1.924 0.229
-0.068 0.12 1.051 -3.573 -0.305 0.58
-0.08 0.126 1.052 -2.992 0.26 0.595
-0.071 0.125 1.044 -2.962 -1.847 0.443
-0.077 0.12 1.047 -3.328 -3.237 0.061
-0.067 0.128 1.032 -3.573 -3.603 -0.031
-0.06 0.131 1.049 -3.832 -2.84 0.122
-0.069 0.126 1.046 -4.321 -1.435 0.122
-0.073 0.127 1.053 -4.382 -1.832 0.214
-0.062 0.123 1.059 -4.382 -0.962 0.26
-0.061 0.122 1.072 -4.29 -0.489 0.061
-0.067 0.128 1.064 -3.756 0.076 0.29
-0.064 0.124 1.061 -3.588 0.214 0.229
-0.053 0.136 1.052 -3.588 -0.855 0.122
-0.049 0.13 1.056 -3.496 -0.809 -0.397
-0.05 0.132 1.047 -3.634 -0.672 -0.702
-0.049 0.137 1.04 -3.74 0.443 -0.931
-0.052 0.133 1.024 -4.565 -0.198 -1.313
-0.061 0.13 1.044 -5.145 -0.534 -1.496
-0.066 0.13 1.045 -5.756 -0.748 -1.71
-0.07 0.12 1.06 -5.74 -1.817 -1.74
-0.067 0.116 1.07 -5.42 -2.29 -1.573
-0.068 0.124 1.069 -4.611 -1.847 -1.588
-0.066 0.125 1.061 -4.321 -0.275 -1.603
-0.076 0.124 1.069 -4.137 0.718 -1.099
-0.081 0.128 1.067 -4.0 -0.321 -0.855
-0.076 0.121 1.063 -3.832 -0.366 -0.779
-0.073 0.119 1.074 -3.557 -0.656 -0.901
-0.075 0.119 1.076 -2.733 -0.641 -0.687
-0.078 0.117 1.068 -2.092 1.481 -0.427
-0.079 0.123 1.067 -1.511 0.214 -0.305
-0.073 0.122 1.05 -1.313 -1.176 -0.29
-0.064 0.129 1.05 -1.45 -3.084 -1.008
-0.061 0.125 1.054 -1.344 -3.115 -1.618
-0.072 0.126 1.053 -1.542 -2.733 -1.496
-0.069 0.121 1.047 -1.496 -1.756 -1.374
-0.071 0.129 1.046 -1.725 1.206 -0.58
-0.081 0.135 1.04 -2.229 1.374 -0.153
-0.079 0.129 1.048 -2.702 1.115 0.321
-0.087 0.125 1.046 -3.481 0.656 0.504
-0.091 0.124 1.064 -3.496 0.29 0.779
-0.096 0.112 1.075 -2.565 -0.076 1.374
-0.086 0.123 1.079 -1.405 -0.702 1.481
-0.08 0.121 1.074 -0.977 -0.626 1.527
-0.085 0.123 1.072 -0.153 -0.473 1.664
-0.079 0.123 1.067 0.519 0.031 1.695
-0.071 0.125 1.061 0.687 0.321 1.511
-0.065 0.133 1.041 0.824 -0.748 1.374
-0.067 0.134 1.034 0.321 -1.45 0.931
-0.073 0.14 1.028 -0.061 -2.076 0.855
-0.073 0.149 1.029 -0.947 -2.504 0.718
-0.063 0.142 1.027 -1.802 -2.153 0.595
-0.063 0.144 1.037 -2.58 -1.863 0.336
-0.065 0.141 1.046 -2.626 -0.626 0.305
-0.069 0.144 1.044 -2.366 -0.107 0.458
-0.067 0.152 1.039 -2.611 -0.214 0.366
-0.062 0.14 1.039 -3.13 -0.473 0.092
-0.075 0.138 1.049 -3.588 -0.137 0.168
-0.08 0.137 1.064 -3.45 -0.656 0.229
-0.072 0.133 1.06 -3.252 -1.252 0.107
-0.071 0.14 1.066 -2.473 -1.954 -0.015
-0.076 0.135 1.059 -1.878 -2.687 -0.489
-0.073 0.144 1.062 -1.618 -3.176 -0.748
-0.07 0.146 1.045 -1.634 -3.802 -1.023
-0.066 0.147 1.047 -1.985 -4.092 -1.008
-0.077 0.145 1.044 -2.275 -2.611 -0.198
-0.079 0.143 1.052 -2.595 -1.16 0.0
-0.075 0.142 1.045 -2.794 -1.664 0.122
-0.07 0.142 1.051 -2.947 -1.588 0.183
-0.063 0.142 1.047 -2.748 -2.046 -0.076
-0.072 0.151 1.046 -2.824 -2.198 -0.321
-0.068 0.151 1.056 -2.931 -1.863 -0.519
-0.066 0.141 1.059 -3.237 -1.344 -0.305
-0.069 0.144 1.077 -2.748 0.458 0.26
-0.065 0.137 1.092 -2.092 -0.29 -0.031
-0.071 0.134 1.098 -0.611 -1.053 -0.153
-0.074 0.137 1.1 1.115 -0.763 0.244
-0.074 0.143 1.082 2.443 -0.443 0.611