0.375 -0.269 1.002 -4.718 -6.382 0.412
0.388 -0.261 0.987 -4.489 -4.641 0.718
0.392 -0.262 0.997 -4.031 -3.069 0.947
0.391 -0.264 0.985 -3.847 -2.198 1.237
0.399 -0.266 0.976 -3.985 -2.153 1.099
0.406 -0.257 0.976 -4.0 -1.069 0.687
0.403 -0.261 0.959 -4.076 0.0 0.092
0.394 -0.26 0.959 -4.153 -1.466 -0.397
0.383 -0.268 0.961 -4.443 -3.466 -0.718
0.384 -0.268 0.964 -4.626 -4.382 -0.626
0.381 -0.265 0.966 -5.053 -2.87 -0.656
0.382 -0.266 0.969 -5.252 -3.344 -0.534
0.382 -0.267 0.964 -5.344 -4.84 -0.534
0.403 -0.265 0.969 -5.16 -1.924 -0.366
0.395 -0.263 0.972 -5.313 3.42 -0.198
0.381 -0.266 0.968 -5.176 3.817 -0.412
0.37 -0.266 0.968 -5.435 0.809 -0.794
0.364 -0.262 0.974 -5.924 -4.092 -0.779
0.38 -0.264 0.975 -6.107 -5.634 -0.321
0.384 -0.274 0.974 -5.847 -1.985 -0.351
0.382 -0.267 0.991 -4.87 1.069 -0.183
0.373 -0.272 0.989 -4.305 0.611 0.244
0.377 -0.275 0.983 -4.092 -0.748 0.229
0.386 -0.262 0.967 -4.397 -1.206 0.046
0.389 -0.265 0.959 -4.58 -1.969 -0.031
0.387 -0.26 0.962 -4.962 -2.321 -0.458
0.386 -0.266 0.94 -5.954 -1.542 -0.214
0.373 -0.26 0.941 -6.641 -0.076 0.275
0.386 -0.264 0.954 -7.344 -0.275 0.58
0.394 -0.265 0.957 -7.878 -0.992 0.473
0.391 -0.268 0.963 -8.0 -1.771 0.29
0.39 -0.273 0.973 -7.603 -1.389 0.076
0.395 -0.269 0.978 -6.916 -0.412 -0.779
0.382 -0.276 0.979 -6.702 0.748 -0.947
0.38 -0.272 0.989 -6.305 0.763 -0.702
0.374 -0.27 0.968 -5.969 0.794 -0.55
0.381 -0.274 0.976 -6.244 0.214 -0.382
0.386 -0.268 0.96 -6.427 -0.58 -0.519
0.378 -0.269 0.964 -6.947 -2.046 -0.382
0.379 -0.268 0.964 -7.374 -1.969 -0.443
0.387 -0.266 0.964 -7.588 -1.069 -0.443
0.387 -0.27 0.973 -7.802 0.427 -0.229
0.384 -0.271 0.977 -7.74 1.832 -0.198
0.381 -0.278 0.979 -7.573 0.992 -0.382
0.376 -0.278 0.975 -7.344 -0.489 -0.458
0.375 -0.279 0.979 -7.42 -2.733 -0.595
0.381 -0.274 0.971 -7.557 -2.122 -0.641
0.383 -0.273 0.973 -7.664 -0.519 -0.458
0.388 -0.277 0.98 -7.756 1.084 -0.519
0.389 -0.278 0.985 -7.481 1.985 -0.458
0.38 -0.285 0.994 -7.145 0.55 -0.534
0.383 -0.284 0.994 -6.687 -1.588 -0.794
0.377 -0.282 0.988 -6.687 -2.183 -0.779
0.387 -0.278 0.971 -6.336 -2.244 -0.809
0.389 -0.281 0.971 -6.687 -1.053 -0.733
0.389 -0.281 0.967 -6.84 -0.382 -1.069
0.389 -0.278 0.973 -6.748 0.702 -0.992
0.387 -0.283 0.979 -6.885 1.008 -1.115
0.387 -0.277 0.978 -6.87 0.595 -1.359
0.386 -0.282 0.973 -6.687 -0.076 -1.695
0.373 -0.281 0.979 -6.656 -2.061 -2.046
0.371 -0.284 0.972 -6.748 -3.13 -1.771
0.376 -0.277 0.971 -6.702 -2.58 -1.481
0.372 -0.28 0.975 -7.115 -0.58 -0.947
0.381 -0.283 0.965 -7.45 1.359 -0.504
0.385 -0.285 0.958 -7.649 1.557 -0.748
0.372 -0.281 0.962 -8.244 -0.901 -1.008
0.375 -0.283 0.955 -8.916 -2.473 -1.267
0.379 -0.281 0.959 -9.893 -2.824 -1.603
0.381 -0.289 0.965 -10.534 -3.511 -1.878
0.393 -0.284 0.951 -11.16 -1.237 -1.802
0.401 -0.284 0.964 -11.725 2.824 -1.74
0.386 -0.288 0.957 -12.366 3.817 -1.893
0.384 -0.292 0.969 -13.664 1.389 -2.565
0.383 -0.292 0.965 -15.374 -0.015 -2.809
0.366 -0.295 0.996 -16.779 -2.916 -2.733
0.354 -0.302 1.006 -17.71 -4.824 -1.74
0.336 -0.301 1.045 -18.351 -4.458 -0.183
0.338 -0.308 1.061 -17.664 -5.695 1.695
0.351 -0.306 1.071 -15.466 -5.191 3.084
0.372 -0.313 1.064 -13.267 -3.847 4.046
0.395 -0.307 1.044 -11.206 -3.13 4.214
0.397 -0.288 1.013 -10.137 -3.679 3.74
0.404 -0.287 0.982 -10.687 -4.641 3.282
0.4 -0.286 0.963 -13.282 -4.244 3.573
0.416 -0.292 0.966 -13.939 -3.42 3.191
0.435 -0.301 0.994 -14.977 -1.374 2.229
0.446 -0.312 1.016 -14.626 -1.099 0.611
0.437 -0.321 1.035 -13.084 -0.779 -1.008
0.434 -0.334 1.056 -10.977 -0.183 -1.618
0.431 -0.332 1.04 -9.344 0.473 -2.26
0.448 -0.329 1.029 -8.183 3.435 -3.023
0.447 -0.316 1.025 -8.55 6.855 -4.427
0.431 -0.316 1.028 -10.321 8.565 -5.634
0.41 -0.315 1.054 -11.695 9.786 -6.015
0.404 -0.319 1.086 -12.855 11.115 -5.985
0.395 -0.323 1.127 -12.198 10.565 -6.565
0.397 -0.327 1.149 -11.328 10.046 -6.672
0.402 -0.326 1.153 -9.985 12.397 -6.748
0.418 -0.319 1.18 -8.595 17.954 -6.794
0.423 -0.321 1.188 -7.313 23.237 -7.344
0.416 -0.326 1.197 -6.641 25.603 -8.29
0.407 -0.327 1.211 -5.053 29.252 -8.901
0.385 -0.32 1.224 -3.664 31.527 -9.496
0.395 -0.319 1.24 -1.573 35.099 -10.626
0.384 -0.316 1.245 0.137 39.374 -11.802
0.365 -0.31 1.245 2.565 42.0 -12.718
0.342 -0.299 1.249 4.534 44.092 -13.053
0.329 -0.303 1.26 6.275 44.122 -13.069
0.317 -0.308 1.265 8.336 45.527 -12.916
0.316 -0.313 1.264 9.511 50.794 -12.534
0.302 -0.313 1.289 11.084 54.0 -12.076
0.284 -0.32 1.315 13.344 55.374 -11.664
0.279 -0.331 1.338 16.702 56.443 -10.702
0.28 -0.329 1.327 20.489 54.275 -9.893
0.281 -0.33 1.314 24.153 52.656 -9.344
0.309 -0.323 1.3 26.977 53.115 -8.565
0.322 -0.323 1.278 29.588 55.511 -8.809
0.311 -0.324 1.272 31.756 58.412 -9.069
0.309 -0.321 1.27 34.412 61.206 -8.794
0.294 -0.325 1.265 37.115 62.229 -9.008
0.292 -0.318 1.238 39.893 60.733 -9.863
0.275 -0.313 1.229 41.42 59.176 -10.855
0.248 -0.308 1.225 43.634 55.786 -10.931
0.245 -0.303 1.208 45.863 52.656 -10.26
0.25 -0.29 1.182 47.695 51.435 -9.527
0.275 -0.28 1.148 49.542 52.656 -10.26
0.268 -0.271 1.119 50.061 53.802 -11.359
0.241 -0.278 1.11 50.534 60.076 -11.115
0.219 -0.265 1.087 51.649 65.435 -9.374
0.204 -0.263 1.069 52.901 65.038 -8.58
0.206 -0.252 1.045 53.099 60.107 -8.992
0.216 -0.235 1.019 53.038 54.458 -10.412
0.189 -0.217 0.996 51.344 47.954 -12.244
0.174 -0.211 0.978 50.321 41.802 -14.198
0.148 -0.198 0.962 48.656 34.244 -16.214
0.137 -0.196 0.974 47.359 26.107 -17.496
0.148 -0.188 0.978 46.611 34.092 -15.908
0.124 -0.177 0.982 47.252 49.13 -11.863
0.091 -0.16 0.974 48.672 60.183 -7.756
0.066 -0.153 0.96 49.603 63.313 -4.168
0.061 -0.13 0.92 50.321 57.252 -2.29
0.072 -0.116 0.894 48.275 47.573 -2.336
0.075 -0.105 0.862 45.511 38.473 -4.198
0.052 -0.097 0.851 41.374 27.359 -6.718
0.026 -0.081 0.866 38.504 12.87 -8.748
0.032 -0.074 0.859 36.458 -0.687 -10.794
0.051 -0.061 0.855 35.069 -5.405 -12.076
0.055 -0.055 0.846 32.55 -6.992 -12.84
0.041 -0.044 0.84 30.443 -4.305 -12.824
0.036 -0.021 0.818 26.977 -2.122 -13.267
0.016 -0.006 0.808 22.947 -1.939 -13.756
-0.009 0.0 0.809 18.336 -7.206 -14.168
-0.03 0.001 0.807 13.618 -13.817 -14.122
-0.037 -0.003 0.798 9.069 -20.565 -12.931
-0.025 0.003 0.795 3.16 -24.977 -11.496
0.001 0.001 0.826 -0.87 -23.603 -9.878
0.019 -0.016 0.862 -2.305 -12.489 -6.931
0.001 -0.01 0.875 -5.679 15.176 -0.565
-0.041 -0.013 0.922 -4.412 30.687 6.183
-0.044 -0.006 0.953 -1.954 32.336 10.748
-0.006 -0.003 0.944 1.038 27.42 12.443
0.039 0.002 0.912 2.153 18.504 10.382
0.049 0.003 0.905 1.893 9.481 6.672
0.054 0.006 0.913 1.924 0.87 2.931
0.047 -0.002 0.94 2.473 -7.588 -0.229
0.04 -0.009 0.954 4.626 -7.786 -1.237
0.029 -0.009 0.96 7.908 -1.771 -0.137
0.013 0.007 0.944 10.229 8.092 2.702
0.005 0.018 0.923 11.115 14.809 5.405
-0.002 0.031 0.891 10.168 19.802 7.466
0.002 0.033 0.882 8.748 18.366 7.954
0.009 0.04 0.896 7.603 11.969 6.763
0.015 0.041 0.894 5.725 4.504 4.198
0.007 0.047 0.913 4.748 -1.618 1.756
0.01 0.05 0.935 4.519 -7.511 -0.519
0.023 0.048 0.943 4.641 -10.672 -1.893
0.02 0.052 0.938 4.748 -0.702 -0.702
0.004 0.053 0.947 5.023 13.511 2.611
-0.017 0.061 0.934 4.076 23.099 5.756
-0.016 0.065 0.928 2.748 23.893 7.115
-0.011 0.062 0.933 0.611 20.794 6.595
-0.014 0.051 0.96 -1.191 16.26 5.176
-0.015 0.039 0.994 -1.863 10.214 3.008
-0.016 0.04 1.018 -1.481 4.611 0.779
-0.031 0.031 1.033 -0.412 0.168 -1.038
-0.026 0.032 1.036 0.901 -2.916 -2.183
-0.027 0.046 1.024 1.634 -2.702 -2.366
-0.03 0.053 1.007 2.611 1.679 -1.344
-0.022 0.061 0.99 2.198 11.405 0.947
-0.043 0.067 0.974 1.206 15.969 2.672
-0.041 0.069 0.962 0.0 13.344 2.672
-0.037 0.076 0.966 -2.489 6.473 1.603
-0.035 0.074 0.977 -3.954 -1.313 0.031
-0.03 0.078 0.991 -4.962 -5.435 -1.435
-0.039 0.081 1.0 -5.511 -8.107 -2.137
-0.038 0.085 1.007 -6.183 -9.084 -2.0
-0.031 0.08 1.013 -7.038 -2.885 -1.13
-0.049 0.072 1.036 -7.328 3.191 0.87
-0.054 0.068 1.05 -7.023 5.344 2.198
-0.045 0.067 1.049 -6.519 3.802 2.229
-0.036 0.071 1.058 -5.939 1.908 1.42
-0.022 0.078 1.034 -6.412 0.26 0.168
-0.028 0.079 1.038 -6.87 -2.0 -1.237
-0.047 0.075 1.039 -7.756 -5.542 -1.634
-0.044 0.064 1.049 -8.458 -8.061 -1.786
-0.034 0.065 1.07 -8.351 -7.466 -1.405
-0.032 0.058 1.083 -7.282 -2.855 -0.397
-0.03 0.067 1.08 -6.076 2.382 1.008
-0.038 0.061 1.079 -5.985 3.359 1.817
-0.033 0.064 1.073 -6.321 1.924 1.786
-0.037 0.063 1.078 -6.779 0.26 1.496
-0.032 0.059 1.099 -6.076 -1.74 0.977
-0.024 0.057 1.106 -4.87 -2.84 0.473
-0.029 0.057 1.097 -3.664 -3.756 -0.122
-0.023 0.059 1.082 -2.84 -4.58 0.0
-0.021 0.056 1.061 -2.412 -3.634 0.29
-0.013 0.062 1.047 -2.656 -0.824 1.099
-0.006 0.065 1.044 -3.817 2.809 1.756
-0.003 0.057 1.052 -4.534 5.389 2.031
-0.002 0.057 1.062 -5.008 4.443 1.405
-0.001 0.057 1.067 -5.756 1.756 0.275
-0.007 0.062 1.064 -5.16 -0.779 -1.573
-0.017 0.063 1.056 -5.023 -3.969 -3.069
-0.012 0.068 1.053 -5.618 -4.626 -3.71
-0.024 0.072 1.048 -6.55 -2.489 -3.603
-0.035 0.062 1.072 -7.221 1.893 -2.672
-0.057 0.057 1.097 -6.992 4.534 -1.038
-0.053 0.05 1.09 -6.046 3.618 -0.183
-0.041 0.058 1.084 -5.115 3.45 0.046
-0.047 0.056 1.072 -4.595 1.176 -0.122
-0.049 0.054 1.062 -4.198 -0.626 -0.366
-0.045 0.062 1.056 -4.366 -1.74 -0.198
-0.036 0.052 1.036 -5.298 -3.359 -0.214
-0.027 0.042 1.017 -9.405 -0.183 1.435
-0.036 0.046 1.075 -6.107 2.992 -0.733
-0.049 0.042 1.069 -5.588 2.29 -0.748
-0.052 0.04 1.079 -4.702 1.237 -1.099
-0.053 0.042 1.08 -3.878 -2.0 -1.267
-0.047 0.042 1.072 -2.901 -2.534 -1.603
-0.045 0.048 1.057 -2.0 -4.611 -1.603
-0.042 0.062 1.051 -1.832 -4.992 -1.603
-0.031 0.067 1.041 -2.351 -3.298 -1.466
-0.026 0.069 1.034 -3.786 -0.962 -0.992
-0.036 0.067 1.044 -5.206 0.87 -0.382
-0.037 0.06 1.055 -5.649 0.702 0.0
-0.044 0.059 1.077 -5.756 -0.397 0.046
-0.036 0.057 1.098 -5.725 -1.344 -0.351
-0.042 0.054 1.094 -4.947 -1.863 -0.855
-0.043 0.058 1.098 -4.305 -2.824 -0.901
-0.041 0.055 1.103 -3.435 -2.198 -0.626
-0.033 0.061 1.084 -3.206 0.611 -0.214
-0.041 0.062 1.097 -2.931 3.969 0.565
-0.051 0.065 1.094 -2.855 3.588 1.176
-0.05 0.057 1.072 -2.931 1.45 1.16
-0.031 0.064 1.079 -3.023 1.603 1.008
-0.033 0.062 1.078 -2.885 1.893 0.443
-0.038 0.062 1.077 -2.763 -0.26 0.29
-0.04 0.065 1.073 -2.687 -1.435 0.443
-0.036 0.064 1.077 -2.519 -2.153 0.305
-0.02 0.062 1.06 -2.489 0.29 0.412
-0.022 0.063 1.062 -2.275 2.458 0.397
-0.028 0.063 1.061 -2.321 2.061 0.137
-0.03 0.065 1.058 -2.55 1.115 -0.107
-0.021 0.068 1.054 -2.855 -1.893 -0.855
-0.031 0.062 1.059 -3.42 -4.595 -1.511
-0.021 0.057 1.068 -3.45 -4.092 -1.878
-0.022 0.055 1.076 -3.282 0.366 -2.0
-0.046 0.053 1.064 -2.84 2.107 -1.878
-0.05 0.064 1.071 -2.412 1.374 -1.618
-0.044 0.068 1.07 -2.351 0.29 -1.466
-0.045 0.072 1.062 -1.969 -0.366 -1.282
-0.048 0.07 1.061 -2.046 -1.878 -1.344
-0.045 0.064 1.053 -2.58 -2.763 -1.252
-0.047 0.075 1.048 -3.084 -2.015 -0.916
-0.042 0.059 1.052 -3.069 -1.069 -0.534
-0.046 0.066 1.051 -3.252 -1.405 -0.534
-0.042 0.075 1.048 -3.557 -2.443 -0.58
-0.031 0.076 1.047 -4.321 -2.84 -0.916
-0.036 0.075 1.048 -4.748 -2.58 -1.069
-0.048 0.076 1.065 -4.855 -2.183 -1.16
-0.043 0.071 1.06 -4.885 -0.733 -0.824
-0.055 0.063 1.06 -4.824 0.214 -0.214
-0.055 0.069 1.069 -4.84 1.053 0.214
-0.058 0.072 1.053 -5.221 1.038 0.611
-0.057 0.072 1.055 -5.573 -0.534 0.611
-0.049 0.067 1.063 -5.863 -1.282 0.702
-0.038 0.068 1.067 -5.695 -0.947 0.366
-0.042 0.066 1.082 -5.435 -1.771 -0.244
-0.048 0.06 1.08 -4.763 -1.328 -0.046
-0.051 0.063 1.075 -4.214 -1.145 0.443
-0.045 0.057 1.062 -4.122 -1.13 0.794
-0.032 0.067 1.06 -4.321 -0.519 0.733
-0.04 0.061 1.067 -4.656 -0.336 0.595
-0.034 0.076 1.058 -4.885 0.046 0.473
-0.037 0.069 1.067 -4.611 -0.473 0.305
-0.02 0.073 1.062 -4.519 -0.962 0.015
-0.023 0.064 1.061 -4.947 -0.015 -0.214
-0.029 0.07 1.07 -5.679 0.519 0.046
-0.045 0.071 1.066 -6.473 -0.168 0.58
-0.041 0.073 1.075 -6.87 -1.053 1.099
-0.042 0.07 1.068 -3.817 -2.504 -1.023
-0.051 0.07 1.05 -4.122 -3.618 -0.916
-0.038 0.074 1.048 -4.504 -1.588 -0.519
-0.046 0.068 1.048 -5.359 -0.702 -0.183
-0.05 0.07 1.062 -6.076 0.718 0.29
-0.047 0.064 1.069 -5.939 -0.076 0.656
-0.044 0.057 1.088 -5.634 -1.466 0.58
-0.036 0.059 1.08 -5.16 -2.656 -0.015
-0.031 0.053 1.091 -4.305 -3.069 -0.382
-0.036 0.06 1.094 -3.496 -3.74 -0.565
-0.031 0.055 1.081 -2.733 -4.198 -0.947
-0.027 0.067 1.088 -1.939 -2.595 -0.824
-0.038 0.06 1.054 -1.725 -0.382 -0.397
-0.042 0.067 1.052 -1.832 -1.45 -0.321
-0.038 0.077 1.04 -2.0 -2.504 -0.427
-0.028 0.078 1.029 -2.824 -4.641 -0.962
-0.031 0.078 1.032 -3.924 -5.817 -1.298
-0.031 0.074 1.043 -4.748 -7.237 -1.847
-0.038 0.079 1.052 -5.13 -7.038 -1.71
-0.035 0.08 1.056 -4.977 -5.237 -1.191
-0.031 0.075 1.055 -4.809 -2.29 -1.069
-0.032 0.076 1.061 -4.748 1.008 -0.305
-0.043 0.068 1.053 -5.13 0.611 -0.107
-0.034 0.065 1.057 -5.267 -0.443 -0.672
-0.044 0.061 1.084 -5.618 -2.855 -1.023
-0.042 0.064 1.08 -5.023 -4.931 -1.573
-0.047 0.065 1.081 -4.443 -4.992 -1.557
-0.041 0.063 1.071 -4.137 -4.916 -0.992
-0.032 0.068 1.061 -4.29 -2.366 -0.489
-0.037 0.072 1.06 -5.008 0.565 0.351
-0.047 0.069 1.064 -5.267 0.885 0.901
-0.046 0.065 1.06 -5.603 -0.656 1.023
-0.026 0.069 1.07 -5.954 -1.664 0.458
-0.021 0.062 1.067 -6.076 -0.58 -0.107
-0.035 0.06 1.074 -6.183 -0.855 -0.427
-0.042 0.063 1.076 -6.0 -2.061 -0.198
-0.035 0.06 1.091 -5.45 -1.679 0.183
-0.029 0.059 1.095 -4.656 0.092 0.397
-0.031 0.063 1.082 -4.305 1.985 0.55
-0.039 0.061 1.079 -4.015 1.466 0.305
-0.034 0.059 1.072 -3.542 -0.061 0.214
-0.03 0.063 1.066 -3.481 -1.649 -0.061
-0.021 0.07 1.039 -3.542 -1.863 -0.718
-0.031 0.077 1.057 -4.336 -0.427 -0.962
-0.042 0.071 1.06 -4.611 0.107 -0.26
-0.044 0.066 1.057 -4.534 -0.031 0.321
-0.038 0.065 1.056 -4.794 -0.809 0.443
-0.026 0.072 1.056 -4.779 -1.42 0.168
-0.032 0.065 1.064 -5.176 -2.305 -0.443
-0.039 0.068 1.069 -4.962 -0.275 -0.458
-0.04 0.068 1.068 -4.107 1.847 0.183
-0.037 0.069 1.058 -4.076 0.031 0.183
-0.03 0.072 1.043 -4.366 -2.046 -0.26
-0.021 0.071 1.047 -4.763 -2.885 -0.885
-0.032 0.067 1.059 -5.374 -1.42 -0.779
-0.031 0.068 1.059 -5.42 -0.137 -0.519
-0.039 0.076 1.065 -4.992 0.824 -0.351
-0.039 0.071 1.06 -4.992 -0.305 -0.351
-0.034 0.072 1.052 -5.344 -2.168 -0.733
-0.034 0.071 1.05 -5.908 -2.626 -0.947
-0.037 0.07 1.063 -6.092 -1.588 -0.687
-0.046 0.07 1.062 -5.832 -0.992 -0.427
-0.041 0.068 1.063 -5.786 -1.374 -0.107
-0.041 0.068 1.061 -6.656 -1.71 0.702
-0.032 0.048 1.07 -6.901 -2.321 0.779
-0.039 0.061 1.059 -5.878 -4.687 -0.046
-0.022 0.061 1.068 -5.786 -1.725 -0.244
-0.028 0.066 1.073 -5.191 0.87 -0.214
-0.035 0.064 1.063 -5.389 1.954 -0.305
-0.045 0.061 1.065 -5.42 0.55 -0.305
-0.046 0.058 1.066 -5.298 -0.916 -0.489
-0.048 0.064 1.073 -5.038 -1.435 -0.351
-0.045 0.062 1.076 -4.702 -2.183 -0.305
-0.023 0.06 1.079 -3.42 -6.382 0.198
-0.063 0.058 1.048 -5.374 -6.55 -0.443
-0.039 0.051 1.075 -6.0 -1.863 0.321
-0.044 0.054 1.072 -5.176 -4.977 0.168
-0.023 0.053 1.078 -4.87 -1.221 0.153
-0.034 0.06 1.076 -4.626 -0.046 0.519
-0.041 0.062 1.065 -4.366 -1.221 0.565
-0.036 0.065 1.068 -4.809 -1.908 0.855
-0.026 0.068 1.059 -5.237 -3.511 0.504
-0.014 0.061 1.073 -5.344 -0.916 0.015
-0.023 0.054 1.081 -5.069 -0.122 -0.198
-0.027 0.053 1.076 -4.489 -0.595 -0.427
-0.033 0.053 1.077 -4.153 -1.634 -0.473
-0.03 0.057 1.076 -3.847 -1.557 -0.489
-0.034 0.062 1.07 -3.542 0.397 0.092
-0.042 0.07 1.076 -3.573 -0.473 0.0
-0.045 0.064 1.076 -3.527 -1.237 0.351
-0.035 0.071 1.065 -3.237 -1.344 0.412
-0.031 0.074 1.054 -3.313 0.122 0.611
-0.033 0.075 1.06 -3.435 0.855 1.008
-0.035 0.066 1.05 -4.061 0.641 0.87
-0.038 0.069 1.06 -4.458 -0.29 0.855
-0.026 0.072 1.055 -4.58 -2.076 0.626
-0.017 0.064 1.06 -4.595 -2.29 0.122
-0.021 0.067 1.064 -4.504 -2.321 -0.229
-0.026 0.074 1.061 -4.504 -1.069 -0.443