0.147 -0.148 1.092 -1.878 0.412 0.702
0.154 -0.153 1.075 -1.328 -0.168 1.282
0.176 -0.152 1.059 -1.542 0.107 1.557
0.17 -0.138 1.041 -1.969 0.351 1.45
0.164 -0.143 1.05 -2.962 -1.084 1.405
0.186 -0.145 1.038 -3.832 -2.443 1.237
0.198 -0.149 1.044 -4.458 -1.527 0.824
0.204 -0.147 1.048 -4.779 -0.29 -0.122
0.193 -0.14 1.069 -5.038 0.84 -0.992
0.181 -0.149 1.069 -4.656 0.809 -1.74
0.172 -0.145 1.071 -4.153 -0.168 -2.458
0.158 -0.149 1.069 -3.802 -0.366 -2.412
0.154 -0.148 1.06 -3.771 -0.443 -2.031
0.154 -0.148 1.061 -3.466 0.641 -1.939
0.146 -0.143 1.067 -3.252 -0.718 -1.679
0.145 -0.152 1.064 -2.824 -0.977 -1.252
0.141 -0.149 1.059 -2.931 -1.481 -1.023
0.151 -0.146 1.045 -3.008 -1.42 -0.931
0.148 -0.151 1.051 -3.282 -0.794 -0.809
0.154 -0.143 1.048 -3.511 -0.947 -0.595
0.159 -0.138 1.047 -3.924 0.763 -0.397
0.153 -0.14 1.045 -3.878 -0.855 -0.641
0.143 -0.144 1.037 -4.137 -3.023 -0.519
0.148 -0.142 1.039 -4.26 -3.252 0.107
0.169 -0.148 1.034 -4.641 -0.611 0.107
0.169 -0.146 1.034 -4.916 1.588 -0.031
0.16 -0.144 1.039 -5.313 0.656 -0.305
0.148 -0.142 1.048 -5.374 -0.275 -0.061
0.154 -0.148 1.042 -5.206 -1.573 -0.183
0.154 -0.15 1.045 -5.664 -2.931 0.046
0.166 -0.146 1.034 -6.046 -2.046 0.107
0.173 -0.141 1.038 -6.779 -1.45 -0.351
0.169 -0.137 1.042 -6.687 -2.046 -1.481
0.145 -0.136 1.042 -6.58 -2.107 -1.679
0.122 -0.135 1.046 -6.473 -2.58 -1.023
0.124 -0.138 1.057 -6.275 -3.573 -0.076
0.141 -0.14 1.062 -5.969 -0.153 0.87
0.152 -0.146 1.078 -5.45 2.122 0.947
0.14 -0.15 1.073 -4.656 1.191 0.947
0.134 -0.15 1.053 -4.336 -0.183 1.542
0.152 -0.144 1.047 -4.656 -1.893 1.954
0.164 -0.156 1.045 -5.13 -2.718 2.092
0.178 -0.152 1.042 -5.542 -3.344 1.817
0.184 -0.153 1.033 -6.046 -2.794 1.511
0.186 -0.16 1.027 -6.244 -2.489 1.206
0.179 -0.154 1.018 -6.794 -3.099 0.809
0.178 -0.153 1.03 -7.496 -4.382 0.198
0.184 -0.151 1.043 -7.695 -3.221 -0.534
0.176 -0.148 1.052 -7.481 -1.038 -0.977
0.168 -0.156 1.059 -7.115 -0.336 -1.435
0.15 -0.153 1.071 -6.656 -1.557 -1.527
0.14 -0.158 1.063 -6.534 -3.221 -1.313
0.152 -0.153 1.068 -6.427 -2.58 -0.748
0.143 -0.152 1.074 -6.229 0.122 -0.321
0.132 -0.162 1.074 -5.71 -1.145 0.031
0.133 -0.153 1.075 -5.267 -3.878 0.427
0.151 -0.149 1.081 -5.084 -5.221 1.008
0.157 -0.158 1.086 -4.351 -2.229 1.237
0.162 -0.157 1.083 -3.71 -1.573 0.977
0.148 -0.153 1.083 -3.618 -3.053 0.809
0.153 -0.155 1.072 -3.023 -3.634 0.977
0.181 -0.155 1.073 -2.84 1.405 1.298
0.194 -0.15 1.07 -2.611 3.634 0.55
0.18 -0.149 1.058 -2.641 1.176 -0.534
0.172 -0.149 1.066 -2.763 -1.725 -1.084
0.172 -0.152 1.062 -2.84 -3.405 -1.206
0.178 -0.146 1.053 -2.611 -3.023 -1.359
0.173 -0.146 1.052 -2.687 -2.015 -1.588
0.15 -0.146 1.053 -2.565 -2.916 -1.466
0.142 -0.154 1.046 -2.794 -3.771 -0.748
0.158 -0.146 1.042 -2.198 -1.496 -0.137
0.16 -0.144 1.029 -2.84 -1.038 -0.275
0.155 -0.139 1.021 -3.267 -2.87 -0.153
0.159 -0.143 1.021 -4.153 -4.382 -0.061
0.169 -0.15 1.033 -4.947 -2.977 -0.092
0.174 -0.152 1.041 -4.611 -2.031 -0.504
0.172 -0.143 1.045 -4.061 -3.145 -0.901
0.174 -0.146 1.035 -4.504 -3.649 -1.008
0.177 -0.148 1.034 -4.748 -2.336 -1.023
0.177 -0.148 1.037 -5.145 -0.672 -1.252
0.161 -0.151 1.04 -5.176 -0.641 -1.298
0.162 -0.143 1.033 -5.389 -2.244 -1.237
0.166 -0.142 1.04 -5.908 -3.603 -1.313
0.169 -0.149 1.036 -6.412 -2.977 -1.344
0.16 -0.143 1.043 -6.214 -3.893 -1.42
0.156 -0.148 1.045 -6.321 -4.26 -1.389
0.158 -0.149 1.04 -6.901 -3.038 -1.206
0.161 -0.147 1.039 -7.221 -3.237 -1.16
0.162 -0.148 1.05 -7.649 -1.786 -1.176
0.158 -0.155 1.063 -7.511 -2.58 -1.237
0.16 -0.15 1.061 -7.389 -4.366 -1.359
0.153 -0.15 1.058 -7.466 -5.13 -1.145
0.158 -0.154 1.065 -7.282 -4.244 -0.916
0.16 -0.153 1.074 -6.87 -2.183 -0.885
0.159 -0.153 1.08 -6.702 -0.794 -0.382
0.147 -0.155 1.08 -6.137 0.809 0.015
0.156 -0.161 1.086 -5.511 -0.519 0.153
0.148 -0.156 1.08 -4.733 -1.786 0.351
0.154 -0.156 1.075 -4.321 -1.389 0.947
0.163 -0.152 1.05 -4.29 -1.496 0.931
0.173 -0.152 1.052 -4.229 -3.008 0.916
0.172 -0.151 1.053 -4.229 -2.305 0.84
0.183 -0.151 1.053 -3.74 -1.221 0.656
0.183 -0.149 1.045 -4.046 -1.328 0.107
0.178 -0.157 1.048 -4.412 -2.916 -0.015
0.179 -0.154 1.053 -4.611 -3.344 0.061
0.183 -0.158 1.062 -4.458 -1.817 -0.244
0.179 -0.157 1.059 -4.489 -1.71 -0.58
0.166 -0.147 1.051 -4.321 -3.42 -0.58
0.17 -0.152 1.045 -4.473 -4.183 -0.168
0.184 -0.155 1.049 -4.87 -1.542 -0.366
0.187 -0.151 1.055 -4.809 0.107 -0.626
0.178 -0.153 1.05 -4.305 -0.458 -1.206
0.164 -0.151 1.05 -4.244 -2.122 -1.344
0.161 -0.153 1.036 -4.534 -1.969 -1.053
0.153 -0.147 1.051 -4.641 -2.84 -0.947
0.16 -0.151 1.04 -4.794 -3.618 -0.641
0.161 -0.146 1.052 -4.809 -2.84 -0.366
0.156 -0.156 1.039 -4.855 -2.29 0.031
0.172 -0.16 1.046 -4.748 -0.901 0.092
0.175 -0.155 1.042 -4.779 -1.069 -0.122
0.172 -0.156 1.052 -4.84 -2.489 -0.336
0.186 -0.156 1.036 -5.145 -3.008 -0.412
0.179 -0.156 1.038 -5.802 -2.885 -0.595
0.179 -0.155 1.046 -6.351 -1.969 -0.763
0.177 -0.159 1.051 -6.321 -2.137 -1.023
0.171 -0.154 1.063 -6.214 -2.748 -0.947
0.165 -0.162 1.065 -5.878 -2.733 -0.855
0.161 -0.155 1.066 -5.511 -2.779 -0.687
0.159 -0.16 1.061 -5.282 -3.954 -0.672
0.166 -0.151 1.055 -5.924 -5.71 -0.809
0.178 -0.152 1.065 -6.687 -6.656 -0.718
0.184 -0.151 1.068 -7.924 -7.939 -0.443
0.212 -0.157 1.085 -10.031 -7.038 -0.183
0.23 -0.152 1.12 -11.802 -7.023 -1.649
0.236 -0.164 1.177 -12.443 -7.802 -3.847
0.221 -0.153 1.213 -13.069 -8.275 -6.504
0.157 -0.143 1.271 -14.366 -10.977 -8.702
0.088 -0.137 1.347 -13.847 -11.13 -8.58
0.029 -0.128 1.424 -13.359 -10.137 -5.863
0.021 -0.142 1.49 -12.824 -9.939 -1.679
0.041 -0.156 1.567 -12.382 -5.847 2.427
0.089 -0.154 1.617 -12.489 -3.832 5.282
0.153 -0.153 1.65 -12.55 -2.412 5.771
0.204 -0.175 1.699 -12.214 -5.908 3.405
0.257 -0.191 1.698 -9.542 -5.038 -0.947
0.318 -0.198 1.755 -6.061 -2.626 -8.275
0.315 -0.217 1.771 -1.13 -2.931 -15.634
0.3 -0.234 1.799 5.924 -0.595 -20.947
0.267 -0.25 1.808 15.038 0.595 -23.389
0.264 -0.232 1.778 23.939 4.458 -24.458
0.269 -0.22 1.681 30.046 7.679 -25.847
0.278 -0.205 1.599 34.092 9.954 -27.893
0.29 -0.191 1.519 36.458 12.931 -30.382
0.274 -0.179 1.458 38.672 20.443 -32.336
0.245 -0.165 1.412 39.13 29.725 -32.214
0.216 -0.161 1.347 38.992 36.779 -31.985
0.167 -0.17 1.332 40.473 41.344 -29.924
0.12 -0.174 1.329 43.954 46.504 -25.252
0.11 -0.167 1.327 50.137 53.359 -19.466
0.125 -0.156 1.261 56.198 55.344 -16.55
0.131 -0.141 1.181 60.58 53.71 -15.328
0.138 -0.118 1.09 63.359 47.817 -14.962
0.153 -0.095 0.996 62.275 45.527 -15.466
0.155 -0.071 0.929 59.603 40.321 -16.901
0.151 -0.058 0.871 55.16 36.427 -17.634
0.134 -0.049 0.821 50.29 34.015 -18.504
0.114 -0.036 0.789 44.672 29.557 -19.023
0.122 -0.032 0.74 38.84 24.656 -19.298
0.128 -0.046 0.73 34.29 22.061 -19.588
0.158 -0.055 0.725 29.924 20.565 -20.183
0.17 -0.048 0.748 27.038 21.618 -20.656
0.158 -0.059 0.773 26.397 20.351 -20.336
0.156 -0.055 0.775 27.511 19.679 -19.45
0.158 -0.035 0.749 27.359 18.122 -19.023
0.155 -0.019 0.716 25.893 15.206 -19.237
0.135 -0.001 0.676 22.504 10.748 -19.71
0.115 0.0 0.655 17.969 3.954 -20.718
0.084 0.002 0.652 13.679 -0.473 -20.321
0.059 0.0 0.68 11.069 -6.336 -18.962
0.068 -0.001 0.708 9.573 -10.015 -17.023
0.089 0.004 0.727 8.168 -7.649 -14.489
0.093 0.003 0.737 7.817 -4.565 -12.351
0.105 0.017 0.739 7.649 -2.382 -10.534
0.104 0.035 0.716 6.351 -2.656 -9.817
0.095 0.034 0.732 4.977 -1.786 -8.916
0.1 0.036 0.737 3.618 -2.702 -8.55
0.085 0.045 0.739 1.282 -2.473 -7.771
0.077 0.054 0.749 -0.992 -4.855 -7.511
0.092 0.068 0.743 -3.038 -7.053 -8.092
0.073 0.062 0.798 -4.29 -11.405 -9.145
0.073 0.075 0.792 -5.679 -18.092 -10.366
0.068 0.076 0.811 -7.527 -20.687 -10.26
0.07 0.075 0.824 -9.725 -15.084 -8.794
0.058 0.068 0.867 -11.099 -3.45 -5.237
0.046 0.055 0.903 -10.809 9.756 -0.962
0.037 0.062 0.915 -10.214 19.069 3.023
0.03 0.058 0.936 -8.611 22.702 5.969
0.028 0.061 0.913 -7.45 19.664 7.496
0.057 0.062 0.893 -8.58 15.511 7.038
0.071 0.066 0.898 -10.611 12.565 5.847
0.057 0.068 0.909 -12.809 6.947 3.725
0.06 0.064 0.928 -13.924 2.26 2.26
0.05 0.062 0.968 -14.092 -1.939 1.191
0.049 0.053 0.971 -13.481 -5.282 0.794
0.055 0.038 0.983 -12.702 -3.695 0.992
0.056 0.041 0.988 -12.702 -0.336 1.573
0.049 0.042 0.992 -13.389 4.489 2.672
0.032 0.035 1.005 -14.55 5.74 3.695
0.04 0.042 1.034 -13.832 5.084 4.565
0.044 0.046 1.034 -12.641 1.542 3.649
0.045 0.041 1.038 -11.115 -1.603 2.718
0.052 0.047 1.045 -9.893 -3.664 2.061
0.058 0.044 1.026 -8.565 -5.115 1.252
0.062 0.044 1.027 -8.443 -3.16 1.13
0.047 0.047 1.042 -8.336 -0.824 1.634
0.04 0.047 1.042 -8.26 0.26 2.397
0.029 0.047 1.047 -7.908 0.809 3.481
0.036 0.046 1.05 -7.45 2.779 4.519
0.045 0.047 1.042 -7.725 4.809 5.405
0.058 0.046 1.043 -7.939 5.756 5.282
0.07 0.047 1.049 -8.244 5.191 4.534
0.065 0.046 1.055 -8.611 3.511 3.924
0.062 0.037 1.074 -8.519 2.015 3.206
0.055 0.04 1.087 -7.725 -0.061 2.977
0.066 0.027 1.1 -6.153 -1.878 2.641
0.079 0.031 1.095 -4.687 -3.374 1.74
0.083 0.039 1.078 -3.588 -3.45 1.038
0.074 0.045 1.067 -3.405 -2.809 0.443
0.057 0.052 1.048 -3.557 -1.756 0.305
0.06 0.053 1.042 -3.939 -1.481 0.458
0.061 0.049 1.033 -4.229 -0.885 0.58
0.054 0.052 1.038 -4.55 -0.153 0.458
0.051 0.048 1.052 -5.16 0.046 0.427
0.048 0.047 1.047 -5.466 0.214 0.748
0.051 0.051 1.06 -5.969 0.824 0.779
0.052 0.052 1.053 -6.321 0.87 0.641
0.051 0.054 1.062 -6.351 1.695 0.748
0.045 0.051 1.065 -6.412 1.71 0.779
0.061 0.045 1.076 -5.832 2.153 0.885
0.054 0.048 1.071 -5.893 3.038 0.824
0.06 0.039 1.07 -5.71 4.046 0.733
0.044 0.032 1.077 -6.504 4.229 0.519
0.046 0.031 1.11 -6.229 3.496 0.458
0.034 0.021 1.124 -5.298 1.847 0.672
0.035 0.025 1.121 -3.603 0.565 0.641
0.044 0.031 1.101 -2.504 -0.305 0.305
0.043 0.035 1.088 -1.634 -0.947 -0.229
0.043 0.042 1.069 -1.405 -0.534 -0.321
0.048 0.042 1.05 -1.45 1.099 0.015
0.041 0.049 1.049 -2.076 2.137 0.015
0.046 0.045 1.048 -3.023 2.809 0.183
0.043 0.041 1.04 -3.74 1.71 0.061
0.044 0.045 1.052 -4.107 1.359 -0.229
0.034 0.045 1.057 -4.29 -0.015 -0.412
0.035 0.047 1.06 -3.954 -2.153 -0.702
0.032 0.048 1.061 -3.573 -2.504 -0.519
0.044 0.049 1.058 -3.023 -1.328 -0.534
0.045 0.057 1.042 -3.282 -0.427 -0.84
0.041 0.058 1.034 -3.588 0.336 -0.458
0.04 0.055 1.037 -4.656 2.031 0.046
0.039 0.058 1.035 -5.985 5.481 0.809
0.023 0.047 1.049 -6.504 6.198 0.824
0.022 0.052 1.06 -6.321 3.115 0.947
0.028 0.056 1.058 -5.618 -0.092 0.458
0.04 0.054 1.057 -5.344 -1.237 -0.107
0.035 0.058 1.04 -5.863 -0.015 -0.397
0.022 0.057 1.035 -6.901 -0.137 0.046
0.026 0.052 1.051 -7.328 -0.443 0.626
0.032 0.049 1.061 -7.191 -0.718 0.977
0.047 0.041 1.066 -6.885 0.305 0.366
0.033 0.044 1.073 -6.443 0.031 0.061
0.037 0.046 1.075 -5.557 -1.069 -0.29
0.032 0.047 1.06 -5.603 -1.74 -0.397
0.035 0.043 1.068 -5.634 -2.031 -0.427
0.037 0.045 1.069 -5.466 -2.366 -0.198
0.042 0.038 1.073 -4.855 -2.641 -0.214
0.044 0.038 1.071 -4.931 -3.511 0.046
0.052 0.039 1.065 -3.221 -5.084 -0.855
0.051 0.045 1.057 -2.565 -6.458 -1.634
0.062 0.056 1.05 -2.305 -6.0 -2.137
0.052 0.06 1.029 -2.305 -5.42 -2.321
0.055 0.065 1.032 -3.389 -4.26 -2.55
0.049 0.069 1.014 -4.947 -3.603 -2.702
0.044 0.062 1.032 -5.878 -3.588 -2.489
0.043 0.069 1.036 -7.13 -2.794 -2.336
0.051 0.059 1.054 -8.046 -1.267 -2.061
0.04 0.052 1.063 -9.023 -0.275 -1.695
0.035 0.044 1.08 -9.023 1.145 -1.115
0.037 0.039 1.101 -8.748 1.191 -0.855
0.035 0.033 1.109 -8.107 1.588 -0.672
0.041 0.031 1.119 -7.481 0.931 -0.84
0.046 0.03 1.119 -6.443 -0.504 -1.191
0.038 0.028 1.114 -5.695 -0.916 -1.45
0.037 0.025 1.112 -4.656 -1.099 -1.771
0.029 0.029 1.104 -3.969 -1.374 -1.817
0.039 0.036 1.083 -3.573 -1.863 -1.695
0.035 0.034 1.075 -3.13 -0.962 -1.74
0.029 0.035 1.088 -3.16 -0.595 -1.328
0.028 0.026 1.076 -3.298 -0.244 -0.87
0.027 0.031 1.068 -3.008 -0.046 -0.321
0.036 0.032 1.069 -3.527 1.008 -0.489
0.035 0.033 1.084 -3.74 1.389 -0.855
0.019 0.027 1.089 -2.901 0.031 -0.84
0.032 0.035 1.095 -1.832 -1.664 -0.809
0.029 0.039 1.09 -1.252 -2.046 -0.794
0.031 0.037 1.062 -1.313 0.229 -0.611
0.027 0.041 1.073 -1.832 1.74 -0.366
0.02 0.044 1.068 -1.786 2.076 0.061
0.016 0.043 1.066 -2.137 2.534 0.718
0.019 0.044 1.048 -2.534 1.695 1.206
0.029 0.054 1.04 -4.824 4.427 1.496
0.026 0.038 1.058 -4.458 4.427 1.344
0.018 0.045 1.067 -5.405 4.702 1.832
0.027 0.045 1.07 -4.916 2.733 1.954
0.031 0.041 1.071 -4.931 1.802 1.802
0.029 0.042 1.066 -5.374 1.176 1.328
0.018 0.033 1.089 -5.115 1.985 1.603
0.014 0.033 1.091 -4.153 2.656 2.076
0.015 0.033 1.091 -2.977 2.336 2.336
0.016 0.054 1.086 -4.855 1.908 4.351
0.032 0.035 1.063 -5.359 3.557 4.092
0.016 0.047 1.068 -3.145 0.122 2.855
0.033 0.046 1.06 -4.122 3.328 2.87
0.026 0.044 1.073 -4.137 5.573 2.87
0.029 0.045 1.088 -3.328 2.458 2.458
0.038 0.046 1.073 -2.519 1.069 2.076
0.038 0.05 1.068 -2.153 -0.229 1.466
0.038 0.058 1.041 -2.55 -1.282 0.855
0.034 0.063 1.038 -3.374 -1.603 0.382
0.041 0.057 1.03 -4.153 -2.366 0.321
0.037 0.063 1.025 -5.053 -2.504 -0.046
0.033 0.057 1.02 -6.366 -2.336 -0.076
0.037 0.053 1.051 -7.038 -1.969 -0.443
0.029 0.053 1.071 -6.901 1.053 -0.153
0.022 0.045 1.085 -5.924 1.45 -0.092
0.029 0.048 1.081 -5.374 -0.107 -0.107
0.024 0.047 1.073 -5.267 0.366 0.0
0.033 0.048 1.071 -5.267 -0.061 -0.244
0.027 0.05 1.085 -5.099 -0.794 -0.489
0.026 0.052 1.079 -4.519 -1.008 -0.733
0.028 0.048 1.074 -4.168 -1.557 -1.069
0.03 0.05 1.062 -3.588 -1.389 -1.191
0.029 0.048 1.061 -3.511 -1.313 -1.237
0.022 0.033 1.069 -3.359 -0.947 -1.023
0.027 0.042 1.065 -3.328 -1.344 -0.992
0.026 0.048 1.06 -3.023 -2.382 -1.313
0.036 0.045 1.06 -2.901 -3.298 -1.832
0.032 0.052 1.055 -2.962 -4.351 -2.122
0.033 0.053 1.055 -2.824 -4.916 -2.443
0.032 0.057 1.052 -3.374 -4.092 -2.427
0.04 0.101 1.038 -11.313 -1.45 2.092
0.027 0.051 1.072 -3.649 -2.427 -2.794
0.026 0.049 1.043 -4.962 -5.664 -3.008
0.023 0.048 1.062 -4.718 -3.573 -3.16
0.021 0.053 1.065 -4.824 -6.305 -3.42
0.016 0.046 1.068 -4.733 -6.305 -3.191
0.015 0.054 1.073 -4.687 -6.015 -2.87
0.014 0.059 1.065 -4.626 -5.557 -2.412
0.021 0.053 1.069 -4.84 -3.695 -1.893
0.026 0.056 1.076 -5.008 -2.962 -1.786
0.027 0.049 1.068 -5.282 -3.267 -1.924
0.032 0.047 1.075 -5.45 -3.099 -1.939
0.023 0.044 1.083 -5.435 -3.298 -1.42
0.031 0.04 1.078 -5.42 -3.389 -1.389
0.025 0.048 1.082 -5.023 -3.664 -1.466
0.032 0.047 1.091 -4.885 -4.031 -1.389
0.037 0.046 1.073 -5.023 -2.565 -1.069
0.031 0.045 1.08 -5.16 -1.588 -0.901
0.038 0.046 1.08 -5.206 -1.099 -0.55
0.038 0.035 1.084 -5.588 -0.855 -0.504
0.042 0.039 1.087 -5.756 -1.053 -0.672
0.039 0.033 1.104 -5.405 -1.282 -0.885
0.044 0.027 1.114 -4.519 -1.74 -1.527
0.037 0.028 1.105 -3.588 -2.519 -1.756
0.045 0.035 1.106 -2.611 -3.344 -1.847
0.034 0.03 1.094 -2.427 -2.305 -1.878
0.043 0.037 1.086 -2.412 -1.756 -1.847
0.041 0.04 1.075 -2.992 -1.802 -1.71
0.029 0.047 1.07 -3.481 -1.328 -1.481
0.031 0.051 1.085 -3.557 -0.672 -1.328
0.035 0.038 1.078 -3.511 -0.748 -1.389
0.027 0.038 1.082 -3.069 -0.687 -1.405
0.025 0.042 1.084 -2.809 -1.359 -1.42
0.033 0.04 1.081 -2.473 -1.695 -1.618
0.03 0.041 1.086 -2.137 -2.0 -1.954
0.032 0.048 1.072 -1.817 -2.244 -2.137
0.027 0.047 1.072 -1.221 -2.336 -2.427
0.025 0.05 1.064 -1.008 -1.71 -2.29
0.031 0.055 1.065 -0.87 -1.435 -2.168
0.031 0.054 1.06 -1.023 -1.115 -2.046
0.026 0.06 1.06 -1.221 -1.038 -1.679
0.025 0.058 1.056 -1.511 -1.313 -1.725
0.027 0.05 1.047 -1.817 -1.588 -1.435
0.034 0.048 1.061 -1.71 -2.687 -1.45
0.043 0.05 1.07 -1.45 -3.313 -1.664
0.041 0.056 1.058 -0.962 -3.893 -2.031
0.034 0.062 1.061 -0.198 -3.466 -2.489
0.031 0.065 1.058 -0.229 -3.557 -2.321
0.029 0.07 1.042 -0.412 -3.481 -1.969