0.136 0.037 0.917 -0.489 4.802 -0.565
0.131 0.043 0.914 -2.527 4.466 0.626
0.135 0.023 0.914 -4.916 3.969 1.198
0.144 -0.0 0.908 -5.992 3.779 1.046
0.15 -0.011 0.935 -6.939 2.496 0.076
0.153 -0.025 0.949 -7.427 1.298 -0.885
0.156 -0.031 0.958 -6.122 0.611 -0.664
0.146 -0.029 0.964 -4.771 0.359 -0.58
0.131 -0.017 0.961 -2.985 0.328 0.481
0.129 -0.014 0.949 -1.565 0.435 1.756
0.137 -0.017 0.922 -0.756 1.443 2.595
0.148 -0.018 0.902 -0.702 2.405 2.756
0.163 -0.025 0.886 -1.908 3.527 2.756
0.162 -0.01 0.877 -4.023 4.382 2.87
0.154 -0.022 0.903 -6.183 5.275 2.565
0.146 -0.035 0.937 -6.504 4.237 2.191
0.146 -0.035 0.957 -6.45 2.702 1.542
0.138 -0.058 0.946 -5.534 1.87 0.603
0.15 -0.054 0.933 -3.427 1.336 -0.046
0.147 -0.04 0.928 -2.122 2.435 -0.641
0.136 -0.021 0.918 -2.137 2.473 0.061
0.136 -0.025 0.921 -1.282 3.26 1.313
0.15 -0.022 0.913 -1.084 4.718 2.115
0.142 -0.026 0.92 -2.145 4.427 2.359
0.153 -0.028 0.924 -3.038 3.718 2.16
0.182 -0.034 0.894 0.977 18.771 1.542
0.107 -0.042 0.983 -2.191 2.092 2.473
0.135 -0.032 0.969 -2.74 2.878 1.275
0.142 -0.018 0.961 -1.206 10.053 2.748
0.109 -0.028 0.985 -1.16 1.473 3.74
0.119 -0.031 0.943 -0.107 2.023 2.786
0.13 -0.029 0.94 1.603 1.786 3.901
0.141 0.003 0.951 2.634 9.0 4.809
0.142 -0.016 0.893 0.542 2.336 3.031
0.136 -0.018 0.914 -0.969 0.916 2.321
0.133 -0.01 0.929 -2.718 0.298 2.214
0.137 -0.015 0.934 -3.336 -0.496 2.076
0.139 -0.028 0.934 -1.382 -0.237 2.802
0.132 -0.028 0.92 -0.038 0.695 3.328
0.142 -0.028 0.92 0.779 1.321 2.771
0.133 -0.02 0.935 1.145 -0.534 2.695
0.139 -0.013 0.914 1.008 -1.87 2.779
0.142 -0.011 0.91 0.092 -2.435 2.321
0.149 -0.014 0.921 -0.679 -2.756 1.374
0.147 -0.005 0.912 -1.786 -3.137 1.756
0.137 0.001 0.91 -2.275 -2.115 1.733
0.134 0.003 0.915 -1.405 -2.542 2.832
0.134 -0.006 0.913 0.405 -2.13 4.382
0.143 -0.007 0.904 2.504 -0.748 5.374
0.146 -0.012 0.904 2.137 0.183 4.977
0.155 -0.011 0.905 0.26 0.664 3.626
0.14 -0.01 0.926 -2.069 -0.382 2.244
0.136 -0.014 0.925 -2.092 -0.237 1.244
0.142 -0.021 0.917 -0.382 0.267 0.87
0.133 -0.01 0.915 2.511 0.992 2.031
0.14 0.0 0.907 3.282 1.145 2.687
0.135 -0.009 0.903 2.145 1.351 2.267
0.14 -0.013 0.91 -0.137 1.634 1.817
0.132 -0.018 0.913 -1.031 1.718 1.71
0.13 -0.019 0.926 -0.649 1.664 1.832
0.135 -0.017 0.93 0.725 1.565 2.26
0.142 -0.009 0.931 1.985 0.908 3.198
0.147 -0.011 0.9 2.573 0.611 3.45
0.164 -0.012 0.874 0.809 2.336 2.916
0.155 -0.005 0.87 -2.687 3.221 1.519
0.158 -0.012 0.907 -5.931 2.916 0.618
0.154 -0.018 0.916 -7.725 3.053 0.435
0.145 -0.02 0.937 -5.71 3.099 1.084
0.143 -0.03 0.969 -2.137 3.58 2.267
0.14 -0.027 0.954 0.481 2.679 2.687
0.138 -0.017 0.952 1.29 1.542 2.16
0.132 -0.009 0.951 0.13 0.244 1.366
0.133 -0.001 0.937 -1.122 0.198 0.817
0.113 -0.01 0.95 -1.336 0.351 0.763
0.111 -0.005 0.944 -0.435 0.702 1.015
0.105 0.004 0.949 1.282 2.107 1.565
0.078 -0.002 0.959 3.542 2.405 1.626
0.07 -0.007 0.964 3.679 1.191 0.588
0.077 -0.0 0.951 3.053 -0.275 -0.832
0.059 0.009 0.931 2.588 -0.061 -1.595
0.045 0.015 0.959 1.802 0.252 -1.45
0.034 -0.017 0.98 -1.542 -2.092 -6.366
0.012 -0.011 0.978 -6.321 4.0 -8.847
0.037 -0.033 0.97 -9.641 10.542 -18.954
-0.011 -0.049 1.075 -11.053 9.931 -25.756
-0.042 -0.023 1.099 -8.58 7.313 -27.496
-0.056 0.002 1.074 -3.382 5.16 -23.206
-0.072 0.056 1.052 0.649 6.168 -14.718
-0.134 0.08 1.055 1.779 -0.061 -5.832
-0.142 0.108 1.089 0.221 -7.389 4.718
-0.098 0.046 1.058 -1.969 1.176 8.542
-0.096 -0.025 1.114 -3.496 -12.504 10.489
-0.089 -0.068 1.146 -2.542 -14.282 6.656
-0.124 -0.139 1.205 5.779 -14.794 4.908
-0.143 -0.079 1.135 12.969 -21.42 5.0
-0.104 -0.079 1.006 23.603 -14.206 1.725
-0.1 0.001 0.892 26.87 -14.511 3.603
-0.138 0.11 0.872 19.046 -15.466 8.977
-0.186 0.131 0.922 6.061 -20.252 14.267
-0.221 0.052 1.006 -4.58 -24.092 16.084
-0.238 -0.023 1.101 -6.374 -29.321 21.634
-0.26 -0.093 1.18 -1.595 -32.389 22.244
-0.214 -0.102 1.169 6.992 -31.481 23.145
-0.171 -0.046 1.043 16.489 -27.901 23.618
-0.1 -0.048 0.89 19.145 -23.229 19.282
-0.022 -0.044 0.817 15.16 -18.099 16.664
-0.021 -0.053 0.818 8.183 -14.84 9.992
-0.103 -0.015 0.891 -1.336 -15.809 5.015
-0.192 0.008 0.895 -7.634 -19.527 5.069
-0.231 0.027 0.935 -10.794 -22.733 8.481
-0.218 0.024 0.926 -11.603 -21.893 19.374
-0.133 0.007 0.885 -7.809 -17.221 26.58
0.014 -0.064 0.739 -7.046 -6.336 28.137
0.07 -0.122 0.838 -9.588 0.191 20.061
0.107 -0.147 0.971 -4.962 -3.084 12.389
0.137 -0.114 0.859 -0.282 -1.725 7.611
0.114 -0.042 0.769 -1.939 6.931 3.092
0.015 0.035 0.846 -4.809 4.962 4.55
-0.057 0.1 0.86 -6.008 1.031 13.718
-0.042 0.105 0.865 -4.687 4.282 25.191
-0.003 0.053 0.892 -0.496 5.763 34.573
0.091 -0.035 0.871 2.679 6.74 37.695
0.214 -0.163 0.9 3.435 8.832 29.481
0.274 -0.189 0.917 4.519 10.473 16.863
0.215 -0.054 0.9 2.947 7.397 9.847
0.166 0.053 0.837 -1.58 5.603 11.496
0.134 0.073 0.836 -5.366 3.397 17.145
0.144 0.061 0.875 -4.351 2.916 24.107
0.159 0.016 0.909 -2.771 1.901 29.344
0.27 -0.109 0.898 0.26 3.145 26.893
0.345 -0.175 0.837 0.634 6.366 18.527
0.413 -0.159 0.797 -4.115 13.504 5.008
0.372 -0.106 0.843 -7.748 13.885 -3.13
0.31 -0.056 0.927 -5.573 10.809 -4.198
0.279 -0.028 0.939 1.71 9.893 -2.74
0.223 0.02 0.942 7.13 7.412 0.992
0.296 -0.065 0.999 15.916 6.962 5.809
0.29 -0.0 0.865 10.45 3.679 2.061
0.304 0.052 0.786 2.702 7.527 -3.473
0.345 0.006 0.834 -3.84 7.076 -7.679
0.356 -0.012 0.908 -7.061 3.038 -12.015
0.321 0.001 0.929 -7.359 -3.298 -11.237
0.359 -0.071 0.96 -4.092 -5.282 -13.382
0.377 -0.083 0.943 -1.107 -8.779 -16.473
0.404 -0.113 0.875 1.244 -12.809 -20.229
0.389 -0.09 0.942 5.931 -9.473 -24.359
0.37 0.002 0.873 8.267 -6.786 -25.42
0.398 0.028 0.815 6.244 -1.901 -27.496
0.418 0.015 0.842 6.863 2.641 -30.573
0.397 0.048 0.862 8.733 5.183 -33.359
0.356 0.134 0.842 8.481 5.71 -35.359
0.299 0.257 0.802 2.786 4.435 -31.84
0.342 0.236 0.801 -4.443 -0.046 -31.42
0.199 0.032 1.055 -0.191 -13.244 -38.603
0.418 0.113 0.74 0.496 4.519 -28.069
0.348 0.181 0.839 -0.366 6.557 -21.527
0.352 0.184 0.808 -4.405 6.634 -18.527
0.374 0.168 0.839 -10.687 9.191 -17.817
0.38 0.133 0.86 -15.298 7.885 -19.069
0.393 0.132 0.844 -18.176 10.26 -20.221
0.37 0.132 0.841 -18.115 10.389 -18.855
0.365 0.135 0.83 -15.718 12.679 -16.183
0.346 0.169 0.813 -13.153 17.481 -12.618
0.304 0.18 0.856 -9.855 19.649 -5.809
0.295 0.184 0.879 -7.031 22.092 -0.137
0.264 0.222 0.9 -7.275 22.588 5.069
0.232 0.224 0.91 -10.962 16.519 12.099
0.253 0.172 0.941 -14.176 11.366 18.031
0.33 0.086 0.967 -15.122 8.809 18.634
0.415 0.043 0.938 -15.374 10.053 17.344
0.432 0.066 0.954 -17.908 21.511 16.901
0.428 0.049 0.997 -21.763 9.802 17.718
0.442 0.066 1.036 -25.641 9.504 20.977
0.414 0.073 1.075 -30.863 5.076 25.183
0.44 -0.008 1.072 -34.573 0.504 28.412
0.42 -0.058 1.05 -34.305 -3.13 28.267
0.375 -0.068 1.023 -31.901 -7.55 29.977
0.377 -0.114 0.978 -25.405 -7.718 31.321
0.349 -0.142 0.932 -19.45 -9.374 31.679
0.356 -0.184 0.879 -14.137 -10.847 28.809
0.343 -0.178 0.835 -9.771 -9.733 23.855
0.321 -0.157 0.737 -6.076 -10.832 25.74
0.273 -0.179 0.787 -6.687 -11.038 20.076
0.273 -0.192 0.767 -5.481 -11.023 15.924
0.235 -0.159 0.8 -7.275 -10.412 13.557
0.232 -0.135 0.83 -7.71 -8.321 12.076
0.209 -0.136 0.88 -9.267 -7.214 9.557
0.2 -0.11 0.962 -8.031 -7.916 8.603
0.198 -0.069 1.03 -2.901 -7.901 9.771
0.199 -0.039 1.058 2.008 -10.679 12.977
0.23 -0.019 1.011 7.069 -12.42 17.351
0.222 0.019 0.976 6.656 -15.656 21.557
0.266 -0.011 0.926 2.679 -20.969 24.145
0.345 -0.044 0.872 -0.481 -21.511 22.252
0.351 -0.042 0.823 -5.45 -20.168 18.603
0.357 -0.062 0.816 -10.481 -17.038 14.244
0.35 -0.072 0.861 -12.985 -13.656 10.901
0.326 -0.091 0.868 -11.351 -11.443 7.84
0.303 -0.059 0.871 -11.092 -11.244 7.45
0.309 -0.077 0.84 -9.588 -10.733 8.321
0.297 -0.086 0.859 -6.519 -6.359 6.58
0.26 -0.058 0.848 -2.519 -4.137 6.229
0.235 -0.032 0.84 0.595 -0.855 6.16
0.203 0.005 0.827 1.481 1.031 7.618
0.231 -0.022 0.813 -1.229 2.198 8.168
0.232 -0.042 0.853 -4.603 2.42 6.206
0.218 -0.069 0.886 -7.634 0.443 4.023
0.209 -0.097 0.928 -7.145 -1.489 3.634
0.219 -0.127 0.984 -2.244 -1.962 2.313
0.229 -0.128 0.974 4.252 -1.084 0.382
0.215 -0.092 0.967 8.382 -0.328 -1.74
0.165 -0.013 0.936 9.634 -0.748 -2.954
0.152 0.029 0.892 6.305 -1.504 -0.924
0.166 0.003 0.901 3.794 -3.779 3.496
0.23 -0.055 0.886 2.977 -3.832 5.321
0.291 -0.109 0.896 4.336 2.412 1.107
0.243 -0.069 0.898 5.374 4.168 -3.588
0.192 -0.009 0.899 4.87 1.664 -2.626
0.185 0.015 0.907 2.359 0.229 -0.71
0.197 -0.006 0.911 -1.603 0.603 0.931
0.202 -0.024 0.945 -3.557 1.176 1.794
0.218 -0.058 0.959 -3.55 1.466 2.847
0.244 -0.067 0.978 -2.557 1.847 2.282
0.221 -0.047 0.997 -2.389 0.863 1.023
0.206 -0.024 0.991 -3.252 -1.847 1.603
0.217 -0.05 0.951 -4.145 -3.603 2.809
0.235 -0.058 0.941 -3.947 -4.351 3.817
0.246 -0.054 0.934 -4.939 -2.511 2.13
0.208 -0.033 0.934 -6.145 -5.603 2.893
0.232 -0.055 0.921 -7.481 -6.496 4.038
0.257 -0.076 0.911 -7.061 -5.282 2.214
0.259 -0.078 0.899 -5.756 -4.008 0.351
0.257 -0.061 0.881 -3.687 -2.115 -0.405
0.245 -0.047 0.852 -2.771 -1.023 0.137
0.243 -0.048 0.853 -2.473 0.374 0.443
0.233 -0.038 0.853 -1.55 1.992 0.412
0.2 -0.014 0.866 -1.672 2.198 1.504
0.208 -0.021 0.863 -2.221 2.458 3.053
0.216 -0.048 0.874 -2.046 1.618 4.802
0.253 -0.085 0.875 -0.939 4.351 3.038
0.234 -0.058 0.888 -0.557 5.641 0.023
0.211 -0.028 0.896 -1.45 5.58 -0.924
0.177 -0.011 0.896 -2.305 5.29 0.603
0.174 -0.008 0.909 -4.137 4.55 3.214
0.198 -0.052 0.932 -5.313 4.718 4.374
0.225 -0.073 0.941 -5.275 4.382 3.405
0.229 -0.092 0.943 -5.595 3.985 1.573
0.241 -0.089 0.938 -5.153 3.023 -0.137
0.236 -0.081 0.938 -4.45 3.13 -2.366
0.217 -0.061 0.924 -4.16 2.824 -2.977
0.206 -0.043 0.916 -5.061 1.321 -2.687
0.225 -0.058 0.918 -5.313 2.046 -3.496
0.23 -0.063 0.917 -4.947 2.046 -4.305
0.216 -0.054 0.932 -4.908 2.145 -5.832
0.191 -0.02 0.942 -5.58 0.977 -5.183
0.179 -0.003 0.932 -7.458 -0.351 -2.511
0.205 -0.024 0.927 -9.756 -0.443 -1.168
0.234 -0.06 0.938 -9.305 1.183 -1.863
0.229 -0.045 0.93 -10.191 0.145 -3.069
0.211 -0.033 0.912 -13.855 -1.313 -3.443
0.209 -0.054 0.909 -15.962 -3.16 -2.786
0.212 -0.083 0.93 -15.542 -3.282 -1.931
0.23 -0.119 0.928 -11.42 -2.626 -0.977
0.242 -0.142 0.941 -6.947 -0.313 -0.817
0.267 -0.145 0.925 -2.664 1.992 -2.595
0.254 -0.115 0.92 0.855 3.718 -5.71
0.207 -0.053 0.908 2.702 1.74 -7.374
0.17 0.001 0.902 2.0 -0.641 -5.267
0.177 -0.0 0.882 0.931 -0.511 -2.214
0.179 -0.021 0.876 -0.076 0.344 0.252
0.208 -0.064 0.898 -0.221 2.008 0.435
0.221 -0.079 0.914 1.092 2.511 -1.015
0.212 -0.063 0.934 0.893 2.038 -1.809
0.212 -0.067 0.935 -0.061 1.771 -2.13
0.202 -0.073 0.968 0.321 0.344 -2.611
0.198 -0.062 0.956 0.534 -0.641 -1.992
0.216 -0.061 0.936 -0.176 0.214 -2.099
0.226 -0.071 0.924 -0.954 0.794 -2.649
0.222 -0.063 0.921 -1.58 1.366 -3.42
0.212 -0.045 0.914 -2.206 1.626 -3.321
0.225 -0.054 0.899 -3.573 1.702 -2.733
0.239 -0.062 0.891 -3.618 2.748 -2.344
0.237 -0.069 0.911 -2.397 4.229 -2.557
0.228 -0.044 0.914 -1.817 3.832 -2.603
0.228 -0.031 0.921 -1.656 3.71 -3.641
0.212 -0.003 0.925 -1.809 2.771 -3.282
0.189 0.003 0.914 -2.443 0.947 -0.893
0.197 0.003 0.891 -3.939 0.626 1.13
0.211 -0.025 0.891 -5.55 0.748 2.496
0.206 -0.063 0.906 -6.061 0.649 2.29
0.19 -0.062 0.924 -5.847 -1.42 2.71
0.2 -0.078 0.929 -4.718 -2.519 3.595
0.224 -0.098 0.922 -2.137 -1.29 3.763
0.236 -0.11 0.914 0.252 0.595 2.847
0.247 -0.099 0.905 0.733 2.664 0.542
0.221 -0.063 0.903 -0.573 2.802 -1.023
0.208 -0.05 0.91 -1.748 2.115 -1.397
0.197 -0.042 0.912 -2.481 1.656 -0.687
0.207 -0.052 0.911 -3.099 2.397 -0.855
0.193 -0.043 0.941 -3.405 2.481 -1.847
0.173 -0.031 0.96 -3.679 0.427 -1.397
0.184 -0.039 0.955 -2.893 -0.992 0.344
0.21 -0.061 0.929 -2.519 -1.489 2.321
0.224 -0.087 0.914 -2.206 -1.099 2.527
0.238 -0.1 0.886 -3.046 -0.824 1.458
0.254 -0.111 0.88 -3.695 0.786 -1.176
0.244 -0.094 0.891 -3.992 1.351 -3.42
0.221 -0.085 0.913 -4.244 0.626 -4.031
0.231 -0.077 0.915 -4.206 0.641 -4.023
0.223 -0.074 0.921 -3.267 1.58 -4.427
0.225 -0.069 0.93 -1.924 1.947 -4.26
0.224 -0.056 0.935 -0.473 2.412 -4.87
0.201 -0.026 0.938 0.588 2.55 -4.397
0.189 0.007 0.923 0.611 0.557 -2.275
0.195 0.01 0.9 -1.031 -0.008 -0.511
0.204 -0.01 0.906 -2.992 -0.725 0.473
0.213 -0.028 0.896 -3.695 -1.282 1.679
0.212 -0.034 0.902 -4.763 -1.305 1.802
0.21 -0.046 0.919 -4.321 -0.718 2.053
0.209 -0.053 0.933 -3.962 -1.13 3.389
0.224 -0.071 0.935 -2.649 -1.076 4.328
0.236 -0.093 0.927 -1.489 -1.282 4.168
0.241 -0.102 0.92 -0.817 -0.595 2.313
0.234 -0.091 0.92 -0.092 -0.672 1.366
0.223 -0.074 0.913 -0.695 -1.366 0.802
0.229 -0.078 0.891 -1.573 -0.466 -0.344
0.219 -0.074 0.902 -2.206 -0.725 -1.641
0.223 -0.056 0.91 -2.672 0.076 -2.344
0.203 -0.038 0.898 -4.046 0.145 -2.305
0.197 -0.036 0.905 -3.863 -0.275 0.031
0.214 -0.047 0.921 -3.618 1.527 1.061
0.221 -0.062 0.933 -2.527 2.046 1.641
0.224 -0.063 0.933 -2.237 1.74 1.252
0.216 -0.063 0.935 -2.771 0.863 0.267
0.217 -0.073 0.939 -3.176 0.519 -0.618
0.222 -0.071 0.937 -3.649 -0.031 -1.061
0.226 -0.067 0.934 -3.473 -0.878 -0.985
0.215 -0.064 0.921 -4.305 -1.015 -1.74
0.218 -0.059 0.924 -5.45 -0.496 -2.794
0.208 -0.035 0.939 -5.672 -1.74 -2.534
0.206 -0.037 0.938 -4.786 -1.786 -1.641
0.205 -0.025 0.942 -3.069 -2.107 0.092
0.216 -0.031 0.908 -1.832 -1.282 1.191
0.217 -0.024 0.888 -2.931 -1.71 2.16
0.218 -0.043 0.878 -4.252 -2.313 2.863
0.23 -0.057 0.884 -4.969 -1.954 3.527
0.236 -0.072 0.887 -4.817 -0.924 2.947
0.24 -0.074 0.901 -4.115 -0.084 2.924
0.235 -0.081 0.891 -3.573 0.481 2.603
0.243 -0.09 0.907 -2.244 -0.137 2.427
0.245 -0.093 0.911 -1.359 -0.496 2.122
0.24 -0.106 0.907 -0.878 -0.168 1.489
0.246 -0.098 0.902 -1.649 0.702 0.382
0.239 -0.098 0.896 -2.351 -0.198 -0.55
0.236 -0.089 0.89 -2.908 -0.137 -1.511
0.236 -0.091 0.882 -2.282 0.511 -2.16
0.24 -0.071 0.881 -1.84 1.412 -3.13
0.226 -0.065 0.891 -1.168 1.366 -3.466
0.232 -0.054 0.886 -0.634 1.786 -3.336
0.212 -0.044 0.895 -0.046 2.168 -2.718
0.221 -0.036 0.904 0.069 2.42 -1.214
0.221 -0.042 0.909 -0.29 2.786 -0.496
0.206 -0.058 0.914 -0.42 2.305 -0.771
0.221 -0.055 0.929 -0.13 1.824 0.137
0.216 -0.052 0.929 -0.046 1.26 0.344
0.233 -0.067 0.922 0.229 0.954 0.336
0.233 -0.064 0.914 0.145 1.0 0.16
0.231 -0.067 0.909 0.061 1.87 -0.45
0.217 -0.054 0.907 -1.176 1.611 -0.443
0.222 -0.058 0.908 -3.038 1.695 -0.397
0.23 -0.07 0.926 -3.649 1.298 -1.061
0.213 -0.064 0.945 -3.748 0.588 -1.55
0.219 -0.071 0.947 -3.672 1.008 -1.71
0.222 -0.055 0.946 -1.756 -0.282 -1.221
0.216 -0.058 0.929 -1.313 0.336 -0.901
0.225 -0.055 0.911 -1.244 1.076 -0.992
0.228 -0.055 0.905 -1.634 0.992 -1.26
0.213 -0.042 0.904 -2.702 1.176 -1.389
0.21 -0.042 0.895 -3.718 0.412 -0.809
0.261 -0.066 0.876 -4.756 5.176 -1.557
0.243 -0.076 0.904 -4.802 0.939 -1.198
0.224 -0.083 0.904 -5.252 0.55 -2.397
0.223 -0.058 0.908 -6.58 0.107 -2.962
0.212 -0.062 0.917 -6.748 0.382 -2.71
0.224 -0.064 0.925 -4.328 1.298 -2.389
0.232 -0.062 0.938 -2.496 2.779 -2.191
0.223 -0.041 0.948 -0.885 2.046 -1.908
0.211 -0.038 0.937 -1.267 0.863 -1.313
0.212 -0.03 0.945 -1.885 -0.588 -0.634
0.2 -0.027 0.942 -2.863 -2.137 0.198
0.212 -0.043 0.951 -3.443 -1.389 1.191
0.231 -0.047 0.92 -2.672 -2.817 2.305
0.236 -0.057 0.897 -2.992 -2.802 2.344
0.241 -0.07 0.899 -2.71 -2.908 2.473
0.24 -0.079 0.898 -1.359 -1.87 2.305
0.247 -0.069 0.883 -0.389 -0.557 1.504
0.238 -0.05 0.885 0.183 0.237 1.847
0.23 -0.047 0.873 0.176 0.511 2.473
0.234 -0.058 0.873 -0.015 1.809 3.061
0.225 -0.048 0.893 -0.115 2.069 2.588