0.053 0.082 0.945 -4.863 0.794 -1.695
0.06 0.078 0.937 -4.344 1.046 -1.313
0.061 0.072 0.956 -3.214 1.198 -1.122
0.062 0.074 0.947 -2.122 1.71 -1.137
0.06 0.074 0.94 -0.992 2.489 -1.092
0.056 0.077 0.919 -0.893 2.84 -0.939
0.064 0.082 0.902 -0.947 3.313 -0.267
0.049 0.093 0.89 -1.84 3.008 0.397
0.053 0.09 0.906 -3.305 1.366 0.023
0.062 0.083 0.921 -4.473 0.359 0.038
0.064 0.073 0.931 -3.573 1.038 0.092
0.057 0.084 0.936 -2.954 1.298 -0.038
0.059 0.073 0.944 -1.496 1.588 0.389
0.051 0.073 0.937 -0.611 2.176 0.573
0.046 0.077 0.938 1.046 1.618 1.893
0.048 0.079 0.935 2.168 2.679 2.137
0.055 0.076 0.928 2.687 3.321 3.229
0.056 0.082 0.911 3.221 3.969 3.733
0.056 0.08 0.908 2.45 3.847 3.527
0.058 0.078 0.901 1.206 3.992 3.328
0.042 0.089 0.922 -0.916 2.901 3.695
0.036 0.078 0.935 -1.588 1.534 3.328
0.035 0.069 0.952 -0.489 0.893 2.702
0.043 0.07 0.946 0.412 0.672 3.664
0.06 0.062 0.929 0.237 -0.023 3.863
0.068 0.062 0.913 -0.336 0.985 3.588
0.065 0.071 0.905 -1.595 0.618 3.061
0.056 0.071 0.912 -2.863 0.565 2.229
0.052 0.065 0.925 -3.435 0.939 2.008
0.053 0.054 0.934 -2.183 0.718 3.122
0.062 0.057 0.916 -0.687 2.412 3.481
0.05 0.057 0.917 0.435 2.901 4.328
0.053 0.062 0.919 0.511 2.42 4.985
0.065 0.059 0.906 -0.092 2.351 5.534
0.058 0.07 0.909 -1.634 2.466 4.863
0.045 0.076 0.919 -3.702 0.954 3.901
0.053 0.069 0.93 -4.053 0.389 3.702
0.054 0.061 0.941 -2.901 0.695 3.824
0.055 0.059 0.94 -0.794 2.206 4.763
0.068 0.066 0.92 0.557 2.771 5.908
0.062 0.054 0.913 0.527 3.885 5.107
0.054 0.062 0.928 0.031 3.076 4.573
0.056 0.063 0.927 -1.328 1.763 3.702
0.114 0.113 0.901 -2.565 5.206 10.565
0.054 0.067 0.924 -2.412 1.695 2.802
0.048 0.073 0.923 -2.977 1.29 3.275
0.047 0.071 0.933 -2.443 1.42 3.504
0.051 0.063 0.938 -2.153 1.275 3.817
0.046 0.048 0.953 -1.176 1.588 3.649
0.032 0.044 0.98 0.779 1.084 2.939
0.029 0.046 0.968 2.656 0.359 2.695
0.034 0.056 0.96 3.038 0.664 2.55
0.025 0.074 0.942 2.412 0.244 2.038
-0.0 0.076 0.948 0.412 -1.786 2.214
-0.002 0.073 0.966 0.122 -1.511 2.374
-0.023 0.068 0.987 1.328 0.702 3.55
-0.057 0.09 0.995 2.305 1.634 5.015
-0.118 0.011 1.012 3.702 3.504 5.802
-0.092 0.121 0.997 2.939 1.046 8.214
-0.103 0.13 0.995 1.389 0.626 10.351
-0.125 0.135 1.031 -1.107 -2.733 10.611
-0.141 0.108 1.052 -2.015 -6.237 12.496
-0.13 0.085 1.067 -1.985 -6.183 11.947
-0.17 0.073 1.117 -0.282 -7.008 13.0
-0.146 0.137 1.1 0.641 -4.137 24.893
-0.198 0.056 1.087 4.565 -9.061 16.84
-0.203 0.055 1.044 1.618 2.878 9.504
-0.163 0.053 0.982 8.878 -9.649 18.725
-0.155 0.063 0.936 8.115 -5.832 20.122
-0.169 0.026 0.91 3.321 -1.962 15.046
-0.195 0.037 0.922 0.0 -2.336 12.115
-0.173 0.045 0.92 -3.908 -3.87 14.664
-0.116 0.025 0.881 -7.275 -6.412 13.046
-0.14 -0.003 0.888 -8.962 -8.168 10.038
-0.166 0.016 0.929 -9.649 -13.763 10.771
-0.17 0.007 0.938 -5.756 -16.26 13.328
-0.134 -0.002 0.905 0.374 -15.275 16.015
-0.085 0.003 0.887 5.366 -9.374 16.718
-0.101 0.044 0.892 5.252 -5.802 16.389
-0.122 0.041 0.852 -0.878 -3.435 16.931
-0.12 0.082 0.891 -3.672 -9.092 18.046
-0.098 0.078 0.883 -5.282 -15.298 23.924
-0.053 0.022 0.88 -5.977 -15.351 23.008
-0.016 0.021 0.864 -6.802 -13.58 19.969
0.046 0.023 0.852 -7.443 -10.504 18.458
0.106 0.043 0.794 -9.504 -6.374 17.779
0.125 0.039 0.814 -11.885 -2.855 15.947
0.087 0.02 0.938 -11.885 -5.985 13.519
0.104 0.01 0.955 -9.214 -8.931 12.87
0.102 0.009 0.928 -6.924 -9.725 10.183
0.065 0.027 0.944 -3.611 -10.191 8.763
0.04 0.046 0.956 0.336 -9.885 8.901
0.045 0.049 0.926 3.26 -7.443 10.221
0.086 0.058 0.886 1.771 -4.145 8.489
0.159 0.061 0.865 -2.809 -0.122 4.542
0.16 0.057 0.891 -6.198 -1.336 3.321
0.152 0.049 0.932 -3.977 -1.885 2.939
0.126 0.027 0.969 3.565 0.115 4.405
0.116 0.041 0.973 11.794 0.244 6.13
0.115 0.055 0.926 15.824 2.328 5.198
0.052 0.064 0.881 14.038 3.87 2.069
0.028 0.142 0.86 7.649 2.099 2.794
0.062 0.147 0.821 -0.771 2.26 2.458
0.104 0.128 0.847 -8.061 4.092 0.504
0.088 0.073 0.944 -9.244 1.542 0.275
0.157 0.071 0.971 -3.298 2.107 -2.084
0.14 0.078 0.981 6.641 5.29 -4.519
0.124 0.128 0.932 10.794 5.58 -2.603
0.123 0.161 0.89 9.916 6.046 -1.137
0.081 0.183 0.916 8.985 5.298 -1.168
0.046 0.197 0.938 7.786 1.924 2.099
0.073 0.18 0.903 4.679 -0.45 4.718
0.1 0.17 0.848 2.42 -2.687 3.534
0.146 0.153 0.863 2.985 8.282 1.0
0.101 0.115 0.923 6.58 6.71 6.435
0.095 0.146 0.915 4.985 6.137 6.221
0.069 0.153 0.956 2.557 1.901 4.405
0.126 0.13 0.921 -2.534 -2.626 1.649
0.166 0.109 0.909 -6.908 -6.489 -2.626
0.163 0.099 0.931 -8.16 -10.282 -4.412
0.138 0.137 0.927 -7.168 -12.519 -1.817
0.141 0.134 0.894 -3.031 -12.641 1.595
0.148 0.088 0.932 -0.435 -11.809 6.069
0.18 0.082 0.93 3.344 -5.282 6.527
0.165 0.079 0.932 8.481 -0.832 5.359
0.154 0.116 0.903 9.183 3.183 3.84
0.096 0.173 0.945 7.481 -4.244 5.649
0.106 0.157 0.977 6.328 -9.901 7.779
0.148 0.169 0.944 3.206 -13.893 7.931
0.194 0.148 0.907 -1.641 -19.237 7.489
0.246 0.103 0.871 -7.244 -20.84 3.412
0.26 0.059 0.898 -9.954 -22.802 0.053
0.281 0.007 0.914 -6.26 -22.023 -3.015
0.268 0.006 0.94 0.13 -16.649 -6.588
0.209 0.053 0.941 6.237 -11.916 -7.496
0.207 0.047 0.948 13.664 -8.42 -10.107
0.175 0.126 0.951 19.282 -6.328 -11.244
0.149 0.196 0.859 17.458 -10.832 -8.527
0.158 0.239 0.802 11.573 -12.29 -7.0
0.174 0.257 0.808 3.687 -15.298 -5.298
0.208 0.207 0.808 -1.725 -15.931 -3.649
0.206 0.193 0.826 -3.603 -14.504 -2.534
0.198 0.172 0.862 -2.809 -14.061 -0.473
0.251 0.149 0.837 -0.282 -10.107 1.435
0.239 0.151 0.856 0.336 -9.962 1.618
0.249 0.125 0.894 1.351 -11.611 1.718
0.283 0.139 0.837 1.649 -8.55 1.282
0.273 0.167 0.788 0.084 -2.55 -1.336
0.238 0.189 0.788 -2.191 2.099 -1.893
0.191 0.234 0.817 -4.168 6.672 -0.046
0.146 0.269 0.841 -4.458 9.878 5.359
0.168 0.228 0.882 -4.809 11.237 10.542
0.168 0.248 0.887 -3.763 12.458 14.58
0.157 0.269 0.872 -5.939 10.603 19.313
0.164 0.211 0.913 -8.458 4.656 23.107
0.209 0.176 0.911 -10.565 1.427 26.229
0.261 0.102 0.914 -13.382 -4.336 26.649
0.317 0.03 0.968 -17.748 -10.366 21.466
0.353 -0.039 0.998 -20.511 -16.427 12.817
0.362 -0.057 1.036 -21.008 -21.427 3.626
0.367 -0.042 1.028 -19.74 -24.351 -2.588
0.361 0.001 0.991 -17.985 -22.947 -5.924
0.354 0.048 0.965 -19.351 -26.031 -5.16
0.401 0.013 0.913 -20.771 -28.061 -4.061
0.452 -0.001 0.877 -21.244 -25.977 -5.893
0.477 -0.002 0.857 -20.733 -24.656 -6.901
0.496 -0.027 0.849 -17.252 -24.321 -7.947
0.493 -0.017 0.83 -11.504 -20.229 -7.908
0.456 0.007 0.812 -4.992 -11.763 -6.954
0.437 0.008 0.826 2.695 -4.74 -3.832
0.405 0.036 0.836 7.962 2.229 -3.412
0.35 0.085 0.841 9.588 4.328 -3.29
0.309 0.164 0.834 7.153 1.061 -1.351
0.251 0.215 0.838 2.015 -6.435 4.656
0.292 0.172 0.808 -1.733 -8.351 8.924
0.317 0.123 0.83 -2.427 -5.16 8.931
0.374 0.073 0.79 -4.725 4.122 3.45
0.329 0.081 0.858 -6.916 6.282 1.252
0.31 0.059 0.918 -6.542 4.481 0.885
0.302 0.042 0.96 -2.947 5.229 0.771
0.292 0.04 0.95 1.519 4.634 1.427
0.279 0.063 0.928 3.71 6.489 1.115
0.251 0.091 0.92 5.901 6.122 2.855
0.237 0.105 0.911 8.282 7.405 5.122
0.22 0.124 0.92 8.458 7.115 7.786
0.229 0.129 0.935 6.038 4.359 9.962
0.243 0.101 0.929 2.229 0.626 10.275
0.301 0.052 0.899 -2.626 -0.794 7.504
0.326 0.021 0.92 -4.779 -2.679 3.954
0.321 0.019 0.915 -4.885 -3.947 1.725
0.336 0.007 0.906 -3.023 -3.237 -0.305
0.319 0.015 0.9 0.893 0.687 -2.534
0.243 0.098 0.881 2.672 1.191 -2.084
0.24 0.135 0.851 1.939 0.893 1.336
0.245 0.122 0.85 0.748 1.87 4.198
0.269 0.092 0.853 0.763 3.824 4.107
0.286 0.079 0.848 1.16 3.71 4.29
0.303 0.066 0.831 1.786 6.061 3.618
0.262 0.094 0.838 2.489 8.748 2.092
0.211 0.119 0.865 3.817 12.267 2.229
0.157 0.175 0.876 1.641 8.679 5.588
0.19 0.147 0.881 -2.908 6.557 8.313
0.234 0.099 0.901 -5.084 6.313 8.214
0.278 0.056 0.908 -3.496 7.496 7.076
0.31 0.015 0.903 0.305 10.74 5.649
0.274 0.046 0.904 4.954 13.008 4.298
0.238 0.082 0.904 8.534 15.29 3.542
0.178 0.144 0.892 7.038 12.107 4.939
0.187 0.134 0.885 4.092 10.008 6.145
0.215 0.097 0.902 3.267 7.153 7.26
0.232 0.061 0.9 5.244 8.695 6.74
0.239 0.054 0.921 8.519 10.779 3.794
0.195 0.103 0.907 9.481 11.305 2.366
0.171 0.13 0.885 8.328 8.573 2.794
0.181 0.117 0.883 6.168 6.115 3.878
0.223 0.079 0.9 6.198 8.519 2.092
0.187 0.105 0.943 6.855 8.756 0.206
0.18 0.116 0.947 7.603 9.634 -0.328
0.186 0.114 0.953 9.962 9.191 0.084
0.149 0.145 0.947 10.427 7.267 -0.573
0.128 0.162 0.952 9.832 6.74 -0.992
0.1 0.178 0.939 7.718 4.229 -0.092
0.105 0.174 0.928 6.382 2.611 1.137
0.118 0.154 0.93 5.076 2.389 1.588
0.122 0.158 0.929 3.534 3.13 1.305
0.115 0.165 0.936 1.84 2.336 2.611
0.126 0.163 0.931 0.099 1.725 3.809
0.139 0.144 0.933 -1.351 1.282 5.58
0.187 0.106 0.918 -2.473 1.26 5.702
0.203 0.082 0.919 -2.473 2.74 3.847
0.189 0.111 0.93 -3.397 2.588 1.656
0.19 0.109 0.928 -4.55 1.122 0.916
0.198 0.119 0.937 -5.031 -0.534 0.588
0.218 0.098 0.933 -4.832 -0.282 -0.511
0.226 0.091 0.933 -3.733 1.298 -1.672
0.231 0.094 0.914 -0.916 3.382 -2.901
0.194 0.141 0.908 0.84 2.427 -3.565
0.155 0.185 0.887 -0.458 0.962 -3.015
0.136 0.199 0.878 -2.504 -0.847 -0.847
0.152 0.183 0.87 -4.168 -1.496 1.718
0.185 0.136 0.862 -5.519 -1.046 2.473
0.201 0.105 0.878 -5.473 0.13 0.962
0.193 0.106 0.905 -4.443 0.84 -0.214
0.172 0.119 0.898 -3.023 0.756 -0.756
0.152 0.136 0.912 -2.061 0.832 -0.389
0.145 0.139 0.908 -0.855 2.229 -0.534
0.131 0.145 0.92 1.382 2.779 -0.641
0.11 0.167 0.934 1.611 1.939 0.389
0.101 0.185 0.923 0.023 -1.015 2.191
0.109 0.159 0.917 -2.45 -3.084 3.779
0.148 0.125 0.921 -3.885 -3.58 4.252
0.178 0.09 0.918 -3.916 -3.382 4.115
0.211 0.06 0.906 -3.626 -2.641 3.221
0.229 0.033 0.907 -2.351 -2.779 1.802
0.246 0.036 0.904 -1.107 -0.237 -1.351
0.246 0.039 0.914 0.412 0.435 -5.206
0.234 0.067 0.894 1.58 2.122 -8.397
0.199 0.115 0.914 2.145 2.573 -9.809
0.174 0.151 0.895 1.969 2.489 -9.603
0.166 0.165 0.9 1.969 2.305 -7.817
0.157 0.169 0.889 0.87 2.214 -6.099
0.165 0.179 0.893 -0.557 1.466 -4.397
0.168 0.167 0.895 -0.634 1.336 -3.695
0.162 0.17 0.91 0.153 1.527 -2.824
0.159 0.167 0.925 1.237 0.412 -1.038
0.166 0.157 0.936 2.359 -0.992 -0.298
0.179 0.15 0.93 4.061 -2.344 0.969
0.178 0.151 0.913 4.366 -3.237 1.603
0.184 0.146 0.906 4.382 -3.038 2.168
0.217 0.122 0.88 4.038 -1.344 1.687
0.165 0.158 0.905 2.557 -0.656 1.718
0.166 0.167 0.901 2.023 -0.58 2.565
0.166 0.164 0.905 1.13 -1.771 2.863
0.167 0.167 0.887 0.198 -2.427 3.397
0.168 0.175 0.876 -1.733 -2.206 3.649
0.177 0.172 0.877 -3.176 -1.489 4.687
0.17 0.159 0.893 -4.229 -0.962 5.771
0.179 0.142 0.899 -4.16 0.29 6.389
0.18 0.13 0.912 -3.557 0.87 6.214
0.194 0.125 0.914 -3.198 0.374 6.031
0.207 0.121 0.899 -3.824 -0.565 4.794
0.212 0.105 0.909 -3.641 -0.794 3.305
0.229 0.094 0.895 -3.061 0.55 1.481
0.205 0.111 0.9 -2.328 1.595 -0.206
0.186 0.135 0.912 -1.733 2.359 -0.74
0.165 0.152 0.918 -1.588 1.427 0.046
0.156 0.17 0.914 -2.71 -0.626 0.992
0.174 0.153 0.909 -3.702 -0.969 1.458
0.194 0.132 0.902 -3.321 -1.099 1.382
0.202 0.128 0.912 -2.893 -1.084 1.42
0.199 0.136 0.904 -3.435 -1.374 1.366
0.207 0.119 0.914 -3.092 -1.733 1.237
0.21 0.11 0.915 -1.878 -0.985 0.374
0.2 0.118 0.919 -0.977 -0.847 -0.84
0.198 0.135 0.891 -0.214 -0.389 -1.115
0.198 0.145 0.883 0.137 0.397 -0.618
0.191 0.147 0.879 1.45 2.336 -0.115
0.185 0.16 0.876 2.443 3.87 -0.313
0.166 0.194 0.894 2.634 4.817 0.237
0.158 0.204 0.894 1.55 3.794 2.008
0.166 0.195 0.889 -0.031 2.947 3.351
0.168 0.178 0.889 -2.069 2.893 4.489
0.168 0.162 0.904 -3.626 2.198 5.244
0.182 0.151 0.904 -5.115 1.656 5.916
0.192 0.122 0.93 -6.0 0.053 5.42
0.199 0.098 0.954 -4.916 -0.634 4.855
0.211 0.078 0.959 -2.969 -0.191 3.26
0.207 0.093 0.929 -1.198 -0.275 1.382
0.191 0.113 0.91 -0.802 -0.053 -0.595
0.184 0.135 0.896 -0.702 -0.939 -1.275
0.178 0.143 0.891 -0.824 -0.489 -1.634
0.172 0.168 0.879 -1.344 0.122 -0.87
0.169 0.168 0.867 -2.832 0.473 0.107
0.168 0.168 0.892 -4.115 0.053 0.687
0.184 0.143 0.903 -4.023 0.374 1.053
0.189 0.14 0.904 -2.939 0.756 1.603
0.196 0.133 0.904 -2.718 0.954 1.031
0.202 0.12 0.917 -2.137 0.748 0.702
0.209 0.121 0.903 -1.58 0.504 -0.214
0.202 0.121 0.899 -1.229 0.672 -0.847
0.203 0.123 0.886 -1.504 0.794 -0.908
0.219 0.12 0.875 -1.55 0.916 -1.26
0.219 0.128 0.89 -1.397 2.382 -1.855
0.2 0.135 0.891 -1.366 3.267 -2.573
0.187 0.147 0.898 -1.458 3.435 -2.649
0.169 0.167 0.898 -2.16 3.519 -1.794
0.171 0.174 0.896 -2.863 3.916 -0.809
0.169 0.167 0.905 -2.481 4.298 0.023
0.168 0.158 0.907 -2.321 4.511 0.527
0.186 0.149 0.899 -2.214 3.962 0.832
0.177 0.155 0.893 -2.351 3.641 0.962
0.183 0.151 0.903 -3.519 2.931 0.893
0.188 0.139 0.924 -4.206 2.061 0.893
0.186 0.132 0.925 -3.664 1.954 0.229
0.183 0.13 0.923 -3.107 1.794 0.198
0.194 0.13 0.914 -2.71 1.962 -0.061
0.191 0.124 0.905 -2.061 2.061 -0.672
0.196 0.131 0.914 -1.939 2.298 -1.511
0.189 0.136 0.903 -1.595 2.542 -1.305
0.182 0.144 0.902 -1.237 3.122 -1.298
0.169 0.163 0.907 -1.344 2.885 -0.893
0.165 0.168 0.898 -1.565 2.122 0.298
0.163 0.162 0.904 -1.542 1.405 1.321
0.167 0.156 0.888 -1.405 2.58 2.298
0.178 0.151 0.901 -0.969 3.328 2.244
0.176 0.144 0.912 -0.611 4.351 1.786
0.164 0.152 0.917 -0.511 3.817 1.527
0.161 0.154 0.92 -0.588 2.771 1.954
0.179 0.145 0.91 -0.221 3.076 2.153
0.179 0.137 0.901 -0.221 3.275 1.878
0.186 0.127 0.909 -0.092 2.939 1.168
0.193 0.125 0.908 -0.893 1.924 0.588
0.187 0.125 0.917 -1.878 1.756 -0.397
0.191 0.124 0.914 -1.763 1.733 -1.443
0.176 0.126 0.905 -1.344 1.504 -1.573
0.176 0.135 0.898 -0.725 1.809 -1.504
0.163 0.151 0.905 -1.282 1.58 -1.817
0.171 0.151 0.9 -1.16 0.641 -0.802
0.173 0.152 0.892 -1.122 0.916 -0.397
0.176 0.154 0.893 -1.183 1.641 -0.107
0.172 0.154 0.895 -0.748 2.015 -0.092
0.162 0.168 0.91 -0.565 2.16 0.313
0.154 0.165 0.911 -0.641 1.679 0.931
0.17 0.157 0.908 -0.45 1.794 1.26
0.174 0.152 0.915 -0.603 1.466 1.107
0.177 0.156 0.898 -1.405 1.115 0.504
0.177 0.151 0.903 -2.229 0.947 0.214
0.181 0.145 0.9 -2.947 1.191 -0.29
0.175 0.138 0.915 -2.664 1.221 -0.641
0.179 0.139 0.917 -2.473 1.252 -0.748
0.17 0.141 0.918 -2.45 0.695 -0.977
0.177 0.151 0.912 -2.481 0.679 -1.191
0.168 0.155 0.91 -2.397 0.748 -1.55
0.166 0.156 0.897 -1.847 0.832 -1.168
0.168 0.158 0.901 -1.695 0.885 -0.779
0.167 0.155 0.9 -1.924 0.634 -0.092
0.174 0.147 0.891 -2.511 1.107 0.115
0.18 0.143 0.896 -2.519 1.603 -0.344
0.174 0.156 0.909 -2.786 1.435 -0.634
0.169 0.157 0.904 -3.26 1.053 -0.412
0.194 0.148 0.883 -3.802 2.267 -0.656
0.178 0.153 0.895 -3.542 2.16 -0.947
0.174 0.151 0.887 -3.977 1.809 -0.664
0.168 0.147 0.901 -4.031 1.969 -0.931
0.169 0.142 0.915 -3.519 1.664 -1.16
0.172 0.145 0.916 -2.87 1.786 -0.885
0.172 0.155 0.922 -1.794 2.634 -1.176
0.156 0.163 0.914 -1.618 1.863 -0.427
0.157 0.168 0.915 -2.069 1.412 0.427
0.165 0.157 0.908 -2.061 1.565 0.809
0.177 0.141 0.922 -1.702 1.74 0.13
0.176 0.143 0.918 -0.847 0.878 -0.099
0.154 0.16 0.915 -1.672 -0.618 -0.321
0.143 0.175 0.912 -2.763 -1.718 0.191
0.151 0.158 0.904 -3.313 -1.565 1.29
0.167 0.154 0.913 -2.924 -1.466 2.214
0.172 0.14 0.919 -2.092 -0.786 2.183
0.17 0.15 0.921 -1.435 -0.198 2.351
0.163 0.157 0.908 -1.649 -0.382 2.573
0.168 0.163 0.907 -2.42 -0.695 2.137