0.007, 0.005, 0.884, -8.443, 1.901, -2.977
0.01, 0.002, 0.889, -9.557, 3.237, -1.122
0.014, 0.004, 0.893, -8.443, 3.672, 1.099
0.012, -0.01, 0.918, -6.878, 2.42, 2.298
0.041, -0.042, 0.914, -5.595, 1.733, 3.527
0.054, -0.047, 0.906, -5.618, 2.496, 2.13
0.05, -0.052, 0.917, -7.038, 2.672, 1.092
0.033, -0.031, 0.923, -8.427, 3.282, -0.183
0.015, -0.012, 0.933, -9.405, 2.122, -0.786
0.008, -0.011, 0.955, -9.092, 2.924, -0.076
0.019, -0.015, 0.958, -7.198, 3.664, 1.847
0.034, -0.02, 0.944, -5.916, 3.42, 2.634
0.034, -0.024, 0.956, -5.534, 2.595, 2.298
0.04, -0.027, 0.96, -6.298, 3.176, 0.412
0.04, -0.043, 0.957, -6.939, 2.832, -1.611
0.041, -0.038, 0.961, -6.977, 2.695, -3.809
0.033, -0.035, 0.965, -5.542, 2.29, -4.817
0.008, -0.016, 0.976, -3.374, 0.893, -3.382
0.001, -0.004, 0.966, -1.046, -2.115, 0.076
0.028, -0.003, 0.953, -0.649, -1.748, -0.099
0.022, -0.003, 0.941, -1.947, -1.389, 0.16
0.022, -0.002, 0.932, -2.969, -0.733, -0.053
0.013, -0.004, 0.945, -3.191, -0.634, 0.031
0.007, 0.001, 0.955, -2.282, -0.969, 0.634
0.018, -0.002, 0.933, -0.74, 0.099, 1.015
0.027, 0.007, 0.925, 0.122, 1.534, 1.038
0.048, 0.008, 0.898, -0.45, 0.405, 0.695
0.059, 0.014, 0.889, -4.122, 0.565, -0.908
0.049, 0.004, 0.915, -9.321, 0.405, -3.519
0.019, -0.003, 0.965, -13.145, -0.947, -5.748
0.022, -0.018, 0.969, -13.847, -2.206, -6.466
0.025, -0.026, 0.968, -12.237, -3.382, -5.481
0.031, -0.025, 0.958, -8.863, -2.489, -2.87
0.027, -0.024, 0.928, -6.29, -1.183, -1.748
0.017, -0.019, 0.94, -5.107, -0.405, -1.931
0.032, -0.026, 0.946, -4.595, 0.092, -2.595
0.028, -0.031, 0.946, -3.969, -0.008, -2.847
0.033, -0.03, 0.948, -2.794, 1.145, -3.916
0.028, -0.03, 0.944, -1.176, 1.267, -3.435
0.028, -0.017, 0.932, -0.527, 1.145, -3.229
0.029, -0.003, 0.917, 0.435, 1.977, -2.656
0.037, 0.008, 0.914, -0.664, 0.855, -2.0
0.039, 0.007, 0.904, -2.969, 0.634, -2.389
0.048, -0.003, 0.905, -5.176, 0.794, -3.168
0.032, -0.001, 0.924, -6.137, 1.435, -3.397
0.023, 0.001, 0.939, -6.412, 0.763, -2.382
0.015, -0.01, 0.944, -4.908, 0.771, -0.786
0.014, -0.018, 0.97, -2.756, 0.389, 0.725
0.02, -0.018, 0.963, -0.473, -0.015, 1.374
0.025, -0.025, 0.945, 1.237, -0.229, 2.107
0.037, -0.015, 0.919, 1.153, -0.397, 1.328
0.042, -0.004, 0.897, -1.397, -0.221, -0.344
0.028, 0.004, 0.917, -3.802, -1.115, -2.076
0.038, -0.014, 0.924, -4.672, -1.023, -2.595
0.03, -0.019, 0.938, -3.221, 0.397, -2.0
0.017, -0.019, 0.947, -0.763, 1.298, -0.214
0.017, -0.007, 0.947, 1.443, 2.0, 1.962
0.032, -0.012, 0.93, 3.023, 2.885, 3.191
0.039, -0.008, 0.913, 3.053, 3.084, 3.809
0.04, -0.006, 0.908, 1.664, 2.824, 2.695
0.042, -0.007, 0.91, 0.282, 1.985, 1.611
0.036, -0.002, 0.921, -1.893, 0.618, 0.405
0.031, -0.006, 0.932, -2.962, -0.221, -0.45
0.04, -0.025, 0.921, -3.45, -0.595, -0.878
0.038, -0.042, 0.936, -1.817, -0.153, -0.74
0.032, -0.033, 0.933, -0.252, -0.206, 0.176
0.046, -0.023, 0.915, 0.038, 0.405, 0.374
0.047, -0.017, 0.902, -1.443, -0.42, -0.153
0.042, -0.009, 0.912, -3.649, 0.168, -1.061
0.023, -0.002, 0.947, -4.153, 0.191, -1.443
0.021, -0.018, 0.96, -2.466, -0.763, -0.069
0.026, -0.026, 0.953, 0.435, -0.947, 1.695
0.032, -0.033, 0.942, 2.824, 0.611, 2.252
0.041, -0.022, 0.918, 3.496, 2.374, 1.618
0.042, -0.014, 0.887, 2.214, 2.71, 1.443
0.033, -0.006, 0.883, 0.878, 2.397, 1.13
0.037, 0.002, 0.887, -0.649, 2.382, 1.55
0.026, 0.018, 0.883, -2.763, 2.824, 2.115
0.028, -0.016, 0.914, -3.42, 2.985, 2.351
0.038, -0.04, 0.93, -2.763, 2.435, 1.634
0.029, -0.044, 0.958, -1.206, 2.351, 0.969
0.028, -0.041, 0.944, 0.527, 2.511, 0.191
0.026, -0.02, 0.945, 2.626, 3.275, 1.305
0.021, 0.005, 0.938, 3.153, 2.565, 2.351
0.024, 0.008, 0.924, 3.298, 2.13, 3.382
0.024, 0.008, 0.917, 2.603, 1.824, 3.649
0.034, 0.006, 0.912, 1.45, 1.496, 3.748
0.035, -0.011, 0.911, 0.389, 2.16, 2.992
0.039, -0.006, 0.932, -0.824, 1.405, 2.634
0.029, -0.018, 0.937, -1.542, 1.183, 1.847
0.023, -0.021, 0.936, -2.55, 0.832, 1.519
0.024, -0.023, 0.943, -2.466, 0.656, 0.962
0.03, -0.036, 0.944, -2.0, -0.107, 1.26
0.035, -0.033, 0.939, -1.031, -0.427, 1.863
0.032, -0.03, 0.944, -1.534, -1.466, 1.687
0.045, -0.027, 0.94, -1.511, -0.817, 0.954
0.042, -0.022, 0.94, -1.626, 0.305, 0.29
0.032, -0.017, 0.947, -1.641, 0.779, 0.145
0.021, -0.011, 0.947, -1.504, 0.939, 0.282
0.022, -0.005, 0.931, -0.885, 1.649, 0.863
0.021, -0.001, 0.928, -0.458, 1.298, 1.901
0.029, -0.006, 0.929, -0.489, 1.031, 2.542
0.025, -0.011, 0.934, -0.618, 0.802, 2.42
0.034, -0.024, 0.928, -0.84, 1.023, 1.328
0.028, -0.023, 0.951, -2.305, -1.084, 0.023
0.03, -0.024, 0.938, -1.71, -1.824, -0.282
0.022, -0.021, 0.926, -1.412, -1.366, -0.664
0.021, -0.01, 0.926, -0.977, -0.183, 0.107
0.034, -0.006, 0.894, -0.542, 0.122, 1.527
0.04, -0.004, 0.894, -0.649, 1.206, 1.824
0.037, -0.005, 0.905, -1.412, 0.916, 1.26
0.03, -0.01, 0.913, -2.504, 0.328, 1.374
0.034, -0.01, 0.917, -2.382, 1.252, 1.244
0.032, -0.017, 0.927, -1.252, 2.466, 0.824
0.031, -0.02, 0.927, -0.374, 4.008, 0.519
0.038, -0.008, 0.914, -0.473, 3.679, 0.298
0.047, -0.004, 0.89, -1.344, 1.802, 0.794
0.036, 0.002, 0.897, -2.786, 2.466, 0.198
0.034, -0.003, 0.922, -3.282, 2.84, 0.145
0.021, -0.005, 0.941, -4.099, 2.382, 0.58
0.01, -0.01, 0.973, -3.992, 1.557, -0.069
0.02, -0.023, 0.965, -2.771, 1.107, 0.321
0.029, -0.029, 0.948, -0.634, 1.634, 0.511
0.031, -0.019, 0.938, 0.649, 2.298, -0.183
0.029, -0.005, 0.916, 0.84, 3.359, -0.458
0.021, 0.011, 0.904, -0.221, 3.305, -0.557
0.014, 0.023, 0.91, -2.412, 2.725, 0.489
0.01, 0.012, 0.922, -4.412, 1.962, 1.29
0.021, -0.011, 0.925, -3.954, 2.45, 2.061
0.021, -0.019, 0.926, -3.412, 2.557, 2.351
0.028, -0.015, 0.923, -2.076, 2.901, 1.794
0.016, -0.0, 0.907, -3.137, 1.29, 1.16
0.008, 0.001, 0.928, -4.466, 1.863, -0.427
-0.001, -0.007, 0.955, -4.153, 1.649, -0.771
-0.002, -0.011, 0.97, -1.649, 1.573, 0.16
-0.014, -0.021, 0.971, 1.725, 1.481, 1.534
-0.011, -0.007, 0.978, 3.649, 1.695, 1.229
-0.008, -0.013, 0.957, 4.145, 1.992, -0.214
-0.004, -0.004, 0.937, 4.267, 2.42, -1.489
-0.025, 0.014, 0.942, 4.573, 2.328, -1.473
-0.042, 0.031, 0.94, 4.611, 2.947, -1.198
-0.051, 0.036, 0.949, 4.031, 5.015, -0.695
-0.066, 0.046, 0.938, 2.534, 9.42, -1.557
-0.093, 0.059, 1.003, 0.771, 6.504, 0.908
-0.124, 0.05, 1.015, 0.87, 7.099, 2.824
-0.098, 0.03, 0.993, -0.87, 3.092, 1.931
-0.103, 0.022, 1.016, -1.786, 2.511, 1.191
-0.151, -0.001, 1.073, -0.71, -2.107, 2.122
-0.151, -0.017, 1.056, 3.099, -6.527, 3.954
-0.142, -0.031, 1.052, 6.954, -5.924, 1.908
-0.156, -0.012, 1.039, 10.496, -5.008, 1.649
-0.164, 0.019, 0.973, 11.992, -7.893, 3.252
-0.16, 0.055, 0.895, 10.794, -10.305, 7.229
-0.142, 0.061, 0.837, 5.611, -11.786, 9.916
-0.142, 0.04, 0.83, -1.221, -10.206, 10.779
-0.166, -0.004, 0.919, -4.145, -13.038, 10.87
-0.178, -0.047, 0.97, -3.122, -15.756, 11.122
-0.128, -0.064, 0.966, 0.42, -16.069, 10.427
-0.09, -0.071, 0.927, 4.046, -13.664, 6.87
-0.079, -0.066, 0.907, 6.565, -13.26, 3.908
-0.072, -0.038, 0.877, 6.382, -13.55, 0.893
-0.094, -0.02, 0.892, 5.45, -14.71, -2.122
-0.108, 0.012, 0.885, 3.84, -14.55, -4.275
-0.027, -0.002, 0.781, -0.298, -7.466, -9.321
-0.057, 0.02, 0.835, -5.519, -1.191, -10.931
-0.048, 0.069, 0.807, -9.481, -2.954, -8.382
-0.043, 0.089, 0.83, -12.756, -7.573, -2.824
0.027, 0.025, 0.835, -13.504, -7.763, -0.55
0.077, -0.054, 0.883, -13.641, -6.916, -4.206
0.065, -0.112, 0.962, -12.656, -5.282, -12.748
0.015, -0.105, 1.025, -7.924, -8.153, -18.733
-0.052, -0.039, 1.015, -1.511, -9.252, -20.855
-0.078, 0.046, 0.97, 3.817, -6.618, -17.206
-0.111, 0.144, 0.922, 5.504, -0.191, -10.435
-0.123, 0.196, 0.939, 2.718, -4.664, 0.076
-0.021, 0.128, 0.908, 0.939, -6.71, 7.496
0.025, 0.057, 0.917, 0.954, -7.244, 10.023
0.068, 0.001, 0.92, 2.191, -6.435, 8.046
0.06, -0.049, 0.954, 1.87, -5.733, 0.718
0.029, -0.022, 0.976, 1.099, -7.534, -6.115
-0.034, 0.045, 1.001, 1.351, -11.313, -8.931
-0.043, 0.097, 0.973, 2.771, -12.458, -6.466
-0.044, 0.13, 0.931, 3.611, -12.046, -1.916
-0.048, 0.127, 0.932, 3.29, -12.947, 3.718
0.019, 0.077, 0.914, 2.435, -9.565, 7.229
0.035, 0.056, 0.964, 1.779, -9.893, 8.351
0.058, 0.045, 0.96, 1.611, -9.313, 8.847
0.021, 0.067, 0.975, 3.092, -11.74, 11.458
0.044, 0.072, 0.937, 3.206, -14.16, 15.008
0.103, 0.075, 0.836, -2.359, -14.145, 15.092
0.069, 0.051, 0.886, -14.115, -16.702, 12.076
0.058, 0.002, 0.969, -19.924, -23.824, 9.275
0.107, -0.056, 0.956, -13.427, -23.305, 9.832
0.094, -0.034, 0.967, -7.252, -18.763, 10.389
0.179, -0.045, 0.903, 1.115, -7.656, 13.229
0.168, -0.021, 0.924, 5.641, -2.992, 13.557
0.132, -0.017, 0.938, 6.969, -3.489, 13.893
0.12, -0.065, 1.001, 7.229, -9.832, 11.191
0.093, -0.044, 0.955, 3.901, -16.275, 5.511
0.095, -0.022, 0.912, -0.817, -16.672, 0.534
0.062, 0.012, 0.952, -3.458, -14.618, -3.298
0.063, 0.054, 0.969, 0.847, -12.55, -0.687
0.099, 0.087, 0.961, 7.947, -9.45, 6.527
0.172, 0.079, 0.854, 11.198, 0.389, 8.863
0.962, -0.143, 0.776, 18.626, 18.305, -17.221
-0.025, -0.083, 0.99, 29.985, 39.145, -29.885
-0.205, 0.233, 1.07, 26.786, 13.42, -25.695
-0.124, 0.315, 0.881, 16.382, 0.611, -4.817
-0.107, 0.295, 0.876, 0.244, -18.16, 10.641
0.029, 0.101, 0.907, -6.802, -23.901, 14.824
0.087, -0.009, 0.982, -1.481, -19.885, 14.786
0.031, 0.015, 1.024, 5.282, -20.359, 15.679
0.107, 0.068, 0.929, 6.0, -14.176, 15.496
0.145, 0.068, 0.883, 3.939, -14.573, 13.153
0.156, 0.069, 0.875, -0.656, -12.74, 10.008
0.1, 0.064, 0.933, -1.481, -13.336, 9.489
0.083, 0.067, 0.964, 0.16, -19.534, 14.42
0.14, 0.047, 0.839, -2.664, -21.336, 15.13
0.113, 0.003, 0.899, -4.618, -21.366, 11.298
0.124, 0.004, 0.904, -1.985, -20.092, 10.244
0.152, 0.024, 0.881, 1.908, -15.336, 12.092
0.174, 0.038, 0.855, 7.321, -7.985, 16.122
0.209, 0.055, 0.811, 7.74, 0.206, 18.443
0.174, 0.056, 0.853, 5.542, 1.107, 18.649
0.157, 0.078, 0.872, 1.328, 0.046, 17.618
0.151, 0.07, 0.875, -4.55, -6.023, 16.26
0.21, -0.023, 0.883, -4.534, -5.893, 13.122
0.234, -0.054, 0.884, 1.298, -0.649, 11.305
0.211, -0.02, 0.908, 6.183, 3.969, 11.29
0.166, 0.021, 0.937, 10.023, 5.664, 15.023
0.22, 0.035, 0.896, 7.939, 8.656, 15.176
0.289, -0.009, 0.854, 2.656, 12.664, 9.023
0.261, -0.03, 0.927, 2.107, 15.13, 0.58
0.2, 0.032, 0.957, 6.389, 13.466, -0.794
0.205, 0.063, 0.856, 9.656, 15.443, -0.519
0.136, 0.156, 0.895, 7.794, 10.344, 3.832
0.197, 0.103, 0.867, 1.878, 6.038, 5.214
0.223, 0.025, 0.918, -2.748, 3.779, 3.733
0.238, -0.001, 0.982, -1.695, 3.931, 3.695
0.246, 0.009, 0.961, 0.275, 2.504, 4.779
0.266, 0.003, 0.951, 1.435, 1.908, 4.405
0.293, 0.005, 0.952, 5.321, 2.718, 1.55
0.276, 0.074, 0.872, 6.443, 3.573, -1.74
0.234, 0.123, 0.862, 2.756, 2.496, -4.168
0.164, 0.172, 0.889, -4.061, -4.397, -2.191
0.16, 0.132, 0.93, -10.137, -7.489, 2.298
0.189, 0.021, 1.003, -6.351, -6.84, 4.504
0.213, 0.002, 1.02, -3.176, -3.038, 2.763
0.292, 0.016, 0.954, -1.275, 6.053, -3.977
0.242, 0.092, 0.999, -2.534, 6.763, -9.969
0.201, 0.153, 0.992, -3.053, 1.244, -9.137
0.205, 0.181, 0.916, -5.16, -6.229, -6.015
0.16, 0.187, 0.923, -8.908, -14.718, -3.374
0.166, 0.156, 0.906, -9.756, -20.176, -0.031
0.209, 0.125, 0.843, -8.412, -15.565, 3.275
0.205, 0.114, 0.873, -2.389, -8.351, 9.832
0.243, 0.12, 0.84, -3.725, -3.122, 11.832
0.272, 0.099, 0.803, -1.992, 2.107, 13.244
0.267, 0.105, 0.799, -2.634, 3.779, 11.55
0.272, 0.077, 0.804, -3.763, 0.458, 7.191
0.207, 0.072, 0.893, -9.061, -6.153, 7.832
0.157, 0.069, 0.949, -9.122, -10.092, 9.0
0.187, 0.008, 0.949, -7.176, -8.374, 10.626
0.182, 0.0, 0.994, -3.565, -4.71, 9.901
0.187, 0.029, 0.945, 2.214, -0.321, 10.275
0.168, 0.089, 0.917, 4.565, 0.389, 11.573
0.091, 0.179, 0.939, 4.817, -8.573, 14.405
0.108, 0.181, 0.937, -10.702, -21.191, 12.489
0.211, 0.013, 0.972, -21.298, -31.489, 8.458
0.294, -0.078, 1.039, -22.756, -37.542, 3.107
0.449, -0.149, 0.939, -18.924, -38.74, 1.679
0.536, -0.177, 0.901, -10.489, -29.023, -0.031
0.549, -0.172, 0.875, 6.542, -15.084, 3.359
0.484, -0.053, 0.824, 11.672, 0.733, 0.031
0.34, 0.073, 0.836, 16.214, 12.527, 0.611
0.164, 0.192, 0.905, 10.496, 4.115, 3.053
0.141, 0.159, 0.883, 3.107, -5.527, 2.191
0.076, 0.209, 0.928, -5.374, -15.137, -0.931
0.143, 0.147, 0.919, -12.076, -29.183, 0.275
0.292, 0.08, 0.791, -8.779, -27.534, 3.641
0.36, 0.073, 0.727, 1.466, -18.664, 11.534
0.355, 0.107, 0.74, -6.809, -11.534, 11.534
0.465, -0.019, 0.732, -8.481, -1.221, 11.0
0.438, -0.078, 0.82, -10.878, 3.221, 5.771
0.392, -0.111, 0.911, -7.282, 6.397, -0.023
0.339, -0.06, 0.939, -2.008, 5.885, -4.443
0.229, 0.051, 0.929, 0.649, 2.55, -5.557
0.135, 0.176, 0.938, 2.275, -0.137, -2.336
0.11, 0.25, 0.873, 0.718, -5.344, 6.794
0.138, 0.237, 0.851, -2.282, -3.779, 17.763
0.18, 0.173, 0.913, -6.336, -0.092, 23.053
0.276, 0.055, 0.939, -9.779, 0.969, 21.687
0.335, -0.045, 0.963, -13.176, 0.588, 16.427
0.307, -0.078, 1.028, -11.145, -3.405, 10.794
0.318, -0.087, 1.009, -6.603, -7.71, 7.588
0.32, -0.055, 0.962, -4.015, -12.71, 4.832
0.279, -0.01, 0.951, -3.092, -13.198, 3.206
0.247, 0.029, 0.958, -1.0, -12.321, 4.145
0.24, 0.036, 0.95, 2.321, -10.947, 8.107
0.24, 0.032, 0.914, 0.969, -5.885, 7.298
0.217, 0.04, 0.95, 1.817, -4.977, 5.863
0.246, 0.071, 0.862, -1.198, -6.542, 3.382
0.261, 0.094, 0.828, -6.351, -8.153, 1.137
0.293, 0.066, 0.847, -9.13, -11.168, 3.397
0.317, 0.01, 0.849, -9.389, -8.099, 5.015
0.332, -0.056, 0.92, -7.878, -4.588, 3.962
0.303, -0.094, 0.966, -4.374, 0.076, -0.626
0.285, -0.092, 0.971, 0.756, 2.771, -5.87
0.238, -0.024, 0.927, 4.763, 3.756, -8.015
0.216, 0.025, 0.892, 5.084, 4.031, -7.176
0.24, 0.055, 0.868, 4.725, 3.038, -4.58
0.234, 0.062, 0.865, 4.305, 3.504, -1.809
0.274, 0.052, 0.844, 1.939, 5.084, -1.58
0.278, 0.029, 0.878, 0.305, 5.641, -3.198
0.276, 0.03, 0.87, 1.153, 3.176, -5.908
0.263, 0.063, 0.844, 6.641, 2.344, -6.649
0.27, 0.103, 0.775, 0.496, 2.282, -7.198
0.235, 0.145, 0.781, -0.878, 3.893, -3.382
0.211, 0.137, 0.803, -2.924, 7.466, 1.344
0.191, 0.108, 0.901, -2.855, 11.893, 4.893
0.182, 0.069, 0.917, -1.489, 12.237, 6.84
0.169, 0.056, 0.961, -1.481, 12.344, 5.458
0.18, 0.058, 0.965, -4.153, 5.328, 4.916
0.249, 0.027, 0.933, -7.382, -0.542, 3.672
0.287, -0.008, 0.93, -8.557, -4.435, 1.099
0.307, -0.02, 0.926, -7.252, -5.519, 0.687
0.288, -0.02, 0.93, -4.618, -0.099, -0.718
0.235, 0.011, 0.932, -2.634, 2.099, -1.725
0.201, 0.036, 0.926, -1.565, 5.481, -1.588
0.156, 0.052, 0.954, -1.069, 4.595, 1.214
0.151, 0.071, 0.972, -0.511, 5.405, 3.649
0.173, 0.054, 0.96, -0.015, 3.344, 4.504
0.178, 0.066, 0.963, -0.664, 2.374, 4.557
0.197, 0.073, 0.946, -2.344, -0.122, 4.641
0.227, 0.043, 0.931, -5.328, -1.977, 2.191
0.265, 0.023, 0.922, -7.031, -4.504, 0.939
0.302, -0.006, 0.877, -6.718, -3.313, -0.718
0.281, -0.013, 0.899, -3.641, 0.13, -1.702
0.28, 0.026, 0.885, -2.053, 0.748, -1.885
0.253, 0.052, 0.868, -2.008, 2.214, -1.45
0.232, 0.067, 0.875, -0.534, 4.534, -0.198
0.212, 0.075, 0.89, 0.939, 5.969, 2.122
0.181, 0.102, 0.909, -0.214, 6.687, 2.916
0.167, 0.098, 0.902, -1.679, 5.328, 3.282
0.172, 0.077, 0.923, -2.16, 4.443, 3.397
0.171, 0.082, 0.92, -3.237, 1.351, 3.031
0.2, 0.051, 0.907, -4.931, -0.832, 2.16
0.233, 0.021, 0.909, -3.267, 0.908, 1.794
0.243, 0.016, 0.924, -1.206, 1.664, 1.29
0.268, 0.013, 0.901, 0.145, 2.099, -0.366
0.251, 0.026, 0.896, 0.458, 1.779, -2.321
0.245, 0.04, 0.896, 0.359, 0.534, -3.71
0.204, 0.058, 0.9, 0.145, 0.634, -3.435
0.18, 0.063, 0.912, -1.076, 1.412, -3.321
0.161, 0.066, 0.939, -1.076, -0.153, -1.802
0.14, 0.068, 0.962, -1.305, -1.771, -0.466
0.16, 0.064, 0.959, -1.504, -2.74, -0.107
0.193, 0.052, 0.936, -2.252, -4.084, -0.168
0.218, 0.051, 0.926, -1.924, -5.992, -0.595
0.245, 0.055, 0.914, -2.359, -6.435, -0.634
0.257, 0.051, 0.901, -3.855, -6.336, -0.893
0.271, 0.032, 0.901, -5.359, -6.084, -0.878
0.258, 0.017, 0.918, -4.519, -6.099, -0.237
0.248, 0.022, 0.923, -3.29, -4.084, -0.374
0.234, 0.019, 0.923, -1.366, -2.038, -0.16
0.22, 0.045, 0.923, -0.733, -2.427, -0.191
0.203, 0.083, 0.906, 0.206, -1.702, 0.534
0.181, 0.108, 0.913, -0.137, -0.275, 1.802
0.179, 0.106, 0.909, -2.382, -2.183, 3.855
0.198, 0.067, 0.925, -4.466, -4.481, 3.748
0.233, 0.02, 0.927, -5.527, -5.252, 1.954
0.265, -0.0, 0.919, -4.435, -4.542, -0.221
0.276, 0.0, 0.907, -2.74, -2.771, -1.878
0.266, 0.014, 0.904, -1.481, -1.015, -2.824
0.25, 0.036, 0.892, -1.733, -0.008, -2.664
0.221, 0.037, 0.906, -0.809, 2.55, -2.382
0.204, 0.055, 0.918, -0.298, 2.771, -1.336
0.228, 0.059, 0.881, -1.771, 2.244, -0.916
0.244, 0.057, 0.867, -2.977, 1.756, -0.725
0.275, 0.046, 0.838, -3.275, 3.183, -0.344
0.286, 0.033, 0.861, -4.0, 3.855, -0.336
0.262, 0.036, 0.878, -3.725, 5.115, -0.275
0.237, 0.04, 0.905, -2.26, 6.542, 0.076
0.237, 0.04, 0.915, -2.634, 6.412, 0.0
0.215, 0.035, 0.954, -2.496, 6.389, -1.809
0.19, 0.038, 0.971, -1.954, 4.069, -2.802
0.183, 0.06, 0.967, -0.824, 3.382, -2.695
0.193, 0.061, 0.955, 0.282, 2.198, -1.947
0.196, 0.058, 0.941, -0.496, 1.588, -1.847
0.21, 0.065, 0.939, -1.359, -0.611, -2.137
0.228, 0.059, 0.924, -1.496, -1.458, -2.26
0.237, 0.051, 0.926, -1.008, -1.221, -1.954
0.247, 0.052, 0.906, -0.641, -1.519, -2.45
0.25, 0.052, 0.885, -1.191, -1.427, -3.015
0.241, 0.052, 0.892, -1.565, -0.947, -4.489
0.241, 0.051, 0.883, -0.779, -0.023, -2.672
0.23, 0.052, 0.897, -0.282, 1.55, -1.695
0.227, 0.057, 0.912, 0.71, 2.908, -0.893
0.226, 0.059, 0.914, 0.947, 1.725, -0.718
0.219, 0.074, 0.898, -0.641, 0.015, -1.496
0.224, 0.093, 0.883, -1.305, -1.176, -1.672
0.239, 0.079, 0.86, -2.183, 0.985, -0.908
0.258, 0.071, 0.847, -3.282, 2.069, 0.023
0.273, 0.059, 0.861, -3.221, 2.595, 0.748
0.262, 0.029, 0.881, -1.565, 4.107, 1.122
0.229, 0.048, 0.909, -0.252, 5.748, 0.786
0.207, 0.071, 0.9, -0.542, 5.13, 0.908
0.197, 0.075, 0.909, -1.634, 5.328, 0.412
0.188, 0.072, 0.932, -2.412, 4.221, 0.031
0.201, 0.072, 0.917, -3.13, 3.015, 0.115
0.208, 0.061, 0.91, -3.489, 2.496, 0.557
0.228, 0.04, 0.935, -2.214, 2.786, 1.656
0.246, 0.022, 0.934, -1.344, 2.366, 1.519
0.257, 0.015, 0.93, -0.588, 1.603, 0.16
0.26, 0.014, 0.914, 0.237, 1.702, -1.427
0.219, 0.017, 0.911, 0.962, 2.473, -4.305
0.21, 0.083, 0.891, -0.038, 1.924, -1.344
0.21, 0.092, 0.889, -1.534, 1.733, -0.221
0.199, 0.089, 0.902, -2.061, 1.863, 0.863
0.202, 0.072, 0.92, -2.092, 2.351, 1.557
0.221, 0.055, 0.924, -2.374, 2.389, 1.573
0.229, 0.044, 0.921, -1.817, 2.763, 0.519
0.232, 0.041, 0.905, -1.489, 2.649, -0.473
0.24, 0.046, 0.89, -2.099, 3.282, -1.305
0.234, 0.05, 0.891, -2.748, 3.313, -1.794
0.214, 0.055, 0.921, -3.176, 4.0, -1.183
0.202, 0.055, 0.945, -2.504, 3.153, -0.466
0.192, 0.063, 0.938, -2.695, 1.962, -0.565
0.208, 0.058, 0.944, -3.588, 0.359, -1.122
0.219, 0.038, 0.947, -2.618, -0.481, -1.511
0.234, 0.022, 0.93, -0.893, 2.053, -2.282
0.218, 0.045, 0.919, 0.198, 1.924, -2.252
0.217, 0.075, 0.904, 0.473, 1.916, -2.763
0.206, 0.103, 0.893, -0.588, 0.817, -2.099
0.176, 0.122, 0.916, -2.527, 0.397, -0.763
0.178, 0.118, 0.926, -4.191, -0.595, 0.527
0.194, 0.091, 0.94, -5.313, -1.214, 1.893
0.215, 0.069, 0.943, -5.191, -2.069, 2.191
0.233, 0.052, 0.923, -5.389, -1.496, 1.519
0.219, 0.051, 0.925, -5.412, -2.687, 1.282
0.223, 0.036, 0.921, -4.405, -2.42, 1.176
0.225, 0.033, 0.926, -3.733, -2.29, 1.519
0.219, 0.039, 0.931, -2.397, -1.389, 1.489
0.214, 0.037, 0.917, -2.038, -1.702, 1.412
0.219, 0.04, 0.909, -1.977, -2.13, 0.931
0.236, 0.03, 0.895, -1.573, -2.275, -0.153
0.228, 0.049, 0.882, -1.565, -1.366, -1.198
0.234, 0.06, 0.866, -2.328, -0.878, -1.252
0.229, 0.061, 0.867, -3.336, -0.511, -1.267
0.228, 0.065, 0.871, -4.099, -0.771, -1.13
0.236, 0.049, 0.878, -3.771, -0.473, -0.084
0.232, 0.046, 0.896, -2.656, 0.053, 0.305
0.231, 0.039, 0.907, -1.13, 0.542, 0.71
0.229, 0.055, 0.906, 0.45, 1.695, 0.427
0.213, 0.067, 0.91, 0.0, 1.305, -0.26
0.218, 0.088, 0.901, -1.779, -1.084, -0.359
0.234, 0.077, 0.885, -4.183, -2.206, -0.901
0.251, 0.057, 0.896, -5.168, -2.84, -1.71
0.25, 0.046, 0.904, -4.084, -0.924, -1.489
0.238, 0.057, 0.903, -3.176, -0.191, -0.649
0.245, 0.043, 0.906, -1.954, 1.26, -0.389
0.224, 0.056, 0.913, -1.122, 1.878, 0.023
0.216, 0.076, 0.901, -1.298, 2.695, 0.931
0.23, 0.059, 0.902, -1.412, 2.176, 1.916
0.223, 0.063, 0.913, -1.687, 1.733, 2.183
0.228, 0.058, 0.922, -1.198, 1.878, 1.626
0.243, 0.048, 0.905, -0.748, 2.053, 0.779
0.245, 0.066, 0.895, -1.229, 1.664, 0.099
0.235, 0.08, 0.882, -1.954, 2.237, 0.527
0.238, 0.063, 0.894, -2.603, 4.229, 1.16
0.236, 0.046, 0.914, -2.115, 4.779, 1.496
0.226, 0.036, 0.929, -1.527, 4.519, 1.053
0.215, 0.051, 0.945, -1.618, 3.305, 0.397
0.205, 0.048, 0.924, -1.374, 3.55, 0.198
0.191, 0.05, 0.95, 0.015, 4.031, -0.008
0.187, 0.062, 0.927, 1.084, 3.603, 1.389
0.165, 0.082, 0.938, 1.13, 1.954, 2.206
0.165, 0.088, 0.936, 0.443, 0.321, 2.847
0.182, 0.068, 0.936, 0.664, -0.817, 3.718
0.183, 0.065, 0.953, 1.626, -2.176, 4.0
0.202, 0.052, 0.93, 1.794, -3.305, 4.397
0.205, 0.045, 0.935, 2.275, -3.252, 4.473
0.214, 0.03, 0.954, 2.893, -4.031, 3.504
0.224, 0.045, 0.948, 2.466, -6.443, 2.443
0.223, 0.047, 0.931, 1.878, -6.427, 1.985
0.244, 0.045, 0.943, 2.244, -5.336, 2.038
0.258, 0.038, 0.936, 2.359, -4.473, 1.298
0.279, 0.019, 0.917, 2.298, -3.786, -0.031
0.285, 0.019, 0.928, 2.611, -3.496, -1.511
0.269, 0.036, 0.918, 3.237, -3.053, -2.557
0.258, 0.059, 0.904, 2.985, -2.107, -2.901
0.218, 0.103, 0.885, 2.847, -2.145, -4.183
0.171, 0.164, 0.881, 1.603, -3.809, -1.588
0.161, 0.194, 0.86, -0.901, -5.183, 2.504
0.172, 0.177, 0.85, -4.534, -4.298, 5.611
0.185, 0.122, 0.885, -7.092, -4.237, 7.031
0.205, 0.079, 0.909, -7.702, -4.321, 7.374
0.215, 0.063, 0.915, -6.527, -3.519, 8.13
0.212, 0.066, 0.907, -5.389, -4.527, 8.282
0.215, 0.064, 0.907, -4.557, -4.466, 7.42
0.215, 0.069, 0.898, -3.656, -6.282, 6.985
0.219, 0.049, 0.907, -3.328, -7.214, 6.13
0.243, 0.04, 0.922, -3.16, -7.641, 4.313
0.27, 0.021, 0.9, -3.321, -8.107, 3.008
0.303, -0.005, 0.908, -2.382, -7.076, 1.275
0.306, -0.001, 0.906, -0.351, -5.74, -0.885
0.3, 0.013, 0.879, 1.954, -3.756, -1.893
0.296, 0.048, 0.863, 3.87, -1.206, -2.198
0.284, 0.085, 0.848, 4.527, 1.053, -1.458
0.288, 0.115, 0.823, 3.863, 2.374, 0.55
0.299, 0.118, 0.833, 2.176, 4.817, 2.412
0.283, 0.105, 0.874, 1.252, 6.725, 3.779
0.288, 0.114, 0.9, 0.725, 7.908, 5.115
0.252, 0.099, 0.925, -1.473, 6.58, 4.008
0.234, 0.087, 0.93, -3.137, 4.153, 4.076
0.22, 0.096, 0.93, -5.061, 1.901, 4.641
0.209, 0.098, 0.926, -6.145, -0.092, 5.221
0.208, 0.09, 0.919, -7.107, -1.328, 5.901
0.216, 0.084, 0.927, -7.611, -1.557, 7.42
0.241, 0.054, 0.919, -8.649, -1.809, 7.878
0.266, 0.022, 0.92, -7.885, -2.504, 8.115
0.283, -0.003, 0.93, -5.267, -1.794, 6.702
0.304, -0.01, 0.913, -2.321, -0.282, 4.672
0.279, 0.015, 0.907, -0.366, -0.237, 3.092
0.26, 0.039, 0.879, 1.153, -0.496, 1.824
0.249, 0.072, 0.876, 1.405, 0.061, 1.053
0.234, 0.089, 0.867, 1.366, 0.137, 1.908
0.226, 0.095, 0.876, 1.412, 0.687, 0.015
0.22, 0.086, 0.878, 1.076, 2.038, 2.45
0.229, 0.078, 0.9, 1.031, 3.496, 2.565
0.229, 0.073, 0.91, -0.115, 1.664, 1.229
0.231, 0.069, 0.921, -1.359, -0.908, 0.55
0.25, 0.063, 0.906, -0.855, -0.198, 0.244
0.254, 0.062, 0.883, -0.832, -0.015, 0.313
0.258, 0.066, 0.894, -1.74, 0.412, 0.061
0.262, 0.068, 0.885, -2.336, 0.817, -0.595
0.253, 0.071, 0.896, -3.023, 1.519, -0.863
0.251, 0.07, 0.901, -4.069, 1.214, -0.695
0.237, 0.071, 0.912, -5.122, 0.053, -0.84
0.224, 0.066, 0.916, -5.344, 0.58, -0.855
0.226, 0.07, 0.919, -6.374, -0.252, -1.168
0.233, 0.07, 0.922, -6.351, 0.313, -0.519
0.242, 0.057, 0.906, -6.328, 0.412, -0.542
0.257, 0.062, 0.901, -6.969, 0.336, -0.786
0.259, 0.066, 0.902, -7.557, 0.153, -0.977
0.262, 0.058, 0.907, -8.031, -0.443, -0.901
0.266, 0.036, 0.909, -6.74, 0.832, -1.137
0.263, 0.031, 0.927, -5.443, 1.115, -1.244
0.257, 0.039, 0.92, -5.206, 0.435, -1.458
0.251, 0.045, 0.907, -4.748, 0.809, -2.015
0.263, 0.05, 0.908, -4.573, 1.046, -1.885
0.265, 0.059, 0.9, -4.366, 0.771, -1.527
0.263, 0.061, 0.901, -5.008, 0.74, -2.053
0.265, 0.051, 0.899, -5.168, 0.374, -2.504
0.265, 0.049, 0.911, -5.26, 0.405, -3.13
0.259, 0.052, 0.911, -5.412, -0.267, -3.229
0.25, 0.059, 0.909, -4.527, 0.603, -2.985
0.253, 0.058, 0.91, -3.015, 1.336, -2.321
0.23, 0.08, 0.904, -3.046, 1.275, -2.748
0.241, 0.071, 0.9, -3.565, 0.351, -2.771
0.249, 0.076, 0.888, -4.053, -1.359, -2.328
0.252, 0.064, 0.885, -4.954, -2.099, -2.275
0.247, 0.07, 0.878, -4.748, -0.748, -1.969
0.245, 0.064, 0.877, -5.214, 0.954, -1.374
0.24, 0.066, 0.889, -5.29, 1.794, -0.374
0.241, 0.042, 0.915, -3.534, 3.611, 0.229
0.239, 0.055, 0.91, -1.908, 5.061, 0.817
0.232, 0.062, 0.912, -2.679, 5.443, 0.679
0.232, 0.057, 0.923, -3.695, 4.092, 0.282
0.245, 0.053, 0.91, -4.504, 2.84, 0.092
0.248, 0.037, 0.907, -5.069, 2.374, -0.359
0.258, 0.026, 0.916, -5.0, 0.824, -1.038
0.259, 0.018, 0.924, -4.023, 0.344, -2.031
0.242, 0.027, 0.919, -3.008, 0.664, -2.573
0.235, 0.04, 0.92, -2.023, 0.557, -2.573
0.235, 0.047, 0.919, -1.374, 1.382, -2.534
0.219, 0.074, 0.914, -1.206, 1.786, -1.87
0.223, 0.079, 0.899, -2.0, 1.603, -0.847
0.232, 0.078, 0.893, -3.008, 1.382, -0.427
0.239, 0.075, 0.901, -3.618, 1.366, -0.489
0.24, 0.063, 0.906, -3.756, 1.931, 0.206
0.248, 0.047, 0.913, -3.557, 1.573, 0.153
0.244, 0.048, 0.934, -3.099, 0.718, -0.458
0.24, 0.043, 0.924, -3.145, -0.595, -1.282
0.247, 0.044, 0.911, -2.534, -0.695, -1.473
0.238, 0.054, 0.917, -2.489, -0.435, -1.573
0.255, 0.053, 0.893, -2.565, -0.954, -1.282
0.265, 0.05, 0.884, -2.855, -0.435, -1.626
0.244, 0.066, 0.896, -2.817, -1.046, -0.824
0.251, 0.067, 0.906, -2.328, 1.13, -0.229
0.247, 0.068, 0.897, -3.023, 1.863, 0.061
0.249, 0.057, 0.912, -3.237, 1.748, 0.122
0.24, 0.052, 0.917, -2.321, 1.71, 0.313
0.26, 0.048, 0.926, -1.359, 1.832, 0.313
0.242, 0.064, 0.912, -1.908, 0.237, 0.29
0.239, 0.069, 0.912, -2.634, -0.511, 0.382
0.241, 0.067, 0.905, -3.42, -1.527, 0.702
0.244, 0.062, 0.918, -3.595, -1.435, 0.718
0.236, 0.059, 0.92, -2.718, -1.29, 1.344
0.237, 0.062, 0.913, -2.656, -0.718, 2.649
0.242, 0.053, 0.908, -2.916, -0.611, 2.191
0.246, 0.045, 0.921, -2.878, -0.87, 1.901
0.253, 0.047, 0.914, -1.908, 0.076, 1.748
0.241, 0.05, 0.915, -1.573, 0.206, 1.374
0.247, 0.059, 0.894, -1.588, -0.794, 1.16
0.248, 0.066, 0.889, -2.366, -1.435, 1.084
0.243, 0.066, 0.88, -2.374, -1.832, 1.435
0.248, 0.064, 0.887, -3.038, -1.458, 2.046
0.259, 0.035, 0.902, -2.687, -0.885, 2.122
0.247, 0.033, 0.898, -1.55, 0.069, 2.069
0.258, 0.04, 0.899, -1.588, 1.252, 1.214
0.253, 0.045, 0.909, -1.626, 0.542, 0.351
0.254, 0.045, 0.905, -1.412, 0.229, -0.313
0.25, 0.05, 0.892, -1.053, 0.573, -0.321
0.238, 0.069, 0.89, -1.115, 0.298, -0.244
0.243, 0.065, 0.902, -1.756, 0.435, 0.26
0.25, 0.057, 0.909, -2.076, 0.901, 0.771
0.251, 0.057, 0.908, -2.458, 0.809, 0.603
0.251, 0.048, 0.913, -3.206, -0.237, -0.405
0.249, 0.047, 0.931, -3.405, -0.695, -0.878
0.25, 0.05, 0.919, -3.267, -1.099, -1.176
0.25, 0.064, 0.923, -3.336, -1.466, -1.237
0.243, 0.058, 0.919, -3.221, -0.992, -0.802
0.259, 0.058, 0.911, -2.763, 0.038, -0.252
0.254, 0.063, 0.911, -2.817, 0.099, 0.061
0.253, 0.064, 0.908, -3.954, 0.252, 0.107
0.267, 0.046, 0.904, -4.382, 0.092, 0.618
0.26, 0.04, 0.92, -4.351, 0.145, 0.481
0.266, 0.032, 0.921, -3.321, 0.214, 0.092
0.268, 0.035, 0.907, -2.511, 0.313, -0.481
0.266, 0.036, 0.895, -2.626, -0.214, -0.855
0.259, 0.048, 0.898, -2.183, -0.282, -0.779
0.25, 0.054, 0.898, -1.969, -0.13, -0.771
0.246, 0.059, 0.902, -1.847, 0.176, -0.756
0.246, 0.062, 0.91, -3.023, -0.038, 0.191
0.244, 0.074, 0.907, -3.397, -0.511, 0.397
0.252, 0.06, 0.894, -4.191, -0.916, 0.313
0.249, 0.055, 0.908, -3.878, -1.168, 0.115
0.235, 0.062, 0.904, -3.382, -1.244, 0.496
0.252, 0.059, 0.892, -2.595, -0.519, 0.908
0.254, 0.051, 0.895, -1.756, 0.084, 1.756
0.26, 0.055, 0.887, -2.0, 0.038, 1.55
0.27, 0.05, 0.894, -2.107, 0.466, 1.748
0.273, 0.044, 0.9, -2.221, 1.298, 1.405
0.265, 0.04, 0.907, -2.053, 1.832, 1.107
0.266, 0.041, 0.907, -1.634, 2.145, 0.618
0.262, 0.049, 0.91, -1.092, 1.74, 0.282
0.254, 0.057, 0.888, -0.779, 2.244, 0.145
0.244, 0.071, 0.89, -0.511, 2.115, 0.473
0.232, 0.079, 0.898, -1.061, 1.985, 1.382
0.23, 0.069, 0.904, -1.641, 1.962, 2.252
0.224, 0.062, 0.935, -2.656, 0.244, 2.427
0.227, 0.041, 0.938, -3.061, -0.771, 1.412
0.239, 0.032, 0.938, -2.824, -1.13, 0.519
0.245, 0.035, 0.941, -2.412, -1.389, 0.542
0.26, 0.034, 0.917, -1.725, -1.519, 0.756
0.27, 0.035, 0.903, -2.122, -1.084, -0.023
0.271, 0.039, 0.889, -2.603, -1.74, -0.794
0.273, 0.039, 0.885, -2.389, -1.595, -1.229
0.281, 0.041, 0.866, -2.061, -0.122, -0.733
0.284, 0.046, 0.861, -2.55, 1.542, -0.901
0.276, 0.052, 0.876, -2.702, 1.847, -0.634
