0.093 0.043 0.924 0.901 6.733 2.008
0.096 0.056 0.928 0.076 5.84 1.382
0.08 0.059 0.933 -2.641 1.885 0.725
0.086 0.044 0.937 -2.527 1.122 0.489
0.089 0.043 0.92 -2.023 1.626 0.328
0.077 0.047 0.933 -1.053 1.382 0.802
0.086 0.055 0.916 -0.13 1.969 0.252
0.088 0.06 0.889 -0.267 3.641 0.351
0.087 0.069 0.875 -1.16 5.084 0.405
0.093 0.067 0.889 -2.794 6.214 1.519
0.086 0.058 0.914 -3.885 6.443 1.794
0.087 0.049 0.939 -3.794 5.26 2.634
0.08 0.046 0.968 -2.786 4.366 2.573
0.081 0.039 0.969 -1.267 3.344 2.321
0.094 0.045 0.959 0.656 3.756 1.496
0.079 0.053 0.943 0.534 2.649 1.908
0.084 0.065 0.942 -1.267 1.26 2.008
0.086 0.07 0.944 -2.534 0.0 2.176
0.07 0.062 0.958 -2.206 0.13 2.389
0.073 0.064 0.955 -0.061 1.099 3.382
0.068 0.066 0.944 1.344 2.053 3.954
0.076 0.069 0.934 1.58 2.382 3.916
0.08 0.062 0.934 1.252 2.267 3.763
0.078 0.062 0.925 0.084 1.656 3.626
0.08 0.055 0.927 -0.855 0.931 3.687
0.086 0.056 0.906 -0.977 1.748 3.313
0.069 0.058 0.894 -1.427 2.832 3.336
0.068 0.061 0.904 -2.176 2.672 3.611
0.085 0.041 0.898 -0.389 1.71 3.748
0.08 0.045 0.906 -0.092 1.992 3.992
0.088 0.025 0.909 0.748 1.641 3.695
0.078 0.049 0.905 0.855 2.29 3.84
0.069 0.052 0.904 -0.771 2.74 3.344
0.077 0.052 0.925 -1.16 3.214 3.015
0.076 0.057 0.926 -0.931 3.504 2.931
0.085 0.056 0.922 0.122 4.053 3.29
0.079 0.062 0.915 -0.122 4.466 3.542
0.065 0.061 0.922 -1.878 2.878 4.191
0.088 0.041 0.925 -3.084 1.664 3.954
0.084 0.019 0.931 -2.466 1.443 2.618
0.083 0.033 0.936 -1.718 1.611 1.275
0.081 0.052 0.923 -1.466 1.771 1.695
0.073 0.063 0.91 -1.656 1.947 2.42
0.075 0.064 0.909 -2.382 2.58 3.053
0.078 0.059 0.904 -3.198 1.908 3.985
0.078 0.053 0.927 -4.038 1.412 3.588
0.085 0.039 0.919 -3.74 0.817 3.008
0.084 0.029 0.937 -3.168 0.695 1.473
0.077 0.036 0.956 -1.588 1.092 0.763
0.082 0.038 0.948 1.038 2.145 0.534
0.075 0.056 0.927 2.527 3.466 0.725
0.068 0.062 0.928 1.977 3.183 2.229
0.062 0.071 0.934 1.053 2.832 2.382
0.063 0.058 0.93 -0.237 2.099 2.763
0.076 0.052 0.92 -0.26 2.534 2.427
0.072 0.045 0.91 -0.008 2.634 1.611
0.061 0.052 0.906 -0.046 3.489 1.985
0.056 0.059 0.909 -0.847 2.58 1.924
0.038 0.063 0.932 -2.756 0.351 1.794
0.053 0.039 0.955 -3.29 -1.634 1.015
0.065 0.026 0.94 -0.947 -1.695 0.718
0.057 0.044 0.919 0.756 -0.656 -0.198
0.059 0.052 0.896 1.115 0.412 0.008
0.039 0.066 0.904 0.275 1.229 -0.244
0.031 0.075 0.911 -1.191 2.29 -0.405
0.017 0.072 0.947 -0.573 1.763 0.893
0.001 0.075 0.962 2.115 2.099 2.481
-0.002 0.069 0.956 3.137 2.053 2.74
-0.007 0.075 0.95 2.634 3.206 2.626
-0.013 0.056 0.953 -0.229 3.313 0.878
-0.042 0.078 0.996 -4.588 0.664 -1.046
-0.082 0.09 1.058 -6.382 -1.084 -3.0
-0.098 0.073 1.065 -5.053 -0.176 -5.878
-0.149 0.096 1.108 -3.046 -1.962 -4.992
-0.188 0.107 1.131 1.267 -4.695 -2.87
-0.221 0.133 1.098 4.947 -7.16 1.412
-0.236 0.145 1.062 8.504 -9.679 8.183
-0.242 0.158 1.018 7.595 -9.817 15.84
-0.258 0.164 1.058 3.87 -16.702 25.557
-0.263 0.131 1.078 -2.679 -21.824 32.267
-0.235 0.038 1.083 -8.931 -22.588 31.13
-0.262 -0.017 1.209 -12.71 -24.649 26.305
-0.275 -0.065 1.294 -10.458 -31.534 19.397
-0.251 -0.087 1.25 0.427 -39.107 15.13
-0.221 -0.058 1.089 12.534 -44.298 13.336
-0.168 -0.047 0.91 19.176 -44.107 15.366
-0.148 -0.019 0.827 16.267 -39.588 16.206
-0.176 0.039 0.82 4.435 -34.0 14.985
-0.213 0.072 0.865 -8.092 -33.305 15.588
-0.192 0.028 0.862 -6.466 -5.466 9.748
-0.188 0.009 0.943 -17.718 -30.443 15.87
-0.167 -0.031 0.978 -8.87 -25.618 16.107
-0.156 0.006 0.948 3.573 -20.901 16.389
-0.181 0.074 0.928 9.397 -19.702 21.565
-0.06 0.078 0.824 8.344 -15.344 25.779
-0.05 0.06 0.816 -1.115 -15.0 27.389
0.001 0.03 0.829 -10.069 -16.252 27.519
0.048 -0.072 0.835 -15.45 -15.305 22.794
0.082 -0.122 0.889 -9.679 -5.16 13.366
-0.002 -0.062 0.991 -5.153 -12.405 9.382
0.012 -0.027 0.954 9.145 -5.168 9.427
0.021 0.026 0.939 17.122 -5.519 9.061
0.079 0.092 0.838 18.489 -2.649 11.298
0.105 0.117 0.835 14.229 -1.679 11.771
0.11 0.143 0.833 9.153 -2.13 12.641
0.103 0.118 0.8 2.626 -3.473 16.992
0.106 0.053 0.843 -1.611 -3.893 19.855
0.129 -0.018 0.911 -0.947 -4.641 18.542
0.148 -0.082 0.973 4.015 -4.924 13.863
0.162 -0.059 0.997 12.366 -2.42 7.962
0.176 0.011 0.954 20.748 -1.725 4.405
0.214 0.096 0.867 24.107 1.664 1.947
0.198 0.187 0.847 23.58 1.748 3.649
0.185 0.252 0.817 19.58 3.74 7.817
0.163 0.296 0.786 13.221 5.084 14.779
0.158 0.266 0.82 5.046 4.092 23.137
0.149 0.137 0.902 1.031 -1.282 28.481
0.193 0.029 0.957 2.595 -5.534 25.557
0.249 -0.012 0.989 5.542 -7.267 17.725
0.28 0.051 0.947 6.939 -8.237 11.58
0.3 0.166 0.911 10.534 -12.42 9.84
0.377 0.143 0.862 3.267 -6.649 16.359
0.255 0.135 0.931 6.863 -0.969 15.794
0.281 0.166 0.885 5.26 -7.214 17.809
0.252 0.156 0.879 -0.176 -11.176 16.046
0.26 0.12 0.871 -5.634 -19.611 16.206
0.305 0.043 0.869 -7.053 -24.328 16.115
0.325 -0.011 0.925 -4.496 -23.435 15.397
0.389 -0.169 0.958 -0.183 -23.107 4.252
0.463 -0.116 0.962 0.916 -21.466 -5.832
0.474 -0.072 0.914 1.382 -23.87 -15.527
0.434 0.037 0.864 0.198 -25.351 -22.702
0.378 0.113 0.808 -1.412 -24.931 -26.0
0.346 0.17 0.79 0.282 -20.412 -24.374
0.284 0.183 0.798 2.74 -15.405 -22.023
0.314 0.231 0.813 5.183 -11.038 -14.145
0.35 0.158 0.88 8.229 -11.855 -9.908
0.378 0.163 0.885 8.0 -15.55 -8.771
0.438 0.141 0.807 2.84 -18.053 -9.893
0.453 0.126 0.792 -4.481 -22.107 -12.847
0.487 0.125 0.774 -10.656 -24.496 -18.115
0.491 0.147 0.68 -15.458 -24.015 -20.389
0.514 0.134 0.573 -19.885 -17.405 -22.282
0.49 0.163 0.577 -22.87 -6.954 -23.931
0.436 0.204 0.662 -20.534 0.565 -21.817
0.409 0.251 0.718 -15.015 8.351 -16.115
0.37 0.267 0.79 -11.71 10.519 -8.45
0.363 0.25 0.896 -6.87 8.267 -1.061
0.343 0.25 0.923 -0.267 0.076 7.229
0.377 0.217 0.89 6.863 -5.718 14.046
0.35 0.241 0.786 9.427 -14.588 23.802
0.393 0.209 0.68 7.527 -12.511 31.336
0.432 0.162 0.692 4.809 -5.74 32.947
0.494 0.068 0.627 0.42 2.481 28.855
0.556 -0.009 0.669 -11.611 16.565 16.733
0.459 -0.035 0.868 -23.023 17.305 5.069
0.465 -0.071 0.981 -26.832 12.779 -4.023
0.425 -0.06 1.035 -24.092 5.985 -10.176
0.428 -0.038 0.989 -16.71 -0.153 -10.244
0.43 -0.037 0.93 -7.863 0.115 -10.267
0.397 -0.008 0.917 2.588 6.221 -12.282
0.34 0.06 0.973 10.344 8.115 -13.313
0.388 0.097 0.939 11.153 10.389 -14.878
0.34 0.149 0.905 4.328 7.489 -16.679
0.312 0.201 0.906 -2.74 1.435 -17.397
0.348 0.199 0.857 -7.099 -1.282 -17.099
0.364 0.191 0.862 -6.099 1.038 -15.206
0.332 0.228 0.898 -2.076 1.992 -10.145
0.328 0.264 0.999 3.168 2.687 -2.603
0.274 0.284 1.033 4.824 -5.427 6.679
0.306 0.27 1.033 4.069 -15.084 16.374
0.418 0.236 0.986 2.695 -19.466 23.137
0.494 0.175 0.871 4.305 -21.55 26.985
0.549 0.098 0.799 9.13 -13.321 25.481
0.517 0.131 0.783 10.267 -8.053 24.985
0.436 0.171 0.813 11.435 -6.313 29.137
0.402 0.19 0.887 12.031 -3.382 34.313
0.347 0.199 0.863 12.0 -7.794 44.382
0.371 0.124 0.805 12.58 -11.977 51.511
0.399 0.047 0.757 15.397 -7.74 50.221
0.436 0.013 0.654 19.481 1.015 46.092
0.408 0.008 0.614 19.618 7.817 39.511
0.425 0.001 0.618 17.55 15.511 33.435
0.427 -0.059 0.76 16.962 24.321 31.863
0.349 -0.048 0.846 16.855 21.031 24.878
0.338 -0.059 0.878 9.641 15.145 17.634
0.381 -0.081 0.899 2.954 13.878 6.336
0.351 -0.072 0.944 -0.282 8.107 -2.992
0.364 -0.081 0.974 3.191 7.237 -12.29
0.298 0.024 1.014 6.71 2.649 -19.206
0.265 0.15 1.018 8.901 -0.443 -18.664
0.213 0.253 1.003 6.626 -1.733 -11.229
0.202 0.281 1.01 2.832 -3.374 -2.687
0.205 0.289 0.992 -2.916 -7.679 3.015
0.248 0.263 0.97 -6.916 -11.099 7.038
0.31 0.204 0.949 -6.916 -13.305 6.802
0.296 0.227 0.908 -6.397 -16.0 7.29
0.274 0.243 0.857 -9.359 -17.748 10.412
0.267 0.238 0.84 -15.496 -19.351 17.115
0.298 0.145 0.862 -20.053 -17.328 18.824
0.319 0.064 0.897 -21.725 -19.328 15.969
0.343 0.027 0.9 -17.527 -18.84 12.962
0.364 0.01 0.88 -8.725 -14.855 10.794
0.383 0.011 0.824 -2.916 -11.183 9.176
0.396 0.011 0.789 -1.672 -6.26 3.878
0.362 0.053 0.802 -4.939 -4.954 -1.153
0.333 0.085 0.844 -7.313 -2.527 -2.305
0.313 0.104 0.867 -8.344 -1.206 -1.718
0.322 0.082 0.896 -7.573 -0.275 -1.389
0.332 0.081 0.91 -6.664 0.183 -1.71
0.342 0.063 0.919 -5.191 1.649 -3.885
0.304 0.12 0.927 -4.916 -0.221 -4.16
0.3 0.132 0.908 -3.718 0.855 -2.588
0.279 0.131 0.881 -3.969 -0.389 1.153
0.35 0.09 0.873 -5.344 1.71 1.122
0.315 0.115 0.915 -3.473 0.916 -0.427
0.275 0.149 0.898 -2.954 -0.969 0.565
0.294 0.139 0.876 -2.985 -2.031 2.901
0.322 0.103 0.874 -3.664 -1.847 2.328
0.336 0.103 0.868 -5.0 -1.863 0.038
0.289 0.13 0.863 -6.794 -3.115 0.672
0.318 0.11 0.87 -6.298 -0.71 1.344
0.285 0.121 0.897 -3.733 -2.748 2.496
0.284 0.126 0.861 -3.092 -2.389 4.237
0.294 0.091 0.871 -3.656 -0.58 4.206
0.322 0.047 0.873 -5.137 -2.313 3.595
0.352 0.029 0.887 -6.863 -0.87 -0.298
0.314 0.065 0.924 -7.901 -2.695 -2.237
0.314 0.084 0.905 -9.779 -3.595 -1.771
0.353 0.046 0.895 -9.809 0.473 -3.87
0.35 0.075 0.917 -7.847 0.42 -5.305
0.331 0.105 0.896 -4.878 1.733 -5.053
0.306 0.151 0.868 -4.756 2.42 -3.344
0.296 0.166 0.856 -6.588 1.84 -0.901
0.287 0.174 0.868 -8.832 -0.397 2.687
0.325 0.129 0.889 -10.58 0.748 3.382
0.297 0.131 0.92 -9.473 -1.275 4.962
0.29 0.128 0.916 -8.16 -2.84 6.55
0.303 0.097 0.893 -6.656 -4.26 7.931
0.32 0.06 0.852 -7.008 -4.336 8.344
0.322 0.037 0.836 -8.679 -3.863 7.748
0.319 0.015 0.838 -10.244 -3.366 5.901
0.331 -0.01 0.865 -10.29 -2.008 2.145
0.328 0.021 0.908 -9.305 -1.13 -1.519
0.316 0.036 0.887 -5.679 -1.183 -4.176
0.28 0.095 0.868 -2.565 -1.298 -4.779
0.276 0.111 0.854 -1.0 -0.137 -4.076
0.27 0.131 0.834 -1.87 2.282 -2.947
0.27 0.147 0.863 -2.412 3.031 -1.122
0.266 0.159 0.895 -2.863 2.611 1.198
0.273 0.15 0.915 -4.542 1.336 3.481
0.306 0.109 0.925 -6.878 -0.405 4.939
0.318 0.079 0.925 -8.809 -2.275 4.084
0.32 0.071 0.93 -9.863 -4.504 3.305
0.32 0.061 0.921 -10.985 -6.115 3.733
0.323 0.04 0.901 -11.473 -6.893 3.908
0.354 0.002 0.902 -10.679 -6.565 2.344
0.367 -0.004 0.89 -8.626 -5.542 0.183
0.362 -0.005 0.876 -6.435 -3.763 -2.473
0.342 0.031 0.864 -4.824 -2.542 -4.336
0.348 0.051 0.85 -2.87 -0.305 -5.42
0.329 0.067 0.851 0.443 1.176 -5.29
0.318 0.098 0.829 2.214 1.298 -3.855
0.31 0.11 0.818 1.45 2.053 -2.55
0.308 0.113 0.83 -1.053 2.748 -1.145
0.311 0.105 0.852 -3.71 1.84 0.702
0.324 0.074 0.855 -4.771 1.275 1.718
0.349 0.042 0.89 -3.603 1.275 1.748
0.349 0.028 0.92 -1.763 1.511 -0.672
0.325 0.05 0.923 -0.565 -0.443 -2.611
0.316 0.058 0.898 0.015 -1.603 -2.031
0.314 0.07 0.896 -0.198 -0.382 -1.611
0.328 0.064 0.927 -0.046 -0.092 -2.42
0.312 0.087 0.935 0.359 -1.45 -2.397
0.307 0.103 0.922 0.183 -2.855 -1.13
0.322 0.087 0.89 -0.405 -2.74 -0.542
0.33 0.08 0.906 -0.992 -2.954 -1.443
0.323 0.071 0.917 -0.405 -4.588 -1.695
0.319 0.072 0.881 0.954 -4.489 -1.275
0.333 0.063 0.851 1.962 -3.763 -0.351
0.354 0.06 0.852 2.603 -0.931 -2.542
0.339 0.084 0.841 3.985 -0.29 -3.237
0.312 0.108 0.825 3.802 0.076 -2.038
0.32 0.111 0.824 2.046 1.58 -0.908
0.327 0.102 0.843 -0.595 2.382 -0.618
0.336 0.089 0.867 -2.626 2.328 -0.412
0.346 0.082 0.887 -3.435 2.725 -0.863
0.346 0.07 0.899 -3.069 1.824 -1.298
0.353 0.068 0.902 -1.107 1.0 -1.038
0.344 0.073 0.891 -0.359 0.023 -0.84
0.35 0.073 0.883 0.366 0.824 -1.519
0.34 0.087 0.883 -0.084 0.885 -2.603
0.32 0.096 0.91 -0.061 0.74 -3.221
0.3 0.127 0.908 -0.191 0.053 -2.71
0.293 0.134 0.899 -0.42 -0.511 -1.244
0.294 0.133 0.886 -0.71 -0.641 0.351
0.323 0.113 0.871 -0.916 -0.527 1.145
0.341 0.088 0.852 -0.084 0.947 0.58
0.339 0.087 0.837 1.328 2.42 0.267
0.326 0.115 0.846 0.702 1.878 0.626
0.316 0.125 0.834 -1.305 1.557 1.527
0.322 0.096 0.853 -3.641 2.802 1.947
0.317 0.082 0.897 -4.107 2.076 1.977
0.331 0.066 0.923 -1.908 1.718 1.733
0.339 0.064 0.909 1.328 2.504 1.29
0.332 0.08 0.888 2.855 3.229 0.977
0.331 0.086 0.887 2.878 3.473 0.687
0.325 0.099 0.881 1.756 3.008 0.321
0.324 0.111 0.887 -0.435 2.656 -0.092
0.317 0.113 0.895 -2.725 1.748 0.473
0.312 0.122 0.912 -4.901 0.443 1.206
0.315 0.094 0.936 -4.672 -0.015 1.641
0.34 0.081 0.912 -1.626 -0.458 1.817
0.347 0.071 0.906 0.374 -0.275 0.664
0.338 0.089 0.897 1.267 -1.573 0.595
0.33 0.111 0.862 -0.405 -2.16 1.107
0.329 0.103 0.866 -2.786 -2.168 1.397
0.323 0.1 0.886 -5.466 -1.969 1.16
0.328 0.093 0.882 -6.015 -1.725 1.137
0.336 0.079 0.879 -5.344 -2.885 1.71
0.331 0.06 0.889 -3.985 -2.107 1.466
0.355 0.064 0.885 -2.244 -0.985 0.214
0.345 0.071 0.883 -1.221 -0.779 -0.656
0.341 0.086 0.876 -1.038 -1.099 -0.824
0.323 0.095 0.876 -1.527 -0.275 -0.977
0.318 0.104 0.863 -2.015 -0.695 -0.061
0.318 0.098 0.871 -2.55 -1.069 0.237
0.33 0.087 0.874 -2.466 -0.817 -0.038
0.328 0.082 0.878 -1.84 -0.756 0.015
0.34 0.091 0.877 -1.756 -1.321 0.496
0.339 0.082 0.878 -1.595 -1.366 0.473
0.346 0.079 0.872 -1.313 -0.328 -0.321
0.334 0.083 0.885 -0.573 -1.382 -0.45
0.338 0.091 0.872 -0.947 -1.626 -0.779
0.336 0.1 0.868 -0.748 -1.87 -1.214
0.333 0.105 0.852 -0.542 -0.817 -1.076
0.348 0.109 0.842 0.153 0.298 -0.206
0.343 0.109 0.848 -0.87 1.679 -0.344
0.338 0.116 0.853 -2.0 2.504 -0.191
0.326 0.114 0.87 -2.809 2.664 -0.336
0.326 0.11 0.889 -2.031 2.061 0.534
0.333 0.102 0.887 -1.656 2.748 1.046
0.331 0.096 0.884 -1.695 2.557 0.84
0.334 0.096 0.892 -2.427 2.244 0.588
0.338 0.093 0.908 -2.977 1.992 0.122
0.333 0.097 0.907 -3.298 1.305 0.855
0.336 0.101 0.905 -4.061 0.931 0.954
0.333 0.101 0.91 -4.588 0.16 0.557
0.325 0.106 0.906 -4.0 -1.008 0.382
0.312 0.107 0.882 -3.191 -1.458 1.168
0.327 0.106 0.855 -2.84 -0.84 1.099
0.325 0.107 0.848 -2.962 0.298 0.885
0.331 0.093 0.857 -2.756 -0.168 1.45
0.341 0.083 0.854 -3.527 -0.084 0.71
0.339 0.08 0.883 -3.786 0.076 0.473
0.336 0.082 0.876 -3.244 -0.878 0.427
0.341 0.086 0.882 -2.313 -0.656 0.321
0.333 0.093 0.876 -2.107 -0.267 0.519
0.334 0.09 0.873 -2.206 -0.069 0.824
0.344 0.082 0.882 -1.985 0.435 0.412
0.334 0.093 0.877 -1.168 0.534 -0.16
0.326 0.12 0.885 -1.679 0.252 0.061
0.331 0.118 0.873 -2.672 -0.069 0.611
0.331 0.107 0.889 -2.817 -0.328 1.351
0.326 0.099 0.882 -3.069 -1.198 2.008
0.336 0.098 0.887 -3.527 -1.328 2.45
0.345 0.08 0.885 -3.26 -1.038 2.26
0.35 0.074 0.885 -2.534 -1.214 1.298
0.352 0.083 0.888 -2.0 -0.779 0.786
0.334 0.094 0.88 -1.695 -1.0 0.45
0.33 0.097 0.856 -2.267 -1.351 1.244
0.342 0.088 0.855 -2.962 -0.863 1.145
0.334 0.087 0.848 -3.893 -0.588 1.092
0.334 0.083 0.865 -4.298 -0.038 0.771
0.344 0.078 0.874 -3.321 0.733 0.603
0.34 0.08 0.869 -2.244 1.527 -0.046
0.344 0.09 0.869 -1.58 1.802 -0.031
0.345 0.094 0.855 -1.481 1.695 0.458
0.337 0.097 0.87 -2.87 2.557 -0.389
0.335 0.099 0.88 -3.237 2.061 -0.542
0.325 0.1 0.893 -3.687 1.969 -0.397
0.334 0.092 0.888 -3.794 1.023 0.053
0.347 0.09 0.891 -3.672 0.779 0.237
0.354 0.077 0.895 -2.901 0.603 -0.061
0.348 0.073 0.882 -1.458 0.008 0.069
0.345 0.078 0.865 -0.672 0.557 -0.252
0.337 0.099 0.857 -0.344 1.084 -0.634
0.334 0.107 0.842 -0.527 1.435 -0.603
0.327 0.103 0.851 -0.832 1.954 -0.084
0.339 0.104 0.865 -2.389 1.794 -0.542
0.331 0.097 0.887 -2.832 1.58 -0.679
0.329 0.102 0.894 -1.84 2.305 -0.214
0.331 0.102 0.897 -1.374 1.924 0.672
0.341 0.093 0.907 -0.908 1.595 0.687
0.339 0.095 0.899 -0.847 1.588 0.748
0.328 0.104 0.895 -0.626 2.229 0.366
0.318 0.121 0.892 -1.115 0.618 1.412
0.314 0.133 0.897 -2.756 -0.466 2.069
0.327 0.109 0.906 -3.656 -1.55 2.809
0.326 0.094 0.892 -3.198 -2.008 3.198