0.076 -0.033 0.932 1.038 -1.954 2.931
0.073 -0.026 0.927 0.763 -1.153 3.305
0.083 -0.021 0.908 0.221 -0.664 3.786
0.078 -0.011 0.905 -0.122 0.359 3.626
0.089 -0.011 0.926 -0.863 0.191 3.359
0.094 -0.027 0.921 -1.71 0.687 3.435
0.092 -0.034 0.936 -2.779 -0.344 2.634
0.081 -0.041 0.94 -3.878 -0.916 1.992
0.069 -0.037 0.959 -3.435 -0.588 2.084
0.068 -0.04 0.959 -2.534 -0.221 1.924
0.079 -0.039 0.946 -0.511 0.29 2.206
0.083 -0.032 0.936 1.565 1.153 2.832
0.087 -0.029 0.929 1.656 0.802 2.908
0.088 -0.033 0.927 0.779 0.008 2.137
0.096 -0.038 0.935 0.45 -0.015 1.405
0.092 -0.04 0.938 0.504 -0.099 1.191
0.079 -0.025 0.932 0.214 0.008 1.336
0.072 -0.021 0.935 -0.321 -0.252 2.573
0.075 -0.019 0.937 -0.695 -1.0 3.359
0.083 -0.022 0.933 0.351 0.519 3.481
0.095 -0.03 0.934 1.206 0.458 3.466
0.106 -0.027 0.915 0.924 0.954 2.45
0.105 -0.027 0.906 0.221 1.74 1.649
0.1 -0.036 0.916 -0.359 1.634 1.412
0.093 -0.029 0.918 -1.412 1.053 0.947
0.079 -0.023 0.923 -1.824 0.824 0.794
0.08 -0.018 0.928 -0.939 0.779 1.511
0.084 -0.025 0.935 -0.435 0.466 1.603
0.089 -0.02 0.927 0.168 0.908 2.099
0.084 -0.012 0.927 -0.389 0.336 2.069
0.086 -0.016 0.925 -0.931 -0.237 1.832
0.082 -0.018 0.933 -0.908 -0.779 2.29
0.085 -0.026 0.923 -0.137 0.061 1.977
0.084 -0.024 0.925 0.031 0.618 1.924
0.093 -0.016 0.906 0.008 1.153 1.962
0.094 -0.017 0.903 -1.16 0.817 1.977
0.098 -0.018 0.907 -2.466 1.481 1.878
0.092 -0.017 0.921 -3.626 1.099 1.511
0.083 -0.021 0.929 -3.824 1.702 1.084
0.078 -0.028 0.931 -3.794 2.725 0.359
0.089 -0.029 0.928 -2.168 3.137 0.282
0.085 -0.025 0.929 -0.908 4.779 0.496
0.077 -0.019 0.927 -0.092 5.618 1.191
0.075 -0.013 0.926 0.16 5.145 2.046
0.075 -0.016 0.918 -0.221 4.595 2.687
0.064 -0.008 0.935 -1.977 4.061 2.313
0.059 -0.016 0.941 -3.145 2.687 2.145
0.062 -0.028 0.95 -2.672 2.046 1.511
0.052 -0.019 0.947 -0.84 3.626 1.443
0.047 -0.004 0.946 -0.29 6.099 1.588
0.033 -0.004 0.935 0.672 5.473 3.16
0.029 0.002 0.932 0.702 6.947 4.046
0.015 -0.005 0.958 0.908 7.672 4.947
0.016 -0.013 0.969 0.595 8.023 5.046
0.016 -0.018 0.968 0.779 5.214 5.053
0.019 -0.023 0.966 0.145 5.282 3.076
0.011 -0.021 0.957 -1.939 5.008 0.458
-0.021 -0.0 0.956 -2.603 3.321 0.725
-0.032 0.005 0.972 -4.023 1.969 0.511
-0.054 -0.002 0.993 -3.832 1.756 1.053
-0.042 -0.024 1.005 -3.458 2.466 0.588
-0.067 -0.021 1.043 -1.588 1.725 1.229
-0.121 -0.015 1.063 -0.588 -0.359 1.649
-0.128 0.007 1.05 3.031 -1.427 3.321
-0.126 0.019 1.011 3.061 -5.389 5.756
-0.125 0.037 0.957 0.878 -5.672 6.473
-0.074 0.032 0.89 -3.336 -4.702 5.137
-0.036 -0.017 0.869 -10.344 -6.527 3.198
-0.021 -0.061 0.869 -19.122 -6.176 -2.45
-0.05 -0.078 0.914 -25.969 -2.374 -11.443
-0.14 -0.061 1.051 -26.107 -3.336 -14.328
-0.207 -0.041 1.075 -20.672 -8.939 -12.443
-0.233 -0.031 1.107 -13.603 -12.374 -8.221
-0.237 0.011 1.091 -1.817 -13.779 -1.076
-0.167 0.026 0.995 5.878 -11.145 4.496
-0.106 0.021 0.905 7.466 -14.221 8.344
-0.026 0.0 0.811 -0.038 -11.45 4.305
-0.033 -0.006 0.826 -9.42 -6.511 -2.405
-0.134 -0.013 0.935 -16.725 -11.489 -7.046
-0.204 0.003 0.991 -20.87 -19.679 -7.053
-0.171 0.011 0.957 -21.733 -24.817 -4.71
-0.037 -0.022 0.892 -20.038 -24.313 -5.328
-0.043 -0.027 0.925 -20.481 -20.26 -11.924
-0.075 -0.031 0.983 -17.168 -20.282 -13.137
-0.065 -0.037 0.946 -12.519 -19.145 -9.763
-0.006 -0.071 0.844 -9.053 -12.458 -11.092
-0.027 -0.063 0.833 -9.282 -6.55 -13.122
-0.093 -0.02 0.895 -12.0 -8.664 -14.916
-0.061 -0.004 0.852 -16.733 -10.023 -15.725
-0.047 -0.015 0.877 -18.191 -14.084 -9.855
0.014 -0.044 0.878 -18.13 -20.214 -5.878
0.039 -0.087 0.918 -19.397 -25.542 -7.473
0.106 -0.122 0.906 -22.344 -23.267 -17.595
0.077 -0.111 0.926 -20.901 -23.084 -23.916
0.07 -0.127 0.913 -14.939 -17.153 -26.87
0.011 -0.125 0.907 -1.87 -10.977 -21.351
0.039 -0.031 0.824 8.023 2.924 -14.947
-0.02 0.067 0.861 10.679 10.382 -7.962
-0.034 0.123 0.876 8.756 9.977 0.427
-0.021 0.148 0.891 4.267 2.679 9.519
0.043 0.005 0.921 0.809 -7.366 12.046
0.117 -0.151 0.963 -2.053 -10.779 2.282
0.086 -0.176 1.003 -5.061 -21.008 -6.282
0.098 -0.146 0.944 -6.427 -31.916 -9.779
0.137 -0.129 0.887 -5.656 -34.389 -9.992
0.209 -0.087 0.747 -6.282 -25.344 -9.817
0.137 -0.019 0.795 -3.29 -18.344 -7.664
0.088 0.109 1.728 8.031 7.511 -2.504
-0.021 0.185 0.958 10.664 -14.786 19.557
0.107 0.061 0.917 17.183 -15.618 36.695
0.25 -0.01 0.745 9.038 -9.053 32.214
0.234 -0.142 0.96 -2.099 -14.725 0.786
-0.27 -0.345 2.0 20.985 -64.321 -104.611
0.311 -0.215 1.137 10.473 -37.702 -10.588
0.18 0.039 0.932 2.443 -59.267 8.557
0.297 0.053 0.809 1.84 -50.901 20.214
0.373 -0.025 0.799 3.244 -37.832 31.863
0.436 -0.083 0.798 10.107 -21.351 37.519
0.449 -0.083 0.777 12.473 -8.588 39.267
0.412 -0.137 0.844 10.763 -3.878 37.641
0.341 -0.165 0.981 11.771 -7.687 32.542
0.299 -0.121 0.982 10.053 -21.031 27.0
0.263 -0.072 0.95 4.847 -35.405 22.58
0.319 -0.102 0.901 2.191 -39.267 18.29
0.344 -0.123 0.911 6.634 -39.282 18.847
0.405 -0.121 0.878 15.641 -27.069 20.748
0.482 -0.065 0.798 19.641 -13.885 24.153
0.506 -0.046 0.74 18.931 -4.702 24.542
0.489 -0.07 0.777 18.931 3.939 20.718
0.442 -0.031 0.805 18.26 7.893 17.13
0.339 0.03 0.851 13.733 3.29 16.679
0.278 -0.006 0.967 8.321 -6.084 16.687
0.313 -0.11 1.003 6.206 -18.412 14.969
0.441 -0.202 0.93 6.427 -17.695 7.863
0.458 -0.194 0.958 12.962 -11.802 5.328
0.46 -0.124 0.908 23.985 -0.664 6.305
0.445 -0.036 0.86 29.229 7.863 7.756
0.421 0.031 0.808 27.527 10.87 5.565
0.335 0.117 0.825 20.176 4.557 4.824
0.335 0.113 0.8 8.809 -4.656 4.901
0.35 0.058 0.845 -0.458 -8.137 4.397
0.312 0.024 0.928 -5.176 -13.496 5.137
0.358 -0.025 0.913 -4.389 -12.718 7.916
0.373 -0.064 0.938 2.046 -11.267 10.832
0.394 -0.065 0.907 10.962 -6.198 11.802
0.383 -0.039 0.898 18.489 -3.863 13.496
0.343 0.008 0.879 21.221 -1.061 13.504
0.301 0.106 0.855 13.374 -1.939 11.824
0.188 0.077 1.009 1.595 -11.359 5.87
0.203 -0.017 1.088 0.321 -24.107 0.557
0.225 0.025 1.033 -1.183 -32.542 -4.863
0.235 0.063 1.057 1.053 -39.221 -4.718
0.291 0.092 0.971 11.084 -41.84 4.458
0.438 0.078 0.837 19.916 -32.534 17.145
0.614 -0.028 0.728 22.45 -24.237 23.053
0.736 -0.141 0.687 23.977 -9.641 18.496
0.76 -0.186 0.71 23.725 -2.214 6.221
0.757 -0.139 0.613 16.137 -0.481 -12.008
0.674 -0.003 0.612 8.015 -1.756 -22.931
0.609 0.153 0.478 -0.359 -6.718 -25.878
0.572 0.188 0.486 -6.351 -1.962 -19.427
0.536 0.139 0.592 -4.672 9.611 -7.954
0.488 0.075 0.717 0.573 21.603 1.221
0.384 0.021 0.897 6.061 27.107 4.45
0.323 0.044 0.934 9.13 25.084 3.336
0.26 0.094 0.954 6.611 17.763 1.176
0.203 0.102 1.008 1.214 0.832 -1.122
0.265 0.111 0.948 -3.702 -10.84 -2.099
0.354 0.049 0.893 -4.153 -6.534 0.489
0.394 -0.001 0.924 0.718 1.435 3.031
0.433 -0.021 0.881 7.015 9.58 4.443
0.386 0.013 0.904 10.252 12.092 4.756
0.35 0.055 0.917 10.809 8.916 6.221
0.317 0.083 0.905 8.916 3.618 6.458
0.357 0.058 0.881 9.649 3.076 6.962
0.399 0.048 0.873 6.908 2.702 5.229
0.355 0.055 0.908 4.779 0.634 4.389
0.299 0.038 0.961 3.412 -5.298 3.214
0.299 -0.004 0.987 2.763 -9.069 -1.0
0.359 0.01 0.953 1.832 -9.298 0.389
0.408 -0.033 0.924 2.817 -7.176 -1.115
0.416 -0.044 0.918 3.252 -3.45 -3.038
0.367 -0.007 0.941 3.534 -4.252 -5.763
0.353 0.016 0.907 3.053 -5.031 -7.71
0.333 0.051 0.907 2.023 -8.076 -8.458
0.307 0.082 0.887 1.519 -10.527 -6.595
0.314 0.096 0.871 2.656 -7.092 -2.908
0.338 0.064 0.885 3.351 -3.885 0.198
0.369 0.051 0.881 3.641 -2.763 0.115
0.378 0.055 0.873 2.26 -4.298 -2.573
0.376 0.075 0.823 0.908 -4.397 -3.237
0.355 0.095 0.843 -0.145 -5.328 -1.786
0.35 0.092 0.836 -1.679 -4.427 1.122
0.333 0.083 0.885 -1.244 -0.42 3.153
0.313 0.049 0.936 -1.84 0.878 2.885
0.307 0.04 0.96 -1.924 -1.695 1.122
0.33 0.041 0.951 -0.351 -2.26 -0.992
0.321 0.074 0.921 -1.588 -5.641 -3.489
0.338 0.097 0.882 -2.053 -6.588 -3.137
0.349 0.116 0.84 -2.046 -4.389 -0.511
0.339 0.115 0.857 -3.931 -1.496 3.267
0.351 0.043 0.929 -4.0 0.298 4.779
0.361 0.009 0.947 -2.298 -1.664 2.771
0.395 -0.004 0.898 -0.588 -2.168 -0.718
0.353 0.066 0.874 -0.84 -5.267 -2.885
0.342 0.105 0.845 -1.832 -3.718 -2.58
0.313 0.114 0.865 -2.489 -2.336 -1.427
0.291 0.127 0.9 -1.733 -1.13 1.496
0.294 0.094 0.916 -1.84 -0.832 1.405
0.339 0.079 0.887 -2.924 -2.466 0.832
0.364 0.057 0.87 -0.366 -0.443 2.489
0.362 0.062 0.871 1.87 0.962 3.275
0.364 0.052 0.867 2.534 2.069 2.443
0.343 0.058 0.874 2.374 0.206 -0.046
0.348 0.079 0.841 0.985 -1.702 -1.45
0.35 0.08 0.828 0.374 1.435 -0.954
0.313 0.067 0.883 1.412 3.611 -0.695
0.3 0.073 0.904 1.824 4.435 -0.069
0.277 0.094 0.921 0.29 0.336 0.206
0.298 0.092 0.902 -0.069 -2.191 -0.061
0.346 0.073 0.853 -0.473 -4.496 0.634
0.382 0.05 0.839 -0.115 -2.786 2.0
0.394 0.019 0.867 1.481 1.275 1.71
0.409 0.012 0.853 2.206 3.061 -0.351
0.4 0.024 0.85 1.344 2.473 -2.214
0.38 0.032 0.843 1.412 4.336 -4.412
0.35 0.063 0.854 1.947 4.702 -4.313
0.327 0.112 0.851 2.977 6.771 -2.977
0.295 0.139 0.864 2.16 7.412 -1.466
0.268 0.148 0.89 -0.931 4.656 -0.878
0.276 0.145 0.892 -2.267 1.237 0.527
0.311 0.133 0.869 -2.099 1.328 2.824
0.354 0.092 0.847 -2.046 4.099 3.809
0.356 0.092 0.842 -3.031 2.847 3.351
0.367 0.104 0.814 -4.565 1.45 2.824
0.353 0.113 0.825 -4.634 4.107 3.496
0.346 0.109 0.846 -4.29 6.435 5.015
0.315 0.099 0.868 -3.359 6.71 7.344
0.305 0.106 0.9 -2.069 7.397 8.779
0.308 0.086 0.912 0.099 8.351 10.061
0.3 0.083 0.936 0.748 7.809 10.29
0.301 0.08 0.928 -0.519 5.542 9.786
0.295 0.061 0.937 -1.626 2.427 8.565
0.316 0.057 0.922 -3.29 -1.489 6.115
0.326 0.063 0.893 -4.458 -3.298 5.168
0.331 0.056 0.897 -2.817 -2.71 5.282
0.337 0.062 0.894 -1.824 -1.534 5.756
0.335 0.066 0.89 -1.351 -0.076 5.756
0.328 0.064 0.903 -0.481 0.58 6.076
0.327 0.059 0.909 0.214 1.275 6.16
0.316 0.042 0.931 0.374 1.885 4.763
0.307 0.04 0.948 0.786 0.519 4.023
0.305 0.08 0.953 0.137 -3.382 2.099
0.32 0.081 0.907 -0.771 -6.374 1.282
0.362 0.078 0.872 -1.099 -6.061 1.458
0.388 0.053 0.845 1.008 -2.916 2.359
0.394 0.068 0.823 2.695 0.595 3.191
0.379 0.082 0.827 3.893 5.779 3.13
0.328 0.103 0.858 3.58 5.084 3.702
0.311 0.115 0.859 2.397 5.153 3.969
0.295 0.122 0.881 1.0 4.954 4.412
0.28 0.14 0.887 -1.168 2.443 4.481
0.267 0.138 0.892 -4.16 -1.206 5.267
0.292 0.106 0.918 -4.267 -2.672 6.412
0.321 0.084 0.902 -3.305 -2.771 7.176
0.347 0.055 0.89 -2.26 -2.183 7.076
0.371 0.035 0.866 -0.687 -0.191 5.664
0.365 0.049 0.861 0.458 1.626 3.916
0.364 0.069 0.842 0.527 3.344 2.985
0.341 0.081 0.841 0.29 2.855 2.87
0.324 0.093 0.854 -0.382 2.496 2.504
0.311 0.1 0.861 -2.13 2.282 1.389
0.297 0.103 0.862 -4.206 0.939 1.038
0.294 0.104 0.872 -4.786 1.023 1.855
0.288 0.1 0.896 -4.504 1.939 2.718
0.292 0.08 0.906 -3.443 2.992 3.969
0.311 0.06 0.907 -2.634 3.321 4.046
0.322 0.041 0.915 -1.725 2.504 3.237
0.353 0.034 0.896 -1.198 2.618 1.794
0.365 0.025 0.882 -1.046 3.908 -0.008
0.356 0.032 0.878 -1.046 4.13 -2.275
0.349 0.06 0.882 -1.397 2.122 -3.672
0.332 0.076 0.872 -1.069 3.527 -3.573
0.313 0.089 0.878 -0.924 4.771 -2.336
0.299 0.085 0.892 -1.748 4.634 -0.748
0.303 0.097 0.901 -2.702 4.015 0.496
0.292 0.095 0.927 -2.603 3.786 1.13
0.314 0.083 0.918 -2.763 2.527 1.305
0.316 0.085 0.9 -3.198 1.573 0.466
0.331 0.088 0.887 -3.962 0.748 -0.687
0.331 0.073 0.889 -3.794 1.687 -0.954
0.316 0.073 0.904 -3.061 2.695 -1.046
0.31 0.087 0.917 -4.176 0.733 -1.237
0.308 0.082 0.909 -3.641 -0.191 -0.29
0.318 0.086 0.889 -2.466 -0.176 0.435
0.315 0.103 0.874 -1.901 0.137 1.137
0.317 0.102 0.882 -1.733 0.84 1.534
0.309 0.096 0.883 -1.908 1.282 1.901
0.299 0.103 0.901 -1.634 0.763 2.939
0.307 0.083 0.903 -0.939 0.046 3.588
0.316 0.087 0.903 -1.405 0.656 3.664
0.335 0.068 0.904 -0.901 -0.481 3.244
0.348 0.068 0.877 -1.015 -0.908 2.427
0.341 0.066 0.878 -2.053 -1.115 1.145
0.344 0.065 0.868 -2.702 -1.824 0.29
0.34 0.05 0.873 -1.679 1.015 -0.031
0.328 0.052 0.908 -1.015 1.458 -0.237
0.311 0.056 0.916 0.092 0.817 -1.153
0.307 0.076 0.919 1.336 -0.504 -1.13
0.308 0.08 0.895 2.527 -1.198 -0.519
0.314 0.096 0.872 3.038 -0.466 -0.061
0.317 0.083 0.87 2.626 0.176 -0.046
0.32 0.083 0.877 2.748 0.84 -1.122
0.322 0.093 0.864 2.588 0.351 -1.374
0.329 0.097 0.851 1.687 0.55 -0.786
0.333 0.094 0.849 1.191 1.519 -0.939
0.331 0.085 0.851 1.389 2.641 -0.977
0.318 0.076 0.87 1.931 3.26 -0.214
0.317 0.091 0.875 1.008 2.298 -0.74
0.319 0.094 0.857 -0.061 0.87 -1.718
0.317 0.105 0.859 -0.779 1.328 -1.695
0.332 0.104 0.848 -2.137 1.466 -1.305
0.333 0.106 0.846 -2.107 2.397 -0.931
0.335 0.091 0.854 -1.542 4.511 -0.435
0.325 0.1 0.859 -1.855 5.351 -0.595
0.308 0.098 0.889 -2.534 4.664 -0.466
0.315 0.093 0.893 -2.489 4.58 -0.71
0.32 0.093 0.887 -2.351 3.87 -0.527
0.324 0.097 0.882 -2.366 3.779 -0.046
0.326 0.094 0.878 -1.962 4.977 0.053
0.304 0.103 0.9 -1.748 4.282 0.718
0.308 0.103 0.908 -1.466 4.695 0.74
0.301 0.107 0.909 -2.015 3.046 1.099
0.311 0.097 0.907 -2.42 2.16 1.221
0.319 0.086 0.886 -2.71 2.031 0.985
0.333 0.089 0.869 -3.908 2.405 0.244
0.337 0.079 0.872 -3.481 2.427 -0.023
0.326 0.091 0.877 -3.344 3.122 0.031
0.316 0.098 0.882 -3.107 3.176 0.496
0.316 0.096 0.896 -3.214 2.885 0.939
0.322 0.094 0.899 -2.45 2.656 1.634
0.308 0.099 0.902 -1.84 3.122 2.023
0.308 0.093 0.905 -1.817 3.321 2.0
0.304 0.096 0.894 -2.389 2.656 1.313
0.306 0.105 0.891 -3.16 0.115 0.779
0.308 0.11 0.88 -3.573 0.382 1.13
0.311 0.108 0.895 -3.481 1.954 2.237
0.315 0.09 0.911 -2.58 3.008 2.802
0.302 0.073 0.914 -2.344 2.237 2.115
0.31 0.072 0.898 -2.908 0.504 1.282
0.314 0.087 0.885 -2.885 0.649 0.794
0.321 0.096 0.872 -3.122 0.351 1.534
0.33 0.089 0.867 -3.527 1.962 1.45
0.327 0.078 0.864 -4.244 1.603 1.282
0.324 0.076 0.865 -4.397 0.832 0.855
0.318 0.097 0.867 -3.802 0.954 0.893
0.316 0.099 0.858 -4.176 1.969 1.557
0.308 0.092 0.882 -4.458 3.496 1.939
0.314 0.085 0.885 -4.573 2.015 1.496
0.306 0.101 0.874 -4.763 1.931 1.145
0.3 0.096 0.88 -4.389 2.534 1.573
0.302 0.093 0.884 -4.374 3.115 1.748
0.305 0.085 0.885 -3.458 2.664 2.496
0.309 0.092 0.903 -2.992 2.489 1.878
0.301 0.102 0.896 -2.863 1.092 1.519
0.29 0.103 0.885 -3.229 1.244 1.687
0.302 0.102 0.899 -3.115 1.435 2.733
0.301 0.087 0.899 -3.145 1.573 3.794
0.319 0.072 0.878 -2.542 2.038 3.397
0.315 0.062 0.916 -1.504 2.672 2.779
0.335 0.062 0.891 -1.084 2.206 1.702
0.325 0.078 0.888 -1.374 1.107 0.947
0.319 0.076 0.885 -1.198 1.084 0.649
0.31 0.087 0.885 -1.481 0.901 0.435
0.299 0.102 0.885 -1.817 1.13 0.687
0.313 0.099 0.871 -1.557 1.969 2.168
0.305 0.095 0.866 -1.282 2.42 3.458
0.315 0.085 0.879 -1.481 3.405 3.374
0.309 0.078 0.895 -2.237 2.435 2.939
0.308 0.082 0.889 -2.489 2.168 1.763
0.308 0.083 0.875 -1.908 3.084 1.794
0.315 0.086 0.87 -1.374 5.198 2.756
0.31 0.091 0.882 -0.511 7.198 4.198
0.309 0.084 0.883 -0.382 8.29 5.229
0.311 0.073 0.912 -0.084 8.298 5.237
0.294 0.062 0.918 -0.87 5.809 3.473
0.291 0.068 0.913 -2.176 2.908 2.115
0.292 0.07 0.918 -3.634 0.779 0.641
0.299 0.069 0.905 -3.901 -0.611 -0.252
0.311 0.072 0.897 -3.641 -0.756 -1.069
0.307 0.081 0.888 -1.573 0.977 -0.489
0.292 0.101 0.89 -0.794 2.237 0.275
0.29 0.112 0.885 -0.603 2.328 1.023
0.284 0.105 0.895 -0.496 1.779 1.229
0.283 0.1 0.894 -0.573 1.206 1.061
0.278 0.105 0.907 -1.061 -0.489 0.885
0.285 0.098 0.892 -1.282 -1.519 0.977
0.299 0.083 0.894 -1.076 -1.466 0.603
0.301 0.078 0.888 -1.076 -2.305 0.313
0.303 0.072 0.891 -0.397 -1.748 0.626