-0.04, -0.022, 0.94, 0.389, 4.42, 3.893
-0.025, -0.014, 0.907, -0.824, 5.504, 4.603
-0.024, -0.015, 0.892, -2.45, 6.137, 4.863
-0.022, -0.02, 0.903, -5.229, 6.687, 3.603
-0.031, -0.04, 0.929, -6.756, 6.611, 1.695
-0.042, -0.053, 0.98, -7.702, 5.45, 0.458
-0.057, -0.072, 1.006, -6.107, 3.023, -0.527
-0.056, -0.072, 1.004, -2.282, 3.053, -0.344
-0.038, -0.049, 0.957, 1.122, 4.084, 0.802
-0.027, -0.019, 0.914, 1.42, 6.0, 1.038
-0.024, -0.003, 0.91, -0.008, 5.221, 0.466
-0.019, 0.002, 0.9, -2.015, 4.435, 0.626
-0.042, 0.001, 0.919, -3.336, 3.565, 1.336
-0.055, 0.003, 0.914, -5.13, 2.794, 1.695
-0.052, -0.001, 0.933, -6.29, 3.221, 2.55
-0.064, -0.019, 0.954, -5.855, 3.183, 2.496
-0.041, -0.042, 0.949, -4.511, 4.26, 2.489
-0.032, -0.054, 0.953, -2.328, 4.641, 1.542
-0.039, -0.038, 0.949, -0.954, 3.183, 1.115
-0.051, -0.028, 0.955, -1.702, 0.992, 0.389
-0.068, -0.021, 0.943, -1.664, -0.55, 0.412
-0.054, -0.014, 0.926, -0.58, -0.496, 1.031
-0.055, -0.008, 0.91, 1.061, 0.435, 2.389
-0.04, -0.002, 0.898, 0.053, 1.573, 2.458
-0.024, -0.0, 0.868, -3.13, 2.71, 2.229
-0.031, -0.02, 0.913, -4.985, 2.901, 1.092
-0.048, -0.037, 0.939, -6.511, 1.916, 0.412
-0.046, -0.057, 0.954, -5.191, 0.252, 0.649
-0.048, -0.045, 0.951, -3.466, -0.458, 0.229
-0.032, -0.04, 0.929, -1.931, -0.885, 0.756
-0.019, -0.026, 0.912, -1.74, -0.015, 0.206
-0.018, -0.026, 0.898, -1.672, 0.908, 0.878
-0.017, -0.019, 0.91, -2.748, 0.618, 0.244
-0.026, -0.029, 0.919, -3.557, -0.29, -0.244
-0.035, -0.039, 0.935, -3.099, -1.573, -0.603
-0.047, -0.036, 0.95, -1.504, -1.527, -1.153
-0.047, -0.031, 0.923, -0.023, -0.282, -1.252
-0.046, -0.016, 0.92, 0.84, 0.885, -0.718
-0.038, 0.005, 0.897, 0.664, 1.824, -0.397
-0.032, 0.004, 0.891, -0.397, 2.809, -0.519
-0.033, -0.002, 0.91, -3.16, 2.916, -1.328
-0.029, -0.014, 0.919, -4.221, 1.863, -1.504
-0.04, -0.027, 0.95, -4.206, 0.176, -0.992
-0.046, -0.039, 0.955, -2.519, -0.168, -0.786
-0.051, -0.034, 0.962, 0.137, -0.298, -0.176
-0.031, -0.025, 0.925, 2.771, 1.458, 0.924
-0.034, -0.013, 0.908, 3.267, 2.084, 1.542
-0.027, -0.002, 0.895, 0.916, 1.794, 1.298
-0.031, -0.006, 0.906, -1.565, 0.405, 0.313
-0.044, -0.016, 0.93, -3.359, -1.336, -0.115
-0.044, -0.016, 0.938, -3.763, -2.603, -0.55
-0.041, -0.026, 0.943, -3.473, -1.992, -0.542
-0.034, -0.028, 0.93, -1.351, -1.046, 0.557
-0.02, -0.02, 0.903, -0.588, 0.687, 1.053
-0.035, -0.027, 0.922, -0.802, 1.26, 1.336
-0.028, -0.024, 0.922, -0.756, 1.947, 1.344
-0.034, -0.029, 0.935, 0.191, 1.84, 1.298
-0.041, -0.025, 0.939, 0.74, 1.542, 1.145
-0.032, -0.023, 0.926, 1.092, 1.878, 1.229
-0.021, -0.011, 0.915, 0.481, 1.84, 0.985
-0.03, -0.015, 0.915, -0.031, 1.122, 0.901
-0.031, -0.017, 0.911, 0.267, 0.863, 0.573
-0.041, -0.015, 0.917, 0.916, 0.603, 1.458
-0.041, -0.018, 0.909, 1.382, 1.115, 2.092
-0.029, -0.018, 0.916, 1.71, 1.817, 2.473
-0.035, -0.01, 0.903, 1.473, 2.779, 2.344
-0.028, -0.016, 0.904, 1.29, 3.046, 2.374
-0.028, -0.008, 0.898, 0.855, 3.58, 2.366
-0.047, -0.006, 0.917, -0.595, 3.206, 1.412
-0.04, -0.016, 0.923, -0.718, 2.221, 1.756
-0.032, -0.023, 0.923, 0.595, 2.0, 2.229
-0.038, -0.013, 0.924, 0.969, 1.588, 1.763
-0.048, -0.015, 0.929, 0.878, 0.87, 1.534
-0.046, -0.035, 0.922, 1.107, 2.183, 0.992
-0.057, -0.027, 0.927, 1.939, 2.947, 1.359
-0.062, -0.031, 0.933, 1.832, 3.573, 1.26
-0.077, -0.025, 0.938, 2.603, 3.435, 1.351
-0.093, -0.012, 0.948, 2.977, 3.038, 1.786
-0.128, 0.006, 0.947, 2.221, 2.427, 3.244
-0.16, 0.036, 0.958, 0.069, 0.557, 5.214
-0.161, 0.022, 0.966, -0.634, 0.053, 8.313
-0.164, 0.006, 0.964, -1.885, -0.443, 10.87
-0.174, -0.019, 0.976, -1.771, -0.931, 12.122
-0.177, -0.036, 0.983, -1.664, -1.527, 12.046
-0.203, -0.035, 0.995, -2.458, -2.542, 10.282
-0.237, -0.008, 1.012, -4.26, -3.008, 9.061
-0.281, 0.001, 1.06, -5.0, -5.527, 11.13
-0.303, -0.009, 1.084, -3.725, -7.046, 13.55
-0.326, -0.01, 1.103, -0.611, -7.351, 17.168
-0.331, -0.036, 1.083, 4.435, -9.42, 21.595
-0.319, -0.042, 1.037, 10.45, -10.763, 25.901
-0.314, -0.01, 0.934, 12.939, -12.244, 28.71
-0.317, 0.024, 0.949, 10.282, -14.588, 31.893
-0.307, 0.036, 0.887, 3.679, -12.725, 31.466
-0.341, 0.035, 0.941, -4.336, -16.748, 32.061
-0.332, 0.005, 0.93, -12.603, -20.527, 29.145
-0.359, -0.022, 0.961, -18.176, -19.71, 25.443
-0.385, -0.047, 0.988, -21.031, -21.672, 24.771
-0.376, -0.082, 0.991, -19.687, -21.282, 26.847
-0.266, -0.114, 0.928, -16.336, -19.489, 25.534
-0.193, -0.152, 0.912, -12.756, -13.107, 19.405
-0.229, -0.132, 0.96, -12.969, -14.321, 12.511
-0.266, -0.113, 0.951, -13.366, -18.84, 7.832
-0.303, -0.084, 0.953, -14.023, -18.473, 4.328
-0.288, -0.093, 0.893, -14.947, -24.267, -1.053
-0.214, -0.072, 0.851, -15.595, -17.359, -6.313
-0.235, -0.071, 0.875, -15.573, -18.214, -8.763
-0.195, -0.057, 0.842, -13.542, -16.916, -7.328
-0.161, -0.073, 0.902, -9.244, -10.237, -5.26
-0.151, -0.087, 0.913, -2.069, -10.664, -6.26
-0.212, -0.058, 0.935, -1.351, -12.756, -8.198
-0.266, -0.09, 0.989, -2.802, -13.458, -15.71
-0.294, -0.066, 0.969, -1.244, -13.855, -19.038
-0.292, -0.01, 0.913, 4.58, -15.183, -16.412
-0.28, -0.003, 0.877, 11.603, -12.992, -10.405
-0.188, 0.05, 0.861, 12.198, -4.733, -4.748
-0.094, 0.056, 0.784, 11.84, -0.748, -2.244
-0.062, 0.007, 0.873, 8.695, 6.031, -5.366
-0.112, 0.006, 0.902, 5.45, 5.252, -8.687
-0.178, -0.009, 0.979, 6.893, 0.183, -10.435
-0.144, 0.013, 0.922, 13.779, -0.878, -6.084
-0.16, 0.047, 0.892, 18.763, 0.824, 1.214
-0.177, 0.134, 0.868, 17.405, 1.084, 12.748
-0.148, 0.138, 0.837, 11.542, -1.496, 20.389
-0.125, 0.081, 0.966, 7.443, -8.206, 22.71
0.002, 0.01, 0.946, 5.802, -11.137, 21.542
0.093, -0.016, 0.931, 4.046, -8.053, 14.458
0.128, -0.002, 0.902, 0.008, -9.718, 9.779
0.119, 0.016, 0.888, -3.863, -11.366, 5.916
0.099, 0.021, 0.927, -4.321, -12.985, 8.359
0.125, 0.007, 0.893, -2.901, -9.374, 12.687
0.142, 0.001, 0.9, -0.664, -4.595, 14.855
0.17, -0.053, 0.939, -1.336, -3.863, 10.176
0.238, -0.114, 0.989, -2.763, -6.779, 0.527
0.232, -0.051, 0.965, -5.954, -14.71, -8.603
0.249, 0.001, 0.929, -8.466, -22.015, -13.145
0.312, 0.02, 0.852, -8.718, -20.267, -11.305
0.305, 0.04, 0.83, -10.42, -12.924, -8.359
0.312, -0.013, 0.832, -11.015, -6.405, -10.092
0.334, -0.134, 0.922, -1.42, 1.977, -11.931
0.269, -0.022, 0.885, 2.786, 2.893, -11.931
0.28, 0.053, 0.856, 0.649, -1.366, -11.634
0.313, 0.043, 0.842, -2.969, -4.916, -13.298
0.349, -0.029, 0.868, -3.061, -3.382, -17.29
0.375, -0.091, 0.886, 0.107, -4.916, -23.115
0.382, -0.054, 0.842, 3.718, -3.008, -27.305
0.352, 0.051, 0.75, 3.901, 0.809, -28.618
0.32, 0.103, 0.754, 2.107, 4.634, -27.634
0.316, 0.115, 0.782, 0.779, 8.634, -23.847
0.294, 0.095, 0.827, 0.588, 11.832, -19.672
0.256, 0.05, 0.936, 4.053, 9.702, -16.977
0.287, 0.021, 0.924, 9.053, 9.122, -16.336
0.318, 0.059, 0.857, 11.473, 7.947, -18.725
0.345, 0.079, 0.778, 10.519, 10.58, -20.565
0.307, 0.138, 0.763, 8.481, 12.137, -20.061
0.236, 0.155, 0.779, 6.031, 11.115, -16.214
0.173, 0.143, 0.879, 4.802, 11.992, -9.878
0.132, 0.126, 0.956, 4.611, 5.069, -1.916
0.188, 0.038, 0.953, 5.641, 3.183, 1.412
0.197, 0.027, 0.975, 6.748, 4.962, 2.374
0.226, 0.03, 0.919, 3.046, 5.206, -1.244
0.252, -0.009, 0.916, -3.466, 9.985, -10.435
0.24, -0.047, 0.957, -5.267, 13.84, -17.977
0.191, -0.035, 0.988, 0.992, 16.84, -20.29
0.136, 0.001, 1.029, 12.718, 22.176, -16.191
0.072, 0.083, 1.054, 22.023, 21.336, -9.725
0.052, 0.161, 0.999, 23.16, 12.985, -6.443
0.034, 0.208, 0.979, 20.366, 0.748, -3.244
0.084, 0.248, 0.862, 15.481, -4.733, 3.466
0.075, 0.237, 0.816, 8.145, -9.817, 5.511
0.109, 0.21, 0.811, 0.427, -11.214, 6.489
0.101, 0.167, 0.813, -9.832, -15.916, 4.779
0.12, 0.136, 0.836, -22.985, -22.473, 4.038
0.167, 0.073, 0.861, -30.695, -25.214, 4.771
0.233, -0.009, 0.864, -31.489, -22.198, 4.71
0.209, -0.018, 0.995, -26.824, -13.092, 5.122
0.226, -0.157, 0.983, -14.397, -4.038, 2.725
0.218, -0.135, 1.008, -0.817, 5.58, 1.412
0.178, -0.043, 0.972, 10.802, 10.969, 1.511
0.161, 0.032, 0.956, 14.71, 13.656, 1.374
0.126, 0.125, 0.974, 8.031, 9.672, 1.824
0.124, 0.148, 0.972, -3.565, -0.817, 2.16
0.156, 0.128, 1.014, -13.42, -6.374, 3.275
0.186, 0.082, 1.042, -17.16, -8.443, 5.687
0.245, 0.054, 1.026, -18.298, -8.122, 5.275
0.215, 0.092, 0.991, -18.687, -10.725, 7.504
0.266, 0.072, 0.914, -15.992, -10.824, 11.031
0.323, 0.026, 0.869, -11.924, -2.763, 14.916
0.24, 0.047, 0.865, -11.282, -3.664, 19.366
0.246, 0.023, 0.862, -13.794, -3.939, 22.702
0.3, -0.058, 0.871, -10.473, 1.87, 23.084
0.275, -0.053, 0.909, -6.626, 3.321, 26.115
0.369, -0.094, 0.847, -1.809, 8.29, 27.191
0.376, -0.171, 0.919, 4.336, 15.702, 23.702
0.221, -0.088, 0.95, 11.817, 8.71, 20.0
0.101, 0.02, 0.908, 7.198, 3.42, 16.969
0.062, 0.035, 0.919, 2.084, -0.313, 16.305
0.031, 0.008, 0.978, 0.328, -3.046, 17.969
0.066, -0.025, 0.968, -3.687, -7.412, 17.878
0.082, -0.002, 0.935, -7.168, -5.695, 17.695
0.106, -0.06, 0.973, -5.786, -4.298, 16.099
0.115, -0.108, 1.032, 0.756, -6.015, 13.115
0.091, -0.083, 0.996, 9.687, -7.908, 13.435
0.08, -0.04, 0.943, 10.786, -7.504, 11.527
0.063, 0.0, 0.934, 6.298, -10.137, 8.893
0.033, 0.006, 0.958, 0.618, -14.466, 6.336
0.072, -0.009, 0.935, -2.878, -14.42, 4.649
0.098, -0.014, 0.929, -5.244, -10.313, 2.565
0.034, 0.008, 0.98, -3.55, -9.939, 2.916
0.056, 0.006, 0.981, 3.145, -9.214, 5.45
0.064, 0.038, 0.945, 8.29, -6.58, 7.603
0.095, 0.058, 0.91, 10.237, -1.466, 7.382
0.029, 0.127, 0.893, 4.351, -6.893, 5.809
0.05, 0.125, 0.868, -6.786, -9.511, 3.954
0.081, 0.025, 0.92, -13.45, -8.771, 2.511
0.066, -0.02, 0.948, -14.969, -10.214, 1.183
0.113, -0.062, 0.938, -14.603, -7.389, -0.962
0.12, -0.06, 0.936, -11.763, -8.412, -3.42
0.124, -0.045, 0.929, -8.298, -4.817, -6.382
0.108, -0.013, 0.944, -3.458, -3.153, -7.427
0.076, 0.053, 0.9, -2.725, -3.611, -5.351
0.075, 0.08, 0.867, -6.305, -2.0, -4.275
0.083, 0.042, 0.868, -10.374, -1.45, -2.519
0.117, -0.011, 0.895, -11.504, -0.733, -2.557
0.133, -0.03, 0.906, -9.557, 1.023, -3.969
0.147, -0.025, 0.91, -7.0, 3.099, -4.389
0.144, -0.013, 0.925, -3.603, 3.626, -5.366
0.107, 0.025, 0.943, -0.985, 1.779, -4.985
0.098, 0.046, 0.923, -0.359, 2.26, -3.794
0.085, 0.069, 0.925, -0.969, 1.496, -1.565
0.12, 0.037, 0.918, -2.237, 2.779, -1.031
0.078, 0.03, 0.956, -2.573, -0.351, -0.542
0.099, 0.025, 0.935, -2.031, -0.061, 1.45
0.103, 0.006, 0.946, -1.931, -0.305, 2.389
0.113, 0.004, 0.939, -3.763, -2.321, 1.718
0.108, -0.032, 0.955, -3.427, -2.282, 0.076
0.085, -0.021, 0.951, -2.565, -3.13, 0.107
0.079, -0.002, 0.926, -3.038, -4.206, 0.763
0.108, -0.033, 0.92, -1.924, -2.962, 1.382
0.113, -0.026, 0.914, 0.328, -3.069, 0.878
0.133, -0.008, 0.893, 0.489, -0.466, 0.359
0.143, -0.012, 0.908, -0.366, 0.756, -1.092
0.157, -0.002, 0.929, -1.275, 1.534, -2.198
0.102, 0.023, 0.955, -0.603, 0.519, -1.893
0.075, 0.048, 0.961, -1.595, 1.137, -0.191
0.083, 0.042, 0.975, -2.786, 1.153, 1.641
0.076, 0.043, 0.981, -4.0, -2.046, 1.618
0.082, 0.046, 0.964, -6.901, -3.122, 1.092
0.08, 0.035, 0.959, -7.702, -4.282, 1.275
0.099, 0.019, 0.944, -6.656, -4.466, 2.397
0.131, -0.01, 0.927, -5.802, -3.038, 1.641
0.11, -0.004, 0.919, -5.71, -2.015, -0.275
0.074, 0.042, 0.915, -6.443, -2.885, -0.374
0.073, 0.045, 0.903, -7.366, -1.847, 1.504
0.085, 0.017, 0.917, -6.908, -1.924, 3.672
0.083, 0.011, 0.918, -7.916, -3.885, 4.534
0.112, -0.027, 0.914, -8.74, -4.351, 4.061
0.131, -0.058, 0.898, -8.802, -4.053, 2.756
0.148, -0.076, 0.907, -7.061, -2.809, 0.092
0.156, -0.081, 0.909, -4.344, -1.924, -2.809
0.121, -0.039, 0.892, -1.695, -1.374, -3.733
0.11, -0.014, 0.898, 0.863, 1.29, -4.122
0.084, 0.037, 0.901, 1.756, 1.061, -3.412
0.088, 0.061, 0.896, 0.191, 1.13, -2.756
0.099, 0.06, 0.902, -1.351, 0.656, -1.924
0.088, 0.069, 0.912, -3.58, 0.092, -1.267
0.093, 0.05, 0.928, -4.656, 0.26, -0.145
0.091, 0.04, 0.949, -5.137, -0.901, 1.351
0.087, 0.028, 0.955, -6.252, -1.794, 2.718
0.113, 0.007, 0.949, -8.137, -3.374, 3.061
0.142, -0.027, 0.942, -10.878, -3.664, 2.13
0.158, -0.063, 0.977, -11.137, -4.038, -0.504
0.138, -0.061, 0.989, -8.58, -5.153, -2.053
0.144, -0.045, 0.964, -5.252, -4.076, -1.481
0.142, -0.025, 0.931, -2.374, -2.214, -0.45
0.128, 0.003, 0.917, -2.649, -2.359, -0.771
0.128, 0.011, 0.88, -5.13, -2.962, -1.252
0.132, -0.006, 0.88, -7.29, -2.947, -1.107
0.118, -0.002, 0.9, -7.328, -3.191, 0.061
0.134, -0.011, 0.898, -6.611, -1.45, 0.863
0.108, -0.009, 0.934, -4.626, -0.611, 2.397
0.118, 0.005, 0.926, -2.519, -0.58, 3.038
0.112, 0.003, 0.933, -2.718, -0.359, 3.641
0.105, -0.015, 0.941, -3.221, -0.954, 3.13
0.119, -0.032, 0.933, -2.092, -0.466, 2.962
0.119, -0.044, 0.938, -0.351, -0.313, 2.672
0.125, -0.039, 0.927, 0.626, 0.588, 0.931
0.119, -0.005, 0.92, -0.321, 0.214, -0.656
0.115, 0.011, 0.903, -2.344, -0.198, -1.053
0.115, 0.013, 0.925, -3.939, -0.031, -0.397
0.111, -0.0, 0.939, -4.832, -0.908, 0.046
0.129, -0.027, 0.954, -4.053, 0.031, -0.038
0.115, -0.035, 0.981, -1.969, -0.718, -1.191
0.115, -0.026, 0.985, -0.275, -1.29, -2.084
0.124, -0.01, 0.951, 1.389, -1.817, -1.634
0.125, 0.005, 0.921, 1.687, -1.282, -1.733
0.128, 0.017, 0.906, -0.282, -1.275, -1.252
0.134, 0.002, 0.902, -2.779, -0.779, -1.656
0.127, 0.007, 0.923, -3.809, -1.519, -1.573
0.112, 0.017, 0.942, -4.55, -2.145, -1.122
0.114, -0.007, 0.936, -4.977, -2.015, -0.305
0.132, -0.023, 0.934, -4.855, -1.611, -0.458
0.155, -0.038, 0.927, -4.58, -0.809, -1.206
0.148, -0.034, 0.897, -4.153, -0.366, -1.748
0.146, -0.029, 0.897, -3.702, 0.107, -2.053
0.133, -0.018, 0.904, -2.603, -0.679, -1.42
0.131, -0.008, 0.898, -2.046, 0.672, -0.863
0.128, -0.012, 0.927, -1.298, 1.221, -0.29
0.131, -0.009, 0.924, 0.244, 1.145, -0.137
0.124, 0.0, 0.941, 1.664, 1.832, -0.466
0.094, 0.038, 0.938, 2.122, 0.481, -0.191
0.099, 0.053, 0.93, 1.672, -0.008, 1.748
0.105, 0.058, 0.931, -0.061, 0.351, 3.435
0.105, 0.047, 0.928, -2.977, -0.252, 4.626
0.125, 0.005, 0.94, -5.244, -0.947, 4.519
0.136, -0.03, 0.956, -5.344, -1.374, 4.267
0.141, -0.05, 0.941, -4.038, -1.0, 3.443
0.165, -0.058, 0.912, -3.389, -0.458, 1.779
0.16, -0.059, 0.913, -2.702, 0.344, 0.16
0.141, -0.053, 0.927, -1.588, 0.298, -1.214
0.128, -0.027, 0.927, -1.008, 0.328, -1.221
0.117, -0.005, 0.918, -1.427, -0.176, -0.763
0.132, -0.011, 0.903, -2.763, -0.198, -1.038
0.129, -0.021, 0.921, -3.511, -0.015, -1.901
0.131, -0.017, 0.923, -2.832, -0.511, -2.42
0.135, -0.01, 0.899, -1.832, 0.351, -1.855
0.132, -0.01, 0.917, -1.443, 0.977, -1.29
0.148, -0.021, 0.916, -1.366, 1.168, -1.351
0.145, -0.023, 0.925, -0.641, 1.313, -2.344
0.132, -0.003, 0.915, -0.336, 1.282, -2.397
0.118, 0.004, 0.925, -0.458, 1.641, -1.573
0.117, 0.01, 0.909, -1.351, 1.824, -0.855
0.125, -0.005, 0.91, -2.031, 1.695, -0.939
0.126, -0.006, 0.925, -2.252, 1.954, -1.015
0.126, -0.017, 0.939, -1.221, 2.489, -1.046
0.144, -0.014, 0.944, 0.351, 2.855, -1.229
0.124, 0.009, 0.955, 2.107, 2.092, -0.855
0.12, 0.022, 0.943, 1.87, 1.267, -0.519
0.115, 0.023, 0.954, 1.748, 0.061, -0.229
0.117, 0.028, 0.942, 0.687, -0.733, 0.763
0.109, 0.031, 0.942, -1.023, -1.55, 1.687
0.123, 0.01, 0.941, -2.832, -2.13, 2.473
0.155, -0.022, 0.931, -3.702, -1.282, 2.023
0.15, -0.035, 0.934, -3.221, -0.649, 1.42
0.153, -0.021, 0.923, -2.771, -0.26, 0.504
0.144, -0.012, 0.922, -2.489, -0.053, 0.053
0.135, -0.006, 0.937, -1.908, -0.481, -0.29
0.13, 0.004, 0.933, 0.191, -1.664, 0.626
0.138, 0.017, 0.904, 1.504, 0.588, 2.031
0.123, 0.028, 0.911, 0.725, 1.412, 2.344
0.133, 0.019, 0.904, -1.45, 1.527, 2.038
0.118, 0.018, 0.912, -3.84, 1.053, 1.87
0.118, 0.005, 0.931, -5.626, 0.29, 1.885
0.121, -0.016, 0.944, -5.237, -0.435, 1.534
0.142, -0.023, 0.945, -4.298, -0.061, 0.611
0.129, -0.012, 0.958, -3.275, -0.557, -0.244
0.128, -0.013, 0.93, -2.847, -1.756, -0.634
0.126, 0.006, 0.911, -3.496, -1.29, -0.252
0.128, -0.007, 0.917, -3.969, 0.221, 0.221
0.141, -0.015, 0.913, -3.504, 1.267, 1.137
0.15, -0.027, 0.928, -2.351, 2.443, 0.573
0.138, -0.014, 0.937, -1.397, 1.282, 0.092
0.142, 0.002, 0.923, -0.878, 0.634, 0.168
0.134, 0.018, 0.913, -1.305, 0.565, 0.023
0.129, 0.019, 0.922, -2.305, 0.0, 0.794
0.133, 0.004, 0.924, -3.145, -0.412, 0.626
0.124, -0.009, 0.946, -2.855, -0.198, 0.695
0.122, -0.013, 0.954, -1.588, -0.954, 1.298
0.143, -0.013, 0.922, -0.405, 0.084, 1.573
0.148, -0.012, 0.919, 0.779, 0.496, 1.763
0.142, -0.014, 0.914, 1.557, 0.183, 1.672
0.143, -0.01, 0.902, 1.099, 0.099, 1.603
0.138, 0.012, 0.897, 0.466, 1.053, 1.71
0.138, -0.005, 0.919, -0.366, 1.481, 1.695
0.139, -0.014, 0.928, -0.092, 2.084, 0.908
0.135, -0.016, 0.931, 0.282, 1.626, 0.267
0.139, 0.002, 0.92, 0.634, 1.756, -0.298
0.137, 0.015, 0.915, 0.176, 1.893, -0.183
0.119, 0.022, 0.925, -1.214, 1.389, -0.427
0.133, 0.018, 0.931, -2.29, 1.382, -0.244
0.125, 0.021, 0.944, -3.046, 1.115, -0.084
0.122, 0.021, 0.925, -4.0, -0.458, 0.878
0.122, 0.018, 0.92, -5.244, -1.275, 0.977
0.131, 0.005, 0.918, -6.534, -1.069, 1.389
0.141, -0.021, 0.916, -6.29, -0.611, 1.229
0.14, -0.024, 0.932, -4.878, 0.458, 0.817
0.135, -0.018, 0.928, -3.198, 1.206, 0.893
0.145, -0.012, 0.917, -2.527, 2.038, 1.176
0.144, -0.009, 0.913, -2.649, 2.061, 0.679
0.138, -0.01, 0.93, -3.092, 1.939, 0.672
0.117, -0.008, 0.943, -2.802, 1.786, 0.374
0.125, -0.006, 0.944, -2.771, 2.015, 0.573
0.129, -0.004, 0.941, -3.237, 1.809, 0.435
0.137, -0.015, 0.925, -3.366, 1.916, -0.183
0.141, -0.02, 0.924, -3.397, 2.382, -0.809
0.142, -0.026, 0.914, -3.252, 2.649, -1.382
0.135, -0.01, 0.913, -3.038, 2.198, -1.237
0.139, -0.007, 0.904, -3.206, 2.053, -1.702
0.138, -0.014, 0.921, -2.626, 1.282, -1.664
0.129, -0.017, 0.909, -3.374, 2.176, -2.687
0.121, 0.001, 0.9, -3.244, 0.802, -2.412
0.127, -0.002, 0.909, -3.466, 1.664, -2.221
0.13, -0.01, 0.915, -3.076, 1.397, -2.023
0.138, -0.01, 0.907, -2.321, 2.206, -2.008
0.142, -0.01, 0.916, -1.26, 2.634, -2.092
0.143, -0.005, 0.919, -0.336, 3.336, -2.023
0.134, 0.012, 0.911, -0.214, 3.382, -1.443
0.12, 0.005, 0.924, -0.771, 3.595, -1.13
0.134, -0.003, 0.936, -0.733, 4.191, -0.107
0.122, 0.0, 0.956, -0.313, 3.863, 0.473
0.126, -0.007, 0.943, 0.0, 3.87, 0.824
0.134, -0.015, 0.953, 0.267, 3.145, 0.962
0.135, -0.01, 0.955, 0.008, 1.641, 0.191
0.141, -0.005, 0.95, 0.122, 0.885, -0.542
0.136, -0.007, 0.939, 0.756, 0.901, -1.305
0.126, 0.015, 0.923, 1.13, 0.855, -0.489
0.116, 0.03, 0.92, -0.443, 0.672, -0.244
0.11, 0.027, 0.922, -0.947, 0.527, 0.145
0.116, 0.019, 0.924, -1.145, 0.855, 1.053
0.129, 0.01, 0.92, -0.748, 1.565, 2.191
0.122, 0.009, 0.922, -0.672, 2.053, 2.359
0.125, 0.004, 0.917, -1.206, 1.855, 1.931
0.124, -0.001, 0.934, -1.351, 1.824, 1.679
0.127, -0.004, 0.928, -0.916, 1.626, 1.359
0.131, -0.0, 0.924, -0.603, 1.718, 0.924
0.132, -0.003, 0.912, -0.649, 2.405, 0.328
0.134, -0.011, 0.914, -0.344, 2.702, 0.382
0.125, 0.012, 0.916, -0.244, 2.618, 0.405
0.128, 0.017, 0.903, -1.107, 3.084, 0.962
0.118, 0.016, 0.911, -2.489, 3.092, 0.725
0.126, -0.001, 0.925, -3.076, 2.855, 0.687
0.131, -0.007, 0.935, -2.443, 2.954, 0.573
0.122, 0.0, 0.945, -2.046, 3.008, 0.71
0.113, -0.005, 0.951, -1.489, 3.237, 0.626
0.12, 0.001, 0.967, -0.046, 2.473, 0.687
0.122, 0.003, 0.933, -0.107, 1.58, 0.198
0.128, 0.01, 0.928, -0.527, 1.115, 0.473
0.128, 0.01, 0.925, -1.725, 0.763, 0.237
0.111, 0.006, 0.936, -2.107, 0.023, 0.168
0.123, 0.008, 0.926, -2.649, 1.26, -0.008
0.113, 0.013, 0.927, -3.061, 1.153, 0.641
0.114, 0.013, 0.915, -4.397, 1.565, 0.931
0.125, 0.001, 0.923, -4.496, 2.145, 0.832
0.135, -0.005, 0.932, -3.534, 1.878, 1.031
0.135, -0.008, 0.924, -1.618, 2.359, 1.504
0.129, 0.006, 0.918, -0.687, 2.855, 1.718
0.112, 0.025, 0.922, -1.206, 2.824, 1.344
0.116, 0.025, 0.922, -1.672, 1.985, 1.649
0.128, 0.02, 0.932, -1.687, 1.527, 1.977
0.11, 0.023, 0.945, -1.641, 0.756, 1.824
0.101, 0.014, 0.945, -1.45, -0.122, 1.992
0.105, 0.014, 0.951, -1.0, -1.336, 2.756
0.114, 0.01, 0.934, -1.405, -1.328, 3.153
0.115, -0.002, 0.938, -1.695, -1.893, 2.893
0.129, -0.005, 0.914, -2.282, -0.908, 2.046
0.136, -0.01, 0.922, -2.29, -0.313, 1.855
0.145, -0.011, 0.912, -1.58, 0.221, 1.588
0.144, -0.015, 0.904, -1.878, 0.336, 0.74
