0.109 0.044 0.94 -4.427 1.191 0.58
0.109 0.035 0.957 -4.824 0.748 0.878
0.106 0.038 0.971 -3.412 0.511 0.794
0.094 0.028 0.973 -1.092 0.061 1.305
0.109 0.025 0.95 1.298 0.679 1.397
0.112 0.024 0.932 2.885 1.176 1.756
0.115 0.031 0.917 1.954 1.183 1.595
0.107 0.049 0.901 -0.565 1.137 0.962
0.109 0.059 0.899 -2.504 1.672 0.878
0.103 0.06 0.92 -3.847 1.634 1.641
0.092 0.052 0.931 -3.969 0.664 2.412
0.1 0.033 0.923 -2.565 0.481 3.122
0.115 0.029 0.91 -1.519 0.702 3.664
0.116 0.023 0.914 -1.977 0.748 3.023
0.105 0.031 0.929 -3.084 -0.061 2.153
0.104 0.029 0.939 -3.053 -0.496 2.107
0.107 0.025 0.941 -1.71 -0.573 2.168
0.111 0.025 0.922 -0.008 -0.168 2.725
0.117 0.039 0.887 -0.473 1.122 3.107
0.115 0.044 0.877 -2.244 1.931 2.824
0.107 0.039 0.889 -4.527 2.107 2.405
0.107 0.035 0.913 -5.137 2.344 2.443
0.1 0.024 0.945 -4.916 1.275 2.389
0.107 0.017 0.952 -3.206 1.099 2.58
0.098 0.023 0.948 -1.664 0.519 1.305
0.107 0.021 0.926 0.313 0.832 3.221
0.104 0.024 0.922 0.443 1.771 3.252
0.113 0.027 0.904 -0.16 1.817 3.099
0.099 0.033 0.896 -2.031 1.878 3.092
0.104 0.04 0.919 -3.687 2.168 3.328
0.091 0.032 0.928 -3.87 1.954 3.29
0.098 0.014 0.929 -3.076 2.511 3.695
0.09 0.011 0.934 -1.527 2.061 3.573
0.112 -0.016 0.939 -1.282 1.336 2.099
0.105 -0.014 0.922 -2.168 -0.527 0.695
0.107 -0.001 0.92 -2.954 -1.183 -0.008
0.108 0.009 0.91 -2.267 -0.405 0.244
0.101 0.009 0.914 -2.046 1.13 1.092
0.101 0.013 0.905 -1.992 2.313 1.137
0.104 0.011 0.908 -1.038 3.328 1.458
0.119 0.002 0.897 -0.603 4.481 1.168
0.116 -0.003 0.9 -1.969 4.931 -0.252
0.121 -0.005 0.924 -3.847 3.618 -2.008
0.12 -0.001 0.935 -4.802 2.924 -3.595
0.1 0.019 0.945 -3.786 2.092 -3.359
0.097 0.023 0.943 -2.656 1.939 -2.695
0.102 0.031 0.944 -1.061 2.664 -2.092
0.078 0.03 0.942 -0.45 2.58 -2.702
0.087 0.029 0.949 -0.42 2.229 -0.679
0.076 0.026 0.937 -0.115 2.321 -0.237
0.076 0.024 0.929 -0.573 2.427 0.397
0.063 0.03 0.936 -1.359 2.496 0.198
0.045 0.022 0.968 -1.305 1.786 0.405
0.023 0.034 0.97 -0.481 1.397 0.58
-0.016 0.044 0.977 -0.427 0.45 0.519
-0.044 0.059 0.999 -1.763 -0.214 2.58
-0.064 0.07 1.037 -4.237 -1.153 5.198
-0.086 0.066 1.079 -7.893 -4.672 8.153
-0.074 0.03 1.082 -8.496 -7.176 10.611
-0.072 -0.009 1.118 -4.908 -10.092 13.878
-0.049 -0.054 1.069 0.076 -6.313 15.221
-0.079 -0.038 1.065 2.908 -5.015 14.733
-0.147 0.01 1.1 4.55 -6.863 14.244
-0.186 0.048 1.115 6.71 -7.519 16.924
-0.229 0.051 1.096 8.771 -8.504 23.427
-0.242 0.056 1.067 8.336 -11.985 30.382
-0.208 0.008 1.028 7.473 -13.076 33.954
-0.178 -0.055 0.999 6.878 -17.275 37.046
-0.165 -0.102 1.0 7.351 -19.092 36.321
-0.156 -0.115 1.021 8.061 -19.542 31.282
-0.167 -0.116 1.079 11.374 -20.573 26.534
-0.19 -0.095 1.098 12.84 -25.328 16.687
-0.209 -0.048 1.064 8.702 -27.076 13.405
-0.2 -0.024 1.036 3.351 -28.092 7.695
-0.2 0.028 0.964 -0.641 -27.29 7.687
-0.216 0.078 0.955 -7.855 -28.649 10.809
-0.177 0.034 0.955 -11.26 -27.26 16.45
-0.157 0.007 0.954 -14.496 -26.252 19.954
-0.16 -0.031 1.012 -13.87 -29.084 22.321
-0.127 -0.086 1.016 -10.939 -31.282 21.916
-0.095 -0.112 0.965 -6.183 -28.061 19.435
-0.027 -0.131 0.891 -7.252 -24.122 9.985
0.081 -0.124 0.799 -11.832 -17.107 -2.992
0.046 -0.088 0.833 -16.115 -14.16 -17.244
-0.02 0.012 0.938 -14.168 -13.313 -20.328
-0.027 0.06 0.896 -7.153 -7.336 -16.969
-0.064 0.079 0.91 -2.099 -3.435 -8.519
-0.088 0.073 0.927 5.756 -3.328 2.031
-0.072 0.101 0.898 10.664 -4.389 12.382
-0.029 0.109 0.844 10.771 -4.687 19.802
0.029 0.158 0.749 0.908 -7.153 24.977
0.155 0.114 0.684 -12.267 -7.733 25.809
0.255 -0.043 0.762 -19.664 -5.603 18.863
0.266 -0.143 0.917 -13.962 -6.153 8.565
0.086 -0.075 1.109 0.87 -6.023 -0.489
0.114 0.057 0.937 16.053 5.511 1.779
0.077 0.187 0.822 20.069 5.153 11.573
0.023 0.212 0.837 18.214 7.153 21.702
0.062 0.218 0.84 9.405 2.916 30.771
0.148 0.16 0.815 -4.573 -3.817 34.519
0.269 0.04 0.804 -16.931 -12.863 31.74
0.45 -0.047 0.745 -25.679 -10.359 21.893
0.441 -0.081 0.792 -29.58 -3.672 11.45
0.381 -0.115 0.917 -20.511 5.885 4.145
0.299 -0.063 1.012 -5.42 11.336 2.748
0.252 -0.01 1.016 6.672 13.588 3.55
0.384 0.034 0.917 6.939 19.221 -8.802
-2.0 -0.447 2.0 8.969 -9.466 -18.763
0.199 0.248 0.995 1.55 18.908 -14.107
0.213 0.271 0.803 -4.305 3.565 2.58
0.19 0.234 0.866 -11.527 -3.664 17.618
0.308 0.036 0.913 -17.87 -8.13 22.038
0.334 -0.083 0.942 -16.756 -12.588 16.489
0.332 -0.088 0.949 -15.053 -11.664 12.214
0.26 0.024 0.89 -15.145 -16.298 8.557
0.315 -0.025 0.929 -11.282 -12.176 9.099
0.399 -0.027 0.863 -5.771 -9.84 7.389
0.421 -0.053 0.867 -4.962 -6.382 0.275
0.337 0.003 0.97 -1.237 -6.496 -7.71
0.255 0.093 0.949 -1.321 -14.351 -10.214
0.227 0.206 0.892 -8.038 -20.855 -7.359
0.21 0.206 0.879 -15.183 -27.595 -0.046
0.271 0.14 0.865 -14.374 -26.397 8.756
0.279 0.069 0.891 -9.511 -25.206 16.137
0.312 0.015 0.926 -2.481 -22.244 20.947
0.403 -0.017 0.85 -3.359 -19.023 16.908
0.43 -0.023 0.785 -11.122 -14.824 7.214
0.415 -0.041 0.803 -17.076 -14.527 -2.687
0.413 -0.017 0.853 -20.832 -14.756 -8.672
0.374 0.027 0.85 -20.992 -15.298 -8.489
0.371 0.043 0.84 -2.931 5.962 -1.756
0.351 0.051 0.851 -20.023 -11.863 -5.626
0.349 0.095 0.817 -16.466 -4.427 2.947
0.442 0.134 0.76 -6.267 18.29 18.084
0.394 0.095 0.736 -18.328 6.366 17.176
0.368 0.051 0.776 -23.076 10.313 16.55
0.402 -0.024 0.849 -25.748 7.626 15.443
0.425 -0.105 0.96 -23.664 3.481 8.824
0.431 -0.09 0.991 -22.458 -1.542 0.443
0.393 -0.052 0.973 -22.588 -6.626 -4.542
0.365 0.005 0.938 -23.046 -11.58 -2.473
0.338 0.005 0.921 -19.427 -14.008 8.038
0.332 0.009 0.928 -14.328 -16.718 21.214
0.337 0.002 0.892 -9.763 -17.008 34.252
0.642 -0.044 0.565 16.298 25.29 58.282
0.616 -0.061 0.73 -11.664 -6.969 43.824
0.624 -0.186 0.699 -22.55 3.786 21.611
0.581 -0.221 0.719 -28.252 14.145 -0.824
0.548 -0.176 0.772 -29.832 13.718 -11.893
0.537 -0.156 0.717 -18.183 25.954 -16.0
0.373 -0.004 0.771 -22.038 11.969 -17.863
0.326 -0.003 0.799 -21.779 13.489 -15.275
0.339 0.036 0.803 -13.786 29.328 -8.573
0.287 0.038 0.868 -15.038 27.038 3.061
0.108 0.006 1.021 -20.214 -5.672 8.076
0.08 0.099 1.109 -19.802 -15.206 14.695
0.334 0.053 0.75 -19.481 -10.885 28.351
0.498 -0.014 0.668 -23.695 5.107 29.771
0.504 -0.091 0.743 -29.176 10.771 26.557
0.533 -0.185 0.852 -32.031 11.817 20.435
0.493 -0.177 0.967 -33.115 5.771 18.122
0.479 -0.243 1.042 -34.321 -1.855 13.412
0.429 -0.206 1.064 -31.336 -7.42 15.359
0.409 -0.177 1.092 -24.42 -14.023 19.137
0.333 -0.144 1.089 -14.382 -14.611 23.992
0.375 -0.106 0.96 -10.557 -15.847 27.702
0.33 -0.064 0.963 -5.832 -17.718 36.519
-0.69 0.304 1.87 -10.885 -21.206 33.008
0.495 -0.18 0.726 -10.26 -3.137 39.382
0.414 -0.235 0.813 -11.489 0.336 32.214
0.376 -0.24 0.87 -12.496 2.053 26.695
0.251 -0.196 0.938 -9.344 1.588 27.763
0.304 -0.24 0.888 -12.718 -4.023 24.397
0.312 -0.29 0.904 -10.244 -7.389 20.962
0.318 -0.309 0.918 -2.916 -9.405 16.893
0.288 -0.273 0.923 5.122 -10.412 16.168
0.265 -0.209 0.907 9.595 -11.069 15.603
0.288 -0.187 0.834 19.748 -5.618 21.267
0.244 -0.133 0.889 13.634 -8.084 20.061
0.254 -0.109 0.843 6.733 -6.573 20.29
0.255 -0.103 0.845 0.504 -5.595 20.603
0.212 -0.093 0.867 -5.489 -12.466 22.84
0.254 -0.141 0.885 -8.55 -13.87 22.611
0.26 -0.161 0.891 -6.885 -16.397 22.16
0.318 -0.198 0.879 -5.969 -18.252 16.267
0.337 -0.154 0.872 -5.824 -20.885 10.786
0.308 -0.128 0.861 -6.511 -22.55 7.031
0.307 -0.103 0.829 -2.893 -17.756 8.878
0.31 -0.131 0.855 -2.176 -13.618 9.473
0.31 -0.146 0.834 -0.198 -9.817 9.305
0.261 -0.127 0.86 -2.748 -10.679 8.336
0.293 -0.15 0.822 -3.069 -11.656 12.695
0.337 -0.191 0.885 -3.305 -8.992 10.115
0.357 -0.232 0.894 -0.573 -9.405 5.893
0.344 -0.2 0.876 1.412 -11.053 2.969
0.346 -0.215 0.87 1.672 -10.168 -1.29
0.346 -0.22 0.879 3.489 -7.496 -4.504
0.342 -0.194 0.887 6.718 -2.702 -7.733
0.3 -0.147 0.885 9.573 0.885 -8.74
0.288 -0.132 0.86 9.58 3.275 -8.053
0.286 -0.117 0.859 7.115 6.183 -8.733
0.252 -0.086 0.911 3.832 5.496 -10.359
0.235 -0.073 0.898 0.336 2.191 -7.611
0.277 -0.127 0.882 -2.481 0.481 -2.779
0.347 -0.188 0.885 -3.328 3.115 -2.718
0.372 -0.229 0.912 -3.122 4.832 -5.504
0.369 -0.22 0.913 -0.634 4.84 -8.344
0.356 -0.186 0.918 1.55 6.298 -11.214
0.33 -0.142 0.935 2.71 5.496 -12.389
0.304 -0.103 0.93 3.557 5.344 -12.145
0.281 -0.057 0.922 2.435 4.992 -11.527
0.244 -0.034 0.921 1.252 1.824 -7.115
0.244 -0.084 0.924 0.099 -1.992 -2.634
0.314 -0.103 0.875 0.962 -0.168 0.405
0.332 -0.12 0.865 1.908 2.573 1.817
0.352 -0.13 0.862 0.565 4.802 0.679
0.332 -0.12 0.881 -1.687 5.099 -1.229
0.299 -0.108 0.904 -4.298 3.198 -3.092
0.272 -0.088 0.944 -4.779 2.168 -4.046
0.247 -0.086 0.936 -2.954 -0.275 -1.603
0.257 -0.104 0.918 -1.13 -1.214 1.672
0.304 -0.154 0.892 0.725 1.183 2.26
0.303 -0.167 0.879 0.763 1.626 0.885
0.298 -0.161 0.886 -0.824 1.405 -1.756
0.273 -0.138 0.896 -2.435 0.29 -3.511
0.26 -0.133 0.91 -3.344 -1.588 -4.099
0.262 -0.134 0.92 -2.466 -2.893 -4.046
0.269 -0.127 0.915 -1.366 -3.115 -4.695
0.283 -0.124 0.908 -0.344 -1.84 -5.603
0.299 -0.124 0.91 0.366 -0.496 -7.206
0.287 -0.096 0.894 1.344 -0.855 -7.74
0.27 -0.076 0.881 1.275 0.191 -7.153
0.275 -0.081 0.875 1.405 1.863 -5.702
0.263 -0.065 0.864 -1.397 2.023 -3.954
0.262 -0.073 0.881 -4.893 0.733 -2.092
0.279 -0.093 0.88 -7.13 0.336 -0.45
0.304 -0.15 0.895 -6.634 0.427 0.565
0.338 -0.166 0.894 -5.679 0.374 1.275
0.364 -0.189 0.914 -5.008 2.725 -1.901
0.321 -0.141 0.936 -3.092 2.298 -4.672
0.292 -0.103 0.908 -2.153 0.885 -3.267
0.29 -0.087 0.906 -1.817 0.954 -0.878
0.306 -0.103 0.904 -1.847 0.885 0.733
0.304 -0.107 0.9 -1.679 -0.061 1.244
0.309 -0.113 0.902 -0.466 1.435 1.42
0.288 -0.089 0.897 -1.634 0.542 2.321
0.292 -0.102 0.908 -2.267 -0.344 3.473
0.287 -0.114 0.897 -2.359 -0.634 4.244
0.279 -0.109 0.891 -2.931 -1.931 4.473
0.262 -0.128 0.899 -3.779 -3.511 4.84
0.278 -0.153 0.891 -3.733 -3.672 5.053
0.294 -0.179 0.887 -1.58 -2.573 4.137
0.307 -0.181 0.89 0.489 -1.206 2.878
0.301 -0.181 0.88 1.519 -0.069 1.069
0.295 -0.165 0.874 1.359 -0.069 -0.359
0.293 -0.145 0.888 0.824 0.374 -2.427
0.289 -0.123 0.881 1.496 -0.229 -3.16
0.276 -0.112 0.893 2.328 0.191 -2.832
0.278 -0.103 0.899 2.115 -1.015 -1.977
0.282 -0.106 0.891 1.771 -1.16 -1.649
0.301 -0.119 0.888 1.206 -0.198 -1.901
0.303 -0.123 0.916 0.748 1.58 -4.137
0.288 -0.104 0.927 1.382 1.527 -5.275
0.278 -0.073 0.914 0.817 0.603 -4.298
0.27 -0.068 0.907 -0.13 -0.107 -2.519
0.28 -0.067 0.9 -0.969 -0.763 -0.023
0.294 -0.075 0.896 -2.069 -1.595 2.16
0.305 -0.094 0.888 -2.847 -1.511 3.191
0.319 -0.121 0.894 -3.74 -0.855 3.359
0.322 -0.131 0.904 -3.542 -0.733 3.069
0.329 -0.149 0.91 -2.107 0.153 2.221
0.32 -0.128 0.927 1.076 0.763 0.863
0.298 -0.102 0.91 2.168 0.794 0.969
0.296 -0.095 0.895 2.618 0.947 1.916
0.3 -0.095 0.88 2.191 0.565 2.443
0.298 -0.099 0.862 -0.137 0.26 2.519
0.294 -0.108 0.868 -2.71 -0.313 2.542
0.295 -0.12 0.885 -4.344 -0.763 1.763
0.295 -0.123 0.896 -5.237 -1.527 0.954
0.311 -0.146 0.891 -4.466 -0.924 0.443
0.309 -0.134 0.894 -3.107 0.962 -0.939
0.308 -0.128 0.879 -3.0 2.802 -2.382
0.283 -0.116 0.907 -3.534 3.153 -3.26
0.282 -0.102 0.905 -3.298 2.824 -2.71
0.282 -0.093 0.908 -2.74 2.817 -2.183
0.291 -0.089 0.907 -2.748 2.603 -2.107
0.279 -0.093 0.905 -3.878 0.588 -0.916
0.274 -0.091 0.903 -4.58 0.023 -0.107
0.285 -0.101 0.903 -5.084 -0.489 0.748
0.304 -0.123 0.914 -4.13 -0.809 0.962
0.314 -0.124 0.89 -4.542 -0.87 1.168
0.31 -0.143 0.897 -5.313 -0.573 0.443
0.318 -0.139 0.904 -5.656 -0.061 -0.794
0.321 -0.142 0.901 -4.916 -0.229 -1.641
0.313 -0.132 0.899 -3.565 0.282 -1.817
0.318 -0.141 0.886 -2.229 0.947 -2.122
0.311 -0.129 0.877 -1.611 1.328 -2.557
0.309 -0.111 0.876 -2.244 1.466 -2.282
0.305 -0.109 0.896 -2.168 1.038 -2.237
0.298 -0.102 0.904 -2.893 -0.466 -1.45
0.305 -0.108 0.891 -3.115 -0.557 -1.13
0.305 -0.106 0.892 -2.809 -0.542 -1.061
0.295 -0.105 0.875 -3.076 -0.069 -0.84
0.291 -0.1 0.88 -3.405 -0.153 0.115
0.288 -0.101 0.878 -4.504 0.069 1.008
0.302 -0.116 0.899 -4.313 0.511 1.374
0.306 -0.133 0.906 -3.443 0.427 1.046
0.312 -0.123 0.898 -2.382 -0.031 0.832
0.303 -0.122 0.904 -2.313 -0.817 0.687
0.296 -0.112 0.895 -2.305 -1.481 1.015
0.308 -0.117 0.885 -1.763 -0.153 1.221
0.294 -0.109 0.892 -2.046 -0.084 1.13
0.296 -0.108 0.883 -1.809 0.038 1.481
0.292 -0.113 0.875 -1.702 0.519 1.656
0.3 -0.11 0.881 -1.84 -0.076 1.939
0.307 -0.115 0.878 -2.473 0.427 1.748
0.309 -0.114 0.889 -3.252 0.519 1.015
0.294 -0.117 0.893 -3.275 0.427 1.099
0.306 -0.114 0.897 -3.061 -0.359 2.061
0.309 -0.131 0.909 -2.351 0.252 2.504
0.317 -0.143 0.906 -0.282 0.664 1.725
0.311 -0.134 0.905 1.176 1.023 1.069
0.306 -0.111 0.885 1.74 0.076 1.366
0.303 -0.107 0.87 0.443 0.366 1.55
0.309 -0.123 0.87 -1.481 0.939 0.916
0.308 -0.122 0.884 -3.16 1.13 0.16
0.296 -0.12 0.898 -4.145 1.137 -0.45
0.303 -0.11 0.889 -4.58 1.397 -0.435
0.306 -0.114 0.914 -3.832 1.458 0.321
0.321 -0.131 0.909 -2.237 2.115 -0.641
0.31 -0.126 0.904 -0.321 1.794 -1.168
0.302 -0.103 0.885 0.435 1.824 -0.489
0.309 -0.107 0.877 -0.145 1.794 0.214
0.297 -0.115 0.878 -1.0 1.794 0.695
0.301 -0.121 0.885 -1.328 1.351 0.824
0.302 -0.115 0.905 -1.656 0.672 0.244
0.296 -0.112 0.89 -1.573 0.092 0.321
0.306 -0.113 0.899 -1.641 -0.16 0.855
0.303 -0.116 0.899 -0.786 0.336 1.366
0.308 -0.108 0.893 -0.55 1.267 1.053
0.305 -0.115 0.898 -0.779 1.588 0.748
0.304 -0.123 0.891 -1.29 0.489 1.008
0.307 -0.124 0.884 -1.267 0.443 0.74
0.297 -0.128 0.887 -1.534 0.206 0.092
0.306 -0.127 0.898 -1.885 -0.198 -0.107
0.295 -0.123 0.899 -1.634 0.267 -0.137
0.309 -0.126 0.884 -0.962 1.115 -0.252
0.322 -0.125 0.863 -0.656 2.71 -0.84
0.312 -0.121 0.875 -1.008 3.153 -1.481
0.311 -0.112 0.887 -1.84 2.84 -2.008
0.305 -0.104 0.896 -2.198 2.382 -2.252
0.301 -0.109 0.908 -2.198 2.214 -2.137
0.295 -0.1 0.908 -2.069 2.298 -1.901
0.298 -0.096 0.903 -1.931 1.824 -0.969
0.304 -0.095 0.896 -2.321 1.779 -0.374
0.304 -0.101 0.895 -3.206 2.405 -0.015
0.294 -0.102 0.903 -3.718 2.122 -0.13
0.296 -0.103 0.892 -4.015 1.473 0.031
0.301 -0.1 0.899 -3.977 0.191 0.466
0.296 -0.112 0.908 -4.489 -0.252 0.542
0.305 -0.12 0.905 -4.252 -0.053 0.695
0.307 -0.124 0.906 -3.405 0.687 0.481
0.305 -0.134 0.892 -2.053 1.718 0.115
0.302 -0.118 0.881 -2.176 1.802 -0.069
0.295 -0.12 0.881 -2.794 2.45 -0.275
0.3 -0.124 0.89 -2.008 2.534 -0.626
0.295 -0.103 0.904 -1.191 1.939 -0.397
0.292 -0.093 0.898 -0.939 1.412 0.267
0.299 -0.107 0.89 -0.908 1.321 0.802
0.302 -0.111 0.892 -0.908 0.924 1.29
0.308 -0.109 0.897 -1.595 0.962 0.947
0.288 -0.111 0.887 -2.443 0.595 0.641
0.306 -0.124 0.889 -2.679 0.45 0.252
0.305 -0.13 0.894 -2.802 0.13 -0.42
0.304 -0.122 0.898 -3.168 0.137 -1.42
0.305 -0.124 0.908 -3.443 0.244 -2.183
0.3 -0.115 0.899 -3.26 0.298 -2.366
0.309 -0.116 0.902 -3.038 0.298 -2.42
0.3 -0.108 0.892 -2.863 0.771 -2.29
0.306 -0.102 0.895 -2.832 1.565 -2.733
0.291 -0.096 0.892 -2.321 0.695 -1.962
0.291 -0.087 0.89 -3.71 0.244 -1.84
0.293 -0.103 0.889 -4.733 -0.679 -1.382
0.288 -0.099 0.901 -5.809 -0.779 -0.672
0.289 -0.109 0.909 -5.443 -0.931 0.344
0.317 -0.129 0.915 -4.779 -0.534 0.649
0.326 -0.14 0.907 -2.733 0.275 1.099
0.328 -0.121 0.89 -1.977 0.412 -0.198
0.3 -0.111 0.903 -1.977 -0.336 -0.733
0.299 -0.09 0.891 -1.58 -0.389 -0.908
0.281 -0.086 0.888 -1.771 -1.397 0.313
0.287 -0.082 0.886 -1.817 -0.924 1.58
0.29 -0.089 0.872 -2.13 -0.58 2.321
0.289 -0.094 0.881 -2.351 -0.985 3.45
0.295 -0.1 0.882 -2.733 -1.519 3.885
0.309 -0.123 0.903 -2.328 -1.565 3.504
0.307 -0.129 0.904 -1.649 -1.634 2.389
0.301 -0.127 0.909 -0.992 -2.191 1.519
0.309 -0.145 0.887 0.176 -1.733 0.901
0.312 -0.139 0.886 0.626 -0.672 0.725