0.123 0.017 0.979 1.275 1.137 -1.786
0.127 0.018 0.961 4.802 1.649 -0.672
0.145 0.039 0.921 4.969 2.107 0.145
0.149 0.042 0.909 2.298 3.107 0.145
0.155 0.048 0.901 -1.336 3.076 0.466
0.139 0.042 0.921 -3.695 2.321 1.687
0.155 0.011 0.925 -4.748 1.267 2.908
0.157 0.0 0.942 -4.649 0.641 2.466
0.161 -0.014 0.955 -3.031 -0.496 2.794
0.157 -0.035 0.951 -1.473 0.29 1.557
0.16 -0.035 0.974 0.29 0.45 0.45
0.162 -0.028 0.958 0.511 -0.458 -0.939
0.155 -0.014 0.947 1.366 0.214 -1.351
0.15 0.005 0.927 2.313 0.817 -0.519
0.151 0.021 0.893 2.481 2.282 0.206
0.149 0.038 0.874 0.351 4.168 1.412
0.13 0.048 0.899 -3.229 2.992 1.221
0.135 0.023 0.924 -6.26 1.519 1.198
0.136 -0.008 0.964 -5.061 0.962 1.145
0.146 -0.029 0.989 -1.45 0.168 1.069
0.146 -0.024 0.979 2.595 0.107 0.725
0.152 -0.013 0.953 5.55 0.458 -0.038
0.142 0.02 0.926 6.405 0.405 -0.069
0.138 0.046 0.889 4.26 1.29 0.756
0.134 0.058 0.882 1.176 1.053 2.634
0.13 0.054 0.871 -1.641 2.191 3.29
0.136 0.034 0.903 -3.214 2.763 4.405
0.132 0.014 0.92 -4.069 3.198 4.252
0.138 -0.012 0.93 -2.748 3.687 4.305
0.138 -0.014 0.931 -1.916 4.588 3.771
0.15 -0.025 0.912 -1.275 4.901 3.893
0.151 -0.021 0.919 -1.58 4.878 4.198
0.144 -0.008 0.931 -3.489 4.084 3.664
0.139 0.004 0.94 -5.008 3.321 2.55
0.136 -0.012 0.962 -4.847 2.0 2.824
0.14 -0.021 0.968 -2.466 1.389 3.641
0.142 -0.017 0.932 0.038 2.053 3.977
0.136 0.003 0.915 -0.267 2.924 3.046
0.143 0.014 0.9 -2.84 2.641 1.718
0.138 0.013 0.908 -4.145 2.733 1.0
0.134 0.008 0.918 -4.328 2.374 2.328
0.131 0.005 0.91 -2.893 3.634 3.137
0.119 0.01 0.916 -2.282 2.687 5.008
0.131 0.01 0.904 -3.45 2.481 5.794
0.136 -0.006 0.9 -4.534 3.076 4.656
0.117 -0.003 0.924 -6.176 2.901 3.008
0.12 -0.011 0.936 -5.969 3.298 0.679
0.105 -0.01 0.964 -4.855 3.0 -0.16
0.101 -0.015 0.971 -2.122 1.817 0.656
0.097 -0.005 0.963 0.893 1.954 1.122
0.083 0.016 0.967 3.191 2.939 2.221
0.063 0.03 0.958 4.977 4.008 3.55
0.06 0.041 0.934 5.313 5.42 4.237
0.026 0.066 0.955 4.489 6.511 5.786
0.005 0.075 0.958 2.183 5.214 5.656
-0.007 0.057 0.974 0.008 5.588 5.069
-0.036 0.059 1.023 -2.046 4.603 6.542
-0.091 0.037 1.111 -0.481 -1.023 5.053
-0.138 -0.013 1.191 8.198 -6.244 4.191
-0.15 0.012 1.138 21.076 -6.076 7.473
-0.212 0.037 1.112 31.244 -6.847 11.221
-0.285 0.027 1.089 37.916 -10.985 19.244
-0.224 0.042 1.023 38.878 -16.466 25.992
-0.202 0.0 0.986 39.611 -15.16 27.458
-0.214 0.009 0.961 34.817 -16.321 24.122
-0.245 0.04 0.941 27.626 -20.16 20.42
-0.325 0.118 0.94 14.84 -25.794 17.053
-0.356 0.152 0.905 4.443 -30.794 20.031
-0.32 0.125 0.873 0.641 -32.916 26.405
-0.28 0.073 0.852 5.092 -29.244 33.305
-0.153 -0.024 0.794 11.16 -13.618 35.015
-0.089 -0.065 0.805 15.191 -6.008 32.42
-0.096 -0.02 0.842 11.107 -2.725 23.87
-0.114 0.055 0.827 -0.038 -5.229 16.802
-0.181 0.126 0.8 -12.473 -9.672 12.321
-0.239 0.164 0.837 -26.206 -14.198 8.55
-0.286 0.203 0.87 -39.504 -16.802 5.672
-0.413 0.237 0.989 -45.076 -21.855 8.885
-0.279 0.198 0.949 -36.359 -13.198 21.756
-0.15 0.077 0.97 -18.733 -2.076 29.443
-0.066 -0.069 1.024 0.206 8.336 32.008
-0.03 -0.12 1.019 18.328 18.687 25.565
-0.038 -0.05 0.949 24.763 26.649 15.656
-0.131 0.118 0.869 15.13 16.863 11.046
-0.108 0.192 0.753 -5.611 6.496 5.389
-0.114 0.231 0.734 -28.725 4.603 -0.252
-0.223 0.336 0.873 -49.153 -0.786 2.824
-0.231 0.27 0.995 -47.038 -18.618 20.191
-0.106 0.143 1.046 -31.527 -17.969 37.519
0.095 0.01 0.967 -17.992 -14.954 47.183
0.234 -0.088 0.865 -6.878 15.435 41.634
0.223 -0.131 0.982 -8.679 -2.496 30.504
0.165 -0.092 1.064 -3.908 -4.344 21.305
0.089 0.109 1.022 1.046 -11.008 24.42
0.131 0.38 0.729 -11.061 -24.985 31.519
0.33 0.217 0.626 -37.183 -21.802 41.588
0.318 0.056 0.819 -45.168 -39.962 38.87
0.439 -0.104 0.896 -35.763 -44.359 34.863
0.572 -0.088 0.812 -22.008 -19.969 29.351
0.744 -0.472 0.949 25.038 38.977 -9.885
0.363 -0.061 0.985 8.229 -8.328 25.893
0.451 -0.182 0.857 5.519 -10.55 33.588
0.524 -0.314 0.97 3.0 -22.427 21.313
0.552 -0.303 0.965 -5.305 -43.725 3.794
0.604 -0.295 0.863 -5.939 -50.015 -13.916
0.576 -0.137 0.802 -3.137 -45.931 -18.542
0.585 -0.081 0.67 3.824 -32.305 -19.122
0.51 -0.022 0.813 18.733 -16.733 -15.435
0.362 0.048 0.908 40.023 -4.641 -3.405
0.324 0.099 0.903 55.901 5.763 11.847
0.294 0.166 0.813 52.298 0.26 16.702
0.211 0.232 0.841 23.496 -23.802 8.137
0.261 0.161 0.946 -10.038 -63.038 -0.672
0.47 -0.05 0.902 -31.389 -103.145 -6.855
0.732 -0.174 0.793 -47.718 -130.618 -3.298
1.392 -0.579 0.472 -42.824 -118.603 4.847
1.963 -0.958 0.094 -24.786 -73.198 0.84
2.0 -1.169 0.095 3.763 -8.443 -9.611
1.98 -1.078 0.151 29.992 57.893 -39.321
1.457 -0.719 0.386 43.405 87.443 -68.405
0.655 -0.091 0.636 40.649 107.863 -88.099
-0.125 0.568 0.964 26.519 90.611 -86.397
-0.53 1.009 1.041 8.656 54.489 -62.664
-0.598 1.115 1.083 -6.252 23.313 -23.679
-0.334 0.9 1.074 -11.015 14.618 17.855
-0.077 0.598 1.021 -9.908 5.221 44.458
0.274 0.333 0.846 -16.313 4.786 50.267
0.469 0.086 0.835 -21.382 1.305 47.939
0.708 -0.155 0.694 -16.992 13.496 38.542
0.719 -0.292 0.776 -14.504 20.527 30.908
0.732 -0.389 0.793 2.191 28.649 17.595
0.514 -0.226 0.932 1.74 17.611 5.916
0.369 -0.078 1.124 -2.824 17.351 8.214
0.279 -0.146 1.206 -0.16 18.076 -3.687
0.277 -0.077 1.234 0.45 15.282 -6.573
0.189 0.026 1.302 3.496 7.55 -4.183
0.207 0.033 1.259 5.55 1.45 -0.092
0.25 -0.04 1.159 1.84 -2.053 1.229
0.237 -0.015 1.149 -6.389 -8.588 2.405
0.641 -0.27 0.703 -1.221 9.237 -3.115
0.51 -0.307 0.924 -3.29 -16.351 -16.015
0.747 -0.206 0.418 5.939 44.908 -13.908
0.437 -0.139 0.815 -0.832 -3.756 -24.687
0.346 -0.037 0.796 -4.885 -0.351 -29.107
0.234 0.074 0.829 -7.824 -0.832 -27.786
0.129 0.173 0.874 -9.29 -4.985 -20.908
0.131 0.215 0.836 -12.397 -9.939 -9.26
0.2 0.141 0.846 -12.817 -11.534 0.542
0.236 0.051 0.909 -13.42 -13.221 6.038
0.316 -0.051 0.975 -6.435 -6.832 13.641
0.434 -0.104 0.882 -3.466 -8.588 9.046
0.396 -0.048 0.854 -5.855 -4.664 0.618
0.36 -0.043 0.888 -11.107 -5.802 -8.397
0.292 -0.003 0.959 -12.809 -6.122 -13.786
0.25 0.049 0.954 -12.534 -9.435 -12.924
0.285 0.073 0.906 -15.672 -10.198 -9.947
0.292 0.05 0.905 -18.344 -12.389 -7.626
0.323 0.035 0.897 -17.573 -13.252 -6.168
0.316 0.047 0.89 -17.176 -12.427 -2.954
0.294 0.078 0.868 -18.084 -13.374 -0.656
0.321 0.074 0.83 -15.496 -11.901 2.42
0.354 0.03 0.826 -13.527 -8.679 4.664
0.378 -0.013 0.857 -8.389 -2.847 6.702
0.298 -0.032 0.943 -5.374 0.099 5.16
0.264 -0.02 0.972 -9.718 -7.496 1.901
0.297 -0.039 0.966 -11.26 -9.847 -1.954
0.317 -0.039 0.908 -11.344 -11.458 -4.084
0.333 -0.034 0.871 -13.13 -12.168 -4.534
0.362 -0.029 0.839 -12.069 -11.878 -3.832
0.328 0.015 0.813 -8.679 -4.58 -2.267
0.278 0.046 0.845 -6.214 -5.176 3.061
0.259 0.04 0.884 -3.763 -5.351 7.275
0.302 0.001 0.876 -2.595 -2.901 8.466
0.341 -0.026 0.85 -3.397 -3.573 7.733
0.373 -0.063 0.848 -2.74 -1.832 7.099
0.367 -0.082 0.867 1.153 2.473 7.252
0.343 -0.066 0.859 3.42 5.137 5.809
0.328 -0.049 0.87 5.832 6.794 3.412
0.312 -0.01 0.857 6.084 7.763 2.649
0.307 0.015 0.855 5.626 9.435 3.092
0.311 0.014 0.872 4.687 11.366 3.389
0.308 0.006 0.917 3.809 12.122 2.26
0.292 -0.016 0.947 5.053 13.191 1.511
0.268 -0.0 0.945 6.87 10.573 4.0
0.256 0.011 0.97 7.794 9.275 6.267
0.25 -0.007 0.981 7.573 5.313 7.519
0.252 -0.015 0.983 6.656 1.214 6.29
0.265 -0.015 0.942 5.214 -1.13 3.542
0.29 -0.02 0.911 3.527 -4.618 2.183
0.295 -0.018 0.891 1.573 -6.985 1.435
0.309 -0.019 0.889 1.176 -6.87 1.206
0.32 -0.008 0.862 0.55 -5.634 2.115
0.304 -0.007 0.881 0.771 -6.618 2.634
0.295 0.009 0.868 1.641 -5.42 2.611
0.298 0.021 0.86 2.267 -3.069 3.611
0.275 0.04 0.875 3.901 -0.336 4.885
0.278 0.048 0.862 5.145 -0.351 8.298
0.282 0.058 0.865 2.87 -4.389 11.916
0.286 0.019 0.896 3.267 -3.924 13.924
0.3 0.007 0.918 1.817 -3.718 13.344
0.308 -0.005 0.915 0.351 -2.389 11.298
0.328 -0.012 0.904 0.725 -3.168 10.298
0.326 -0.008 0.874 0.313 -1.099 9.641
0.315 -0.003 0.873 -0.916 0.977 8.153
0.292 0.007 0.901 -1.71 1.534 7.084
0.29 0.005 0.895 0.42 2.26 7.84
0.29 0.019 0.884 1.603 3.489 9.489
0.285 0.024 0.897 2.13 4.992 10.496
0.283 0.032 0.893 1.328 5.458 10.267
0.281 0.022 0.903 0.84 5.206 10.71
0.298 0.005 0.904 0.519 3.13 10.374
0.286 -0.008 0.917 -1.275 1.687 8.748
0.316 -0.034 0.92 -2.58 -0.26 6.359
0.327 -0.053 0.905 -2.443 0.023 3.855
0.319 -0.06 0.901 -0.802 0.626 2.031
0.311 -0.039 0.915 -0.71 1.282 1.458
0.282 -0.018 0.916 -0.565 1.328 0.71
0.262 0.019 0.909 -0.763 0.137 0.42
0.265 0.016 0.9 -0.924 -1.206 0.679
0.272 0.028 0.905 -1.534 -2.443 2.176
0.27 0.025 0.91 -2.58 -3.29 2.061
0.305 0.032 0.87 -2.153 -2.115 3.237
0.327 0.076 0.829 -2.832 -1.237 6.473
0.337 -0.02 0.882 -1.817 0.824 3.847
0.315 -0.014 0.898 -3.031 0.374 2.13
0.325 -0.023 0.879 -3.168 1.115 1.397
0.321 -0.0 0.872 -2.511 1.695 1.298
0.318 0.005 0.867 -1.313 3.275 2.397
0.293 0.036 0.878 -0.931 4.794 3.321
0.285 0.025 0.925 -0.481 4.725 4.618
0.261 0.021 0.935 -0.069 3.649 5.916
0.255 0.032 0.953 -1.275 0.847 5.412
0.267 0.024 0.942 -3.244 -2.786 5.351
0.283 0.009 0.922 -3.458 -3.267 5.298
0.29 0.007 0.903 -3.244 -3.656 5.206
0.298 -0.014 0.889 -3.74 -3.618 4.786
0.31 -0.024 0.875 -3.275 -3.321 3.664
0.318 -0.033 0.873 -2.649 -2.58 2.863
0.318 -0.019 0.886 -1.947 -2.748 0.855
0.292 0.004 0.886 -3.053 -2.595 -0.107
0.266 0.019 0.924 -3.321 -3.16 0.321
0.278 -0.006 0.927 -2.092 -3.809 2.542
0.31 -0.009 0.885 -1.023 -5.183 3.16
0.338 -0.021 0.871 -0.962 -3.145 2.863
0.347 -0.029 0.862 0.153 -0.779 1.046
0.357 -0.03 0.853 0.435 -0.008 -0.038
0.343 -0.027 0.863 2.611 0.939 -0.45
0.315 -0.002 0.89 3.618 2.817 -0.908
0.303 0.012 0.907 2.443 3.153 -1.618
0.294 0.016 0.904 1.733 2.817 -2.244
0.317 0.001 0.898 1.779 3.221 -2.321
0.311 0.018 0.891 2.763 4.542 -1.786
0.307 0.03 0.846 2.42 5.237 -1.244
0.287 0.045 0.872 1.092 5.901 -0.099
0.281 0.035 0.888 1.389 6.702 2.313
0.287 0.018 0.904 1.076 7.038 3.405
0.291 0.01 0.909 0.397 6.756 2.893
0.283 0.008 0.923 -1.282 5.252 1.893
0.274 -0.01 0.934 -1.809 2.542 1.305
0.285 0.004 0.945 -2.687 1.366 0.496
0.289 -0.007 0.939 -2.588 0.29 0.13
0.278 0.019 0.947 -2.725 -0.588 -0.511
0.283 0.03 0.941 -3.298 -2.305 0.053
0.303 0.019 0.908 -4.588 -3.489 0.786
0.304 0.01 0.895 -4.687 -3.672 0.267
0.308 -0.009 0.887 -4.771 -3.13 -0.382
0.321 0.006 0.855 -4.74 -2.412 -0.344
0.324 -0.001 0.842 -4.511 -0.763 -0.779
0.307 0.0 0.874 -4.115 1.382 -1.145
0.298 0.007 0.882 -3.901 2.298 -1.603
0.304 0.014 0.881 -3.466 2.855 -1.55
0.309 0.005 0.897 -1.0 4.084 -0.779
0.306 0.003 0.897 0.29 4.969 -0.053
0.241 0.033 0.934 -1.435 2.679 -1.947
0.305 -0.009 0.899 -1.183 2.573 -1.313
0.305 -0.002 0.91 -0.504 2.305 -0.206
0.293 -0.003 0.912 0.137 1.588 -0.557
0.301 0.006 0.897 -0.626 0.153 -1.466
0.309 -0.006 0.898 -0.71 0.099 -1.748
0.309 0.001 0.899 -0.183 1.038 -1.947
0.302 0.003 0.899 0.45 1.229 -1.687
0.298 0.007 0.882 0.527 0.885 -1.901
0.292 0.027 0.871 0.122 0.481 -1.824
0.307 0.022 0.862 -0.191 1.557 -1.786
0.313 0.02 0.851 -0.489 3.71 -1.305
0.325 0.013 0.845 -0.565 5.565 -1.534
0.318 0.006 0.869 0.634 7.87 -1.198
0.302 0.01 0.891 1.641 8.802 -0.588
0.306 0.011 0.9 3.008 8.817 -0.702
0.277 0.029 0.904 2.16 7.092 -0.817
0.27 0.032 0.926 1.023 5.534 -0.519
0.284 0.021 0.923 1.366 4.947 0.298
0.292 0.026 0.915 0.374 4.511 0.58
0.293 0.014 0.917 -1.626 2.412 -0.298
0.298 0.021 0.92 -2.198 1.748 -1.107
0.31 0.033 0.894 -1.321 1.855 -1.061
0.3 0.044 0.9 -0.076 2.832 0.015
0.289 0.063 0.89 1.038 3.374 1.092
0.29 0.047 0.899 1.748 4.794 2.672
0.269 0.05 0.911 1.626 4.076 3.611
0.266 0.041 0.919 0.519 2.099 3.42
0.271 0.025 0.924 -1.412 -0.305 3.061
0.296 0.009 0.919 -2.908 -2.511 2.733
0.314 -0.005 0.897 -2.298 -1.641 2.29
0.313 0.006 0.909 -0.855 0.008 1.611
0.301 0.029 0.874 -0.794 0.435 1.763
0.297 0.033 0.88 -1.015 1.771 1.969
0.283 0.037 0.89 -0.58 1.71 2.527
0.281 0.033 0.893 -0.779 1.588 3.206
0.284 0.035 0.89 -0.992 1.466 3.435
0.288 0.019 0.903 -1.542 1.16 3.13
0.29 0.015 0.899 -1.015 0.733 2.702
0.295 0.024 0.9 -1.046 1.16 2.634
0.289 0.023 0.899 -1.473 1.099 2.473
0.279 0.026 0.909 -1.679 0.962 2.626
0.281 0.025 0.914 -2.099 -0.298 2.725
0.293 0.013 0.915 -1.115 -0.038 2.656
0.297 0.023 0.901 -0.74 -0.718 2.962
0.287 0.029 0.903 -0.626 -0.328 3.214
0.271 0.039 0.91 -1.153 -0.702 2.878
0.279 0.041 0.891 -2.038 -1.244 2.855
0.281 0.048 0.901 -2.313 -0.458 3.366
0.255 0.029 0.909 -2.214 -0.061 3.908
0.287 0.027 0.905 -1.16 0.031 5.542
0.28 0.012 0.93 -2.084 -0.901 4.962
0.27 0.016 0.947 -3.802 -3.351 3.496
0.29 0.0 0.945 -4.931 -4.382 2.885
0.29 -0.006 0.929 -2.977 -4.13 2.832
0.305 0.008 0.913 -2.954 -3.832 2.321
0.315 0.004 0.879 -3.191 -4.053 1.069
0.315 -0.004 0.87 -2.504 -3.321 -0.176
0.324 0.003 0.83 -1.183 -2.29 -0.603
0.316 0.012 0.802 -2.137 -2.504 -1.321
0.302 0.046 0.818 -3.664 1.725 -1.718
0.293 0.031 0.86 -2.191 1.405 -0.122
0.293 0.033 0.849 -0.42 5.29 1.206
0.287 0.027 0.857 0.153 6.481 2.42
0.297 0.018 0.883 -0.145 7.542 2.389
0.291 0.007 0.933 -0.038 6.947 2.137
0.308 0.003 0.921 -0.351 4.977 0.634
0.301 0.0 0.93 -0.893 4.015 -1.382
0.298 0.013 0.921 -1.443 2.71 -2.565
0.298 0.031 0.901 -1.695 2.496 -2.26
0.28 0.039 0.921 -1.099 3.115 -1.397
0.278 0.035 0.935 -0.122 2.878 -0.779
0.272 0.054 0.921 -0.672 1.817 -0.55
0.279 0.045 0.912 -2.008 0.573 -0.275
0.287 0.028 0.896 -1.908 0.382 -0.145
0.291 0.031 0.885 -2.267 0.733 -0.099
0.294 0.025 0.883 -2.038 1.191 -0.702
0.293 0.022 0.884 -2.374 0.527 -0.588
0.299 0.024 0.885 -1.84 1.237 -0.626
0.283 0.03 0.912 -0.344 2.214 -0.046
0.276 0.042 0.914 -0.786 1.908 0.786
0.277 0.036 0.904 -1.107 1.389 1.588
0.302 0.016 0.9 -0.939 1.107 1.565
0.295 0.027 0.901 -1.649 0.718 0.802
0.289 0.016 0.897 -1.786 0.405 1.053
0.305 0.02 0.893 -1.328 0.458 1.466
0.304 0.024 0.904 -0.267 2.008 1.504
0.298 0.027 0.89 0.198 3.214 1.29
0.275 0.039 0.911 -0.916 2.076 1.115
0.278 0.039 0.91 -1.336 0.702 1.336
0.281 0.028 0.881 -2.244 0.618 0.969
0.294 0.027 0.883 -2.817 0.672 0.733
0.306 0.016 0.876 -2.435 1.298 0.84
0.306 0.018 0.89 -1.427 2.282 1.191
0.295 0.029 0.898 -0.496 2.733 0.786
0.297 0.03 0.89 0.344 3.336 1.076
0.288 0.043 0.894 1.153 4.466 2.053
0.283 0.037 0.895 1.084 4.573 2.55
0.288 0.032 0.906 0.634 3.748 2.336
0.273 0.031 0.92 -1.229 1.489 1.458
0.28 0.015 0.92 -1.611 0.382 0.656
0.296 0.014 0.893 -1.397 1.046 -0.252
0.293 0.028 0.895 -1.84 1.229 -0.733
0.282 0.036 0.905 -2.061 1.0 -0.687
0.284 0.039 0.899 -1.626 1.153 -0.13
0.298 0.031 0.889 -0.824 1.626 0.748
0.303 0.032 0.877 -0.58 2.183 0.733
0.303 0.031 0.882 -0.366 3.046 0.733
0.301 0.03 0.884 0.809 4.26 0.489
0.28 0.037 0.9 1.672 4.336 0.221
0.272 0.055 0.897 1.168 3.802 0.069
0.272 0.052 0.887 0.023 2.893 0.099
0.277 0.052 0.891 -1.107 2.748 0.198
0.284 0.036 0.909 -0.702 3.076 1.336
0.276 0.037 0.905 -0.58 3.389 1.565
0.288 0.027 0.927 -0.473 3.206 1.466
0.292 0.023 0.925 0.344 3.45 0.977
0.28 0.04 0.917 0.901 4.038 1.29
0.271 0.049 0.91 1.13 3.916 1.313
0.254 0.042 0.943 0.115 2.939 1.069
0.259 0.051 0.932 -0.099 0.458 1.13
0.265 0.052 0.933 -1.405 -1.519 0.893
0.278 0.036 0.923 -2.794 -2.527 0.733
0.307 0.037 0.883 -3.595 -2.901 0.405
0.299 0.018 0.892 -2.634 -1.107 0.45
0.281 0.039 0.907 -1.893 -0.794 0.519
0.264 0.054 0.895 -3.351 -1.443 0.107