0.189 -0.031 0.91 -5.962 1.374 -5.305
0.181 -0.031 0.909 -5.55 2.55 -4.794
0.167 -0.021 0.923 -4.695 3.13 -3.412
0.165 -0.027 0.946 -3.42 2.794 -0.595
0.164 -0.045 0.953 -2.0 1.481 1.748
0.19 -0.06 0.952 -0.626 2.298 1.687
0.188 -0.047 0.948 -0.107 2.573 -0.145
0.184 -0.036 0.936 0.405 2.481 -0.344
0.177 -0.016 0.935 0.435 1.855 0.962
0.173 0.004 0.916 -0.344 1.382 1.908
0.173 -0.02 0.914 -0.695 0.74 3.183
0.183 -0.029 0.916 -1.221 0.863 3.878
0.187 -0.039 0.923 -1.725 0.901 3.473
0.187 -0.042 0.92 -1.947 0.779 3.061
0.172 -0.036 0.937 -1.695 0.947 2.763
0.16 -0.027 0.944 -2.382 0.534 2.496
0.165 -0.026 0.957 -1.641 -0.656 2.183
0.156 -0.029 0.959 -0.099 -1.275 1.771
0.176 -0.034 0.926 1.527 -0.221 1.542
0.185 -0.024 0.909 2.275 1.061 1.389
0.18 -0.025 0.905 2.023 0.725 1.885
0.176 -0.01 0.908 1.198 0.252 2.557
0.167 -0.013 0.913 1.16 -0.389 3.092
0.16 0.007 0.913 0.412 -0.725 3.496
0.162 -0.004 0.92 0.397 -1.855 4.092
0.165 -0.004 0.918 0.588 -2.389 4.061
0.176 -0.015 0.909 1.16 -1.603 4.412
0.18 -0.024 0.902 2.16 -0.183 4.344
0.198 -0.041 0.897 2.282 0.985 5.206
0.183 -0.031 0.91 1.107 0.237 4.725
0.188 -0.032 0.913 -0.038 -0.321 4.924
0.177 -0.027 0.91 -0.595 -0.115 4.718
0.168 -0.022 0.918 -0.405 -0.87 5.481
0.183 -0.021 0.894 -0.511 -0.45 5.573
0.187 -0.031 0.901 -0.656 0.542 4.641
0.19 -0.051 0.917 -0.16 0.794 3.916
0.205 -0.05 0.918 0.008 1.427 3.336
0.195 -0.046 0.909 0.481 1.038 3.336
0.181 -0.038 0.901 0.786 0.534 4.351
0.183 -0.038 0.913 0.87 0.954 4.427
0.187 -0.038 0.904 1.695 2.221 4.099
0.182 -0.025 0.9 1.595 2.176 3.496
0.19 -0.026 0.885 0.374 3.405 2.924
0.178 -0.011 0.914 -1.824 4.084 2.588
0.177 -0.02 0.936 -2.611 3.939 3.282
0.178 -0.033 0.953 -1.763 4.061 3.099
0.179 -0.043 0.948 0.626 4.076 3.435
0.194 -0.043 0.942 1.573 4.779 3.137
0.186 -0.03 0.936 1.664 4.885 2.076
0.18 -0.018 0.926 0.397 4.076 1.641
0.177 -0.015 0.928 -0.206 4.153 2.176
0.158 -0.001 0.939 -0.229 4.053 3.153
0.152 -0.009 0.962 0.374 3.496 5.336
0.165 -0.023 0.963 1.885 2.527 5.885
0.157 -0.02 0.945 3.13 2.496 5.328
0.156 -0.02 0.954 3.664 1.71 5.015
0.15 -0.019 0.961 3.557 0.26 4.641
0.145 -0.024 0.972 3.313 -0.519 4.176
0.14 -0.025 0.967 2.763 -0.58 3.42
0.136 -0.016 0.962 2.076 1.427 1.855
0.116 -0.015 0.986 2.542 2.748 1.26
0.113 0.012 0.966 2.954 3.313 2.214
0.086 0.016 0.967 3.168 3.183 3.893
0.09 -0.006 0.985 4.802 3.931 6.557
0.082 -0.025 1.005 5.626 1.969 6.992
0.09 -0.029 1.001 5.695 2.221 4.282
0.063 -0.021 1.018 4.702 2.824 0.435
0.074 -0.02 1.006 1.298 1.878 -4.351
0.076 -0.033 0.991 -0.076 3.756 -6.16
0.057 -0.029 1.0 0.214 3.053 -8.076
0.058 -0.039 1.008 1.275 1.893 -9.084
0.014 -0.039 1.027 4.191 1.168 -8.87
-0.006 -0.009 1.049 6.244 0.885 -8.084
-0.048 0.022 1.078 8.26 -0.374 -7.382
-0.081 0.048 1.05 11.038 -4.489 -1.588
-0.054 0.076 0.964 11.13 -6.802 4.756
-0.021 0.062 0.883 6.939 -6.031 8.153
-0.015 0.032 0.92 1.916 -7.992 9.954
0.024 0.002 0.874 -3.397 -7.733 11.756
0.044 -0.054 0.912 -8.534 -5.824 7.992
0.051 -0.07 0.937 -14.718 -7.55 1.55
-0.006 -0.047 1.009 -18.802 -10.244 -3.145
-0.081 -0.002 1.07 -16.992 -15.557 -1.489
-0.072 0.001 1.026 -10.321 -18.015 4.183
-0.021 -0.004 0.965 -3.496 -15.977 8.756
0.03 -0.019 0.902 0.511 -12.977 10.634
0.057 0.011 0.905 1.053 -11.542 10.954
0.046 0.041 0.885 -2.588 -13.137 11.771
0.094 0.041 0.824 -12.641 -11.969 10.221
0.059 -0.002 0.904 -22.664 -14.221 6.008
0.037 -0.045 0.988 -27.939 -16.649 0.405
0.007 -0.089 1.044 -25.733 -20.718 -2.405
0.03 -0.09 1.018 -17.954 -20.336 -3.031
0.077 -0.044 0.935 -10.588 -14.145 -4.71
0.096 0.002 0.901 -6.069 -12.763 -1.344
0.159 -0.007 0.893 -3.733 -11.588 1.611
0.217 -0.045 0.866 -2.458 -7.389 1.427
0.246 -0.114 0.834 -5.176 1.153 -7.015
0.191 -0.092 0.911 -8.198 3.084 -15.947
0.082 -0.03 0.946 -9.847 -0.405 -20.611
-0.008 0.047 0.969 -8.336 -8.366 -14.183
0.008 0.1 0.891 -6.168 -13.344 -2.618
0.083 0.068 0.843 -6.809 -11.809 5.351
0.158 -0.006 0.865 -7.061 -9.267 9.427
0.183 -0.062 0.94 -5.557 -3.641 4.344
0.173 -0.091 0.977 1.298 0.176 1.099
0.14 -0.049 0.934 4.107 -2.382 0.137
0.158 -0.025 0.856 -2.71 -5.26 -1.931
0.155 -0.013 0.825 -15.618 -13.298 -7.244
0.138 0.02 0.863 -25.908 -24.13 -8.992
0.099 0.012 0.895 -27.031 -31.427 -5.466
0.143 -0.016 0.904 -21.542 -29.71 0.305
0.132 -0.012 0.917 -13.328 -24.588 8.229
0.177 -0.059 0.864 -6.145 -18.099 15.351
0.174 -0.101 0.907 -0.107 -17.969 20.45
0.178 -0.114 0.923 4.496 -20.756 22.29
0.229 -0.069 0.872 6.58 -21.511 21.878
0.267 -0.083 0.86 3.885 -24.008 14.809
0.253 -0.03 0.82 -3.771 -27.527 6.29
0.227 0.091 0.833 -17.244 -34.031 2.13
0.186 0.103 0.864 -27.252 -44.687 2.26
0.241 0.031 0.9 -23.947 -44.481 10.664
0.307 -0.07 0.848 -12.26 -33.191 19.756
0.329 -0.073 0.847 -3.359 -22.145 23.87
0.342 -0.077 0.888 2.214 -20.611 25.466
0.385 -0.063 0.792 1.748 -19.878 24.924
0.405 -0.055 0.826 0.84 -23.908 24.038
0.456 0.029 0.766 2.588 -22.603 23.061
0.415 0.02 0.768 -5.206 -28.908 17.137
0.367 -0.02 0.863 -11.267 -36.489 15.954
0.353 -0.04 0.912 -13.611 -44.542 13.992
0.398 -0.085 0.88 -9.824 -46.26 14.947
0.511 -0.104 0.79 -6.733 -38.473 14.282
0.551 -0.114 0.781 -1.962 -29.412 15.252
0.6 -0.108 0.745 1.725 -20.786 14.557
0.596 -0.083 0.741 4.122 -17.336 13.45
0.59 -0.087 0.743 2.954 -18.458 6.71
0.635 -0.151 0.787 3.389 -27.13 -11.702
0.028 -0.239 1.296 -0.74 -56.992 -43.244
0.518 -0.062 0.741 -6.924 -24.794 -20.153
0.396 -0.03 0.85 -16.046 -40.519 -13.931
0.405 -0.037 0.887 -12.641 -39.427 -3.344
0.519 -0.055 0.765 -3.038 -26.015 3.168
0.606 -0.03 0.682 3.443 -7.985 7.397
0.577 0.009 0.698 8.427 3.824 9.634
0.55 0.039 0.698 9.55 10.137 11.595
0.502 0.027 0.729 8.008 11.252 13.45
0.47 0.017 0.783 0.634 8.038 12.771
0.477 -0.07 0.88 -5.145 -2.252 10.305
0.497 -0.14 0.925 -6.099 -11.221 6.366
0.49 -0.162 0.931 -3.206 -13.756 0.924
0.468 -0.102 0.9 3.931 -11.084 0.023
0.432 0.003 0.832 8.947 -9.084 4.473
0.447 0.032 0.779 9.122 -5.092 10.153
0.478 -0.0 0.764 5.031 -1.084 13.153
0.503 -0.077 0.841 0.756 -0.214 12.695
0.521 -0.112 0.842 -3.687 -0.656 8.053
0.51 -0.096 0.84 -7.473 -5.802 3.832
0.503 -0.077 0.806 -8.786 -7.153 0.084
0.504 -0.053 0.76 -6.328 -2.466 -1.084
0.47 -0.03 0.802 0.282 -0.153 4.916
0.454 -0.02 0.82 5.71 4.084 11.496
0.434 -0.005 0.868 7.382 6.634 14.771
0.426 -0.022 0.918 7.519 3.924 13.702
0.445 -0.037 0.881 8.649 0.664 8.473
0.376 0.036 0.875 7.038 -6.084 5.794
0.369 0.081 0.786 -2.366 -17.71 4.145
0.397 0.099 0.692 -15.962 -24.115 4.557
0.463 -0.004 0.807 -19.763 -25.893 4.351
0.569 -0.076 0.826 -12.84 -16.282 7.466
0.598 -0.104 0.814 -2.687 4.618 10.763
0.568 -0.111 0.922 6.359 18.0 14.786
0.504 -0.107 0.971 10.992 17.511 14.931
0.449 -0.076 0.993 9.145 7.504 13.511
0.451 -0.061 0.983 2.969 -4.511 7.763
0.419 -0.064 0.968 -2.847 -16.672 5.076
0.506 -0.088 0.923 -5.962 -20.366 4.374
0.615 -0.147 0.835 -8.511 -13.412 0.84
0.7 -0.221 0.823 -9.45 -6.229 -1.977
0.749 -0.25 0.803 -6.832 1.275 -8.069
0.762 -0.226 0.754 -2.847 9.076 -11.16
0.678 -0.174 0.797 1.168 12.649 -15.099
0.554 -0.091 0.844 -0.237 8.298 -17.336
0.476 -0.038 0.814 -2.893 -0.634 -17.756
0.432 -0.022 0.841 -7.573 -3.679 -20.527
0.42 -0.022 0.838 -6.611 0.359 -20.229
0.378 0.011 0.881 -1.802 4.557 -12.916
0.407 0.004 0.86 4.069 14.336 -5.817
0.418 -0.009 0.865 8.595 16.244 2.046
0.47 -0.038 0.817 9.29 15.763 3.855
0.513 -0.057 0.827 8.443 10.496 3.809
0.524 -0.067 0.821 7.214 1.87 3.344
0.536 -0.064 0.795 5.282 -5.511 3.672
0.549 -0.086 0.775 2.412 -10.725 4.954
0.566 -0.104 0.793 0.168 -8.939 3.473
0.544 -0.112 0.797 0.534 -6.244 2.992
0.525 -0.094 0.81 2.977 -1.962 2.031
0.486 -0.058 0.797 5.718 -1.168 3.038
0.434 -0.003 0.812 6.55 0.672 4.191
0.429 0.012 0.788 6.336 -1.489 6.481
0.447 0.008 0.773 4.542 -1.137 9.305
0.453 -0.025 0.822 2.954 0.145 10.977
0.466 -0.072 0.853 1.901 0.435 9.084
0.496 -0.11 0.852 2.84 0.786 5.847
0.494 -0.089 0.823 3.275 1.275 2.321
0.5 -0.068 0.793 2.473 -0.061 0.511
0.475 -0.028 0.804 2.969 1.153 0.695
0.438 -0.013 0.823 3.427 2.252 4.053
0.415 -0.034 0.858 2.924 3.817 5.626
0.396 -0.053 0.939 3.008 1.969 5.214
0.419 -0.059 0.92 3.443 0.344 3.939
0.45 -0.065 0.871 4.771 0.305 3.084
0.465 -0.041 0.845 5.908 2.046 1.618
0.476 -0.012 0.766 4.855 3.115 1.496
0.473 0.013 0.74 0.267 6.58 1.26
0.457 -0.014 0.823 -1.557 8.145 0.863
0.445 -0.025 0.868 -1.0 8.053 1.038
0.457 -0.044 0.854 -1.176 6.962 -0.725
0.438 -0.036 0.832 -0.313 7.779 -0.237
0.411 -0.019 0.868 1.282 8.702 1.328
0.396 -0.004 0.863 3.656 9.031 4.74
0.401 -0.017 0.852 6.504 11.405 8.221
0.404 -0.015 0.854 7.84 12.916 9.588
0.412 -0.015 0.867 7.511 12.076 8.679
0.434 -0.021 0.824 3.962 9.511 6.87
0.435 -0.034 0.829 0.733 8.031 4.634
0.42 -0.036 0.855 -0.786 8.511 2.382
0.414 -0.03 0.852 -1.221 10.191 0.565
0.409 -0.015 0.843 0.351 12.702 0.863
0.407 0.018 0.84 2.473 15.29 2.13
0.389 0.028 0.824 2.901 15.534 4.458
0.371 0.05 0.854 1.71 17.588 5.267
0.375 0.042 0.858 -0.55 17.153 6.053
0.392 0.009 0.86 -2.412 16.466 5.87
0.402 -0.009 0.882 -2.351 15.42 4.969
0.417 -0.045 0.856 -2.061 16.137 3.053
0.404 -0.043 0.853 -2.336 15.282 2.351
0.411 -0.04 0.849 -2.267 15.756 1.557
0.4 -0.043 0.849 -3.015 18.382 1.328
0.396 -0.053 0.862 -2.87 19.565 2.046
0.378 -0.048 0.882 -3.374 19.061 3.702
0.362 -0.044 0.9 -3.763 20.786 4.214
0.324 -0.043 0.955 -2.954 19.893 4.824
0.321 -0.049 0.974 -2.74 16.771 3.763
0.331 -0.047 0.968 -2.924 11.786 1.366
0.341 -0.029 0.917 -3.992 6.748 -0.443
0.363 -0.042 0.927 -4.061 4.718 -1.527
0.394 -0.045 0.912 -2.87 2.229 -1.55
0.414 -0.045 0.876 -2.725 0.74 -2.298
0.428 -0.039 0.862 -3.046 0.534 -4.015
0.412 -0.02 0.835 -3.115 2.076 -4.595
0.381 -0.002 0.841 -2.573 5.672 -3.855
0.322 0.015 0.877 -2.198 7.718 -2.298
0.307 0.017 0.895 -2.954 6.435 -0.87
0.295 0.013 0.896 -3.336 4.58 -0.153
0.323 0.004 0.876 -3.344 3.458 0.427
0.338 -0.003 0.852 -3.733 3.763 0.87
0.343 -0.012 0.875 -3.176 4.687 1.565
0.345 -0.015 0.874 -3.046 4.244 1.84
0.353 -0.018 0.879 -3.267 3.954 1.855
0.352 -0.026 0.867 -3.351 4.397 2.115
0.357 -0.029 0.884 -3.969 5.061 2.481
0.369 -0.057 0.899 -4.779 4.252 2.305
0.373 -0.073 0.913 -5.107 2.786 1.275
0.386 -0.096 0.918 -4.397 1.275 -0.107
0.371 -0.089 0.918 -3.336 1.275 -1.847
0.36 -0.067 0.928 -2.26 0.748 -3.069
0.347 -0.042 0.924 -1.672 0.931 -2.947
0.34 -0.03 0.923 -1.053 -0.198 -2.557
0.347 -0.028 0.904 -1.084 -0.176 -2.458
0.375 -0.023 0.877 -1.519 -1.191 -2.168
0.391 -0.028 0.841 -2.374 -1.145 -1.992
0.393 -0.028 0.862 -1.786 0.962 -1.817
0.369 -0.023 0.852 -2.069 2.771 -1.42
0.355 -0.014 0.889 -2.092 3.901 -1.634
0.333 -0.018 0.897 -2.015 2.053 -1.763
0.316 -0.001 0.877 -3.359 -0.191 -2.229
0.331 0.003 0.863 -4.672 -1.366 -2.237
0.36 -0.012 0.854 -4.626 -0.038 -1.282
0.38 -0.032 0.849 -3.992 1.389 -0.748
0.391 -0.042 0.853 -3.634 1.244 -0.504
0.403 -0.055 0.848 -3.634 1.359 -1.443
0.404 -0.053 0.848 -3.779 1.618 -3.008
0.384 -0.057 0.839 -3.221 1.015 -3.405
0.384 -0.066 0.861 -2.626 3.023 -4.42
0.376 -0.061 0.865 -1.893 3.557 -5.405
0.362 -0.051 0.865 -2.084 4.107 -6.084
0.337 -0.046 0.884 -0.893 3.588 -5.725
0.314 -0.023 0.895 -0.412 3.893 -5.733
0.292 -0.006 0.912 -0.718 3.511 -4.87
0.278 0.007 0.918 -1.099 2.977 -3.504
0.293 0.002 0.912 -1.748 1.565 -2.229
0.323 -0.009 0.913 -1.794 2.191 -1.176
0.345 -0.03 0.911 -1.466 2.908 -0.305
0.38 -0.042 0.886 -0.481 3.84 -0.13
0.39 -0.047 0.876 -0.573 5.13 -1.29
0.38 -0.042 0.901 -0.206 3.947 -2.565
0.379 -0.046 0.885 0.603 2.634 -3.763
0.358 -0.016 0.886 0.931 1.802 -4.603
0.327 0.007 0.889 0.115 0.313 -4.412
0.312 0.019 0.874 -1.496 -0.466 -3.229
0.318 0.002 0.9 -2.061 -0.695 -1.695
0.315 -0.003 0.903 -1.794 -1.145 -0.626
0.314 -0.004 0.918 -1.031 -0.015 0.221
0.322 -0.012 0.9 -0.275 -0.107 0.725
0.316 -0.001 0.903 -0.588 -1.573 0.389
0.323 0.004 0.888 -0.229 -1.618 0.855
0.335 0.003 0.886 -1.252 -1.863 1.427
0.353 -0.02 0.884 -1.313 -2.397 1.863
0.367 -0.036 0.887 -1.588 -3.206 1.16
0.369 -0.047 0.902 -1.031 -3.168 0.206
0.377 -0.053 0.897 -0.275 -2.664 -0.603
0.375 -0.045 0.883 0.427 -3.053 -1.794
0.369 -0.024 0.868 0.183 -3.595 -2.42
0.368 -0.009 0.849 -0.313 -2.847 -2.786
0.367 -0.01 0.845 -0.603 -0.924 -2.504
0.362 -0.001 0.856 -0.504 -0.237 -1.985
0.348 0.005 0.856 -0.824 0.458 -1.595
0.349 -0.0 0.874 -0.55 1.267 -1.267
0.348 -0.004 0.875 -0.344 1.298 -1.405
0.353 -0.002 0.877 -0.023 1.359 -0.924
0.343 0.008 0.88 0.267 1.542 -0.557
0.33 0.016 0.889 -0.267 0.344 -0.092
0.343 0.012 0.869 -1.817 -0.275 0.214
0.351 -0.001 0.869 -2.595 -0.534 0.351
0.367 -0.018 0.884 -2.366 0.458 0.153
0.362 -0.02 0.874 -2.237 1.435 -0.023
0.355 -0.015 0.868 -3.13 2.069 -0.275
0.353 -0.01 0.876 -3.641 1.71 -0.336
0.367 -0.024 0.878 -2.855 2.626 -0.42
0.361 -0.026 0.88 -1.733 3.779 -0.405
0.358 -0.014 0.882 -1.229 3.374 0.473
0.354 -0.005 0.887 -1.672 1.061 0.336
0.357 -0.01 0.884 -2.893 0.168 -0.206
0.359 -0.015 0.885 -2.725 0.389 -0.786
0.363 -0.008 0.871 -2.557 1.344 -0.336
0.357 -0.001 0.876 -2.832 2.145 0.015
0.348 -0.002 0.884 -3.29 1.55 0.45
0.345 -0.008 0.889 -3.74 1.466 0.626
0.354 -0.022 0.894 -3.061 1.527 0.397
0.359 -0.028 0.903 -2.053 1.595 0.115
0.357 -0.02 0.893 -1.069 2.145 -0.084
0.353 -0.003 0.903 -0.748 1.527 0.153
0.355 -0.011 0.876 -0.878 0.924 -0.092
0.342 0.003 0.873 -1.458 0.221 -0.519
0.348 0.007 0.867 -2.0 -1.16 -0.496
0.347 -0.003 0.867 -2.58 -0.924 0.382
0.351 -0.001 0.868 -2.527 -0.031 0.809
0.356 -0.005 0.865 -2.565 1.015 1.008
0.362 -0.014 0.868 -2.29 2.221 0.824
0.356 -0.012 0.886 -2.985 1.527 0.489
0.357 -0.005 0.888 -3.481 1.573 0.084
0.34 -0.002 0.893 -3.344 1.824 0.298
0.334 -0.0 0.887 -3.534 1.702 1.046
0.336 -0.003 0.892 -3.435 1.359 1.366
0.352 -0.023 0.896 -3.191 0.771 1.099
0.356 -0.02 0.903 -2.305 0.13 0.893
0.358 -0.022 0.884 -1.977 0.084 0.237
0.351 -0.017 0.889 -2.008 -0.008 0.168
0.351 -0.008 0.888 -2.557 -0.443 -0.023
0.345 -0.004 0.882 -2.985 -0.786 0.061
0.352 -0.008 0.878 -3.076 -1.656 -0.229
0.35 -0.012 0.889 -4.214 -2.145 -0.824
0.353 -0.009 0.894 -4.29 -2.733 -0.916
0.358 -0.021 0.898 -4.107 -2.702 -0.74
0.354 -0.034 0.894 -4.137 -3.282 -1.321
0.353 -0.033 0.9 -4.275 -4.153 -2.473
0.354 -0.017 0.889 -4.29 -5.405 -2.855
0.361 -0.02 0.895 -4.092 -5.29 -3.0
0.362 -0.021 0.878 -3.664 -4.771 -3.053
0.363 -0.022 0.879 -2.336 -2.863 -2.214
0.358 -0.011 0.875 -1.489 -0.557 -1.313
0.363 -0.003 0.889 -0.992 0.115 -0.511
0.359 -0.01 0.878 -1.756 -0.481 -1.076
0.347 -0.017 0.886 -2.397 -2.763 -1.313
0.357 -0.015 0.881 -2.244 -3.55 -1.763
0.357 -0.009 0.878 -1.618 -3.344 -1.359
0.367 -0.005 0.859 -1.87 -2.748 -1.076
0.367 -0.005 0.861 -2.237 -2.092 -0.664
0.37 -0.002 0.857 -1.969 -0.565 -0.405
0.368 0.0 0.859 -2.008 -0.237 0.771
0.371 -0.025 0.878 -0.817 1.206 1.122
0.37 -0.037 0.889 0.481 1.748 1.328
0.37 -0.017 0.889 0.137 0.718 0.229
0.352 -0.013 0.895 -1.359 -1.634 -1.466
0.351 -0.004 0.891 -2.237 -3.45 -1.74
0.356 0.005 0.876 -1.664 -2.71 -1.206
0.355 0.009 0.884 -0.557 -1.756 0.305
0.355 0.009 0.877 -0.137 -1.496 1.687
0.364 0.003 0.868 -1.092 -1.55 1.977
0.375 -0.003 0.87 -1.237 -1.427 1.664
0.384 -0.021 0.883 -0.634 -0.588 1.55
0.388 -0.019 0.872 0.252 0.26 0.901
0.387 -0.002 0.868 0.168 -0.13 0.374
0.381 -0.005 0.874 0.405 -0.901 0.481
0.378 -0.002 0.865 0.29 -1.168 0.321
0.381 0.001 0.852 0.237 0.183 0.931
0.376 0.01 0.844 -0.061 1.29 1.588
0.372 0.002 0.851 -0.786 1.802 1.992
0.374 -0.0 0.869 -1.389 1.649 1.481