0.051 0.106 0.915 -3.634 -0.046 2.13
0.057 0.09 0.941 -2.641 -0.229 1.55
0.052 0.089 0.936 0.427 -0.008 2.351
0.059 0.098 0.925 3.573 1.664 2.901
0.049 0.114 0.9 4.191 3.374 3.634
0.053 0.126 0.871 2.023 3.435 4.351
0.055 0.125 0.872 -1.176 3.786 3.504
0.05 0.12 0.887 -4.046 1.397 2.595
0.053 0.107 0.926 -4.863 0.496 1.84
0.054 0.103 0.947 -2.992 -0.397 2.565
0.055 0.086 0.956 -0.763 -0.282 3.137
0.064 0.097 0.935 1.832 1.481 2.489
0.057 0.108 0.914 2.107 2.809 1.618
0.052 0.124 0.909 0.985 2.908 0.969
0.048 0.133 0.908 -0.992 3.412 -0.038
0.04 0.141 0.914 -2.267 2.206 0.74
0.039 0.139 0.915 -3.252 0.412 2.351
0.035 0.124 0.926 -3.0 0.954 3.718
0.042 0.124 0.937 -2.527 0.962 4.206
0.038 0.115 0.931 -2.183 1.221 3.473
0.042 0.104 0.942 -1.84 0.366 2.565
0.052 0.105 0.923 -1.0 1.069 1.534
0.055 0.11 0.907 -0.603 2.511 1.412
0.037 0.123 0.905 -0.901 0.824 2.405
0.034 0.123 0.898 -1.534 0.145 3.656
0.034 0.118 0.899 -1.763 0.45 4.16
0.029 0.12 0.905 -2.443 0.137 3.489
0.031 0.112 0.908 -2.908 0.771 3.511
0.014 0.121 0.914 -3.336 0.748 2.344
0.019 0.113 0.907 -2.237 1.344 2.374
0.026 0.109 0.902 -1.336 1.985 2.908
0.009 0.117 0.898 -1.107 1.649 3.092
-0.007 0.122 0.913 -0.924 0.076 3.069
-0.017 0.118 0.93 0.374 -1.076 3.969
-0.02 0.118 0.937 2.527 -0.191 6.649
-0.037 0.124 0.92 4.252 -0.45 9.718
-0.043 0.133 0.914 3.756 0.031 10.496
-0.068 0.135 0.912 3.527 -1.328 11.214
-0.088 0.151 0.917 2.702 -2.176 12.542
-0.114 0.166 0.913 3.458 -3.458 14.771
-0.139 0.176 0.935 3.504 -4.405 15.84
-0.142 0.174 0.951 4.084 -4.756 16.939
-0.109 0.206 0.958 6.435 -2.481 22.397
-0.18 0.169 1.002 9.221 -7.038 23.656
-0.158 0.144 0.981 9.046 -7.519 25.053
-0.128 0.095 0.942 7.435 -4.519 20.74
-0.022 0.126 0.945 5.511 0.336 18.748
-0.16 0.059 1.017 10.87 -5.573 11.16
-0.213 0.069 1.025 18.87 -6.55 11.519
-0.314 0.051 1.05 27.527 -8.634 13.168
-0.264 0.131 0.951 30.13 -13.16 18.908
-0.257 0.18 0.832 27.168 -16.458 22.695
-0.262 0.226 0.753 19.336 -16.046 25.26
-0.293 0.241 0.746 9.412 -17.038 31.237
-0.216 0.185 0.761 -3.55 -13.977 29.992
-0.217 0.117 0.862 -11.183 -13.756 29.534
-0.22 0.044 0.918 -13.26 -13.618 28.214
-0.156 0.026 0.87 -15.038 -9.802 22.87
-0.188 0.045 0.87 -11.977 -9.382 18.298
-0.185 0.085 0.798 -10.649 -8.504 15.198
-0.158 0.098 0.756 -10.397 0.13 12.397
-0.197 0.149 0.807 -9.45 6.519 15.626
-0.25 0.18 0.843 -7.771 6.061 23.618
-0.228 0.184 0.822 -9.656 7.366 28.527
-0.193 0.153 0.809 -17.519 8.733 25.305
-0.259 0.142 0.844 -24.061 5.069 23.824
-0.232 0.142 0.802 -31.13 3.473 21.664
-0.148 0.132 0.787 -36.473 3.519 22.435
-0.108 0.022 0.805 -39.443 1.481 19.115
0.053 -0.045 0.916 -32.817 7.733 11.573
0.055 -0.105 1.029 -16.038 8.702 1.557
-0.0 -0.037 0.994 0.481 11.038 -1.038
-0.112 0.097 0.972 13.992 13.878 -0.282
-0.124 0.21 0.877 13.901 17.473 5.626
-0.183 0.32 0.842 4.206 18.771 14.603
-0.233 0.319 0.911 -8.725 10.45 23.153
-0.198 0.251 0.969 -15.702 1.107 28.939
-0.129 0.234 0.931 -23.382 -9.656 33.214
-0.028 0.175 0.86 -31.748 -14.954 29.641
0.082 0.134 0.889 -35.634 -16.229 25.542
0.139 0.077 0.954 -30.221 -12.321 20.847
0.092 0.15 0.959 -17.443 -1.939 20.634
0.045 0.192 0.968 -10.603 0.229 24.885
-0.015 0.281 1.022 -12.969 -5.221 33.893
-0.086 0.26 1.004 -9.756 -22.092 35.55
0.149 0.1 1.066 -22.015 -26.16 46.847
0.174 0.017 0.984 -15.786 -36.328 39.015
0.305 -0.052 0.835 -24.198 -44.565 30.832
0.334 -0.058 0.84 -25.053 -66.321 -2.908
0.243 0.002 0.868 -27.84 -79.076 -16.489
0.129 0.177 0.919 -19.336 -58.244 4.305
0.122 0.225 0.92 -5.511 -46.908 26.641
0.142 0.198 0.904 9.107 -27.053 44.275
0.187 0.199 0.906 17.176 -12.221 52.779
0.269 0.101 0.841 20.504 -4.359 55.069
0.373 0.032 0.785 16.985 -0.718 45.962
0.397 0.015 0.711 0.702 -8.382 27.954
0.356 0.033 0.807 -11.924 -19.0 14.473
0.2 0.093 0.97 -17.336 -34.916 6.389
0.134 0.127 1.027 -10.191 -35.931 9.115
0.063 0.156 1.128 3.328 -37.031 15.985
0.086 0.207 1.106 25.252 -23.359 24.649
0.156 0.261 0.961 41.969 -5.489 35.435
0.169 0.318 0.948 50.71 6.748 43.885
0.119 0.371 1.01 40.985 -8.13 46.947
0.195 0.312 0.938 17.282 -48.099 47.275
0.411 0.193 0.788 -20.046 -86.466 38.84
0.73 -0.114 0.825 -43.695 -93.58 23.359
1.128 -0.504 0.793 -36.779 -81.053 4.16
1.518 -0.77 0.695 -6.511 -46.916 -6.359
1.846 -0.934 0.466 16.26 -4.733 -24.29
1.813 -0.84 0.302 41.427 26.931 -35.908
1.512 -0.699 0.338 64.344 57.13 -50.756
1.174 -0.49 0.349 77.733 98.565 -76.565
0.494 0.029 0.492 65.649 98.924 -89.015
-0.028 0.5 0.705 31.557 66.321 -84.214
-0.261 0.724 0.914 -0.275 38.389 -66.985
-0.188 0.627 1.167 -20.786 20.542 -40.481
-0.038 0.396 1.274 -15.244 14.954 -23.183
0.111 0.218 1.403 -2.992 11.656 -13.74
0.193 0.131 1.431 14.794 5.374 -12.038
0.219 0.163 1.286 26.321 -9.084 -9.038
0.272 0.233 1.033 27.267 -19.763 -6.641
0.391 0.229 0.811 17.496 -21.069 -12.641
0.405 0.244 0.75 9.084 -19.496 -14.481
0.42 0.244 0.757 8.435 -12.748 -6.099
0.493 0.116 0.79 11.26 0.45 3.344
0.515 0.017 0.888 16.008 12.931 1.962
0.471 -0.025 1.002 17.046 19.595 -4.969
0.411 -0.01 1.068 18.092 15.672 -13.206
0.319 0.05 1.084 13.748 6.0 -23.168
0.279 0.113 1.06 9.687 -0.779 -29.458
0.233 0.193 1.048 1.832 -12.947 -29.992
0.253 0.203 0.981 -5.458 -20.954 -28.885
0.271 0.178 0.971 -9.908 -23.885 -25.588
0.309 0.156 0.952 -10.855 -23.664 -22.924
0.318 0.158 0.901 -11.229 -21.786 -21.924
0.29 0.165 0.915 -10.489 -20.718 -19.931
0.242 0.182 0.931 -4.115 -19.733 -19.992
0.203 0.219 0.891 1.221 -20.122 -19.168
0.182 0.299 0.833 3.588 -20.641 -14.672
0.23 0.358 0.701 1.802 -19.206 -7.099
0.275 0.35 0.623 -3.282 -12.29 0.985
0.273 0.312 0.689 -12.87 -10.137 6.458
0.308 0.199 0.786 -15.351 -4.763 6.924
0.278 0.174 0.829 -13.26 -4.847 5.855
0.29 0.175 0.846 -11.359 1.443 4.107
0.266 0.184 0.883 -10.969 0.267 5.321
0.25 0.18 0.919 -8.252 0.092 8.0
0.271 0.17 0.923 -4.985 -1.359 11.282
0.294 0.176 0.901 -4.45 -4.351 12.962
0.329 0.165 0.865 -6.344 -1.412 12.466
0.265 0.176 0.902 -10.168 -3.137 10.656
0.239 0.163 0.918 -12.015 -6.42 9.748
0.253 0.159 0.902 -11.489 -6.527 9.328
0.238 0.167 0.866 -8.71 -3.183 9.374
0.226 0.195 0.838 -7.511 -2.137 11.244
0.257 0.183 0.82 -6.344 1.519 12.962
0.245 0.177 0.813 -5.817 3.672 14.595
0.266 0.155 0.826 -4.817 4.641 14.954
0.305 0.11 0.814 -2.389 7.794 14.16
0.294 0.116 0.84 -0.176 11.473 11.038
0.271 0.156 0.832 -0.29 12.038 8.176
0.26 0.182 0.832 -2.26 12.214 6.58
0.222 0.213 0.869 -5.176 9.313 6.206
0.215 0.195 0.918 -5.351 9.26 6.061
0.208 0.176 0.952 -3.55 7.618 7.618
0.222 0.163 0.946 -1.275 5.229 9.137
0.238 0.145 0.944 1.985 6.221 8.969
0.244 0.132 0.955 6.031 6.573 8.618
0.267 0.135 0.924 9.565 6.382 9.328
0.262 0.166 0.906 8.58 3.702 9.969
0.281 0.155 0.887 7.557 2.733 8.901
0.246 0.178 0.904 7.198 1.985 8.206
0.246 0.168 0.885 6.198 2.084 8.427
0.226 0.177 0.906 5.992 1.45 8.519
0.229 0.187 0.904 6.084 1.29 7.275
0.219 0.204 0.896 6.924 1.565 7.756
0.224 0.217 0.892 7.496 3.321 8.763
0.216 0.222 0.888 6.137 4.183 10.702
0.203 0.222 0.9 3.481 3.55 10.908
0.201 0.185 0.925 1.015 2.336 10.511
0.186 0.182 0.932 0.038 -0.977 10.351
0.2 0.171 0.913 -0.023 -3.046 11.298
0.229 0.152 0.899 0.191 -3.038 11.221
0.238 0.155 0.872 -0.641 -2.344 11.725
0.257 0.138 0.862 -1.145 1.053 11.321
0.256 0.127 0.874 -0.771 2.664 10.221
0.246 0.138 0.881 -1.725 1.206 8.901
0.251 0.131 0.86 -2.191 2.412 6.947
0.222 0.155 0.879 -1.359 2.336 5.863
0.213 0.171 0.896 -0.267 3.382 6.0
0.214 0.19 0.887 -1.023 1.725 7.939
0.205 0.203 0.887 -2.55 -0.176 10.702
0.232 0.185 0.892 -3.595 -1.145 12.389
0.247 0.171 0.886 -3.901 -0.855 13.588
0.246 0.18 0.887 -4.435 -0.145 13.45
0.238 0.176 0.87 -4.145 0.649 13.153
0.236 0.189 0.859 -4.405 0.916 13.053
0.216 0.193 0.85 -4.252 3.458 13.466
0.212 0.201 0.868 -4.176 4.588 14.191
0.214 0.2 0.865 -4.023 5.099 15.366
0.227 0.172 0.873 -3.977 5.397 15.298
0.231 0.16 0.881 -3.802 4.756 14.435
0.248 0.144 0.88 -4.008 5.16 12.687
0.255 0.134 0.888 -3.954 7.153 10.366
0.239 0.145 0.916 -2.298 9.214 9.252
0.213 0.156 0.931 -4.473 7.779 6.214
0.207 0.157 0.946 -4.924 8.466 3.298
0.19 0.15 0.954 -5.267 3.863 3.038
0.208 0.16 0.95 -2.504 2.053 5.183
0.221 0.156 0.947 -0.45 1.237 6.588
0.24 0.147 0.911 1.542 1.153 6.534
0.257 0.131 0.869 -0.084 -0.16 6.267
0.273 0.137 0.875 -1.275 -0.489 4.641
0.279 0.13 0.873 -0.595 1.29 3.313
0.262 0.143 0.878 -0.397 2.076 2.26
0.241 0.166 0.881 -1.16 1.885 1.115
0.233 0.179 0.886 -1.107 1.634 1.71
0.234 0.184 0.868 -0.695 2.809 3.733
0.225 0.185 0.894 -1.137 3.595 4.466
0.208 0.179 0.906 -2.008 3.756 5.336
0.216 0.165 0.911 -3.237 2.298 5.427
0.231 0.157 0.907 -3.733 1.221 5.557
0.231 0.15 0.914 -3.008 1.817 4.427
0.227 0.162 0.902 -3.298 0.725 3.939
0.229 0.172 0.89 -3.924 0.901 3.595
0.228 0.177 0.889 -4.145 0.534 4.176
0.234 0.175 0.887 -4.382 0.992 5.015
0.221 0.164 0.894 -3.74 1.641 5.443
0.217 0.154 0.906 -3.847 1.802 5.87
0.207 0.145 0.927 -4.519 -0.038 4.74
0.209 0.148 0.927 -6.031 -2.466 2.977
0.226 0.148 0.922 -7.107 -4.756 0.794
0.222 0.143 0.921 -5.389 -5.069 -0.29
0.236 0.165 0.903 -4.412 -6.351 -0.366
0.236 0.162 0.865 -4.076 -5.092 0.542
0.24 0.16 0.857 -4.328 -4.0 1.008
0.261 0.141 0.844 -3.58 -2.076 1.55
0.259 0.125 0.858 -2.435 0.863 0.397
0.255 0.124 0.867 -0.802 2.962 -1.168
0.265 0.133 0.854 -0.489 3.313 -2.374
0.249 0.146 0.869 0.908 4.939 -4.038
0.228 0.165 0.876 2.031 6.145 -4.26
0.211 0.194 0.871 0.74 5.748 -3.313
0.209 0.195 0.892 -1.595 4.954 -1.168
0.214 0.18 0.899 -2.611 5.061 -0.527
0.223 0.162 0.918 -2.489 4.718 -0.382
0.231 0.161 0.914 -2.145 4.176 0.237
0.233 0.163 0.902 -2.466 3.107 -0.023
0.233 0.172 0.903 -2.634 2.496 -0.603
0.23 0.178 0.883 -2.359 2.908 -0.183
0.211 0.196 0.882 -3.046 2.137 0.794
0.197 0.194 0.903 -3.71 1.252 1.481
0.204 0.192 0.909 -4.0 -0.13 2.42
0.222 0.167 0.894 -3.565 -0.527 3.618
0.24 0.156 0.895 -3.45 -0.603 3.55
0.241 0.149 0.902 -3.611 -0.695 2.664
0.237 0.151 0.895 -3.29 -0.992 1.954
0.251 0.146 0.891 -2.947 -1.145 1.893
0.248 0.149 0.88 -2.412 -0.466 1.351
0.233 0.158 0.898 -1.321 1.321 0.282
0.229 0.155 0.899 -0.87 1.55 0.061
0.197 0.168 0.92 -0.298 0.802 -0.008
0.192 0.169 0.947 0.771 -0.137 -0.504
0.184 0.176 0.941 0.573 -2.504 -0.679
0.189 0.183 0.925 -0.885 -4.885 0.298
0.221 0.175 0.908 -2.435 -5.527 0.55
0.233 0.155 0.891 -3.29 -6.015 0.725
0.245 0.129 0.882 -3.519 -5.122 0.45
0.26 0.116 0.88 -2.382 -3.901 -0.84
0.283 0.108 0.846 -0.336 -0.802 -1.603
0.268 0.127 0.848 -1.489 0.145 -2.824
0.236 0.168 0.863 -1.359 1.992 -2.878
0.225 0.182 0.86 -1.511 3.542 -1.275
0.226 0.187 0.862 -2.382 3.863 0.382
0.226 0.179 0.885 -2.931 4.229 1.115
0.229 0.169 0.897 -3.359 3.191 2.191
0.235 0.164 0.894 -3.557 2.748 2.725
0.236 0.146 0.918 -3.344 1.817 2.244
0.23 0.15 0.922 -3.023 0.725 1.664
0.231 0.158 0.907 -2.679 0.977 0.786
0.226 0.164 0.896 -2.832 0.84 0.977
0.211 0.169 0.902 -3.626 -0.702 1.046
0.226 0.16 0.909 -4.053 -1.229 1.023
0.233 0.15 0.906 -3.55 -1.481 0.74
0.238 0.156 0.891 -3.649 -1.626 0.733
0.246 0.157 0.884 -3.718 -0.802 0.824
0.249 0.159 0.882 -3.573 0.313 0.992
0.24 0.158 0.885 -3.221 1.42 1.412
0.235 0.157 0.898 -3.13 1.206 1.595
0.233 0.15 0.885 -3.534 -0.137 1.397
0.246 0.143 0.876 -3.046 0.237 0.985
0.242 0.15 0.863 -2.74 0.977 0.344
0.24 0.159 0.865 -2.344 1.962 0.405
0.239 0.156 0.876 -2.115 3.084 0.611
0.24 0.162 0.894 -1.427 2.511 1.626
0.242 0.165 0.889 -0.893 3.267 2.0
0.246 0.157 0.902 0.122 4.183 1.771
0.233 0.165 0.918 0.13 4.053 1.634
0.236 0.168 0.919 0.008 3.16 1.748
0.219 0.17 0.918 -1.489 0.992 1.855
0.219 0.172 0.911 -2.466 -1.198 1.664
0.225 0.167 0.904 -3.076 -2.13 1.603
0.237 0.148 0.896 -3.145 -2.901 1.817
0.249 0.144 0.89 -3.29 -2.763 1.58
0.236 0.149 0.888 -3.0 -2.374 0.382
0.24 0.156 0.874 -2.321 -1.802 0.122
0.24 0.163 0.855 -1.382 -0.214 0.611
0.233 0.168 0.862 -0.809 1.45 1.153
0.223 0.171 0.879 -0.55 1.878 1.969
0.218 0.17 0.89 -0.603 2.107 2.344
0.215 0.168 0.911 -1.389 0.595 2.939
0.226 0.155 0.895 -2.137 0.069 2.305
0.245 0.145 0.896 -2.244 -0.092 1.87
0.264 0.138 0.868 -1.45 1.649 1.588
0.263 0.142 0.874 -0.16 3.87 1.206
0.255 0.151 0.882 0.557 5.023 1.214
0.236 0.164 0.892 0.977 5.198 0.802
0.221 0.165 0.902 0.45 4.878 1.084
0.208 0.176 0.913 -0.252 3.168 0.802
0.2 0.18 0.92 -1.573 1.405 1.069
0.184 0.134 0.93 -4.13 -2.855 2.863
0.222 0.176 0.895 -2.763 -1.107 2.328
0.238 0.163 0.881 -2.725 -0.16 2.863
0.259 0.146 0.888 -2.664 1.336 2.519
0.26 0.135 0.882 -2.45 1.977 2.061
0.262 0.134 0.89 -1.817 1.183 1.588
0.261 0.14 0.889 -1.336 2.16 0.55
0.245 0.151 0.894 -0.618 2.931 -0.481
0.228 0.17 0.898 -0.427 2.672 -0.092
0.22 0.183 0.902 -1.679 1.595 -0.061
0.214 0.182 0.911 -1.931 1.214 0.198
0.213 0.175 0.914 -2.153 -0.16 0.939
0.233 0.174 0.901 -2.099 -0.389 1.168
0.236 0.167 0.894 -2.695 -0.817 1.092
0.255 0.151 0.881 -2.771 -0.595 0.939
0.251 0.147 0.874 -2.603 0.26 -0.031
0.249 0.146 0.864 -2.137 1.069 -0.16
0.238 0.159 0.853 -1.916 2.008 0.237
0.244 0.164 0.869 -1.183 3.229 0.595
0.239 0.169 0.871 -1.168 3.962 0.702
0.225 0.161 0.89 -1.145 3.237 0.832
0.234 0.164 0.89 -1.298 3.321 0.328
0.234 0.158 0.897 0.221 3.847 -0.634
0.225 0.175 0.898 1.824 4.664 -0.16
0.22 0.176 0.879 2.344 5.328 0.382
0.214 0.181 0.892 1.29 4.618 0.786
0.212 0.176 0.911 -0.336 2.45 0.435
0.224 0.165 0.921 -1.267 1.229 -0.221
0.229 0.161 0.906 -0.74 0.863 -0.046
0.245 0.156 0.896 -0.382 1.595 0.427
0.23 0.171 0.9 -0.29 1.679 0.191
0.23 0.169 0.89 -0.969 1.092 0.168
0.234 0.167 0.898 -0.046 2.473 0.229
0.226 0.176 0.903 0.466 3.366 0.336
0.213 0.175 0.91 -0.42 2.26 0.313
0.213 0.168 0.908 -1.008 0.435 0.58
0.218 0.162 0.916 -1.221 -0.336 0.069
0.229 0.171 0.889 -1.092 -0.962 -0.45
0.236 0.168 0.871 -2.092 -1.305 -0.412
0.243 0.167 0.858 -2.427 -0.626 0.359
0.241 0.158 0.86 -1.931 0.924 0.183
0.244 0.156 0.866 -0.718 1.244 0.634
0.247 0.157 0.888 -0.046 2.71 0.053
0.233 0.164 0.875 0.351 4.038 -0.443
0.229 0.172 0.875 0.74 4.74 -0.031
0.238 0.162 0.886 2.267 6.321 0.099
0.222 0.176 0.88 1.908 6.649 -0.374
0.217 0.179 0.891 0.412 5.473 -0.962
0.211 0.192 0.887 -1.282 2.985 -0.542
0.207 0.188 0.899 -2.382 3.137 -0.061
0.209 0.18 0.908 -1.786 3.527 -0.252
0.215 0.197 0.91 -2.718 1.634 0.519
0.211 0.171 0.926 -1.87 2.168 0.16
0.218 0.172 0.916 -0.023 1.863 0.305
0.224 0.181 0.88 -1.099 0.55 0.786
0.226 0.181 0.865 -2.824 0.069 1.305
0.239 0.166 0.869 -2.802 1.443 1.26
0.248 0.154 0.886 -1.16 4.168 0.763
0.23 0.166 0.903 -0.71 4.26 0.023
0.224 0.172 0.902 -0.832 2.878 -0.878
0.213 0.187 0.912 -1.809 1.489 -1.305
0.216 0.18 0.913 -1.618 0.779 -0.595
0.211 0.19 0.906 -0.847 1.611 0.267
0.208 0.192 0.909 -1.076 1.145 0.901
0.212 0.184 0.903 -1.679 0.145 1.305
0.215 0.18 0.903 -2.153 -0.87 1.58
0.223 0.171 0.896 -2.71 -2.046 1.038
0.227 0.175 0.875 -2.328 -0.45 0.649
0.223 0.179 0.88 -1.977 0.145 0.725
0.213 0.188 0.88 -1.687 0.824 1.427
0.206 0.181 0.877 -1.992 0.847 1.885
0.218 0.171 0.884 -1.435 1.122 1.893
0.217 0.171 0.898 -0.656 1.198 1.916
0.208 0.191 0.897 -0.511 0.756 0.542
0.223 0.168 0.908 -1.802 -0.313 1.649
0.215 0.17 0.911 -1.145 -0.931 1.412
0.218 0.17 0.907 -1.26 -1.458 1.252
0.221 0.177 0.903 -1.481 -1.405 0.794