0.121, 0.083, 0.943, -5.176, 3.16, -0.13
0.112, 0.096, 0.937, -3.847, 2.626, 0.458
0.112, 0.095, 0.922, -3.26, 2.023, 0.718
0.108, 0.105, 0.926, -3.038, 1.557, 0.847
0.121, 0.107, 0.902, -3.573, 1.832, 0.496
0.116, 0.1, 0.915, -4.099, 2.458, -0.046
0.108, 0.108, 0.923, -3.901, 2.267, -0.115
0.108, 0.108, 0.93, -4.45, 1.756, -0.107
0.106, 0.085, 0.944, -3.802, 1.321, -0.321
0.101, 0.092, 0.941, -2.756, 0.351, -0.244
0.107, 0.094, 0.928, -2.435, 0.603, -0.534
0.106, 0.085, 0.927, -2.16, 0.031, -0.496
0.111, 0.09, 0.915, -1.595, -0.786, -0.13
0.11, 0.103, 0.911, -1.74, 0.176, 0.0
0.118, 0.104, 0.909, -2.321, 0.84, 0.031
0.107, 0.112, 0.912, -2.87, 0.802, 0.122
0.115, 0.103, 0.912, -3.008, 0.557, 1.031
0.117, 0.101, 0.911, -2.687, 0.198, 1.282
0.134, 0.097, 0.893, -2.519, 1.099, 1.374
0.138, 0.096, 0.888, -2.725, 0.679, 2.015
0.139, 0.1, 0.893, -4.191, 1.511, 1.221
0.135, 0.106, 0.894, -5.985, 1.183, 0.725
0.13, 0.107, 0.912, -7.313, -0.069, 0.427
0.137, 0.101, 0.917, -7.42, 0.031, 0.16
0.144, 0.092, 0.912, -6.443, 0.031, 0.389
0.138, 0.091, 0.93, -5.282, 0.954, -0.122
0.147, 0.093, 0.909, -5.061, 1.679, -0.809
0.145, 0.107, 0.915, -5.939, 2.26, -2.214
0.152, 0.11, 0.912, -7.115, 2.107, -3.321
0.148, 0.114, 0.92, -8.458, 2.519, -4.649
0.152, 0.115, 0.938, -8.557, 1.649, -4.809
0.141, 0.115, 0.95, -7.519, 0.153, -4.282
0.131, 0.118, 0.925, -6.626, -0.992, -3.038
0.125, 0.124, 0.927, -6.015, -1.42, -2.389
0.14, 0.106, 0.919, -5.557, -1.779, -1.656
0.143, 0.11, 0.921, -5.672, -1.115, -2.366
0.146, 0.112, 0.923, -5.504, -1.038, -3.0
0.147, 0.116, 0.914, -5.351, -2.122, -2.534
0.138, 0.124, 0.916, -6.656, -3.015, -3.267
0.13, 0.131, 0.917, -7.26, -3.511, -2.969
0.125, 0.128, 0.9, -8.168, -2.763, -2.473
0.127, 0.118, 0.913, -8.092, -2.466, -0.908
0.132, 0.11, 0.907, -6.939, -0.298, 0.908
0.128, 0.111, 0.894, -5.725, 1.565, 1.29
0.128, 0.106, 0.898, -5.87, 2.069, 1.053
0.131, 0.104, 0.89, -6.618, 2.183, 0.473
0.134, 0.096, 0.899, -7.107, 2.466, 0.099
0.133, 0.084, 0.904, -6.328, 1.344, 0.344
0.131, 0.071, 0.913, -5.954, 2.58, 0.878
0.137, 0.064, 0.907, -5.13, 3.565, 0.275
0.132, 0.079, 0.913, -4.87, 4.153, -0.023
0.126, 0.088, 0.899, -5.153, 4.679, -0.198
0.131, 0.098, 0.881, -5.511, 4.786, 0.641
0.125, 0.093, 0.881, -6.115, 5.527, 1.435
0.114, 0.086, 0.896, -6.702, 5.42, 2.878
0.111, 0.072, 0.908, -6.656, 5.55, 4.198
0.115, 0.054, 0.931, -5.939, 5.237, 4.534
0.133, 0.041, 0.922, -4.939, 5.611, 4.718
0.15, 0.042, 0.931, -3.168, 5.824, 4.832
0.142, 0.049, 0.945, -2.649, 6.557, 3.473
0.143, 0.044, 0.957, -2.267, 4.664, 2.74
0.138, 0.035, 0.954, -1.924, 2.908, 1.817
0.134, 0.029, 0.934, -1.405, 2.305, 0.931
0.136, 0.033, 0.906, -1.351, 2.473, -0.252
0.134, 0.047, 0.901, -1.382, 3.565, -0.863
0.138, 0.054, 0.876, -1.015, 4.649, -0.733
0.138, 0.06, 0.883, -0.878, 6.725, -0.405
0.133, 0.066, 0.885, -0.87, 7.031, 0.336
0.121, 0.064, 0.903, -1.015, 7.29, 0.595
0.116, 0.058, 0.922, -0.977, 7.275, 0.649
0.11, 0.057, 0.946, -0.382, 7.641, 0.519
0.104, 0.061, 0.945, -0.046, 7.71, -0.137
0.1, 0.067, 0.935, 1.115, 6.26, 0.496
0.103, 0.073, 0.927, 0.824, 5.763, 0.115
0.091, 0.087, 0.927, -0.214, 5.534, -0.573
0.089, 0.081, 0.913, -0.443, 4.168, -1.504
0.096, 0.085, 0.938, -1.023, 4.893, -0.786
0.096, 0.085, 0.921, -1.298, 5.511, -0.702
0.094, 0.084, 0.926, -0.916, 5.298, -0.115
0.104, 0.085, 0.925, -0.313, 5.313, 0.527
0.107, 0.077, 0.92, -0.107, 5.527, 0.069
0.101, 0.089, 0.922, -0.863, 5.802, -0.412
0.097, 0.098, 0.923, -1.282, 5.58, -0.855
0.092, 0.094, 0.927, -1.626, 5.489, -1.076
0.094, 0.084, 0.932, -1.634, 4.733, -1.031
0.102, 0.087, 0.927, -1.031, 4.687, -1.137
0.094, 0.084, 0.926, -0.176, 5.107, -0.832
0.083, 0.098, 0.922, -0.023, 5.221, -0.634
0.081, 0.11, 0.917, -0.466, 5.137, -0.206
0.075, 0.108, 0.913, -1.153, 4.771, 0.267
0.08, 0.098, 0.908, -1.802, 4.901, 0.168
0.077, 0.09, 0.918, -1.382, 4.809, 0.725
0.079, 0.082, 0.932, -1.496, 4.397, 0.366
0.084, 0.083, 0.934, -1.489, 4.573, -0.069
0.078, 0.088, 0.931, -1.794, 3.893, -0.695
0.079, 0.092, 0.925, -1.84, 3.427, -1.214
0.076, 0.093, 0.922, -2.168, 2.603, -1.405
0.077, 0.091, 0.928, -1.748, 2.099, -1.122
0.075, 0.093, 0.931, -1.679, 2.29, -1.015
0.08, 0.097, 0.921, -1.427, 2.878, -1.435
0.078, 0.115, 0.909, -1.504, 3.481, -1.275
0.081, 0.113, 0.913, -2.305, 4.611, -1.588
0.083, 0.125, 0.904, -2.527, 4.626, -1.557
0.078, 0.127, 0.914, -2.466, 3.626, 0.221
0.068, 0.124, 0.921, -2.969, 3.374, 0.756
0.073, 0.109, 0.922, -3.198, 3.336, 1.504
0.072, 0.102, 0.937, -3.374, 3.298, 1.794
0.079, 0.102, 0.942, -3.336, 3.198, 2.061
0.076, 0.098, 0.948, -3.069, 1.992, 2.336
0.077, 0.108, 0.941, -2.947, 1.214, 2.26
0.08, 0.113, 0.926, -3.221, 1.023, 2.55
0.091, 0.118, 0.906, -3.221, 0.786, 2.687
0.094, 0.122, 0.899, -4.183, 1.023, 2.695
0.096, 0.132, 0.887, -5.26, 2.389, 2.137
0.082, 0.142, 0.905, -6.695, 3.901, 0.786
0.065, 0.151, 0.907, -8.0, 3.947, 1.244
0.077, 0.145, 0.919, -8.053, 4.382, 1.519
0.093, 0.133, 0.932, -6.389, 4.916, 2.176
0.086, 0.151, 0.93, -5.344, 4.015, 3.183
0.085, 0.161, 0.909, -4.687, 4.725, 2.588
0.094, 0.176, 0.887, -5.374, 6.427, 1.496
0.107, 0.196, 0.808, -7.489, 6.634, 0.344
0.084, 0.227, 0.88, -9.443, 6.885, 2.626
0.068, 0.227, 0.852, -12.374, 6.336, 4.191
0.057, 0.239, 0.871, -15.405, 5.221, 6.229
0.054, 0.222, 0.883, -16.71, 5.763, 8.954
0.051, 0.224, 0.897, -17.122, 6.855, 11.733
0.041, 0.225, 0.899, -17.221, 7.58, 13.779
0.042, 0.229, 0.912, -17.214, 8.206, 15.374
0.038, 0.217, 0.928, -18.656, 7.817, 15.214
0.032, 0.254, 0.903, -21.221, 5.641, 15.55
0.034, 0.252, 0.878, -23.87, 3.786, 15.908
0.036, 0.24, 0.872, -26.427, 2.954, 16.962
0.036, 0.249, 0.83, -27.87, 5.542, 17.122
0.043, 0.219, 0.869, -31.145, 6.344, 18.771
0.007, 0.243, 0.863, -33.656, 3.397, 23.107
0.016, 0.219, 0.866, -34.924, 2.832, 25.153
0.003, 0.199, 0.885, -35.832, 2.29, 27.794
-0.005, 0.182, 0.886, -36.939, 1.061, 31.214
-0.014, 0.177, 0.887, -39.397, 0.092, 32.901
-0.021, 0.15, 0.908, -41.412, -1.321, 33.649
-0.019, 0.124, 0.927, -42.061, -3.603, 33.969
-0.012, 0.105, 0.93, -42.015, -3.901, 33.832
-0.02, 0.094, 0.904, -41.191, -5.58, 34.176
-0.02, 0.1, 0.865, -43.481, -7.763, 35.733
-0.021, 0.084, 0.851, -48.809, -8.939, 35.901
-0.025, 0.064, 0.856, -53.053, -9.29, 35.84
-0.037, 0.035, 0.886, -55.527, -10.298, 36.183
-0.046, 0.018, 0.914, -55.405, -11.313, 36.817
-0.076, 0.012, 0.937, -55.374, -15.214, 38.496
-0.083, -0.017, 0.949, -56.824, -18.008, 39.336
-0.079, -0.052, 0.95, -57.481, -22.458, 40.412
-0.056, -0.07, 0.931, -58.412, -24.84, 40.275
-0.064, -0.082, 0.939, -58.977, -26.191, 40.153
-0.076, -0.089, 0.934, -59.405, -28.817, 41.305
-0.092, -0.101, 0.926, -61.672, -31.809, 41.725
-0.087, -0.143, 0.946, -64.107, -35.656, 42.618
-0.074, -0.199, 0.95, -65.336, -38.573, 42.817
-0.074, -0.228, 0.976, -66.053, -40.802, 41.305
-0.068, -0.255, 1.005, -64.893, -43.099, 40.473
-0.073, -0.268, 1.008, -62.374, -47.061, 40.115
-0.082, -0.278, 0.999, -59.878, -51.702, 41.031
-0.07, -0.292, 0.982, -58.756, -55.733, 41.588
-0.047, -0.321, 0.954, -59.397, -59.252, 41.374
-0.028, -0.35, 0.955, -60.55, -62.206, 39.847
-0.017, -0.381, 0.959, -61.557, -64.733, 37.962
-0.013, -0.395, 0.966, -61.084, -68.649, 36.405
-0.012, -0.405, 0.964, -60.252, -71.595, 34.588
-0.007, -0.421, 0.988, -59.649, -76.038, 33.435
0.006, -0.454, 0.99, -56.947, -81.672, 32.893
0.044, -0.471, 0.969, -53.931, -84.412, 32.359
0.084, -0.49, 0.952, -50.107, -85.527, 32.481
0.102, -0.498, 0.924, -45.198, -86.26, 33.29
0.112, -0.492, 0.89, -41.359, -85.802, 33.817
0.13, -0.495, 0.883, -40.679, -88.595, 34.069
0.156, -0.521, 0.878, -40.473, -92.794, 32.924
0.193, -0.558, 0.869, -38.626, -92.229, 32.031
0.23, -0.577, 0.869, -35.267, -92.061, 31.183
0.246, -0.592, 0.859, -31.832, -92.191, 29.107
0.269, -0.595, 0.857, -27.595, -92.344, 27.405
0.291, -0.595, 0.85, -24.229, -92.542, 26.443
0.339, -0.602, 0.799, -20.962, -96.313, 25.595
0.367, -0.625, 0.765, -18.458, -96.55, 23.321
0.399, -0.628, 0.751, -17.031, -94.847, 20.191
0.413, -0.628, 0.754, -15.992, -95.58, 16.366
0.427, -0.637, 0.747, -13.351, -97.084, 14.328
0.455, -0.642, 0.725, -10.389, -94.947, 11.832
0.483, -0.633, 0.708, -7.008, -93.817, 9.74
0.5, -0.609, 0.695, -5.191, -92.076, 7.573
0.511, -0.6, 0.698, -3.626, -90.176, 5.473
0.512, -0.598, 0.695, -1.244, -88.328, 3.588
0.533, -0.607, 0.696, 2.756, -89.985, 2.733
0.54, -0.616, 0.696, 8.183, -90.542, 2.099
0.556, -0.597, 0.674, 12.481, -88.191, -0.046
0.567, -0.562, 0.67, 16.015, -85.435, -1.565
0.57, -0.529, 0.632, 16.878, -84.382, -2.557
0.576, -0.512, 0.625, 17.221, -84.382, -4.221
0.573, -0.504, 0.635, 15.473, -86.802, -5.802
0.586, -0.503, 0.653, 15.107, -88.16, -7.198
0.608, -0.503, 0.632, 17.458, -92.679, -6.053
0.645, -0.495, 0.594, 18.985, -93.939, -6.229
0.648, -0.469, 0.586, 20.015, -92.389, -7.023
0.65, -0.47, 0.578, 19.977, -92.282, -7.45
0.653, -0.459, 0.559, 18.45, -92.328, -8.176
0.703, -0.491, 0.543, 17.267, -92.137, -10.924
0.732, -0.52, 0.535, 17.092, -91.679, -16.511
0.751, -0.525, 0.555, 16.443, -88.458, -20.748
0.761, -0.532, 0.542, 18.947, -89.351, -25.008
0.764, -0.507, 0.517, 20.534, -88.221, -27.718
0.746, -0.462, 0.504, 20.244, -88.092, -29.847
0.754, -0.452, 0.5, 20.931, -91.282, -29.183
0.793, -0.457, 0.433, 22.565, -87.725, -29.176
0.785, -0.466, 0.416, 27.084, -84.42, -29.649
0.812, -0.429, 0.397, 24.214, -77.176, -29.511
0.83, -0.431, 0.397, 26.389, -72.405, -28.458
0.823, -0.424, 0.409, 29.221, -69.832, -26.611
0.819, -0.408, 0.406, 31.817, -68.252, -25.557
0.834, -0.413, 0.426, 35.481, -66.573, -24.015
0.86, -0.414, 0.397, 39.855, -64.244, -23.687
0.887, -0.393, 0.377, 44.115, -59.969, -23.458
0.911, -0.391, 0.338, 46.725, -55.275, -24.168
0.952, -0.387, 0.292, 47.863, -49.053, -27.42
0.978, -0.363, 0.261, 47.679, -40.931, -32.863
0.984, -0.33, 0.249, 45.42, -36.374, -37.702
1.011, -0.245, 0.241, 42.466, -30.992, -41.076
0.99, -0.271, 0.209, 40.275, -24.069, -42.916
1.012, -0.267, 0.201, 38.87, -16.557, -43.664
1.031, -0.254, 0.182, 38.115, -9.832, -44.718
1.034, -0.239, 0.197, 35.687, -2.221, -47.214
1.036, -0.231, 0.21, 32.969, 2.206, -49.939
1.031, -0.22, 0.218, 30.824, 5.924, -52.779
1.037, -0.214, 0.226, 30.802, 10.252, -53.84
1.02, -0.18, 0.23, 30.947, 14.13, -53.878
1.019, -0.167, 0.251, 33.55, 19.817, -52.977
1.021, -0.157, 0.243, 35.099, 26.16, -52.985
1.026, -0.149, 0.241, 35.916, 31.031, -53.71
1.043, -0.14, 0.232, 36.969, 35.885, -55.328
1.05, -0.103, 0.202, 36.191, 40.076, -57.382
1.049, -0.083, 0.2, 34.443, 44.298, -59.13
1.041, -0.057, 0.165, 31.038, 48.534, -59.771
1.041, -0.057, 0.196, 28.557, 52.824, -61.779
1.04, -0.062, 0.202, 27.183, 56.374, -62.809
1.03, -0.065, 0.23, 26.29, 60.855, -65.725
1.025, -0.08, 0.258, 26.802, 64.985, -68.992
1.017, -0.065, 0.266, 26.977, 69.328, -73.344
0.99, -0.051, 0.266, 26.542, 73.809, -78.038
0.964, -0.014, 0.267, 26.382, 77.916, -80.45
0.921, 0.025, 0.26, 26.267, 82.313, -81.527
0.908, 0.046, 0.277, 26.397, 87.069, -81.679
0.89, 0.058, 0.293, 27.198, 92.038, -81.924
0.876, 0.075, 0.312, 27.786, 96.359, -82.137
0.847, 0.091, 0.313, 27.061, 100.282, -83.206
0.83, 0.091, 0.333, 25.382, 102.496, -85.183
0.819, 0.091, 0.343, 24.321, 106.947, -88.588
0.786, 0.111, 0.377, 24.344, 111.321, -92.137
0.75, 0.149, 0.386, 24.977, 115.16, -94.092
0.709, 0.188, 0.402, 25.229, 118.031, -95.794
0.669, 0.238, 0.402, 25.473, 121.038, -95.656
0.627, 0.276, 0.394, 25.87, 124.321, -93.985
0.6, 0.324, 0.39, 25.084, 128.969, -93.107
0.55, 0.367, 0.404, 22.985, 131.962, -92.893
0.506, 0.397, 0.419, 20.153, 135.237, -91.74
0.456, 0.437, 0.462, 17.198, 137.443, -89.786
0.404, 0.452, 0.524, 14.473, 139.252, -88.794
0.348, 0.464, 0.587, 12.695, 137.0, -86.672
0.314, 0.456, 0.627, 12.29, 132.221, -85.527
0.311, 0.452, 0.615, 12.832, 130.771, -85.366
0.266, 0.486, 0.634, 12.847, 129.198, -85.374
0.227, 0.533, 0.641, 10.435, 125.779, -83.374
0.186, 0.505, 0.662, 10.489, 119.916, -79.527
0.171, 0.521, 0.664, 11.038, 121.908, -71.702
0.137, 0.572, 0.59, 7.084, 121.588, -64.206
0.114, 0.57, 0.583, 1.412, 121.252, -58.267
0.083, 0.553, 0.585, -4.847, 123.008, -56.122
0.048, 0.514, 0.643, -11.748, 123.733, -57.336
0.017, 0.463, 0.746, -16.748, 124.023, -61.252
-0.028, 0.454, 0.841, -19.71, 121.733, -65.214
-0.088, 0.473, 0.895, -21.496, 115.092, -67.817
-0.149, 0.508, 0.932, -21.107, 104.87, -66.626
-0.163, 0.528, 0.915, -20.519, 93.885, -62.061
-0.153, 0.539, 0.844, -19.405, 86.962, -55.824
-0.147, 0.531, 0.808, -19.267, 86.809, -50.481
-0.179, 0.526, 0.817, -19.802, 88.969, -44.557
-0.219, 0.526, 0.846, -19.321, 88.542, -38.275
-0.252, 0.513, 0.883, -18.939, 86.099, -32.336
-0.277, 0.492, 0.935, -18.313, 82.641, -28.13
-0.29, 0.48, 0.996, -15.664, 78.45, -24.275
-0.285, 0.499, 0.988, -12.084, 71.565, -20.779
-0.311, 0.499, 0.98, -9.603, 64.809, -18.176
-0.285, 0.516, 0.916, -9.237, 58.74, -16.176
-0.276, 0.528, 0.901, -10.74, 53.992, -15.374
-0.283, 0.544, 0.884, -15.13, 50.092, -15.328
-0.28, 0.549, 0.877, -19.595, 48.237, -15.779
-0.285, 0.507, 0.937, -23.038, 44.847, -13.71
-0.322, 0.482, 0.947, -18.931, 44.053, -11.481
-0.396, 0.522, 0.944, -18.534, 43.221, -5.45
-0.375, 0.515, 0.951, -19.794, 35.802, 2.282
-0.344, 0.486, 0.946, -19.977, 34.42, 7.641
-0.316, 0.454, 0.953, -17.145, 32.313, 12.649
-0.305, 0.46, 0.901, -12.504, 29.847, 18.595
-0.292, 0.472, 0.836, -12.137, 29.595, 21.885
-0.298, 0.475, 0.8, -14.893, 28.359, 24.221
-0.303, 0.469, 0.783, -21.969, 27.588, 24.603
-0.34, 0.504, 0.773, -28.382, 27.038, 24.298
-0.336, 0.409, 0.869, -35.634, 24.092, 25.893
-0.334, 0.362, 0.909, -32.954, 22.588, 29.168
-0.324, 0.354, 0.923, -29.084, 21.053, 33.053
-0.333, 0.418, 0.874, -25.733, 21.321, 37.16
-0.305, 0.422, 0.886, -29.099, 19.542, 38.695
-0.342, 0.391, 0.843, -30.802, 15.725, 42.87
-0.352, 0.4, 0.839, -38.153, 9.145, 45.313
-0.363, 0.361, 0.84, -45.534, 5.107, 48.87
-0.35, 0.292, 0.885, -48.382, 3.443, 53.802
-0.321, 0.233, 0.904, -46.252, 3.237, 58.374
-0.301, 0.181, 0.917, -40.229, 4.664, 61.481
-0.274, 0.174, 0.897, -34.298, 7.771, 62.29
-0.249, 0.187, 0.853, -30.656, 10.672, 61.282
-0.261, 0.24, 0.804, -33.16, 9.443, 59.878
-0.267, 0.269, 0.789, -40.916, 6.55, 58.275
-0.262, 0.25, 0.788, -50.481, 3.511, 56.954
-0.281, 0.212, 0.849, -58.137, 0.672, 56.771
-0.275, 0.155, 0.901, -61.542, -2.405, 57.252
-0.275, 0.089, 0.958, -58.779, -3.908, 58.153
-0.263, 0.04, 1.004, -50.214, -4.817, 59.137
-0.251, 0.04, 0.998, -39.771, -5.687, 61.42
-0.235, 0.072, 0.945, -30.855, -5.458, 64.176
-0.223, 0.109, 0.87, -26.542, -3.382, 65.908
-0.225, 0.155, 0.816, -30.344, -3.069, 66.298
-0.234, 0.155, 0.833, -38.969, -6.198, 65.511
-0.234, 0.107, 0.867, -47.397, -10.55, 63.13
-0.224, 0.042, 0.927, -52.588, -13.794, 60.023
-0.195, -0.015, 0.961, -52.885, -16.115, 56.679
-0.201, -0.035, 0.983, -50.053, -16.786, 53.718
-0.198, -0.03, 0.999, -45.183, -18.977, 53.061
-0.197, -0.021, 0.985, -38.313, -20.618, 54.359
-0.184, -0.006, 0.965, -32.076, -20.893, 56.656
-0.153, 0.017, 0.915, -30.008, -19.969, 58.672
-0.143, 0.006, 0.9, -32.84, -19.115, 59.649
-0.118, -0.024, 0.921, -36.809, -21.672, 59.145
-0.115, -0.069, 0.956, -38.221, -24.153, 57.092
-0.119, -0.103, 1.022, -34.863, -25.878, 55.053
-0.1, -0.12, 1.03, -28.015, -27.267, 53.756
-0.079, -0.1, 0.994, -21.695, -27.344, 52.443
-0.067, -0.051, 0.929, -19.687, -29.046, 51.107
-0.052, -0.014, 0.882, -21.656, -31.389, 49.191
-0.047, -0.03, 0.868, -25.824, -33.359, 46.992
-0.028, -0.059, 0.904, -27.809, -31.679, 45.374
-0.011, -0.072, 0.94, -27.733, -31.076, 44.359
0.006, -0.103, 0.953, -26.847, -31.076, 43.031
0.021, -0.114, 0.969, -25.672, -33.099, 40.87
0.037, -0.116, 0.95, -23.0, -35.015, 39.191
0.06, -0.106, 0.934, -19.58, -34.137, 37.26
0.077, -0.095, 0.903, -15.328, -32.908, 36.656
0.07, -0.054, 0.864, -13.489, -33.397, 37.458
0.083, -0.042, 0.845, -16.45, -33.282, 37.885
0.104, -0.065, 0.865, -20.351, -32.435, 37.489
0.114, -0.091, 0.911, -23.305, -30.389, 35.573
0.124, -0.123, 0.959, -23.153, -30.122, 33.71
0.115, -0.138, 0.996, -21.084, -30.053, 32.374
0.116, -0.145, 1.025, -18.168, -30.252, 31.405
0.131, -0.152, 1.014, -14.443, -31.214, 30.58
0.165, -0.15, 0.975, -10.779, -31.16, 30.427
0.188, -0.134, 0.953, -8.947, -30.443, 28.947
0.195, -0.111, 0.912, -9.443, -30.534, 26.626
0.2, -0.092, 0.899, -12.504, -31.519, 24.298
0.224, -0.092, 0.882, -15.855, -32.069, 22.29
0.234, -0.118, 0.911, -17.71, -31.924, 19.847
0.225, -0.12, 0.929, -17.198, -31.359, 18.412
0.236, -0.121, 0.934, -15.672, -30.695, 17.725
0.246, -0.143, 0.951, -12.42, -29.939, 16.664
0.271, -0.165, 0.942, -6.71, -28.137, 15.26
0.281, -0.134, 0.907, -2.656, -25.748, 13.656
0.272, -0.099, 0.871, -0.802, -23.74, 12.725
0.271, -0.078, 0.854, -1.321, -21.397, 11.748
0.274, -0.051, 0.849, -4.191, -19.13, 10.931
0.274, -0.051, 0.853, -7.237, -17.863, 10.466
0.28, -0.075, 0.873, -8.908, -16.847, 9.855
0.296, -0.101, 0.886, -8.008, -15.58, 8.992
0.3, -0.082, 0.88, -7.183, -13.847, 8.0
0.306, -0.067, 0.865, -6.71, -11.435, 7.107
0.309, -0.08, 0.858, -6.275, -8.901, 6.733
0.321, -0.085, 0.864, -5.16, -6.389, 5.672
0.325, -0.079, 0.849, -4.794, -4.099, 5.107
0.313, -0.092, 0.863, -3.954, -2.733, 3.634
0.32, -0.125, 0.904, -1.924, -1.603, 0.74
0.307, -0.113, 0.922, 0.672, -1.947, -2.374
0.301, -0.088, 0.896, 1.496, -1.992, -5.053
0.299, -0.056, 0.871, 1.328, -0.71, -7.305
0.289, -0.042, 0.871, 1.351, 0.176, -7.832
0.272, -0.028, 0.859, 0.763, 0.885, -7.366
0.264, -0.008, 0.86, -0.87, 2.229, -6.466
0.264, -0.019, 0.884, -2.099, 3.229, -6.771
0.264, -0.032, 0.909, -2.061, 3.275, -7.336
0.256, -0.028, 0.93, -1.267, 3.511, -7.954
0.25, -0.009, 0.941, 0.092, 3.092, -8.298
0.25, 0.0, 0.921, 0.679, 2.977, -8.069
0.247, 0.012, 0.928, 1.229, 2.244, -7.557
0.231, 0.022, 0.923, 1.565, 1.908, -7.412
0.229, 0.031, 0.927, 1.695, 1.328, -7.206
0.219, 0.033, 0.918, 1.313, 1.244, -7.397
0.222, 0.013, 0.923, 1.618, 0.443, -7.466
0.217, 0.012, 0.938, 2.389, -0.481, -8.229
0.195, 0.039, 0.937, 2.397, -1.0, -8.641
0.193, 0.05, 0.944, 2.168, -1.153, -8.26
0.182, 0.047, 0.934, 2.802, -1.947, -7.382
0.171, 0.051, 0.924, 2.382, -2.534, -6.427
0.157, 0.053, 0.914, 1.947, -2.786, -6.275
0.153, 0.059, 0.924, 0.939, -2.74, -5.901
0.135, 0.059, 0.934, 0.015, -4.206, -5.168
0.16, 0.05, 0.923, -0.916, -5.275, -4.252
0.171, 0.036, 0.911, -1.519, -5.13, -3.847
0.188, 0.023, 0.911, -1.237, -4.748, -3.145
0.191, 0.008, 0.902, -1.069, -4.534, -2.977
0.192, 0.015, 0.903, -1.023, -3.832, -2.908
0.186, 0.023, 0.896, -1.069, -3.511, -2.763
0.2, 0.027, 0.895, -1.779, -2.427, -2.954
0.206, 0.022, 0.882, -2.389, -2.015, -2.618
0.199, 0.015, 0.891, -2.542, -2.435, -1.687
0.202, 0.01, 0.887, -2.534, -2.42, -1.015
0.215, -0.002, 0.905, -1.397, -1.344, -0.847
0.21, 0.008, 0.906, 0.176, -0.366, -0.771
0.202, 0.034, 0.903, -0.061, 0.099, -0.206
0.201, 0.045, 0.905, -0.687, -0.466, 1.053
0.21, 0.062, 0.905, -2.366, -0.519, 2.038
0.215, 0.037, 0.912, -3.687, -0.87, 3.534
0.239, 0.01, 0.92, -3.153, -0.328, 4.458
0.245, 0.012, 0.922, -2.412, -0.374, 5.221
0.239, -0.002, 0.918, -1.344, -0.511, 4.901
0.259, -0.004, 0.915, -0.58, -0.588, 4.389
0.279, -0.008, 0.9, 0.008, -0.534, 2.939
0.283, -0.005, 0.885, 0.015, -0.771, 1.802
0.283, 0.002, 0.872, -1.351, -0.176, -0.481
0.28, -0.009, 0.885, -1.389, 0.237, -1.458
0.259, -0.002, 0.895, -1.0, 0.779, -2.16
0.249, 0.007, 0.885, -0.603, 1.382, -2.481
0.234, 0.019, 0.889, -0.725, 1.55, -2.977
0.223, 0.023, 0.882, -0.847, 1.74, -2.771
0.221, 0.026, 0.883, -1.603, 2.137, -3.122
0.2, 0.04, 0.875, -2.908, 2.099, -3.076
0.194, 0.039, 0.893, -4.183, 1.397, -2.878
0.19, 0.026, 0.901, -5.122, 1.137, -2.802
0.182, 0.021, 0.914, -5.542, 0.901, -2.595
0.178, 0.025, 0.921, -6.084, 0.405, -2.672
0.183, 0.019, 0.93, -6.015, 0.595, -2.588
0.177, 0.021, 0.934, -5.855, 0.252, -2.695
0.182, 0.031, 0.927, -5.855, 0.137, -1.977
0.189, 0.041, 0.923, -5.542, 0.168, -0.962
0.183, 0.03, 0.932, -5.206, 0.267, 0.0
0.187, 0.029, 0.936, -4.847, 0.366, 1.115
0.19, 0.03, 0.926, -4.71, -0.214, 1.71
0.204, 0.017, 0.931, -4.634, -0.962, 2.076
0.209, 0.011, 0.937, -4.015, -1.412, 2.107
0.209, 0.009, 0.925, -3.771, -1.847, 1.878
0.209, 0.013, 0.929, -3.954, -1.702, 1.565
0.227, 0.01, 0.927, -3.985, -2.031, 1.504
0.229, 0.0, 0.922, -3.534, -1.863, 1.115
0.228, -0.005, 0.923, -2.733, -1.84, 0.809
0.242, -0.004, 0.919, -1.916, -1.618, 1.099
0.239, 0.001, 0.903, -1.695, -1.389, 0.863
0.242, -0.0, 0.902, -2.084, -0.809, -0.198
0.237, 0.006, 0.898, -2.427, -0.511, -0.366
0.23, -0.009, 0.9, -2.511, 0.13, -0.695
0.231, -0.009, 0.918, -2.008, 0.748, -1.328
0.231, -0.007, 0.912, -1.534, 0.573, -0.992
0.233, 0.001, 0.905, -2.023, 0.481, -1.55
0.233, 0.003, 0.904, -2.328, 0.573, -2.061
0.215, 0.011, 0.914, -2.595, 0.252, -2.351
0.22, 0.005, 0.904, -2.924, -0.053, -2.176
0.222, 0.004, 0.91, -2.626, 0.229, -2.168
0.226, 0.01, 0.92, -2.481, 0.595, -1.916
0.217, 0.008, 0.92, -2.122, 0.198, -1.695
0.212, 0.006, 0.914, -2.389, -0.252, -2.366
0.218, -0.001, 0.918, -2.595, -0.779, -2.763
0.212, 0.015, 0.924, -2.382, -1.038, -2.832
0.209, 0.015, 0.916, -2.053, -1.191, -2.366
0.211, 0.019, 0.917, -2.267, -0.595, -2.176
0.207, 0.024, 0.921, -2.115, -0.496, -1.908
0.208, 0.028, 0.914, -1.84, -0.679, -1.344
0.212, 0.033, 0.912, -1.679, -0.802, -0.595
0.21, 0.035, 0.912, -1.908, -0.511, 0.267
0.217, 0.037, 0.898, -1.931, -0.099, 0.855
0.217, 0.026, 0.9, -2.481, 0.313, 1.069
0.218, 0.025, 0.899, -2.55, 0.305, 1.832
0.227, 0.012, 0.909, -2.672, 0.282, 1.954
0.231, -0.003, 0.922, -2.725, 0.344, 1.794
0.236, -0.005, 0.921, -1.962, -0.084, 1.267
0.232, -0.002, 0.914, -1.855, -0.519, 0.412
0.232, 0.003, 0.899, -1.977, -0.321, 0.092
0.236, 0.01, 0.905, -2.55, 0.115, 0.092
0.228, 0.006, 0.906, -2.183, 0.519, -0.099
0.229, 0.014, 0.91, -2.382, 0.664, -0.153
0.228, 0.01, 0.909, -2.58, 0.771, -0.168
0.228, 0.01, 0.912, -2.656, 0.641, -0.29
0.226, 0.002, 0.91, -2.74, 0.214, -0.298
0.283, -0.002, 0.891, -3.679, 3.519, -3.366
0.215, 0.01, 0.929, -2.481, -0.786, -1.137
0.219, 0.008, 0.921, -2.351, -1.153, -0.802
0.22, 0.005, 0.923, -2.534, -0.885, -1.282
0.219, 0.012, 0.925, -2.588, -1.588, -1.435
0.222, 0.01, 0.92, -2.847, -1.977, -1.237
0.215, 0.011, 0.914, -3.092, -2.046, -1.55
0.23, 0.0, 0.911, -2.733, -1.183, -1.221
0.229, -0.001, 0.915, -2.0, -1.305, -1.214
0.225, 0.0, 0.917, -1.832, -1.084, -1.084
0.228, 0.001, 0.92, -1.55, -1.336, -0.977
0.228, 0.0, 0.913, -1.275, -1.42, -0.473
0.233, 0.005, 0.91, -1.137, -1.115, -0.641
0.223, 0.008, 0.918, -1.351, -1.008, -0.687
0.226, 0.009, 0.924, -1.427, -1.107, -0.84
0.234, 0.005, 0.9, -1.206, -1.031, -0.855
0.239, 0.004, 0.907, -1.443, -0.511, -1.191
0.228, 0.0, 0.913, -0.855, -0.725, -1.298
0.23, 0.006, 0.917, -0.244, -0.443, -1.061
0.229, 0.013, 0.902, -0.008, -0.504, -0.947
0.241, 0.018, 0.905, -0.282, -0.183, -1.214
0.229, 0.023, 0.903, -0.489, -0.664, -1.023
0.236, 0.017, 0.908, -0.55, -1.084, -0.748
0.226, 0.027, 0.902, -1.473, -0.45, -0.977
0.233, 0.022, 0.924, -1.405, -0.573, -1.16
0.224, 0.023, 0.912, -1.153, -0.893, -0.863
0.234, 0.02, 0.9, -1.58, -1.359, -0.893
0.234, 0.022, 0.9, -1.985, -1.214, -1.061
0.231, 0.023, 0.915, -1.458, -0.908, -0.786
0.237, 0.021, 0.907, -1.206, -0.527, -0.443
0.24, 0.022, 0.896, -1.29, -0.679, -0.229
0.242, 0.019, 0.9, -1.748, -0.053, -0.137
0.237, 0.02, 0.908, -1.634, -0.29, 0.099
0.237, 0.023, 0.898, -1.542, 0.023, 0.229
0.235, 0.013, 0.905, -1.275, 0.55, 0.153
0.24, 0.022, 0.9, -0.977, 0.649, 0.023
0.231, 0.028, 0.901, -1.794, 0.885, -0.458
0.235, 0.027, 0.889, -2.542, 0.679, -0.214
0.236, 0.019, 0.898, -2.427, 0.847, -0.26
0.236, 0.015, 0.914, -2.221, 1.015, -0.237
0.232, 0.014, 0.908, -2.489, 0.725, -0.405
0.245, 0.021, 0.906, -2.511, 0.458, -0.145
0.238, 0.019, 0.899, -2.809, 0.832, -0.534
0.236, 0.021, 0.906, -2.397, 1.008, -0.046
0.233, 0.019, 0.904, -2.015, 1.504, 0.481
0.233, 0.017, 0.907, -1.84, 1.649, 0.489
0.234, 0.018, 0.914, -1.534, 1.427, 0.16
0.234, 0.016, 0.907, -1.985, 0.618, -0.42
0.237, 0.019, 0.915, -2.313, -0.023, -0.466
0.24, 0.014, 0.908, -2.267, -0.122, -0.779
0.233, 0.01, 0.902, -2.115, 0.702, -0.519
0.241, 0.004, 0.908, -1.771, 1.107, -0.244
0.24, 0.008, 0.911, -1.878, 1.046, -0.588
0.24, 0.012, 0.913, -1.969, 0.817, -0.962
0.235, 0.01, 0.921, -2.046, 0.511, -1.374
0.226, 0.007, 0.92, -1.374, 0.55, -0.687
0.238, 0.007, 0.908, -0.824, 1.328, -0.695
0.234, 0.015, 0.924, -1.031, 1.183, -0.863
0.226, 0.008, 0.918, -1.153, 0.489, -0.779
0.223, 0.005, 0.924, -1.076, -0.183, -1.107
0.23, 0.009, 0.922, -0.435, 0.023, -1.214
0.219, 0.029, 0.919, -0.504, -0.076, -1.069
0.221, 0.026, 0.917, -0.977, -0.389, -0.336
0.223, 0.032, 0.912, -1.26, -0.16, -0.122
0.226, 0.024, 0.918, -1.351, -0.145, -0.267
