0.055, 0.126, 0.891, -6.977, 5.084, 0.008
0.071, 0.127, 0.871, -8.649, 7.702, 0.015
0.026, 0.129, 0.903, -8.214, 7.649, 1.298
0.046, 0.103, 0.907, -6.992, 7.847, 1.595
0.031, 0.092, 0.91, -6.42, 8.008, 0.733
0.045, 0.08, 0.918, -6.275, 6.573, -0.649
0.045, 0.098, 0.914, -6.153, 6.061, -1.176
0.023, 0.117, 0.933, -5.626, 2.214, -2.069
0.014, 0.12, 0.946, -5.466, 0.786, -1.924
0.015, 0.117, 0.935, -4.397, -0.595, -0.901
0.017, 0.111, 0.944, -2.443, -2.0, 1.527
0.012, 0.094, 0.928, -1.206, -1.725, 2.466
0.017, 0.095, 0.931, -0.733, -1.504, 2.58
0.025, 0.109, 0.914, -1.802, -0.893, 1.733
0.028, 0.121, 0.904, -4.099, -1.275, 0.863
0.014, 0.139, 0.92, -6.344, -1.405, 0.42
0.01, 0.135, 0.927, -7.824, -2.244, 1.153
-0.001, 0.114, 0.944, -7.664, -2.74, 2.176
-0.005, 0.084, 0.955, -5.969, -3.618, 3.565
-0.001, 0.054, 0.974, -4.0, -3.489, 3.763
0.011, 0.039, 0.966, -1.473, -3.649, 3.634
0.018, 0.051, 0.947, -0.45, -3.435, 2.298
0.032, 0.057, 0.926, -0.061, -3.611, 0.618
0.031, 0.088, 0.907, -1.908, -4.122, -1.45
0.034, 0.113, 0.882, -3.763, -2.885, -2.58
0.033, 0.115, 0.89, -5.183, -2.084, -2.038
0.019, 0.12, 0.905, -5.809, -1.053, -0.817
0.021, 0.098, 0.909, -4.947, -0.504, 1.267
0.044, 0.088, 0.905, -4.58, 0.618, 1.962
0.045, 0.085, 0.899, -5.16, 0.153, 1.45
0.045, 0.087, 0.915, -6.023, 0.206, 0.351
0.045, 0.089, 0.925, -6.58, -1.733, 0.55
0.038, 0.088, 0.926, -7.389, -0.985, 0.168
0.031, 0.08, 0.931, -7.725, -0.725, -0.053
0.04, 0.071, 0.938, -7.053, -0.718, 0.702
0.056, 0.066, 0.946, -5.573, -0.504, 0.397
0.06, 0.071, 0.936, -4.45, -0.634, -0.26
0.059, 0.074, 0.927, -4.366, -1.084, -1.145
0.063, 0.086, 0.921, -4.298, -1.29, -2.542
0.048, 0.092, 0.927, -4.756, -0.802, -3.145
0.049, 0.081, 0.933, -3.939, -0.366, -2.214
0.05, 0.085, 0.925, -2.809, -0.954, -1.145
0.046, 0.081, 0.929, -1.221, -0.786, -0.397
0.04, 0.089, 0.929, -0.641, 0.656, -0.191
0.033, 0.102, 0.938, -0.824, 0.466, -0.344
0.035, 0.098, 0.927, -1.046, 1.45, -0.351
0.034, 0.095, 0.919, -0.931, 2.046, -0.489
0.027, 0.093, 0.923, -1.779, 1.481, 0.221
0.037, 0.088, 0.919, -1.588, 0.901, 1.046
0.036, 0.081, 0.936, -1.496, 0.443, 0.939
0.035, 0.071, 0.938, -1.924, 0.504, 0.229
0.03, 0.067, 0.94, -1.29, 0.718, -0.832
0.038, 0.074, 0.93, -0.611, 1.298, -1.443
0.033, 0.087, 0.933, -0.366, 1.443, -1.878
0.033, 0.099, 0.922, -0.534, 1.664, -2.565
0.036, 0.113, 0.918, -1.779, 1.321, -2.924
0.047, 0.113, 0.914, -1.634, 1.542, -2.153
0.042, 0.128, 0.905, -2.305, 2.557, -1.977
0.051, 0.127, 0.897, -2.473, 3.168, -0.389
0.042, 0.118, 0.905, -2.649, 2.863, 0.42
0.047, 0.113, 0.913, -3.145, 2.649, 0.702
0.056, 0.091, 0.917, -3.229, 3.214, 0.282
0.049, 0.081, 0.92, -2.863, 4.84, -0.702
0.045, 0.083, 0.919, -2.817, 5.061, -1.756
0.041, 0.094, 0.915, -3.809, 5.153, -2.55
0.037, 0.099, 0.908, -4.71, 5.252, -2.916
0.042, 0.097, 0.919, -4.389, 4.924, -2.588
0.043, 0.101, 0.91, -4.13, 4.718, -1.626
0.045, 0.099, 0.903, -3.656, 3.924, -1.015
0.047, 0.097, 0.91, -3.824, 2.679, -0.221
0.054, 0.104, 0.899, -4.466, 2.947, -0.748
0.046, 0.105, 0.896, -6.603, 2.557, -1.305
0.048, 0.091, 0.891, -7.672, 3.389, -0.992
0.052, 0.074, 0.891, -7.405, 5.122, -1.031
0.055, 0.064, 0.903, -6.244, 6.939, -1.183
0.06, 0.061, 0.897, -5.863, 9.427, -2.313
0.043, 0.077, 0.903, -5.351, 7.702, -1.496
0.034, 0.075, 0.907, -4.489, 6.916, -0.427
0.033, 0.073, 0.907, -4.046, 8.008, -0.061
0.021, 0.06, 0.925, -3.183, 8.855, 0.542
0.026, 0.055, 0.916, -2.954, 11.351, 0.13
0.031, 0.062, 0.922, -3.962, 13.885, -0.893
0.025, 0.07, 0.914, -4.244, 15.145, -1.557
0.032, 0.077, 0.9, -3.786, 11.13, -0.45
0.034, 0.088, 0.896, -4.031, 10.214, 0.145
0.025, 0.112, 0.891, -5.725, 10.931, -0.176
0.021, 0.098, 0.889, -4.641, 13.496, -0.702
0.03, 0.094, 0.889, -5.511, 14.878, -1.71
0.029, 0.096, 0.899, -5.992, 15.481, -2.55
0.033, 0.093, 0.904, -6.534, 16.641, -3.26
0.01, 0.125, 0.93, -6.55, 16.901, -3.015
0.02, 0.112, 0.917, -6.237, 16.443, -3.626
0.005, 0.13, 0.913, -6.489, 16.275, -4.649
-0.007, 0.15, 0.893, -7.466, 16.557, -5.16
-0.029, 0.176, 0.923, -8.824, 18.076, -5.557
-0.027, 0.169, 0.905, -9.29, 16.87, -5.473
-0.033, 0.172, 0.92, -10.191, 16.344, -4.634
-0.037, 0.189, 0.924, -9.847, 14.641, -2.748
-0.033, 0.199, 0.913, -9.939, 14.656, -2.038
-0.062, 0.216, 0.898, -10.649, 16.229, -1.061
-0.066, 0.225, 0.911, -13.137, 18.397, -1.16
-0.107, 0.242, 0.931, -14.656, 18.168, 1.069
-0.103, 0.225, 0.95, -15.809, 17.153, 2.985
-0.11, 0.226, 0.934, -16.733, 15.023, 5.076
-0.108, 0.25, 0.948, -18.008, 15.443, 6.542
-0.103, 0.26, 0.921, -21.115, 15.679, 6.969
-0.12, 0.284, 0.917, -24.099, 15.977, 6.847
-0.155, 0.313, 0.944, -27.733, 12.328, 7.969
-0.196, 0.3, 0.954, -30.863, 6.847, 11.977
-0.2, 0.259, 0.979, -34.527, 1.267, 17.137
-0.164, 0.204, 0.986, -36.511, -2.542, 20.29
-0.156, 0.148, 1.0, -36.832, -4.588, 21.641
-0.156, 0.118, 0.999, -34.817, -3.26, 22.275
-0.158, 0.144, 0.985, -31.229, -3.198, 24.359
-0.19, 0.163, 0.991, -28.832, -3.519, 26.26
-0.227, 0.191, 0.998, -28.183, -5.847, 29.321
-0.259, 0.226, 0.989, -31.664, -8.557, 33.137
-0.249, 0.221, 0.975, -36.885, -10.718, 35.603
-0.236, 0.181, 0.972, -40.542, -12.023, 38.435
-0.218, 0.164, 0.959, -40.298, -15.366, 42.038
-0.239, 0.212, 0.969, -39.237, -18.176, 46.962
-0.281, 0.249, 0.952, -40.275, -22.466, 52.695
-0.305, 0.238, 0.939, -44.481, -27.817, 58.71
-0.314, 0.171, 0.97, -50.397, -34.244, 63.282
-0.324, 0.093, 0.997, -54.771, -39.962, 66.389
-0.314, 0.003, 1.017, -56.412, -44.824, 65.664
-0.284, -0.039, 1.028, -54.534, -49.443, 64.42
-0.287, -0.045, 1.014, -52.511, -53.573, 63.695
-0.302, -0.042, 0.987, -53.718, -59.435, 64.878
-0.308, -0.069, 1.001, -56.901, -66.229, 66.466
-0.312, -0.124, 1.016, -60.008, -73.718, 67.0
-0.274, -0.17, 1.031, -61.046, -79.145, 66.092
-0.24, -0.194, 1.003, -59.779, -82.679, 65.504
-0.215, -0.199, 0.968, -56.878, -87.015, 65.366
-0.203, -0.202, 0.919, -56.145, -90.595, 67.168
-0.191, -0.235, 0.922, -57.519, -93.229, 68.359
-0.196, -0.301, 0.929, -58.794, -99.779, 66.756
-0.163, -0.351, 0.951, -58.969, -104.885, 64.481
-0.141, -0.397, 0.955, -56.855, -109.13, 61.298
-0.096, -0.417, 0.909, -55.779, -113.672, 58.344
-0.067, -0.44, 0.888, -55.817, -117.733, 55.092
-0.028, -0.454, 0.856, -55.519, -119.359, 51.519
-0.006, -0.48, 0.86, -54.412, -120.031, 48.42
0.013, -0.505, 0.853, -51.298, -120.679, 47.008
0.04, -0.512, 0.828, -48.115, -121.733, 46.45
0.059, -0.53, 0.815, -45.725, -122.634, 45.13
0.107, -0.561, 0.806, -42.71, -124.588, 44.221
0.179, -0.605, 0.764, -37.427, -123.489, 42.802
0.229, -0.601, 0.733, -32.122, -117.489, 40.252
0.255, -0.595, 0.74, -27.252, -114.115, 38.16
0.253, -0.57, 0.734, -25.748, -114.611, 36.473
0.27, -0.583, 0.737, -25.198, -115.42, 35.382
0.304, -0.634, 0.716, -23.435, -115.153, 33.069
0.332, -0.654, 0.72, -21.046, -113.237, 29.389
0.364, -0.661, 0.704, -18.809, -112.611, 25.389
0.405, -0.657, 0.678, -15.786, -110.863, 21.443
0.42, -0.635, 0.645, -13.244, -108.58, 17.351
0.447, -0.618, 0.644, -11.595, -104.511, 14.092
0.468, -0.619, 0.635, -9.878, -104.137, 10.366
0.488, -0.608, 0.641, -8.382, -103.198, 6.435
0.51, -0.614, 0.603, -4.992, -102.634, 3.748
0.506, -0.586, 0.574, -2.153, -97.122, -0.008
0.49, -0.556, 0.619, 0.282, -92.198, -2.931
0.494, -0.529, 0.631, 1.84, -92.198, -4.725
0.488, -0.508, 0.628, 3.504, -92.809, -5.214
0.537, -0.502, 0.592, 6.137, -94.595, -4.527
0.572, -0.511, 0.523, 8.809, -91.786, -4.26
0.602, -0.505, 0.523, 11.321, -91.061, -4.947
0.632, -0.509, 0.517, 14.176, -86.084, -6.115
0.629, -0.501, 0.535, 17.244, -82.374, -7.328
0.652, -0.515, 0.53, 22.344, -80.092, -8.519
0.655, -0.507, 0.573, 27.336, -78.389, -10.618
0.669, -0.499, 0.551, 33.87, -79.053, -12.588
0.683, -0.475, 0.517, 38.992, -79.466, -14.351
0.727, -0.441, 0.428, 42.473, -77.893, -14.985
0.767, -0.418, 0.38, 44.122, -73.611, -15.511
0.803, -0.398, 0.351, 44.611, -67.855, -16.313
0.812, -0.357, 0.353, 43.191, -63.023, -17.718
0.826, -0.342, 0.323, 41.092, -59.885, -17.977
0.835, -0.338, 0.339, 39.16, -58.565, -17.931
0.874, -0.36, 0.299, 38.748, -55.244, -18.595
0.87, -0.383, 0.326, 37.504, -45.771, -19.962
0.914, -0.361, 0.341, 39.16, -40.809, -23.71
0.917, -0.354, 0.386, 41.443, -35.076, -27.145
0.907, -0.324, 0.43, 44.053, -34.634, -29.267
0.914, -0.329, 0.41, 46.069, -36.275, -32.664
0.934, -0.324, 0.368, 45.321, -37.382, -37.71
0.955, -0.312, 0.313, 43.0, -36.275, -43.191
0.975, -0.312, 0.258, 37.298, -34.389, -49.252
0.983, -0.309, 0.258, 32.412, -30.542, -54.969
1.009, -0.313, 0.263, 31.26, -24.542, -60.214
1.031, -0.317, 0.292, 34.351, -17.534, -64.252
1.019, -0.283, 0.304, 38.237, -12.198, -67.321
1.011, -0.246, 0.321, 41.313, -8.321, -70.992
1.001, -0.175, 0.289, 40.702, -6.191, -75.053
1.005, -0.127, 0.252, 38.099, -5.168, -79.061
1.053, -0.106, 0.162, 31.031, 2.298, -86.008
1.01, -0.068, 0.214, 20.092, 4.031, -92.779
0.996, -0.066, 0.199, 10.863, 7.069, -99.229
1.02, -0.071, 0.195, 2.321, 11.641, -102.885
1.068, -0.08, 0.234, 0.817, 20.885, -103.053
1.085, -0.069, 0.307, 6.519, 30.947, -99.763
1.08, -0.048, 0.357, 17.427, 40.267, -95.847
1.069, 0.003, 0.383, 27.725, 46.275, -92.168
1.053, 0.052, 0.365, 34.412, 49.229, -90.305
1.053, 0.1, 0.312, 35.641, 51.229, -90.542
1.056, 0.151, 0.284, 32.023, 54.45, -93.153
1.054, 0.196, 0.267, 24.588, 58.137, -97.366
1.044, 0.233, 0.274, 16.099, 62.84, -100.985
1.014, 0.267, 0.29, 8.794, 66.748, -102.466
0.991, 0.309, 0.311, 2.038, 70.985, -100.656
0.975, 0.33, 0.321, -3.046, 75.557, -95.466
0.96, 0.322, 0.336, -4.718, 82.664, -88.679
0.923, 0.336, 0.385, -4.962, 90.206, -83.176
0.864, 0.326, 0.477, -3.519, 95.847, -78.107
0.805, 0.324, 0.544, -1.046, 96.733, -73.863
0.781, 0.311, 0.581, 1.267, 94.832, -70.634
0.779, 0.31, 0.607, 3.626, 94.725, -67.557
0.772, 0.311, 0.608, 7.489, 94.198, -64.542
0.776, 0.318, 0.574, 12.145, 94.702, -61.473
0.759, 0.346, 0.563, 16.137, 97.252, -59.832
0.726, 0.385, 0.523, 18.573, 100.252, -58.069
0.679, 0.459, 0.487, 15.641, 102.649, -56.58
0.64, 0.506, 0.471, 8.664, 104.908, -53.29
0.634, 0.525, 0.467, 0.344, 108.443, -49.802
0.626, 0.523, 0.483, -5.962, 109.458, -45.885
0.613, 0.414, 0.563, -4.382, 113.366, -39.16
0.596, 0.384, 0.632, -0.313, 114.931, -37.092
0.562, 0.382, 0.634, 6.107, 114.267, -35.847
0.53, 0.391, 0.598, 10.74, 115.458, -38.802
0.462, 0.441, 0.528, 8.198, 116.099, -43.038
0.39, 0.479, 0.541, -1.214, 116.87, -47.55
0.332, 0.497, 0.584, -10.687, 117.115, -49.252
0.297, 0.491, 0.627, -15.74, 115.962, -45.298
0.271, 0.494, 0.653, -15.267, 115.366, -37.046
0.266, 0.478, 0.652, -10.443, 116.244, -27.023
0.265, 0.438, 0.606, -4.176, 118.954, -18.626
0.219, 0.395, 0.58, -2.626, 125.29, -18.908
0.137, 0.421, 0.623, -9.863, 129.351, -26.901
0.053, 0.43, 0.722, -20.679, 126.702, -36.42
-0.022, 0.43, 0.802, -29.962, 120.763, -43.382
-0.042, 0.432, 0.836, -34.519, 112.702, -44.885
-0.049, 0.421, 0.866, -32.702, 107.237, -39.74
-0.059, 0.435, 0.84, -26.16, 102.954, -30.954
-0.055, 0.437, 0.811, -16.863, 102.672, -19.534
-0.09, 0.445, 0.751, -9.336, 104.168, -10.031
-0.157, 0.485, 0.739, -8.855, 106.763, -5.084
-0.233, 0.52, 0.774, -14.565, 105.885, -2.855
-0.294, 0.505, 0.857, -21.985, 100.863, -2.344
-0.322, 0.489, 0.892, -25.443, 94.695, -0.313
-0.324, 0.465, 0.924, -25.908, 89.336, 2.015
-0.323, 0.429, 0.974, -22.107, 83.023, 5.756
-0.302, 0.335, 1.053, -18.817, 76.832, 8.023
-0.32, 0.375, 1.047, -9.802, 73.473, 10.725
-0.309, 0.358, 1.004, -1.809, 63.321, 15.191
-0.305, 0.385, 0.913, 3.687, 56.893, 14.855
-0.317, 0.438, 0.884, 3.458, 55.282, 14.267
-0.355, 0.483, 0.892, 1.504, 51.473, 16.305
-0.376, 0.496, 0.891, 0.542, 48.977, 19.878
-0.406, 0.527, 0.885, -2.13, 49.519, 25.328
-0.441, 0.558, 0.908, -5.0, 48.351, 32.649
-0.454, 0.539, 0.94, -6.137, 45.588, 42.29
-0.442, 0.504, 0.956, -5.412, 39.344, 50.84
-0.415, 0.477, 0.961, -4.557, 33.695, 58.069
-0.376, 0.453, 0.936, -4.649, 29.595, 61.634
-0.345, 0.438, 0.946, -4.832, 22.771, 63.863
-0.303, 0.427, 0.906, -7.634, 17.954, 62.45
-0.29, 0.402, 0.893, -11.229, 14.313, 59.901
-0.296, 0.376, 0.875, -16.031, 9.756, 55.809
-0.3, 0.344, 0.858, -23.794, 7.527, 49.733
-0.307, 0.338, 0.856, -33.015, 5.595, 45.374
-0.305, 0.313, 0.871, -42.603, 3.122, 40.947
-0.282, 0.269, 0.897, -48.153, 1.718, 36.573
-0.267, 0.244, 0.93, -48.466, 1.412, 31.847
-0.263, 0.251, 0.934, -45.908, -0.542, 29.397
-0.295, 0.29, 0.906, -44.252, -4.626, 29.977
-0.322, 0.296, 0.866, -48.656, -10.198, 32.595
-0.333, 0.238, 0.893, -55.649, -16.084, 33.534
-0.321, 0.141, 0.926, -60.901, -21.588, 34.076
-0.286, 0.065, 0.961, -60.786, -24.595, 33.496
-0.197, -0.019, 0.922, -51.099, -8.366, 28.496
-0.149, -0.042, 0.974, -35.519, -16.405, 35.718
-0.182, 0.024, 0.941, -18.916, -15.771, 41.443
-0.213, 0.097, 0.871, -12.374, -16.359, 47.656
-0.219, 0.096, 0.828, -15.008, -17.267, 51.664
-0.19, 0.017, 0.83, -19.939, -16.221, 51.298
-0.152, -0.06, 0.879, -22.565, -10.275, 48.153
-0.133, -0.094, 0.933, -19.641, -5.573, 44.557
-0.132, -0.067, 0.956, -12.534, -4.893, 42.183
-0.16, -0.009, 0.943, -4.954, -8.771, 41.267
-0.187, 0.042, 0.9, -3.13, -14.931, 42.397
-0.195, 0.04, 0.894, -6.015, -19.198, 43.336
-0.167, -0.007, 0.897, -9.634, -21.031, 43.16
-0.12, -0.067, 0.912, -9.321, -18.901, 40.809
-0.074, -0.078, 0.949, -5.458, -16.359, 37.534
-0.045, -0.062, 0.952, 1.802, -15.191, 33.954
-0.054, -0.011, 0.95, 8.565, -16.939, 30.183
-0.09, 0.05, 0.919, 11.328, -21.962, 27.695
-0.117, 0.106, 0.872, 7.542, -26.763, 26.626
-0.124, 0.117, 0.872, -0.221, -28.153, 26.275
-0.112, 0.075, 0.895, -6.313, -28.847, 26.756
-0.096, 0.041, 0.938, -8.725, -29.962, 27.679
-0.083, 0.021, 0.969, -7.214, -31.16, 28.321
-0.043, 0.012, 0.987, -1.916, -31.809, 29.504
0.005, 0.023, 0.953, 4.954, -31.42, 29.832
0.038, 0.069, 0.924, 10.511, -30.13, 29.74
0.042, 0.132, 0.881, 10.214, -29.153, 29.496
0.047, 0.142, 0.874, 5.511, -29.901, 30.145
0.067, 0.127, 0.885, -0.519, -31.26, 31.229
0.089, 0.086, 0.906, -5.145, -31.137, 30.863
0.1, 0.048, 0.938, -6.427, -31.092, 29.962
0.136, -0.001, 0.974, -3.511, -31.603, 29.603
0.172, -0.018, 0.946, 1.115, -30.947, 28.16
0.179, -0.002, 0.931, 4.076, -29.809, 25.893
0.197, 0.018, 0.94, 5.305, -28.496, 23.557
0.233, 0.007, 0.929, 7.252, -27.13, 21.588
0.248, 0.03, 0.926, 9.344, -23.885, 18.947
0.256, 0.041, 0.94, 11.947, -22.45, 16.939
0.271, 0.067, 0.927, 14.962, -21.29, 14.87
0.266, 0.102, 0.888, 15.763, -20.527, 13.298
0.269, 0.131, 0.847, 14.099, -19.557, 12.359
0.275, 0.139, 0.846, 8.763, -17.649, 10.008
0.281, 0.144, 0.857, 3.244, -16.466, 7.427
0.281, 0.145, 0.9, -0.893, -16.611, 5.641
0.297, 0.135, 0.918, -1.901, -16.656, 5.725
0.296, 0.139, 0.914, -1.16, -16.214, 5.832
0.292, 0.15, 0.913, 0.137, -15.595, 6.244
0.297, 0.155, 0.882, -0.26, -15.26, 6.45
0.313, 0.157, 0.885, -0.137, -15.305, 7.496
0.316, 0.158, 0.879, -1.664, -14.206, 6.0
0.314, 0.171, 0.892, -3.42, -13.809, 4.42
0.324, 0.167, 0.882, -5.099, -13.588, 2.878
0.323, 0.162, 0.897, -5.603, -12.74, 1.702
0.324, 0.165, 0.89, -4.977, -11.985, 0.298
0.312, 0.175, 0.884, -5.076, -10.595, -0.649
0.294, 0.186, 0.878, -5.916, -9.275, -2.458
0.296, 0.183, 0.88, -6.557, -9.229, -3.588
0.279, 0.189, 0.868, -7.282, -9.206, -5.313
0.278, 0.198, 0.868, -9.267, -9.0, -6.321
0.278, 0.194, 0.878, -9.786, -8.824, -6.061
0.263, 0.191, 0.871, -9.443, -7.588, -6.137
0.249, 0.196, 0.856, -9.763, -7.099, -5.573
0.248, 0.194, 0.837, -10.679, -6.992, -4.977
0.235, 0.179, 0.866, -12.153, -6.55, -5.71
0.239, 0.163, 0.88, -12.427, -6.695, -5.763
0.243, 0.155, 0.871, -12.931, -6.359, -6.618
0.242, 0.15, 0.866, -13.053, -5.771, -6.908
0.235, 0.141, 0.883, -13.122, -4.786, -7.603
0.225, 0.149, 0.897, -12.374, -4.42, -7.389
0.219, 0.152, 0.884, -12.046, -4.473, -6.321
0.226, 0.147, 0.877, -12.115, -3.779, -5.687
0.221, 0.137, 0.897, -11.237, -3.481, -5.336
0.228, 0.122, 0.907, -9.427, -3.42, -4.992
0.234, 0.116, 0.884, -6.916, -3.718, -3.855
0.245, 0.119, 0.882, -5.504, -2.603, -4.099
0.236, 0.123, 0.875, -3.901, -1.855, -3.969
0.232, 0.133, 0.865, -3.794, -1.008, -4.634
0.237, 0.14, 0.872, -4.176, -0.458, -5.336
0.234, 0.149, 0.873, -4.992, 0.084, -6.733
0.222, 0.159, 0.888, -5.664, 0.015, -7.519
0.213, 0.164, 0.906, -5.641, -1.29, -7.443
0.2, 0.168, 0.908, -5.389, -1.626, -7.458
0.189, 0.161, 0.906, -4.763, -2.718, -6.84
0.188, 0.161, 0.902, -4.527, -2.496, -6.626
0.196, 0.155, 0.905, -4.214, -1.817, -5.908
0.216, 0.153, 0.908, -3.137, -1.603, -5.145
0.22, 0.158, 0.906, -1.534, -1.122, -4.656
0.225, 0.171, 0.901, -0.496, -1.061, -4.351
0.232, 0.177, 0.889, 0.183, -1.122, -3.763
0.224, 0.193, 0.896, -0.511, -1.076, -3.924
0.216, 0.194, 0.9, -1.237, -1.435, -3.076
0.219, 0.198, 0.881, -2.069, -1.656, -2.382
0.227, 0.189, 0.904, -2.527, -1.214, -2.183
0.226, 0.181, 0.909, -1.725, -1.351, -2.13
0.223, 0.185, 0.899, -1.053, -1.321, -2.427
0.222, 0.197, 0.9, -1.214, -1.649, -2.053
0.229, 0.201, 0.876, -1.55, -1.374, -1.595
0.224, 0.203, 0.878, -2.412, -1.221, -1.076
0.228, 0.202, 0.873, -2.756, -0.969, -0.115
0.227, 0.195, 0.872, -3.13, -0.275, 0.603
0.228, 0.188, 0.877, -3.29, -0.107, 1.221
0.233, 0.187, 0.873, -2.863, -0.611, 1.534
0.231, 0.185, 0.876, -3.191, -0.229, 1.298
0.243, 0.173, 0.859, -3.313, -0.229, 1.328
0.245, 0.17, 0.858, -4.183, 0.137, 0.779
0.239, 0.162, 0.865, -5.176, 0.267, 0.107
0.24, 0.153, 0.874, -5.344, 0.26, -0.687
0.232, 0.159, 0.882, -5.58, 0.328, -1.603
0.235, 0.167, 0.893, -5.908, 0.008, -2.573
0.212, 0.179, 0.877, -6.168, -0.847, -3.198
0.209, 0.184, 0.886, -7.229, -1.008, -3.794
0.208, 0.193, 0.875, -8.489, -1.115, -3.489
0.21, 0.171, 0.895, -8.687, -0.939, -3.046
0.213, 0.155, 0.893, -8.374, -0.641, -2.504
0.217, 0.148, 0.901, -7.015, -0.29, -1.916
0.217, 0.156, 0.897, -5.931, 0.076, -1.656
0.225, 0.166, 0.887, -5.412, 0.328, -1.496
0.214, 0.171, 0.89, -5.481, -0.046, -1.076
0.218, 0.163, 0.898, -6.26, -0.16, -0.87
0.219, 0.152, 0.885, -7.015, -0.511, -1.038
0.221, 0.143, 0.898, -6.985, -0.901, -1.321
0.228, 0.14, 0.898, -6.573, -0.611, -1.55
0.226, 0.141, 0.901, -5.809, -0.702, -2.153
0.23, 0.141, 0.907, -4.954, -0.252, -2.672
0.227, 0.152, 0.896, -4.672, -0.42, -2.756
0.226, 0.158, 0.893, -4.878, -1.198, -3.053
0.232, 0.157, 0.887, -5.053, -1.542, -2.359
0.234, 0.152, 0.891, -5.366, -1.374, -1.733
0.236, 0.15, 0.892, -5.053, -0.267, -1.504
0.237, 0.148, 0.89, -4.084, 0.115, -0.84
0.235, 0.145, 0.899, -2.71, 1.13, -0.527
0.236, 0.151, 0.883, -2.191, 0.908, 0.855
0.234, 0.155, 0.882, -2.099, 0.626, 1.382
0.241, 0.156, 0.873, -3.359, 0.771, 0.794
0.243, 0.147, 0.89, -4.16, 0.962, 0.466
0.244, 0.139, 0.894, -4.084, 0.924, -0.069
0.246, 0.134, 0.893, -3.176, 1.176, -0.718
0.24, 0.126, 0.903, -2.023, 1.282, -0.557
0.232, 0.146, 0.882, -1.214, 0.779, -0.878
0.238, 0.153, 0.887, -2.084, 1.229, -1.603
0.241, 0.153, 0.875, -3.092, 1.038, -1.756
0.234, 0.146, 0.883, -3.954, 1.863, -2.321
0.234, 0.137, 0.901, -3.832, 2.267, -2.305
0.234, 0.135, 0.908, -2.664, 2.321, -1.771
0.216, 0.141, 0.889, -2.313, 2.313, -1.817
0.225, 0.148, 0.905, -1.802, 2.542, -1.687
0.224, 0.154, 0.892, -1.885, 2.366, -1.412
0.218, 0.151, 0.89, -2.237, 2.466, -1.298
0.24, 0.147, 0.875, -2.626, 3.42, -2.008
0.223, 0.155, 0.895, -2.237, 2.885, -1.763
0.224, 0.148, 0.896, -1.817, 2.573, -1.29
0.221, 0.151, 0.891, -1.931, 2.244, -2.0
0.22, 0.163, 0.897, -2.282, 1.305, -2.237
0.216, 0.173, 0.9, -2.603, 0.649, -1.809
0.218, 0.166, 0.882, -2.969, 0.634, -1.656
0.224, 0.164, 0.882, -3.115, 1.435, -1.198
0.225, 0.146, 0.886, -2.618, 1.954, -0.565
0.233, 0.142, 0.88, -2.069, 2.611, -0.603
0.237, 0.145, 0.892, -1.328, 2.588, -0.58
0.232, 0.151, 0.9, -1.298, 2.305, -1.489
0.228, 0.154, 0.896, -1.779, 1.336, -1.298
0.22, 0.158, 0.887, -2.29, 1.336, -1.45
0.215, 0.157, 0.898, -2.405, 1.466, -1.359
0.213, 0.159, 0.906, -2.435, 1.29, -1.168
0.219, 0.149, 0.913, -2.511, 1.771, -1.435
0.222, 0.152, 0.907, -2.0, 1.496, -1.55
0.225, 0.157, 0.906, -1.71, 1.466, -1.718
0.215, 0.162, 0.894, -1.786, 1.313, -1.885
0.211, 0.174, 0.894, -2.351, 0.588, -1.389
0.21, 0.164, 0.903, -2.924, 0.16, -1.122
0.213, 0.149, 0.914, -2.74, 0.115, -1.069
0.217, 0.154, 0.907, -2.321, 0.023, -1.008
0.217, 0.157, 0.893, -1.901, 0.023, -0.855
0.22, 0.157, 0.904, -1.534, -0.191, -0.695
0.229, 0.156, 0.88, -1.374, -0.092, -0.634
0.232, 0.148, 0.882, -1.603, 0.763, -0.58
0.224, 0.148, 0.887, -1.557, 0.863, -0.718
0.228, 0.148, 0.884, -1.771, 0.977, -1.084
0.219, 0.144, 0.893, -1.824, 0.901, -1.344
0.212, 0.147, 0.897, -1.58, 0.176, -1.588
0.215, 0.15, 0.909, -1.13, -0.267, -1.458
0.214, 0.146, 0.899, -0.496, -0.397, -0.939
0.223, 0.153, 0.882, 0.29, 0.427, -0.084
0.217, 0.156, 0.884, -0.107, 0.275, -0.092
0.218, 0.162, 0.89, -0.779, 0.718, -0.412
0.218, 0.158, 0.891, -0.962, 0.305, -0.58
0.219, 0.156, 0.893, -1.084, 0.183, -0.573
0.219, 0.156, 0.897, -0.893, -0.076, -0.557
0.216, 0.17, 0.89, -1.008, -0.153, -0.664
0.214, 0.177, 0.878, -1.145, -0.275, 0.031
