0.072 0.125 0.903 -6.321 4.802 0.229
0.059 0.129 0.893 -7.718 6.076 0.969
0.059 0.151 0.887 -9.496 7.008 1.992
0.052 0.153 0.885 -10.702 9.084 4.206
0.048 0.153 0.899 -11.786 9.847 6.824
0.056 0.155 0.892 -12.603 10.389 8.427
0.056 0.156 0.903 -13.435 12.244 8.435
0.053 0.172 0.904 -13.954 12.916 8.466
0.049 0.182 0.895 -14.183 13.023 7.595
0.032 0.206 0.896 -16.58 11.634 6.389
0.026 0.2 0.874 -20.649 9.916 7.183
-0.01 0.238 0.859 -21.099 5.061 11.344
-0.001 0.218 0.84 -24.389 1.931 15.733
0.004 0.192 0.845 -26.603 0.565 20.344
0.009 0.173 0.852 -28.267 1.168 23.977
-0.014 0.155 0.873 -29.137 2.412 26.84
-0.033 0.138 0.913 -28.931 2.397 27.733
-0.042 0.127 0.934 -28.313 -0.489 28.71
-0.045 0.124 0.918 -26.985 -2.702 29.466
-0.054 0.131 0.901 -26.534 -6.969 31.672
-0.058 0.136 0.892 -28.573 -10.046 33.649
-0.062 0.131 0.885 -30.947 -13.641 36.618
-0.053 0.108 0.874 -34.58 -13.992 39.061
-0.071 0.094 0.894 -37.916 -15.038 42.198
-0.072 0.066 0.886 -39.58 -15.321 45.71
-0.081 0.044 0.903 -40.038 -15.481 50.901
-0.075 0.028 0.867 -42.389 -14.916 54.252
-0.084 -0.019 0.92 -43.389 -14.527 58.092
-0.078 -0.061 0.947 -42.977 -14.298 59.305
-0.063 -0.089 0.964 -40.969 -15.053 59.069
-0.083 -0.084 0.962 -38.58 -17.046 57.466
-0.128 -0.047 0.934 -40.099 -22.771 56.42
-0.127 -0.061 0.927 -43.74 -29.107 57.443
-0.13 -0.078 0.923 -47.389 -33.969 59.443
-0.123 -0.124 0.939 -50.092 -35.863 62.031
-0.098 -0.181 0.966 -51.176 -36.427 65.305
-0.089 -0.225 0.963 -50.489 -37.122 67.092
-0.065 -0.274 0.999 -49.015 -37.679 66.542
-0.05 -0.303 0.999 -46.504 -40.511 65.107
-0.037 -0.29 0.948 -44.107 -44.023 61.641
-0.06 -0.307 0.978 -43.847 -47.725 61.504
-0.059 -0.306 0.939 -45.809 -51.595 61.313
-0.045 -0.321 0.923 -50.809 -55.221 59.817
-0.017 -0.376 0.944 -54.618 -59.221 58.267
0.004 -0.438 0.979 -55.771 -63.427 55.008
0.025 -0.482 1.002 -53.489 -66.87 52.427
0.042 -0.502 1.0 -48.58 -69.26 50.389
0.045 -0.486 0.991 -42.176 -69.84 49.695
0.034 -0.478 0.969 -38.405 -70.176 49.992
0.041 -0.477 0.951 -37.015 -72.122 50.656
0.069 -0.492 0.931 -37.779 -73.794 49.771
0.119 -0.529 0.918 -38.099 -76.015 48.824
0.141 -0.558 0.937 -37.573 -77.511 46.252
0.177 -0.588 0.943 -34.595 -78.626 44.267
0.208 -0.606 0.934 -30.328 -79.618 42.931
0.231 -0.608 0.913 -26.13 -79.84 39.718
0.206 -0.6 0.932 -23.42 -81.031 35.802
0.207 -0.598 0.946 -20.756 -83.45 32.42
0.218 -0.6 0.938 -19.603 -86.55 29.878
0.239 -0.614 0.909 -17.695 -88.916 27.55
0.256 -0.601 0.901 -16.115 -90.855 24.412
0.286 -0.587 0.877 -14.29 -90.969 22.947
0.331 -0.589 0.838 -12.664 -91.221 21.802
0.361 -0.583 0.819 -11.099 -89.13 20.321
0.385 -0.601 0.808 -7.931 -89.344 18.267
0.377 -0.608 0.819 -4.443 -91.893 16.817
0.39 -0.609 0.835 0.061 -92.183 14.809
0.424 -0.599 0.805 6.153 -91.916 13.939
0.442 -0.591 0.749 10.305 -88.389 12.099
0.442 -0.558 0.746 11.313 -86.008 8.42
0.449 -0.53 0.75 10.26 -87.992 4.855
0.456 -0.515 0.735 9.115 -90.168 1.481
0.476 -0.511 0.724 9.809 -92.069 -0.992
0.498 -0.507 0.694 12.015 -92.374 -1.634
0.505 -0.491 0.693 13.336 -92.244 -3.641
0.505 -0.461 0.682 13.756 -92.405 -4.298
0.523 -0.444 0.649 12.092 -92.183 -4.901
0.548 -0.441 0.618 11.26 -92.229 -4.901
0.576 -0.452 0.62 10.435 -92.122 -5.427
0.592 -0.461 0.646 10.267 -92.16 -5.939
0.629 -0.488 0.623 13.565 -91.466 -6.053
0.673 -0.503 0.603 16.504 -85.794 -8.405
0.697 -0.504 0.58 19.527 -82.84 -11.076
0.699 -0.481 0.567 20.466 -82.313 -14.794
0.694 -0.435 0.572 17.519 -83.603 -19.366
0.711 -0.439 0.556 17.611 -84.427 -19.649
0.74 -0.439 0.53 17.282 -85.298 -21.237
0.78 -0.443 0.514 20.351 -82.305 -22.687
0.793 -0.442 0.494 23.412 -78.0 -23.656
0.803 -0.423 0.469 25.214 -70.924 -25.924
0.779 -0.398 0.474 25.191 -66.855 -27.496
0.788 -0.376 0.492 24.557 -63.55 -28.672
0.778 -0.367 0.504 25.679 -63.351 -28.87
0.778 -0.347 0.483 26.015 -64.359 -29.443
0.775 -0.334 0.496 25.092 -64.664 -30.756
0.786 -0.335 0.483 24.458 -67.122 -32.191
0.799 -0.332 0.467 23.427 -67.672 -33.954
0.803 -0.323 0.487 23.695 -68.237 -35.985
0.842 -0.323 0.46 24.847 -66.557 -38.382
0.894 -0.331 0.401 27.634 -58.832 -41.038
0.902 -0.301 0.382 29.679 -51.656 -43.924
0.893 -0.258 0.364 27.985 -46.023 -47.672
0.881 -0.234 0.361 24.466 -44.626 -50.725
0.88 -0.185 0.332 18.13 -44.542 -52.435
0.898 -0.187 0.302 12.84 -42.985 -53.435
0.931 -0.204 0.329 10.298 -41.267 -53.031
0.948 -0.219 0.337 12.366 -38.191 -51.16
0.962 -0.232 0.314 16.122 -30.557 -49.496
0.969 -0.22 0.338 20.443 -22.13 -47.336
0.977 -0.219 0.349 24.137 -14.817 -46.779
1.003 -0.203 0.317 26.649 -7.29 -48.618
0.999 -0.198 0.321 28.87 -1.046 -50.954
0.988 -0.161 0.321 28.855 3.008 -54.092
0.99 -0.147 0.324 30.237 6.87 -54.992
0.987 -0.131 0.319 32.45 9.939 -55.725
0.99 -0.101 0.3 33.496 14.26 -55.366
1.006 -0.089 0.268 34.427 18.328 -55.771
1.038 -0.083 0.254 35.885 23.786 -53.771
1.064 -0.057 0.235 36.275 28.435 -53.87
1.066 -0.051 0.201 35.634 34.053 -55.176
1.1 -0.055 0.173 33.916 41.87 -58.282
1.095 -0.03 0.16 31.328 48.626 -61.076
1.068 -0.01 0.18 29.695 52.931 -63.695
1.049 -0.005 0.199 27.496 58.046 -65.71
1.035 0.003 0.222 25.557 62.336 -69.092
1.014 0.007 0.255 23.718 66.053 -71.55
0.989 0.032 0.262 22.611 69.641 -73.901
0.933 0.049 0.306 24.573 73.366 -74.901
0.915 0.081 0.315 28.069 78.107 -73.382
0.873 0.123 0.337 29.26 82.473 -71.916
0.853 0.155 0.363 29.305 85.267 -70.626
0.82 0.181 0.342 28.588 86.481 -70.802
0.809 0.209 0.341 25.053 88.626 -71.389
0.796 0.238 0.325 21.794 91.046 -71.679
0.786 0.245 0.322 18.252 93.282 -70.977
0.76 0.256 0.335 13.847 97.069 -70.649
0.724 0.257 0.356 10.519 100.649 -69.466
0.702 0.238 0.407 9.13 106.298 -70.427
0.675 0.241 0.449 9.29 110.58 -71.267
0.638 0.268 0.518 10.427 113.924 -72.748
0.602 0.272 0.556 13.389 114.832 -74.221
0.569 0.302 0.565 16.282 115.069 -74.794
0.534 0.334 0.567 16.305 113.84 -75.107
0.497 0.385 0.558 15.0 110.26 -74.374
0.476 0.382 0.545 12.115 107.626 -72.641
0.456 0.399 0.528 14.443 108.901 -65.649
0.464 0.406 0.488 17.038 113.038 -58.511
0.441 0.421 0.484 17.489 118.244 -53.863
0.407 0.442 0.495 14.443 121.382 -50.771
0.373 0.444 0.534 9.481 125.672 -51.031
0.326 0.433 0.596 3.046 126.702 -53.84
0.261 0.417 0.682 -1.26 124.137 -57.45
0.247 0.387 0.723 -4.626 117.473 -60.496
0.241 0.363 0.732 -5.534 110.321 -62.458
0.236 0.32 0.731 -2.092 102.099 -63.725
0.261 0.293 0.731 -1.046 106.252 -63.115
0.227 0.327 0.668 4.809 109.244 -64.916
0.188 0.357 0.672 8.969 115.542 -64.519
0.125 0.435 0.658 7.962 122.786 -65.969
0.049 0.506 0.67 3.351 124.969 -65.824
-0.024 0.544 0.703 -4.183 122.412 -63.679
-0.074 0.562 0.741 -10.84 117.45 -60.374
-0.095 0.535 0.778 -15.519 113.313 -56.847
-0.105 0.52 0.819 -17.931 106.374 -51.924
-0.093 0.485 0.855 -16.733 98.756 -47.916
-0.071 0.44 0.868 -11.366 96.672 -43.947
-0.072 0.424 0.828 -1.565 97.977 -38.893
-0.084 0.447 0.8 7.603 104.313 -34.122
-0.141 0.482 0.776 10.473 109.046 -32.397
-0.211 0.539 0.749 5.076 112.069 -33.626
-0.284 0.579 0.788 -5.771 108.832 -34.595
-0.351 0.588 0.825 -16.489 99.771 -35.328
-0.369 0.576 0.856 -25.542 90.153 -34.275
-0.406 0.578 0.887 -31.153 77.847 -31.679
-0.413 0.545 0.93 -32.321 68.557 -27.893
-0.403 0.495 0.944 -29.672 61.473 -23.435
-0.377 0.48 0.928 -25.672 55.954 -17.763
-0.385 0.498 0.892 -26.076 53.435 -15.649
-0.393 0.503 0.89 -28.733 50.321 -14.557
-0.395 0.504 0.882 -31.656 47.221 -13.878
-0.384 0.502 0.89 -33.527 44.359 -11.435
-0.38 0.482 0.899 -32.42 40.863 -8.16
-0.402 0.431 0.948 -22.13 38.573 -2.649
-0.469 0.496 0.904 -22.649 37.779 5.527
-0.429 0.467 0.902 -26.908 30.496 9.534
-0.417 0.446 0.89 -28.863 23.595 10.641
-0.42 0.404 0.907 -31.206 18.504 12.344
-0.38 0.371 0.883 -32.824 17.412 15.145
-0.366 0.358 0.893 -33.542 16.557 16.557
-0.351 0.353 0.894 -32.305 14.718 17.496
-0.348 0.339 0.884 -27.397 12.26 20.389
-0.344 0.396 0.858 -25.26 8.779 24.42
-0.406 0.38 0.872 -28.298 6.237 26.679
-0.417 0.342 0.907 -33.214 3.176 28.718
-0.397 0.289 0.949 -35.374 0.26 30.473
-0.374 0.256 0.952 -33.756 -3.053 32.611
-0.318 0.216 0.932 -28.092 -4.771 34.641
-0.301 0.242 0.876 -21.794 -4.511 37.45
-0.279 0.28 0.834 -17.206 -2.908 39.786
-0.289 0.322 0.797 -14.496 -2.26 43.092
-0.289 0.366 0.727 -20.916 1.061 46.221
-0.326 0.361 0.767 -25.473 2.924 49.351
-0.306 0.326 0.783 -33.962 2.679 51.885
-0.316 0.293 0.835 -40.71 3.336 53.656
-0.314 0.249 0.853 -43.718 1.573 55.718
-0.297 0.21 0.861 -42.84 1.74 58.382
-0.3 0.2 0.86 -40.458 2.924 60.511
-0.307 0.191 0.882 -37.282 4.008 61.878
-0.299 0.19 0.854 -36.252 3.878 63.298
-0.287 0.203 0.836 -39.832 3.664 62.137
-0.286 0.197 0.833 -43.565 1.099 60.389
-0.282 0.199 0.82 -48.878 -0.198 58.496
-0.275 0.197 0.83 -52.733 -0.756 57.969
-0.282 0.205 0.825 -54.733 -3.74 58.718
-0.302 0.175 0.856 -56.053 -6.939 60.176
-0.3 0.135 0.886 -58.458 -8.954 61.802
-0.295 0.084 0.937 -60.779 -12.916 62.221
-0.273 0.032 0.965 -60.282 -16.076 61.824
-0.246 -0.001 0.977 -58.183 -17.878 61.031
-0.231 -0.038 0.962 -53.458 -19.756 59.435
-0.228 -0.021 0.949 -48.061 -21.137 58.71
-0.232 0.006 0.911 -45.557 -20.275 59.282
-0.23 0.016 0.911 -45.229 -19.542 60.191
-0.244 0.006 0.922 -47.565 -19.382 61.076
-0.248 -0.022 0.971 -50.618 -21.588 61.656
-0.235 -0.074 0.996 -50.786 -25.221 61.908
-0.201 -0.106 1.022 -48.901 -26.26 62.076
-0.164 -0.174 1.035 -44.298 -29.702 60.29
-0.118 -0.191 1.02 -37.252 -32.725 57.901
-0.096 -0.191 0.994 -31.756 -33.679 54.74
-0.071 -0.166 0.97 -29.252 -34.069 51.45
-0.052 -0.151 0.956 -31.046 -35.069 46.885
-0.027 -0.154 0.935 -34.29 -36.611 42.275
-0.012 -0.17 0.949 -37.176 -38.824 38.198
-0.021 -0.188 0.991 -37.008 -41.107 35.206
0.001 -0.229 1.014 -33.534 -41.725 33.542
0.007 -0.221 1.027 -29.069 -41.344 32.42
0.04 -0.204 1.004 -23.794 -41.435 32.13
0.06 -0.186 0.98 -19.023 -40.26 31.908
0.067 -0.172 0.958 -14.466 -38.679 32.748
0.109 -0.201 0.947 -9.13 -36.099 32.847
0.119 -0.206 0.952 -4.305 -32.084 30.626
0.11 -0.169 0.933 -1.618 -29.695 27.298
0.1 -0.137 0.941 -0.305 -30.313 23.977
0.108 -0.106 0.92 0.366 -30.924 21.687
0.127 -0.087 0.892 0.656 -30.489 20.198
0.127 -0.084 0.889 0.435 -28.519 18.656
0.096 -0.081 0.923 -0.725 -27.473 15.504
0.075 -0.093 0.972 -0.71 -29.542 13.405
0.074 -0.077 0.969 -0.58 -34.679 12.298
0.087 -0.077 0.951 -1.252 -38.878 10.427
0.122 -0.085 0.932 -0.427 -40.626 8.779
0.158 -0.076 0.906 1.42 -39.038 8.29
0.159 -0.046 0.876 2.099 -35.336 8.664
0.162 -0.038 0.882 1.489 -30.985 9.176
0.156 -0.033 0.888 0.847 -27.595 9.359
0.153 -0.035 0.9 1.153 -27.748 9.901
0.151 -0.032 0.901 1.015 -29.405 9.84
0.167 -0.031 0.888 0.145 -30.489 9.237
0.184 -0.032 0.88 -0.901 -31.45 7.733
0.202 -0.051 0.882 -1.26 -31.137 5.534
0.208 -0.037 0.899 -1.076 -30.855 4.359
0.219 -0.016 0.898 -1.412 -29.931 4.115
0.226 -0.003 0.896 -2.366 -29.405 4.405
0.254 -0.014 0.881 -3.603 -29.985 3.893
0.279 -0.011 0.881 -3.863 -29.275 3.626
0.277 -0.013 0.87 -4.313 -26.954 3.809
0.273 -0.012 0.888 -4.55 -24.244 3.649
0.263 -0.018 0.915 -3.42 -21.985 3.832
0.254 -0.01 0.917 -2.137 -20.061 4.221
0.259 0.003 0.919 -1.076 -19.672 5.214
0.271 0.01 0.899 -0.947 -20.611 5.87
0.279 0.023 0.888 -1.275 -20.71 5.679
0.286 0.026 0.874 -2.137 -20.137 5.382
0.286 0.031 0.878 -2.802 -19.351 5.153
0.292 0.031 0.865 -3.557 -18.267 5.634
0.303 0.025 0.861 -3.458 -16.603 6.176
0.327 0.008 0.858 -3.145 -15.481 6.145
0.336 0.011 0.845 -3.198 -14.252 5.031
0.328 0.011 0.845 -4.0 -13.656 3.87
0.307 0.012 0.858 -4.794 -13.504 3.771
0.319 -0.008 0.859 -4.328 -12.748 3.542
0.326 -0.016 0.853 -4.092 -11.634 2.924
0.331 -0.022 0.849 -4.191 -10.214 1.366
0.327 -0.011 0.842 -5.176 -8.626 -0.168
0.322 -0.02 0.842 -6.374 -7.573 -2.084
0.326 -0.034 0.855 -7.099 -6.489 -4.282
0.313 -0.025 0.857 -6.87 -5.053 -5.847
0.3 -0.016 0.87 -6.221 -3.504 -6.023
0.291 -0.004 0.88 -5.534 -2.313 -5.947
0.288 0.013 0.898 -5.962 -0.832 -6.13
0.263 0.015 0.909 -5.664 -1.672 -4.992
0.262 0.004 0.913 -4.71 -1.405 -3.481
0.28 0.005 0.921 -2.504 0.519 -2.58
0.272 0.011 0.922 -0.87 1.015 -2.626
0.271 0.041 0.906 -0.168 0.244 -2.664
0.275 0.049 0.894 -0.924 -0.794 -2.336
0.275 0.031 0.892 -2.374 -1.137 -3.053
0.27 0.008 0.911 -2.565 -0.595 -3.908
0.262 0.003 0.946 -1.664 -0.939 -5.191
0.249 0.012 0.945 -0.412 -2.16 -5.672
0.251 0.025 0.921 1.366 -2.634 -4.527
0.26 0.02 0.902 3.13 -2.42 -3.702
0.267 0.023 0.899 4.237 -0.794 -3.519
0.263 0.04 0.892 4.641 -0.42 -4.099
0.258 0.058 0.868 4.496 0.664 -4.542
0.247 0.068 0.865 3.359 0.725 -4.099
0.222 0.088 0.857 1.328 0.863 -3.649
0.215 0.089 0.865 -0.252 1.389 -2.74
0.204 0.081 0.876 -1.71 2.153 -1.298
0.208 0.07 0.882 -2.87 2.679 0.107
0.208 0.06 0.886 -3.481 2.656 0.855
0.225 0.045 0.897 -4.046 2.29 1.565
0.23 0.035 0.898 -4.84 1.649 1.099
0.238 0.034 0.893 -5.809 1.145 0.519
0.25 0.031 0.897 -6.977 0.336 -0.237
0.263 0.029 0.895 -7.901 -0.122 -1.542
0.262 0.023 0.89 -9.557 -0.809 -2.565
0.265 0.024 0.906 -11.198 -1.992 -4.198
0.262 0.014 0.924 -11.176 -3.145 -4.206
0.264 0.009 0.924 -10.74 -3.954 -4.466
0.266 0.004 0.918 -9.908 -4.092 -4.473
0.26 0.015 0.912 -8.618 -3.649 -3.794
0.262 0.013 0.92 -7.382 -2.733 -2.557
0.26 0.018 0.901 -6.099 -1.466 -1.191
0.261 0.017 0.908 -5.16 -0.26 -0.099
0.257 0.016 0.903 -4.153 0.588 1.092
0.258 0.009 0.913 -3.45 0.603 2.069
0.253 0.011 0.914 -3.435 0.771 2.183
0.259 -0.003 0.913 -3.939 0.977 1.954
0.27 -0.012 0.911 -3.656 0.664 0.947
0.267 -0.024 0.918 -2.481 0.435 0.008
0.276 -0.01 0.908 -2.229 0.779 -0.626
0.267 -0.0 0.898 -2.092 0.977 -0.832
0.265 0.004 0.904 -1.817 1.45 -0.305
0.255 0.01 0.905 -1.87 1.656 -0.13
0.253 0.011 0.895 -1.931 1.924 0.573
0.258 0.006 0.907 -2.557 2.443 0.214
0.246 0.005 0.906 -2.87 2.664 0.084
0.249 0.01 0.906 -3.069 2.664 0.336
0.247 0.015 0.9 -2.924 3.679 0.496
0.251 0.014 0.92 -3.168 3.947 0.45
0.246 0.017 0.91 -3.046 2.916 0.573
0.246 0.019 0.911 -2.618 2.924 0.672
0.233 0.017 0.926 -2.588 2.908 1.0
0.235 0.02 0.926 -2.397 1.931 0.885
0.233 0.011 0.918 -2.588 1.183 0.649
0.222 0.019 0.93 -2.947 0.099 0.595
0.231 0.012 0.931 -2.885 -0.359 0.695
0.233 0.01 0.927 -2.405 -0.58 0.832
0.24 0.019 0.93 -1.977 -0.748 1.412
0.254 0.012 0.918 -1.809 -0.366 1.496
0.249 0.01 0.914 -1.45 -0.374 1.565
0.251 0.017 0.905 -1.885 -0.504 1.328
0.254 0.007 0.895 -2.221 -0.947 1.145
0.259 0.003 0.907 -2.832 -1.031 0.58
0.261 0.005 0.909 -2.74 -0.824 0.42
0.268 -0.003 0.916 -2.374 -1.099 0.687
0.266 -0.003 0.907 -1.71 -0.756 0.71
0.262 -0.001 0.913 -1.344 -0.389 0.435
0.265 0.003 0.902 -1.328 -0.351 0.115
0.268 0.012 0.896 -1.214 -0.748 0.198
0.276 0.004 0.892 -1.389 -0.466 -0.282
0.272 0.014 0.888 -1.183 0.084 -0.366
0.26 0.021 0.885 -1.191 0.382 0.061
0.279 0.02 0.882 -1.863 0.252 -0.183
0.267 0.024 0.876 -2.389 0.725 -0.641
0.254 0.027 0.893 -2.931 0.718 -0.947
0.25 0.017 0.903 -2.641 0.718 -0.473
0.25 0.024 0.908 -2.206 0.557 -0.038
0.243 0.021 0.908 -2.489 0.244 -0.031
0.254 0.021 0.908 -2.473 0.191 0.176
0.25 0.021 0.908 -2.656 0.29 0.053
0.243 0.031 0.897 -2.924 0.229 0.389
0.246 0.027 0.906 -3.229 0.504 1.191
0.252 0.029 0.888 -3.527 0.908 1.695
0.251 0.026 0.906 -3.847 0.939 1.977
0.246 0.013 0.92 -4.183 0.679 1.466
0.245 0.001 0.929 -4.191 0.008 0.84
0.25 -0.008 0.927 -3.542 -0.504 0.344
0.255 0.001 0.912 -3.206 -0.595 -0.092
0.262 0.007 0.906 -3.183 -0.527 -0.298
0.258 0.013 0.904 -3.031 -0.16 -0.008
0.259 0.016 0.901 -2.908 0.282 0.382
0.261 0.0 0.908 -2.718 0.618 1.046
0.265 -0.004 0.906 -2.252 1.13 1.679
0.258 -0.006 0.903 -2.015 1.664 1.191
0.253 -0.022 0.917 -2.16 1.366 0.107
0.255 -0.027 0.935 -1.672 0.573 -0.626
0.257 -0.03 0.927 -0.908 0.168 -1.58
0.256 -0.028 0.931 -0.137 -0.137 -1.763
0.256 -0.02 0.93 0.298 -0.473 -2.557
0.254 -0.003 0.917 -0.137 -0.718 -3.45
0.247 0.013 0.909 -0.313 -1.389 -3.466
0.241 0.014 0.908 -0.252 -1.611 -2.771
0.235 0.023 0.905 -0.794 -1.313 -2.244
0.24 0.025 0.911 -1.649 -1.153 -1.435
0.241 0.022 0.917 -1.313 -1.908 -0.45
0.25 0.009 0.936 -1.366 -2.069 -0.405
0.264 0.001 0.935 -0.702 -2.969 -0.107