-0.362 0.02 0.878 -32.427 -18.107 79.359
-0.353 -0.023 0.901 -34.321 -22.656 83.74
-0.343 -0.09 0.921 -34.977 -25.878 86.092
-0.353 -0.145 0.964 -35.115 -27.557 86.763
-0.357 -0.174 0.993 -32.351 -31.221 87.389
-0.33 -0.194 0.986 -27.511 -32.672 88.275
-0.281 -0.201 0.949 -22.947 -33.679 88.687
-0.215 -0.206 0.9 -20.992 -33.695 86.641
-0.138 -0.22 0.866 -21.13 -31.847 82.718
-0.113 -0.231 0.882 -22.748 -32.931 78.168
-0.089 -0.27 0.897 -23.954 -33.847 74.397
-0.101 -0.289 0.941 -22.794 -34.107 70.366
-0.125 -0.296 0.977 -19.084 -35.954 68.244
-0.116 -0.313 0.976 -13.603 -35.695 66.58
-0.119 -0.308 0.976 -7.573 -35.405 66.183
-0.111 -0.305 0.949 -2.26 -33.786 64.58
-0.059 -0.31 0.912 0.916 -30.641 60.824
-0.069 -0.303 0.901 0.901 -32.718 57.206
-0.062 -0.299 0.908 0.305 -35.099 53.328
-0.041 -0.28 0.869 1.634 -34.733 52.641
-0.019 -0.291 0.846 3.939 -31.588 53.084
0.014 -0.284 0.832 5.008 -26.015 52.137
0.01 -0.288 0.842 3.359 -25.679 48.84
-0.01 -0.33 0.914 1.618 -30.504 43.13
0.006 -0.334 0.911 0.916 -35.771 37.389
0.044 -0.33 0.875 0.076 -36.076 31.496
0.066 -0.296 0.907 0.855 -35.038 27.038
0.124 -0.29 0.916 6.641 -30.046 26.641
0.124 -0.277 0.937 16.565 -22.092 28.565
0.088 -0.211 0.932 22.565 -15.191 31.893
0.045 -0.204 0.95 21.328 -16.412 32.092
0.082 -0.229 0.943 15.954 -20.947 28.687
0.101 -0.271 0.983 9.557 -28.443 20.26
0.164 -0.281 0.994 8.855 -30.26 13.206
0.161 -0.222 0.957 8.412 -29.374 9.176
0.144 -0.179 0.952 8.214 -28.26 8.366
0.167 -0.182 0.978 12.595 -25.878 12.595
0.156 -0.217 0.985 17.786 -23.023 16.489
0.233 -0.231 0.987 20.611 -18.977 14.962
0.24 -0.194 0.95 20.366 -18.87 13.908
0.21 -0.148 0.918 13.71 -18.794 10.122
0.19 -0.136 0.946 8.779 -19.786 8.229
0.214 -0.118 0.963 4.977 -22.137 8.122
0.232 -0.131 0.986 1.924 -26.137 6.092
0.29 -0.181 0.989 0.718 -29.145 1.817
0.351 -0.222 0.99 1.115 -30.29 -5.359
0.35 -0.19 0.997 0.687 -30.107 -13.374
0.328 -0.124 0.945 -0.473 -35.298 -15.878
0.308 -0.083 0.916 -5.038 -40.0 -16.672
0.344 -0.101 0.931 -6.275 -38.321 -16.168
0.355 -0.098 0.927 -5.237 -36.321 -14.565
0.367 -0.137 0.938 -2.931 -33.893 -14.107
0.401 -0.173 0.958 0.855 -29.481 -17.084
0.413 -0.186 0.97 4.168 -28.702 -22.351
0.397 -0.149 0.971 5.344 -30.855 -26.687
0.38 -0.084 0.944 4.321 -32.244 -30.153
0.363 -0.035 0.912 0.779 -35.435 -31.863
0.343 -0.029 0.939 -2.992 -39.084 -31.969
0.349 -0.061 0.985 -5.298 -43.298 -32.87
0.403 -0.061 0.996 -2.977 -44.885 -34.885
0.436 -0.047 0.945 -0.092 -45.542 -36.382
0.429 -0.012 0.889 -1.328 -47.466 -38.382
0.419 0.011 0.859 -6.198 -49.588 -41.237
0.424 0.027 0.833 -14.214 -52.458 -44.489
0.456 0.012 0.8 -22.061 -53.16 -48.412
0.465 -0.001 0.794 -29.176 -62.031 -50.336
0.489 0.019 0.763 -33.847 -59.908 -53.466
0.497 0.013 0.748 -35.985 -59.389 -54.718
0.498 -0.004 0.762 -38.84 -57.313 -56.534
0.504 -0.029 0.806 -39.893 -58.458 -59.71
0.528 -0.062 0.835 -37.252 -61.069 -62.153
0.574 -0.086 0.806 -34.87 -61.725 -66.015
0.619 -0.089 0.748 -34.672 -61.42 -69.511
0.686 -0.118 0.699 -34.901 -58.107 -75.221
0.719 -0.138 0.659 -37.725 -50.87 -82.031
0.772 -0.229 0.702 -29.603 -33.405 -89.328
0.754 -0.224 0.723 -13.649 -10.565 -94.0
0.637 -0.094 0.671 -2.641 1.786 -94.626
0.572 0.034 0.632 -7.282 0.198 -93.13
0.627 0.042 0.595 -12.55 -6.901 -90.55
0.656 -0.006 0.619 -16.458 -12.565 -92.779
0.66 -0.039 0.645 -20.489 -11.634 -98.58
0.644 -0.055 0.72 -18.305 -7.206 -104.214
0.619 -0.012 0.715 -13.954 -3.786 -106.992
0.589 0.049 0.663 -11.878 0.931 -106.29
0.606 0.095 0.638 -10.58 6.198 -103.573
0.612 0.139 0.594 -12.824 10.84 -99.344
0.641 0.149 0.576 -15.237 16.153 -93.71
0.668 0.154 0.54 -19.206 22.626 -88.153
0.666 0.146 0.545 -22.443 29.023 -83.618
0.644 0.125 0.613 -22.107 35.267 -81.16
0.603 0.124 0.695 -20.092 37.496 -79.756
0.565 0.113 0.774 -16.137 37.42 -79.817
0.563 0.105 0.801 -11.16 36.046 -80.244
0.561 0.138 0.798 -8.0 34.565 -80.794
0.55 0.193 0.753 -6.595 32.382 -80.427
0.55 0.244 0.705 -9.267 32.092 -77.008
0.552 0.263 0.637 -12.763 33.802 -70.763
0.561 0.271 0.569 -17.389 41.893 -62.885
0.551 0.273 0.525 -21.359 54.137 -53.725
0.512 0.246 0.58 -24.0 67.969 -47.832
0.467 0.153 0.781 -19.679 77.267 -43.863
0.452 0.064 0.975 -5.603 79.466 -43.832
0.442 0.024 1.038 14.901 75.374 -46.458
0.42 0.078 0.981 32.794 74.809 -50.183
0.362 0.193 0.876 40.885 71.252 -53.221
0.303 0.294 0.794 39.237 67.16 -52.626
0.265 0.335 0.721 36.366 67.16 -47.71
0.215 0.398 0.689 35.847 77.542 -39.145
0.135 0.503 0.657 32.015 85.863 -26.397
0.085 0.578 0.656 23.115 86.321 -10.336
0.075 0.53 0.734 13.267 84.58 0.076
0.092 0.38 0.929 8.641 76.58 2.84
0.145 0.244 1.051 11.71 64.885 -1.924
0.223 0.178 1.063 13.939 53.267 -12.0
0.232 0.191 0.93 12.061 41.389 -22.321
0.224 0.192 0.833 11.038 37.221 -29.618
0.199 0.224 0.789 14.519 44.29 -31.786
0.114 0.292 0.776 21.588 58.397 -26.489
0.033 0.359 0.802 31.756 76.29 -15.069
-0.045 0.458 0.804 40.031 88.626 1.618
-0.101 0.53 0.747 40.687 91.069 19.267
-0.119 0.509 0.785 32.122 87.252 26.473
-0.097 0.409 0.907 16.885 73.771 20.244
-0.067 0.317 0.987 0.824 52.55 5.008
-0.018 0.218 1.025 -7.74 32.214 -10.84
0.022 0.176 1.009 -5.237 22.962 -24.595
0.032 0.203 0.96 7.16 27.221 -31.695
-0.041 0.298 0.911 22.397 37.557 -30.26
-0.124 0.408 0.865 36.046 52.29 -23.191
-0.236 0.521 0.838 44.794 62.153 -11.45
-0.308 0.618 0.791 45.863 64.55 2.794
-0.337 0.646 0.776 37.817 57.496 14.58
-0.292 0.597 0.759 24.702 47.008 20.855
-0.236 0.522 0.772 9.557 36.809 19.771
-0.201 0.415 0.835 0.733 32.183 13.649
-0.201 0.372 0.901 -0.29 30.916 6.26
-0.278 0.415 0.912 2.809 28.901 4.763
-0.339 0.471 0.904 6.321 27.756 7.832
-0.376 0.504 0.879 7.924 27.374 13.42
-0.404 0.512 0.876 7.954 25.176 19.969
-0.419 0.532 0.867 7.115 23.634 25.466
-0.43 0.563 0.866 2.305 17.924 30.702
-0.395 0.559 0.829 -6.55 10.305 35.389
-0.342 0.491 0.83 -14.55 6.29 36.198
-0.312 0.445 0.852 -18.763 3.45 36.031
-0.304 0.422 0.87 -19.924 0.992 36.58
-0.303 0.434 0.863 -20.962 -1.542 37.389
-0.319 0.434 0.852 -21.588 -4.473 39.634
-0.33 0.443 0.842 -22.748 -6.763 43.374
-0.322 0.447 0.833 -25.374 -8.947 47.756
-0.298 0.428 0.837 -28.137 -11.588 51.863
-0.304 0.446 0.813 -27.466 -11.13 53.527
-0.187 0.306 0.844 -29.13 -11.038 55.344
-0.198 0.309 0.84 -26.733 -8.153 53.802
-0.215 0.304 0.852 -26.366 -8.382 53.313
-0.204 0.308 0.838 -27.557 -10.534 54.031
-0.19 0.294 0.819 -30.489 -10.977 54.366
-0.136 0.241 0.836 -32.107 -11.252 53.939
-0.142 0.232 0.842 -33.802 -11.191 52.382
-0.16 0.234 0.861 -32.092 -9.634 50.84
-0.176 0.23 0.884 -29.664 -9.756 51.725
-0.183 0.22 0.882 -29.985 -11.42 52.092
-0.171 0.197 0.894 -30.427 -11.634 50.58
-0.155 0.169 0.874 -31.588 -10.29 48.504
-0.133 0.149 0.877 -31.359 -7.328 46.656
-0.128 0.137 0.9 -29.695 -6.504 45.893
-0.113 0.129 0.879 -26.58 -5.038 46.626
-0.09 0.124 0.859 -24.168 -2.244 46.519
-0.077 0.135 0.843 -23.924 -1.13 46.321
-0.095 0.14 0.836 -26.656 -2.107 45.985
-0.106 0.131 0.849 -30.809 -3.618 46.092
-0.1 0.084 0.884 -33.496 -5.115 46.229
-0.09 0.05 0.928 -33.588 -6.153 45.191
-0.097 0.012 0.963 -30.137 -5.679 43.725
-0.097 0.018 0.966 -25.389 -4.305 42.748
-0.085 0.032 0.967 -21.053 -4.733 43.527
-0.069 0.029 0.97 -16.229 -5.328 44.244
-0.047 0.036 0.936 -12.305 -4.58 44.061
-0.033 0.044 0.918 -9.863 -3.237 42.809
-0.051 0.06 0.888 -10.855 -3.282 40.809
-0.081 0.088 0.89 -15.099 -4.687 38.809
-0.094 0.087 0.918 -18.321 -7.16 37.817
-0.075 0.076 0.939 -18.977 -8.031 38.046
-0.078 0.07 0.939 -17.603 -7.771 39.069
-0.079 0.076 0.915 -16.168 -9.191 41.16
-0.084 0.067 0.919 -16.427 -10.214 41.924
-0.09 0.065 0.914 -19.191 -12.656 42.366
-0.1 0.04 0.92 -22.626 -14.87 42.351
-0.089 0.016 0.939 -26.0 -17.13 41.618
-0.051 -0.032 0.953 -27.557 -17.634 39.206
-0.015 -0.058 0.977 -26.794 -17.771 36.748
-0.003 -0.074 1.0 -23.435 -17.71 34.489
-0.007 -0.076 1.012 -18.931 -18.794 32.336
-0.008 -0.063 1.02 -13.511 -20.061 31.573
0.005 -0.07 1.021 -7.084 -20.489 31.389
0.03 -0.061 0.976 -0.656 -17.405 31.359
0.038 -0.018 0.932 3.13 -15.496 31.817
0.048 0.016 0.888 2.473 -15.206 32.992
0.065 0.008 0.888 0.427 -15.45 32.427
0.071 0.009 0.894 -2.427 -16.733 31.389
0.09 0.008 0.893 -5.603 -19.206 30.229
0.105 -0.027 0.922 -6.702 -19.389 28.702
0.117 -0.045 0.954 -5.588 -19.221 28.046
0.128 -0.054 0.961 -3.725 -19.16 26.183
0.143 -0.055 0.975 -1.359 -19.557 23.313
0.153 -0.052 0.95 1.557 -19.649 21.298
0.16 -0.033 0.935 2.962 -17.832 19.405
0.168 -0.013 0.919 3.45 -16.519 18.031
0.164 -0.002 0.906 2.412 -15.405 17.145
0.178 0.01 0.899 0.427 -15.053 15.832
0.198 0.005 0.889 -1.924 -15.252 14.702
0.205 -0.001 0.913 -2.992 -14.168 12.84
0.203 -0.007 0.942 -2.321 -12.595 10.244
0.208 0.011 0.958 -0.198 -12.779 10.076
0.216 0.026 0.932 1.16 -12.656 10.58
0.248 0.035 0.911 2.412 -10.84 11.374
0.266 0.032 0.907 2.427 -9.527 11.878
0.266 0.026 0.892 1.618 -8.595 11.053
0.258 0.011 0.909 -0.382 -9.771 9.74
0.235 0.013 0.925 -2.366 -11.237 8.366
0.251 0.002 0.928 -2.931 -12.412 7.359
0.266 0.012 0.922 -2.809 -12.198 5.634
0.269 0.014 0.923 -1.481 -12.122 4.519
0.275 0.033 0.912 0.076 -12.214 3.985
0.268 0.032 0.899 1.649 -11.435 3.664
0.256 0.043 0.878 1.817 -10.672 3.45
0.258 0.041 0.882 0.763 -9.878 2.672
0.262 0.037 0.864 -0.214 -8.534 1.344
0.263 0.044 0.868 -1.435 -6.779 0.031
0.266 0.047 0.883 -1.237 -5.45 -1.023
0.266 0.058 0.886 0.137 -3.817 -1.634
0.265 0.073 0.887 0.962 -2.962 -1.802
0.253 0.092 0.875 1.13 -2.779 -1.481
0.247 0.102 0.879 0.061 -2.824 -0.748
0.23 0.1 0.879 -0.702 -2.656 0.687
0.241 0.102 0.895 -0.87 -1.725 1.634
0.247 0.085 0.897 0.26 -0.885 2.397
0.258 0.097 0.884 0.641 -0.977 2.458
0.247 0.103 0.9 0.412 -0.901 1.74
0.231 0.116 0.889 -0.351 -1.817 1.374
0.226 0.104 0.885 -1.634 -2.443 0.824
0.227 0.085 0.904 -1.817 -2.427 0.321
0.219 0.089 0.916 -0.672 -2.214 -0.504
0.231 0.104 0.914 0.794 -1.344 -1.115
0.225 0.115 0.907 2.031 -0.55 -1.344
0.225 0.124 0.897 2.656 -0.656 -0.779
0.213 0.134 0.888 2.809 -0.611 -0.611
0.208 0.12 0.886 3.008 -0.443 -0.122
0.201 0.111 0.89 3.298 0.931 -0.397
0.191 0.116 0.892 3.237 1.786 -0.748
0.184 0.119 0.893 2.473 2.519 -0.84
0.183 0.12 0.907 1.817 2.305 -0.962
0.186 0.107 0.919 2.122 1.557 -1.237
0.192 0.113 0.904 2.489 1.664 -1.74
0.175 0.126 0.897 2.519 1.282 -1.023
0.177 0.127 0.89 1.847 1.298 -0.031
0.179 0.135 0.894 0.366 1.695 0.153
0.183 0.136 0.889 -1.573 1.557 -0.107
0.181 0.133 0.896 -3.115 1.191 0.137
0.19 0.131 0.901 -4.153 0.611 0.718
0.183 0.131 0.899 -5.496 0.244 0.962
0.187 0.129 0.915 -6.412 0.122 1.221
0.18 0.119 0.92 -6.382 -1.481 2.687
0.2 0.113 0.918 -6.443 -2.29 3.542
0.202 0.099 0.925 -7.008 -2.427 3.099
0.213 0.101 0.936 -7.588 -3.038 2.321
0.22 0.097 0.916 -6.977 -2.687 2.458
0.229 0.103 0.911 -5.71 -2.076 1.725
0.232 0.105 0.911 -3.908 -1.405 1.969
0.236 0.105 0.907 -2.656 -0.275 2.015
0.231 0.114 0.901 -1.878 0.061 2.031
0.225 0.109 0.906 -1.206 -0.336 2.718
0.235 0.101 0.9 -0.824 0.565 2.153
0.229 0.11 0.889 -0.702 1.084 0.565
0.227 0.112 0.914 -0.55 1.282 -0.473
0.223 0.123 0.904 -0.046 0.382 -0.931
0.219 0.121 0.891 0.198 0.443 -1.099
0.21 0.131 0.898 0.947 0.763 -0.595
0.191 0.134 0.893 1.008 0.214 -0.092
0.189 0.136 0.884 0.382 -0.031 0.641
0.192 0.135 0.893 -0.229 0.473 0.672
0.186 0.129 0.904 -0.275 1.389 1.038
0.193 0.139 0.888 -0.351 1.42 1.344
0.182 0.142 0.899 -0.824 1.435 1.405
0.177 0.144 0.885 -1.771 1.939 1.71
0.182 0.133 0.896 -2.931 0.84 2.458
0.168 0.13 0.89 -3.924 0.565 3.435
0.181 0.117 0.887 -4.809 0.534 3.511
0.192 0.102 0.889 -5.847 0.794 3.023
0.205 0.1 0.9 -6.702 1.038 2.168
0.211 0.097 0.905 -7.206 0.916 1.771
0.208 0.102 0.894 -7.786 0.809 2.092
0.213 0.1 0.89 -8.351 0.397 2.244
0.216 0.096 0.896 -9.084 0.321 1.908
0.214 0.087 0.9 -9.939 0.183 1.557
0.215 0.064 0.924 -9.542 0.702 1.145
0.227 0.066 0.931 -8.061 1.038 0.58
0.232 0.068 0.93 -5.893 1.679 -0.336
0.232 0.069 0.926 -3.817 1.511 -0.611
0.223 0.076 0.918 -2.901 1.618 -1.863
0.225 0.092 0.92 -2.336 1.115 -3.42
0.204 0.102 0.916 -2.076 0.595 -4.748
0.191 0.112 0.9 -1.786 0.366 -4.382
0.186 0.116 0.908 -1.008 0.748 -3.435
0.181 0.132 0.9 -0.641 1.573 -2.29
0.179 0.134 0.905 -1.115 1.649 -1.496
0.191 0.128 0.907 -0.87 1.466 -0.214
0.194 0.123 0.912 -0.336 1.527 0.611
0.205 0.117 0.905 0.275 2.076 0.962
0.208 0.12 0.887 0.275 2.168 1.221
0.198 0.125 0.889 -0.473 1.893 0.763
0.197 0.132 0.88 -1.985 1.466 0.107
0.199 0.131 0.89 -2.473 1.649 0.29
0.195 0.134 0.892 -2.58 1.695 1.008
0.198 0.134 0.888 -2.87 1.679 1.969
0.194 0.128 0.885 -3.359 2.412 2.718
0.205 0.115 0.894 -3.389 3.13 3.023
0.206 0.109 0.898 -4.061 2.626 2.855
0.206 0.105 0.899 -4.702 2.244 2.305
0.204 0.106 0.913 -5.267 1.908 2.443
0.204 0.097 0.921 -4.885 1.481 2.458
0.195 0.096 0.915 -4.229 1.832 2.29
0.2 0.086 0.914 -4.046 2.015 2.046
0.2 0.093 0.911 -3.802 2.168 1.511
0.198 0.094 0.921 -4.107 1.939 1.038
0.194 0.095 0.92 -4.351 1.374 0.595
0.201 0.095 0.921 -4.336 0.992 0.977
0.204 0.086 0.904 -4.153 0.84 0.977
0.201 0.093 0.914 -3.771 0.992 0.641
0.207 0.088 0.915 -3.176 1.45 0.58
0.199 0.097 0.925 -2.061 1.603 0.702
0.191 0.101 0.917 -1.756 1.878 0.733
0.185 0.108 0.906 -1.863 1.573 0.763
0.191 0.114 0.898 -2.336 1.679 0.733
0.192 0.1 0.898 -2.962 1.679 0.931
0.196 0.099 0.904 -2.809 1.939 1.145
0.2 0.091 0.883 -2.58 2.275 1.389
0.195 0.107 0.903 -2.687 2.0 1.084
0.191 0.095 0.897 -2.809 1.847 0.779
0.189 0.094 0.9 -3.176 1.115 0.794
0.195 0.09 0.894 -2.687 1.374 1.008
0.206 0.086 0.903 -1.985 1.542 0.718
0.205 0.081 0.903 -1.145 1.71 0.305
0.201 0.101 0.897 -1.038 1.679 0.061
0.2 0.098 0.895 -0.656 1.969 -0.031
0.189 0.105 0.901 -1.374 1.191 0.26
0.186 0.107 0.901 -2.092 0.992 0.427
0.201 0.098 0.913 -1.832 0.84 0.321
0.206 0.098 0.902 -1.679 1.038 0.0
0.202 0.103 0.904 -1.618 1.252 -0.244
0.199 0.105 0.899 -1.939 1.435 -0.275
0.203 0.103 0.896 -2.321 1.664 -0.229
0.205 0.105 0.9 -1.939 1.618 -0.031
0.199 0.101 0.915 -1.634 1.344 0.031
0.197 0.097 0.905 -1.176 1.542 -0.382
0.199 0.106 0.905 -0.779 1.847 -0.305
0.19 0.11 0.91 -0.84 1.664 -0.962
0.185 0.119 0.9 -1.191 1.695 -0.931
0.184 0.118 0.899 -1.542 1.725 -0.214
0.187 0.115 0.905 -1.863 1.45 0.443
0.179 0.113 0.904 -1.924 1.221 1.115
0.184 0.113 0.903 -2.153 1.618 1.191
0.188 0.106 0.904 -1.603 1.725 1.389
0.192 0.11 0.904 -1.405 1.176 1.237
0.191 0.111 0.901 -1.679 0.992 1.115
0.197 0.107 0.897 -1.893 1.649 0.824
0.199 0.104 0.903 -1.695 1.939 0.595
0.193 0.106 0.898 -1.664 1.71 1.053
0.195 0.101 0.905 -1.802 1.374 0.916
0.207 0.099 0.902 -1.481 1.603 0.931
0.206 0.103 0.9 -1.847 1.695 0.733
0.194 0.112 0.9 -2.031 1.71 0.916
0.18 0.112 0.909 -2.275 1.221 1.038
0.186 0.105 0.908 -2.336 1.527 1.084
0.186 0.098 0.904 -2.031 2.076 0.916
0.191 0.096 0.899 -1.588 2.168 1.008
0.199 0.096 0.895 -1.145 2.611 1.206
0.205 0.093 0.905 -0.931 3.237 0.58
0.21 0.094 0.893 -0.916 3.053 -0.168
0.21 0.103 0.888 -1.328 2.58 -0.595
0.202 0.101 0.897 -1.588 2.84 -0.687
0.193 0.098 0.905 -1.908 2.977 -0.931
0.194 0.098 0.913 -1.695 3.344 -1.099
0.188 0.098 0.918 -1.389 3.053 -0.885
0.184 0.098 0.908 -0.656 2.794 -0.931
0.184 0.111 0.916 -0.595 2.0 -1.359
0.187 0.11 0.905 -0.489 2.168 -1.252
0.183 0.114 0.916 -0.611 1.832 -1.267
0.193 0.118 0.905 -1.389 2.443 -2.137
0.177 0.117 0.908 -1.237 1.405 -0.687
0.183 0.112 0.898 -0.519 2.153 -0.092
0.181 0.113 0.91 -0.443 2.275 0.061
0.19 0.119 0.903 -0.107 2.29 -0.015
0.185 0.111 0.896 0.153 2.427 0.092
0.183 0.113 0.914 -0.076 2.519 0.168
0.174 0.125 0.92 -0.321 1.466 0.031
0.176 0.12 0.918 -0.885 1.038 0.305
0.165 0.108 0.916 -0.656 1.084 0.534
0.172 0.105 0.931 -0.046 0.977 0.901