0.054 0.033 0.926 -3.695 4.634 -2.183
0.048 0.037 0.918 -4.252 5.496 -1.786
0.05 0.047 0.922 -4.336 6.534 -1.275
0.042 0.058 0.919 -4.863 6.847 -0.282
0.034 0.057 0.924 -5.412 7.206 0.412
0.029 0.065 0.928 -5.809 7.618 1.145
0.03 0.06 0.917 -5.817 8.42 1.412
0.033 0.056 0.922 -6.061 9.466 1.473
0.036 0.063 0.91 -6.702 11.198 0.87
0.03 0.072 0.922 -7.565 11.107 0.489
0.028 0.08 0.906 -8.282 10.542 0.779
0.018 0.092 0.908 -8.748 10.718 0.893
0.015 0.098 0.909 -9.794 10.84 2.023
0.005 0.115 0.908 -10.206 10.985 2.809
0.0 0.124 0.9 -11.481 11.763 4.031
-0.013 0.147 0.899 -13.023 13.71 4.885
-0.017 0.151 0.905 -14.29 15.008 6.008
-0.028 0.165 0.896 -15.794 15.618 6.931
-0.042 0.191 0.891 -16.901 16.672 8.901
-0.045 0.207 0.879 -19.58 17.084 9.611
-0.066 0.23 0.849 -23.855 17.321 11.427
-0.082 0.229 0.873 -27.351 16.221 14.71
-0.089 0.177 0.91 -32.534 10.55 17.099
-0.096 0.14 0.931 -33.046 6.183 19.771
-0.079 0.101 0.948 -33.099 4.458 21.405
-0.092 0.072 0.952 -32.687 3.817 21.0
-0.097 0.066 0.958 -31.008 2.809 22.183
-0.12 0.093 0.941 -30.298 2.344 22.939
-0.138 0.135 0.916 -30.183 0.832 26.099
-0.173 0.161 0.897 -32.695 -1.733 29.702
-0.196 0.152 0.897 -36.313 -7.16 34.023
-0.206 0.122 0.904 -40.626 -10.756 37.557
-0.205 0.076 0.934 -44.328 -13.458 40.748
-0.207 0.034 0.964 -45.832 -16.061 44.45
-0.202 0.006 0.961 -45.672 -17.863 47.954
-0.178 -0.007 0.959 -42.45 -19.115 52.137
-0.183 -0.011 0.95 -39.74 -20.473 55.588
-0.218 0.003 0.927 -38.916 -25.969 57.435
-0.22 -0.022 0.931 -43.366 -28.679 59.221
-0.207 -0.076 0.947 -48.733 -33.008 59.534
-0.173 -0.128 0.938 -52.214 -35.977 59.786
-0.175 -0.173 0.958 -54.351 -38.496 58.84
-0.184 -0.211 0.999 -53.824 -42.977 57.71
-0.168 -0.244 1.021 -48.779 -46.527 57.55
-0.154 -0.245 0.999 -40.824 -47.534 59.786
-0.155 -0.184 0.943 -37.008 -49.55 63.351
-0.131 -0.167 0.862 -41.809 -53.702 65.008
-0.095 -0.209 0.838 -51.107 -58.977 62.969
-0.063 -0.294 0.879 -59.45 -64.344 59.168
-0.053 -0.391 0.951 -62.573 -70.099 55.618
-0.027 -0.464 0.971 -59.573 -74.221 52.198
-0.01 -0.518 1.009 -52.481 -75.916 49.031
0.025 -0.524 0.993 -43.504 -74.893 47.534
0.05 -0.474 0.916 -36.931 -73.634 47.389
0.057 -0.411 0.845 -36.679 -74.489 47.771
0.061 -0.399 0.839 -40.115 -75.939 47.198
0.056 -0.433 0.873 -44.817 -80.519 46.481
0.074 -0.52 0.935 -45.115 -86.374 45.191
0.131 -0.607 0.974 -40.038 -89.046 45.076
0.202 -0.656 0.937 -32.16 -88.214 42.916
0.249 -0.652 0.913 -24.366 -83.74 41.496
0.268 -0.618 0.87 -18.061 -78.969 39.496
0.268 -0.588 0.858 -13.992 -75.015 35.748
0.25 -0.558 0.873 -12.221 -75.092 31.626
0.241 -0.543 0.872 -12.023 -78.74 28.092
0.258 -0.562 0.884 -10.809 -80.916 25.031
0.284 -0.579 0.878 -7.634 -82.679 23.092
0.306 -0.559 0.85 -4.969 -82.924 21.084
0.328 -0.547 0.846 -3.718 -82.672 19.023
0.327 -0.535 0.831 -2.527 -82.412 17.595
0.332 -0.544 0.845 -0.305 -83.412 16.084
0.34 -0.555 0.827 2.282 -83.244 14.382
0.345 -0.544 0.827 3.779 -81.794 11.305
0.336 -0.535 0.849 6.023 -83.244 9.115
0.335 -0.511 0.843 8.656 -82.893 7.053
0.348 -0.48 0.835 10.786 -84.282 6.45
0.35 -0.461 0.81 12.023 -86.046 5.611
0.372 -0.44 0.79 12.214 -90.115 4.435
0.411 -0.44 0.769 12.305 -92.611 3.267
0.444 -0.437 0.737 13.069 -92.389 2.13
0.48 -0.43 0.708 13.71 -91.649 1.771
0.497 -0.414 0.706 15.992 -92.176 1.618
0.492 -0.398 0.696 17.031 -92.389 1.282
0.497 -0.402 0.712 16.305 -92.489 -1.115
0.506 -0.402 0.723 15.679 -98.519 -2.863
0.53 -0.41 0.707 14.626 -104.031 -4.374
0.567 -0.418 0.679 13.939 -106.328 -6.397
0.64 -0.447 0.612 16.084 -103.076 -8.061
0.684 -0.451 0.592 17.038 -97.26 -10.885
0.706 -0.441 0.577 18.618 -91.603 -13.901
0.736 -0.434 0.556 20.305 -88.557 -16.427
0.739 -0.417 0.56 21.382 -85.771 -18.748
0.756 -0.406 0.554 22.191 -84.458 -21.023
0.769 -0.409 0.55 24.198 -82.71 -22.649
0.777 -0.383 0.532 25.405 -81.374 -24.031
0.764 -0.36 0.525 25.458 -79.382 -25.702
0.747 -0.345 0.545 24.55 -79.191 -27.321
0.753 -0.328 0.551 24.954 -79.824 -27.557
0.761 -0.307 0.542 27.107 -80.252 -27.168
0.781 -0.277 0.505 26.924 -80.061 -27.153
0.805 -0.267 0.455 25.748 -77.473 -26.641
0.849 -0.258 0.421 23.237 -72.145 -27.168
0.897 -0.281 0.393 23.45 -65.748 -26.908
0.929 -0.297 0.376 20.908 -57.008 -28.198
0.96 -0.321 0.374 22.137 -47.099 -28.55
0.971 -0.33 0.391 26.084 -38.092 -28.71
0.979 -0.323 0.4 29.061 -31.634 -30.427
0.977 -0.305 0.384 30.168 -27.664 -33.985
1.003 -0.293 0.364 28.443 -23.099 -41.305
1.011 -0.287 0.356 26.382 -18.84 -48.725
1.0 -0.272 0.363 27.527 -14.863 -52.252
0.99 -0.24 0.371 30.031 -6.198 -53.542
0.964 -0.212 0.411 35.893 3.58 -51.053
0.935 -0.17 0.412 41.595 10.389 -47.389
0.919 -0.133 0.407 44.473 16.031 -45.893
0.942 -0.109 0.386 44.412 18.061 -47.061
0.979 -0.102 0.344 40.573 18.626 -51.466
1.002 -0.097 0.322 34.298 18.313 -58.916
1.011 -0.112 0.316 27.618 18.679 -66.344
1.017 -0.111 0.314 22.649 19.718 -72.832
1.009 -0.13 0.339 23.458 23.588 -74.305
1.006 -0.132 0.356 27.511 30.038 -73.344
1.0 -0.115 0.369 33.359 37.603 -71.634
0.979 -0.083 0.374 38.45 43.74 -71.038
0.951 -0.033 0.36 41.214 48.588 -71.504
0.93 0.025 0.344 41.198 52.298 -73.061
0.918 0.071 0.322 37.267 55.336 -74.977
0.888 0.091 0.344 31.496 57.763 -78.137
0.848 0.096 0.374 26.267 59.046 -80.824
0.833 0.076 0.414 25.015 61.511 -81.473
0.819 0.08 0.434 27.412 64.74 -80.336
0.806 0.091 0.429 30.908 68.473 -78.214
0.791 0.131 0.423 34.282 72.084 -74.985
0.765 0.158 0.409 35.519 77.374 -73.702
0.746 0.204 0.422 34.626 82.687 -73.13
0.714 0.213 0.442 34.595 85.985 -71.664
0.67 0.244 0.447 33.168 88.901 -70.412
0.639 0.25 0.49 32.145 91.023 -69.809
0.61 0.247 0.531 32.542 91.466 -69.786
0.607 0.243 0.547 33.672 91.779 -70.55
0.607 0.243 0.554 36.0 92.053 -70.412
0.594 0.251 0.557 39.542 93.901 -69.878
0.581 0.269 0.537 43.16 96.13 -68.092
0.59 0.284 0.519 47.099 101.267 -68.008
0.581 0.331 0.483 49.389 108.496 -69.626
0.535 0.394 0.484 47.42 115.641 -70.695
0.479 0.455 0.47 42.756 117.382 -72.374
0.431 0.496 0.491 34.885 115.412 -72.611
0.399 0.539 0.487 27.466 114.427 -70.176
0.372 0.549 0.497 22.351 109.87 -65.763
0.379 0.51 0.502 19.389 109.076 -61.695
0.392 0.482 0.509 18.779 113.237 -58.748
0.379 0.42 0.549 20.863 118.313 -57.794
0.337 0.461 0.538 22.626 125.481 -59.115
0.272 0.494 0.573 21.244 133.374 -63.046
0.189 0.55 0.595 15.763 133.115 -64.763
0.109 0.59 0.624 8.695 130.885 -66.023
0.062 0.594 0.652 2.214 122.237 -62.832
0.033 0.594 0.65 -3.595 115.359 -59.313
0.048 0.558 0.659 -7.695 111.053 -54.74
0.064 0.52 0.628 -8.985 112.786 -52.435
0.034 0.511 0.651 -8.893 118.305 -51.519
-0.01 0.517 0.679 -9.046 122.351 -51.153
-0.09 0.539 0.719 -11.344 125.908 -52.489
-0.173 0.549 0.776 -13.137 125.313 -51.954
-0.24 0.562 0.842 -14.267 121.13 -48.58
-0.275 0.585 0.887 -14.137 112.603 -42.687
-0.248 0.568 0.863 -11.191 104.672 -34.863
-0.181 0.521 0.819 -5.679 100.031 -27.359
-0.133 0.529 0.734 -0.183 100.153 -22.672
-0.138 0.568 0.669 -0.015 100.809 -20.412
-0.148 0.572 0.617 -4.466 104.626 -23.519
-0.227 0.6 0.662 -12.695 105.71 -28.145
-0.303 0.586 0.725 -22.397 102.519 -32.26
-0.391 0.565 0.816 -28.13 95.046 -30.802
-0.447 0.525 0.897 -27.992 86.679 -27.122
-0.458 0.49 0.928 -22.427 78.931 -20.321
-0.433 0.478 0.906 -15.634 73.191 -13.481
-0.417 0.516 0.858 -12.809 69.191 -9.618
-0.409 0.539 0.833 -13.992 63.504 -6.985
-0.393 0.547 0.776 -17.031 59.74 -6.405
-0.4 0.562 0.755 -21.282 57.466 -5.145
-0.419 0.556 0.762 -25.321 54.939 -3.26
-0.443 0.547 0.76 -29.275 52.565 -0.924
-0.473 0.536 0.788 -32.847 51.282 1.191
-0.484 0.51 0.821 -34.214 48.802 4.603
-0.506 0.514 0.844 -34.183 46.16 8.099
-0.526 0.51 0.856 -34.511 41.855 11.481
-0.534 0.508 0.861 -35.435 36.412 13.634
-0.522 0.486 0.859 -36.473 31.267 15.412
-0.501 0.466 0.851 -37.573 27.481 16.305
-0.478 0.468 0.804 -37.817 24.87 17.046
-0.462 0.478 0.77 -39.832 22.0 17.771
-0.467 0.506 0.729 -45.038 19.412 17.809
-0.488 0.526 0.717 -53.954 17.214 19.26
-0.527 0.5 0.75 -63.374 11.237 23.435
-0.53 0.425 0.804 -68.916 14.389 28.412
-0.531 0.347 0.856 -68.969 14.336 34.779
-0.536 0.28 0.925 -65.198 13.687 39.511
-0.526 0.244 0.949 -58.13 9.962 42.29
-0.493 0.244 0.913 -51.076 5.069 44.557
-0.451 0.276 0.844 -48.565 0.275 44.573
-0.401 0.29 0.762 -51.298 -2.595 41.87
-0.36 0.301 0.725 -58.908 -2.481 37.435
-0.381 0.294 0.747 -64.985 -2.336 34.924
-0.393 0.257 0.785 -69.221 -1.702 36.58
-0.425 0.224 0.817 -68.855 0.534 39.916
-0.449 0.197 0.855 -66.084 -0.382 43.145
-0.452 0.164 0.888 -64.42 -4.069 44.0
-0.443 0.133 0.909 -64.344 -7.985 43.336
-0.429 0.097 0.913 -62.794 -10.611 41.908
-0.406 0.084 0.901 -60.397 -13.313 40.0
-0.387 0.101 0.881 -58.695 -15.282 39.565
-0.381 0.121 0.861 -57.748 -16.053 39.611
-0.375 0.133 0.853 -57.595 -16.664 39.58
-0.373 0.146 0.853 -60.298 -18.931 39.626
-0.348 0.116 0.838 -63.015 -20.023 39.679
-0.335 0.094 0.837 -66.313 -20.092 39.656
-0.364 0.04 0.893 -67.542 -21.763 40.55
-0.375 0.005 0.94 -67.252 -25.183 41.397
-0.36 -0.049 0.975 -64.031 -26.947 42.519
-0.345 -0.084 0.994 -57.595 -30.076 43.115
-0.318 -0.107 0.969 -46.702 -30.489 44.573
-0.299 -0.036 0.916 -38.786 -31.176 47.779
-0.292 0.024 0.866 -38.74 -32.061 48.756
-0.276 0.029 0.846 -44.679 -33.901 47.336
-0.275 0.01 0.863 -52.626 -36.229 44.374
-0.272 -0.058 0.91 -57.626 -40.84 39.832
-0.266 -0.113 0.962 -58.023 -44.168 36.611
-0.262 -0.151 0.984 -54.664 -49.74 34.55
-0.257 -0.142 0.973 -50.931 -53.168 32.702
-0.246 -0.13 0.966 -48.137 -55.855 32.015
-0.226 -0.109 0.952 -45.252 -58.672 33.153
-0.211 -0.109 0.916 -43.313 -58.924 34.893
-0.206 -0.133 0.947 -43.427 -57.916 34.939
-0.178 -0.163 0.967 -43.794 -59.344 33.168
-0.152 -0.189 0.949 -43.756 -62.931 29.237
-0.138 -0.167 0.946 -44.198 -65.863 24.45
-0.11 -0.155 0.96 -43.916 -67.061 22.771
-0.119 -0.141 0.954 -42.947 -69.023 24.588
-0.116 -0.156 0.957 -40.817 -68.954 26.679
-0.082 -0.182 0.961 -37.099 -66.137 29.328
-0.048 -0.199 0.981 -31.687 -64.527 31.511
-0.016 -0.217 0.937 -25.847 -64.046 32.023
-0.01 -0.193 0.923 -24.229 -62.542 31.366
0.009 -0.159 0.914 -25.053 -64.695 29.901
0.044 -0.124 0.867 -28.679 -69.626 25.725
0.084 -0.161 0.889 -32.405 -75.939 21.221
0.116 -0.198 0.886 -35.092 -79.389 17.023
0.14 -0.228 0.896 -32.359 -80.557 13.901
0.16 -0.208 0.86 -30.023 -81.534 12.015
0.185 -0.165 0.854 -30.382 -81.206 9.244
0.188 -0.141 0.851 -31.527 -82.176 8.405
0.24 -0.163 0.824 -31.733 -80.412 10.267
0.249 -0.146 0.796 -31.229 -76.802 10.824
0.269 -0.163 0.806 -31.069 -71.458 10.107
0.291 -0.189 0.822 -28.389 -64.794 12.221
0.296 -0.197 0.836 -23.26 -56.504 14.763
0.306 -0.197 0.844 -16.573 -46.802 20.489
0.305 -0.201 0.843 -10.366 -38.786 25.504
0.328 -0.22 0.846 -5.366 -34.74 29.71
0.367 -0.223 0.82 -2.748 -33.046 29.679
0.394 -0.231 0.81 -2.427 -31.87 26.855
0.399 -0.227 0.808 -3.382 -31.481 22.466
0.387 -0.209 0.796 -5.443 -31.351 17.962
0.367 -0.189 0.815 -7.015 -31.031 15.282
0.388 -0.178 0.815 -7.267 -29.267 14.282
0.395 -0.172 0.806 -6.496 -26.656 14.679
0.396 -0.191 0.832 -4.939 -23.29 16.038
0.396 -0.192 0.835 -2.504 -20.656 17.336
0.39 -0.188 0.821 -1.412 -18.084 17.405
0.391 -0.187 0.825 -2.046 -16.611 16.099
0.413 -0.2 0.825 -3.71 -16.649 13.031
0.426 -0.223 0.821 -6.023 -16.641 8.473
0.433 -0.223 0.821 -8.748 -17.023 3.084
0.418 -0.224 0.834 -10.443 -17.0 -1.435
0.413 -0.232 0.853 -10.771 -17.115 -4.885
0.408 -0.224 0.86 -10.328 -16.466 -7.298
0.393 -0.212 0.853 -9.229 -15.511 -8.725
0.382 -0.203 0.863 -8.015 -14.137 -8.992
0.379 -0.193 0.855 -6.702 -12.908 -8.397
0.376 -0.179 0.86 -6.359 -11.595 -8.573
0.363 -0.156 0.862 -6.168 -11.107 -8.557
0.367 -0.167 0.876 -6.397 -10.061 -8.817
0.366 -0.155 0.894 -5.038 -9.55 -8.397
0.361 -0.144 0.89 -3.069 -9.885 -7.13
0.368 -0.124 0.862 -1.321 -8.313 -5.084
0.388 -0.13 0.872 0.305 -5.824 -2.565
0.38 -0.117 0.866 1.42 -4.191 -1.351
0.368 -0.109 0.865 1.725 -3.756 -1.382
0.368 -0.105 0.867 1.542 -3.649 -1.733
0.365 -0.096 0.867 1.977 -3.42 -1.252
0.36 -0.092 0.842 2.763 -3.214 -0.267
0.353 -0.081 0.831 2.092 -2.031 0.267
0.352 -0.082 0.837 0.802 -1.221 0.84
0.344 -0.086 0.85 -0.427 -0.153 1.206
0.335 -0.091 0.849 -0.344 0.13 2.191
0.34 -0.102 0.859 0.031 1.137 2.771
0.347 -0.097 0.853 0.313 2.16 3.191
0.341 -0.081 0.848 0.359 2.649 3.924
0.33 -0.084 0.837 -0.84 3.275 4.45
0.324 -0.095 0.832 -2.137 4.588 4.756
0.328 -0.113 0.856 -3.565 5.046 4.481
0.321 -0.129 0.857 -4.0 4.45 3.908
0.309 -0.13 0.87 -4.29 3.962 3.267
0.316 -0.135 0.869 -4.473 3.756 2.962
0.329 -0.141 0.862 -4.435 3.557 2.542
0.322 -0.137 0.859 -4.786 3.504 1.916
0.309 -0.131 0.865 -6.557 3.656 1.153
0.305 -0.144 0.883 -8.145 3.641 0.321
0.3 -0.148 0.897 -8.137 3.565 -0.092
0.276 -0.156 0.927 -7.969 3.542 -0.321
0.266 -0.152 0.937 -6.954 2.481 0.229
0.273 -0.15 0.928 -5.748 1.763 1.26
0.289 -0.143 0.918 -5.893 1.366 2.153
0.298 -0.15 0.915 -5.573 0.939 2.924
0.309 -0.16 0.916 -5.298 0.985 2.985
0.314 -0.153 0.919 -4.466 0.71 2.435
0.312 -0.16 0.915 -3.626 0.55 2.198
0.314 -0.168 0.914 -3.191 -0.534 2.252
0.314 -0.17 0.91 -2.87 -1.107 1.519
0.325 -0.179 0.892 -2.55 -1.374 0.702
0.331 -0.178 0.884 -1.496 -0.931 -0.099
0.323 -0.17 0.888 -0.817 -0.366 -0.55
0.33 -0.174 0.888 -0.496 -0.038 -0.809
0.33 -0.169 0.873 -0.191 0.176 -1.092
0.329 -0.162 0.871 -0.534 -0.023 -1.969
0.318 -0.164 0.88 -0.992 -0.069 -2.481
0.313 -0.163 0.88 -1.336 0.023 -3.107
0.307 -0.158 0.88 -1.626 0.084 -3.527
0.312 -0.158 0.875 -1.45 0.427 -3.954
0.309 -0.152 0.882 -1.687 1.069 -4.031
0.304 -0.14 0.882 -2.389 1.328 -4.534
0.297 -0.132 0.888 -3.328 0.954 -4.565
0.291 -0.133 0.881 -3.962 0.466 -4.145
0.292 -0.137 0.891 -4.344 0.71 -3.382
0.295 -0.141 0.908 -3.969 0.71 -2.954
0.301 -0.14 0.909 -3.565 -0.298 -2.847
0.292 -0.146 0.906 -2.985 -0.748 -2.878
0.306 -0.143 0.898 -2.214 -0.42 -2.252
0.31 -0.145 0.895 -1.405 -0.321 -1.756
0.308 -0.131 0.905 -0.786 -0.382 -1.267
0.311 -0.137 0.889 -0.809 -0.84 -0.84
0.324 -0.137 0.885 -1.672 -0.817 -1.145
0.32 -0.154 0.885 -1.733 -1.298 -1.725
0.329 -0.157 0.892 -2.092 -1.298 -2.794
0.325 -0.155 0.882 -2.053 -1.092 -3.275
0.333 -0.144 0.881 -1.687 -0.718 -3.489
0.323 -0.143 0.879 -1.702 -0.702 -3.466
0.336 -0.141 0.868 -0.969 -0.634 -2.962
0.318 -0.13 0.874 -0.84 0.321 -2.756
0.305 -0.115 0.882 -1.008 0.534 -2.473
0.317 -0.108 0.875 -1.496 0.328 -2.061
0.324 -0.117 0.864 -2.137 0.115 -1.74
0.328 -0.117 0.862 -3.023 0.168 -1.908
0.323 -0.123 0.869 -3.672 0.221 -2.366
0.325 -0.133 0.874 -4.183 -0.183 -2.901
0.336 -0.134 0.877 -4.397 -0.168 -3.305
0.332 -0.133 0.87 -4.779 0.221 -3.542
0.324 -0.13 0.879 -4.679 0.573 -3.145
0.316 -0.14 0.886 -4.122 0.954 -2.427
0.323 -0.135 0.896 -3.176 1.466 -1.519
0.323 -0.132 0.896 -2.58 1.924 -0.763
0.329 -0.135 0.879 -2.305 1.969 -0.557
0.323 -0.136 0.879 -2.511 1.466 -0.557
0.322 -0.132 0.883 -2.939 1.328 -0.878
0.32 -0.14 0.89 -3.328 1.359 -1.29
0.32 -0.131 0.88 -3.145 1.298 -0.931
0.315 -0.129 0.895 -3.015 1.397 -0.427
0.311 -0.126 0.886 -2.626 1.221 0.252
0.321 -0.124 0.892 -2.893 0.565 0.55
0.318 -0.139 0.896 -3.115 0.855 0.702
0.314 -0.133 0.89 -3.092 0.962 0.595
0.315 -0.14 0.888 -3.206 0.985 0.153
0.311 -0.141 0.893 -2.817 0.519 0.321
0.318 -0.148 0.893 -2.313 0.046 0.13
0.319 -0.142 0.874 -2.168 0.26 -0.183
0.324 -0.143 0.885 -2.542 -0.275 -0.649
0.322 -0.142 0.888 -2.992 -0.176 -1.145
0.321 -0.14 0.89 -3.145 -0.298 -1.206
0.322 -0.148 0.884 -3.015 -0.038 -0.504
0.321 -0.151 0.881 -2.351 0.634 -0.344
0.317 -0.142 0.883 -1.931 0.748 0.237
0.311 -0.138 0.896 -1.985 0.893 0.511
0.323 -0.148 0.891 -1.847 0.84 0.359
0.323 -0.142 0.892 -1.71 0.863 0.069
0.32 -0.145 0.881 -1.87 0.84 -0.412
0.322 -0.146 0.886 -2.084 1.008 -0.786
0.318 -0.146 0.887 -2.473 0.695 -1.038
0.321 -0.145 0.892 -2.313 0.756 -1.26
0.31 -0.149 0.893 -1.878 0.618 -0.885
0.308 -0.145 0.893 -1.557 0.565 -0.298
0.312 -0.144 0.899 -0.763 0.802 0.298
0.298 -0.137 0.896 -1.107 0.397 -0.023
0.301 -0.144 0.901 -1.649 0.061 -0.481
0.304 -0.141 0.897 -1.87 -0.359 -0.611
0.316 -0.145 0.896 -1.733 -0.45 -1.137
0.32 -0.142 0.894 -1.107 -0.962 -1.092
0.336 -0.14 0.877 -1.992 -0.305 -2.13
0.32 -0.136 0.885 -1.053 -0.832 -0.725