-0.256 -0.338 0.877 -55.443 -74.924 63.618
-0.244 -0.368 0.858 -54.344 -78.214 64.656
-0.227 -0.4 0.846 -54.779 -81.824 63.336
-0.199 -0.428 0.842 -55.191 -85.641 61.786
-0.165 -0.465 0.854 -52.824 -92.374 61.412
-0.127 -0.503 0.854 -50.061 -92.481 60.069
-0.101 -0.512 0.849 -45.023 -95.092 60.443
-0.094 -0.522 0.815 -41.992 -97.931 59.878
-0.092 -0.535 0.798 -41.733 -101.122 57.611
-0.069 -0.574 0.81 -42.573 -104.473 54.038
-0.035 -0.602 0.805 -42.443 -109.031 48.885
-0.01 -0.619 0.843 -41.206 -112.679 43.878
0.042 -0.626 0.851 -37.168 -114.878 40.947
0.082 -0.619 0.829 -32.45 -116.321 39.534
0.129 -0.638 0.802 -26.985 -116.656 38.809
0.174 -0.664 0.808 -22.122 -116.969 35.908
0.218 -0.672 0.785 -17.122 -117.595 31.344
0.208 -0.677 0.749 -14.824 -117.313 24.969
0.249 -0.622 0.744 -14.863 -116.985 18.092
0.266 -0.577 0.713 -14.779 -115.71 13.183
0.245 -0.521 0.743 -16.336 -114.344 10.374
0.251 -0.51 0.733 -16.244 -115.893 10.557
0.265 -0.507 0.759 -16.336 -117.519 10.901
0.287 -0.527 0.761 -15.504 -121.763 10.099
0.298 -0.543 0.771 -12.687 -129.855 9.916
0.356 -0.534 0.727 -10.412 -134.977 8.603
0.404 -0.496 0.686 -7.427 -136.71 8.809
0.451 -0.451 0.663 -6.397 -133.534 10.107
0.465 -0.43 0.69 -6.29 -128.649 10.802
0.487 -0.442 0.72 -5.282 -126.252 12.496
0.573 -0.492 0.661 -5.176 -123.847 9.214
0.635 -0.544 0.654 -3.344 -120.26 1.725
0.66 -0.546 0.63 -3.748 -121.366 -6.832
0.686 -0.529 0.553 -4.664 -121.015 -15.168
0.678 -0.496 0.532 -7.687 -117.695 -21.962
0.713 -0.486 0.516 -8.618 -115.061 -24.298
0.761 -0.488 0.497 -7.855 -109.183 -26.069
0.788 -0.469 0.544 -6.267 -102.496 -26.0
0.797 -0.496 0.551 -2.878 -98.656 -26.939
0.815 -0.524 0.536 2.58 -95.931 -28.351
0.8 -0.514 0.545 7.504 -92.069 -29.076
0.821 -0.521 0.527 12.137 -91.008 -32.206
0.831 -0.501 0.553 17.168 -82.168 -35.962
0.812 -0.479 0.608 21.687 -76.947 -40.092
0.8 -0.467 0.617 27.069 -76.84 -42.244
0.781 -0.441 0.592 32.672 -77.931 -44.038
0.741 -0.394 0.576 34.626 -81.168 -44.496
0.734 -0.387 0.562 35.695 -81.947 -45.13
0.763 -0.379 0.542 38.069 -81.603 -45.344
0.782 -0.365 0.522 40.466 -76.122 -47.794
0.8 -0.335 0.505 44.237 -72.603 -49.198
0.771 -0.297 0.528 47.908 -73.771 -50.779
0.747 -0.265 0.534 51.153 -78.969 -50.504
0.762 -0.264 0.485 55.122 -84.023 -49.534
0.792 -0.253 0.443 57.435 -86.885 -48.786
0.824 -0.252 0.375 58.084 -85.389 -49.679
0.85 -0.237 0.359 58.061 -80.87 -51.168
0.879 -0.225 0.356 61.168 -71.015 -50.557
0.883 -0.199 0.378 67.389 -64.45 -47.931
0.88 -0.157 0.376 75.29 -58.733 -44.344
0.875 -0.116 0.352 80.855 -57.214 -42.237
0.884 -0.073 0.3 83.771 -60.557 -40.595
0.925 -0.069 0.237 84.092 -60.962 -39.069
0.94 -0.045 0.178 83.092 -61.16 -37.176
1.021 -0.049 0.113 77.282 -57.046 -38.29
1.082 -0.043 0.089 70.076 -50.198 -41.321
1.113 -0.04 0.078 67.519 -44.817 -44.748
1.147 -0.047 0.062 64.725 -41.458 -46.679
1.159 -0.032 0.036 62.0 -34.626 -47.985
1.185 -0.021 0.009 60.0 -24.977 -48.58
1.199 -0.015 0.013 59.611 -15.244 -49.244
1.212 -0.016 0.021 60.244 -4.947 -49.748
1.212 -0.001 0.032 62.13 6.107 -49.908
1.204 0.008 0.044 65.137 15.16 -49.366
1.193 0.042 0.044 66.435 21.496 -49.626
1.191 0.069 0.024 64.099 27.359 -51.84
1.189 0.083 0.015 60.687 33.107 -55.008
1.18 0.101 0.032 57.87 39.42 -57.733
1.159 0.116 0.045 55.611 45.0 -58.588
1.149 0.136 0.039 53.71 50.626 -58.344
1.133 0.143 0.068 52.176 56.359 -57.183
1.13 0.144 0.067 50.718 62.015 -56.069
1.107 0.144 0.091 49.084 68.58 -56.771
1.106 0.134 0.114 48.878 74.809 -59.473
1.079 0.156 0.116 47.924 80.542 -64.405
1.041 0.2 0.151 44.046 85.695 -71.466
1.013 0.225 0.199 41.863 87.664 -76.336
0.975 0.275 0.183 33.069 90.489 -86.427
0.967 0.294 0.217 34.092 83.771 -81.0
0.943 0.331 0.229 32.321 84.565 -82.038
0.929 0.363 0.177 26.878 85.687 -82.504
0.94 0.362 0.178 20.527 88.29 -83.16
0.942 0.35 0.177 14.947 92.458 -85.0
0.945 0.349 0.188 10.099 99.885 -88.405
0.9 0.358 0.217 7.198 107.779 -90.656
0.842 0.357 0.25 5.282 113.45 -94.115
0.773 0.373 0.309 1.794 117.908 -100.405
0.699 0.406 0.357 -1.977 121.565 -106.916
0.633 0.434 0.429 -3.557 121.969 -109.534
0.577 0.468 0.453 -2.74 119.817 -107.275
0.549 0.503 0.438 -0.58 114.702 -98.893
0.528 0.54 0.42 0.008 109.939 -87.969
0.552 0.533 0.372 -1.809 107.137 -77.359
0.591 0.493 0.336 -3.557 110.328 -70.137
0.612 0.458 0.343 -6.061 120.275 -68.336
0.592 0.443 0.377 -8.366 130.519 -71.198
0.548 0.429 0.417 -9.733 140.664 -78.931
0.436 0.446 0.512 -11.847 147.298 -91.069
0.336 0.482 0.578 -14.405 146.695 -102.069
0.253 0.55 0.628 -17.366 140.916 -108.382
0.227 0.565 0.634 -16.855 133.496 -107.122
0.225 0.587 0.603 -15.313 130.817 -101.992
0.216 0.606 0.578 -12.573 129.206 -93.328
0.221 0.613 0.5 -11.794 132.626 -87.282
0.177 0.646 0.461 -16.29 140.748 -86.603
0.065 0.719 0.452 -26.405 148.267 -88.359
-0.073 0.757 0.496 -39.275 153.863 -87.71
-0.227 0.754 0.616 -52.618 153.267 -88.947
-0.359 0.689 0.788 -60.595 141.366 -87.351
-0.403 0.627 0.894 -62.076 127.588 -83.084
-0.383 0.572 1.008 -53.687 103.809 -71.435
-0.256 0.513 0.955 -40.183 90.099 -59.687
-0.163 0.504 0.846 -25.267 87.427 -50.55
-0.197 0.581 0.773 -16.641 90.328 -44.595
-0.233 0.646 0.713 -20.099 91.901 -41.496
-0.281 0.686 0.692 -29.0 90.855 -39.565
-0.301 0.698 0.709 -38.237 88.931 -34.779
-0.31 0.653 0.779 -41.191 84.275 -27.626
-0.312 0.618 0.844 -39.992 78.405 -19.519
-0.268 0.561 0.837 -34.779 72.069 -12.122
-0.182 0.457 0.826 -27.58 75.115 -10.092
-0.248 0.501 0.789 -20.84 76.519 -9.931
-0.291 0.551 0.753 -24.351 72.885 -12.748
-0.318 0.571 0.754 -30.962 66.443 -17.55
-0.385 0.587 0.75 -38.87 58.191 -19.634
-0.405 0.564 0.78 -47.305 52.405 -18.947
-0.373 0.505 0.833 -48.87 48.42 -16.244
-0.375 0.478 0.846 -45.878 45.298 -10.046
-0.363 0.455 0.841 -41.649 46.069 -4.924
-0.38 0.469 0.851 -38.42 45.321 -1.153
-0.436 0.494 0.836 -38.427 44.053 0.664
-0.458 0.491 0.835 -38.779 39.55 3.588
-0.455 0.489 0.825 -40.176 34.527 6.244
-0.446 0.468 0.814 -42.496 29.947 8.611
-0.427 0.441 0.839 -43.16 28.924 10.153
-0.426 0.441 0.856 -42.718 29.145 10.947
-0.447 0.456 0.845 -42.168 27.885 12.962
-0.482 0.465 0.836 -42.649 22.855 16.443
-0.518 0.475 0.816 -46.458 16.237 20.527
-0.485 0.447 0.807 -51.511 11.351 24.595
-0.439 0.397 0.8 -53.405 9.473 28.351
-0.41 0.376 0.804 -54.779 10.481 29.832
-0.422 0.38 0.807 -54.977 7.145 32.13
-0.443 0.371 0.797 -57.809 1.679 34.794
-0.449 0.316 0.81 -62.328 -2.359 36.756
-0.44 0.253 0.846 -65.198 -5.504 37.855
-0.41 0.198 0.885 -64.534 -4.115 38.809
-0.366 0.167 0.895 -57.359 -1.985 40.885
-0.345 0.182 0.888 -49.198 -0.603 43.542
-0.339 0.225 0.841 -44.565 -1.45 46.038
-0.355 0.269 0.797 -44.168 -5.763 49.038
-0.363 0.276 0.74 -49.748 -10.618 51.847
-0.327 0.206 0.748 -57.779 -11.687 51.733
-0.319 0.141 0.76 -61.519 -11.008 50.618
-0.318 0.097 0.821 -61.542 -9.496 49.053
-0.308 0.075 0.868 -55.351 -6.359 49.901
-0.307 0.091 0.88 -44.252 -4.13 54.893
-0.323 0.168 0.823 -35.824 -5.099 61.87
-0.331 0.24 0.719 -37.115 -5.863 66.504
-0.322 0.246 0.676 -46.618 -9.527 67.809
-0.298 0.182 0.686 -60.031 -14.038 63.756
-0.258 0.092 0.741 -69.313 -16.931 58.931
-0.234 0.007 0.794 -71.58 -18.511 54.527
-0.24 -0.037 0.868 -68.947 -20.748 51.176
-0.264 -0.03 0.893 -65.802 -24.443 48.176
-0.266 -0.032 0.91 -62.099 -29.84 46.916
-0.269 -0.025 0.893 -60.458 -33.664 46.458
-0.26 -0.049 0.874 -58.794 -34.45 46.0
-0.281 -0.035 0.891 -56.763 -34.534 46.374
-0.29 -0.037 0.901 -54.008 -35.053 48.061
-0.275 -0.027 0.904 -50.0 -37.718 53.26
-0.247 -0.03 0.885 -48.656 -39.618 56.282
-0.216 -0.073 0.878 -48.206 -41.405 57.45
-0.194 -0.092 0.908 -47.595 -43.939 56.191
-0.179 -0.121 0.907 -47.45 -47.221 53.947
-0.167 -0.146 0.911 -46.542 -50.473 51.74
-0.141 -0.192 0.916 -42.924 -51.695 49.656
-0.124 -0.2 0.941 -37.198 -50.763 48.534
-0.094 -0.184 0.969 -31.107 -48.74 48.443
-0.083 -0.156 0.986 -25.664 -47.45 48.229
-0.075 -0.119 0.985 -23.053 -49.252 48.298
-0.034 -0.104 0.953 -22.855 -52.679 47.221
-0.014 -0.1 0.937 -24.198 -56.267 44.779
0.009 -0.095 0.911 -26.344 -58.641 42.42
0.024 -0.108 0.883 -27.863 -57.84 41.16
0.015 -0.097 0.893 -29.74 -53.87 39.786
0.007 -0.105 0.928 -30.725 -53.595 39.763
0.028 -0.133 0.941 -30.924 -55.282 39.817
0.069 -0.157 0.962 -29.511 -57.252 39.046
0.124 -0.183 0.958 -25.794 -58.679 39.084
0.169 -0.194 0.95 -22.344 -58.29 38.779
0.23 -0.198 0.934 -19.092 -56.115 36.695
0.273 -0.199 0.924 -15.763 -52.565 33.145
0.288 -0.158 0.896 -14.954 -48.511 29.015
0.281 -0.135 0.887 -15.092 -45.595 26.252
0.281 -0.137 0.89 -16.031 -43.817 23.756
0.272 -0.135 0.904 -18.061 -42.481 19.901
0.295 -0.167 0.93 -18.519 -42.351 15.145
0.295 -0.177 0.949 -18.13 -43.336 10.58
0.3 -0.168 0.951 -17.198 -43.885 5.496
0.312 -0.145 0.94 -15.733 -44.015 2.573
0.336 -0.131 0.922 -13.275 -43.817 2.298
0.354 -0.12 0.883 -10.824 -42.618 3.435
0.367 -0.123 0.868 -10.214 -40.786 3.145
0.359 -0.132 0.868 -11.603 -38.229 0.496
0.347 -0.143 0.873 -12.336 -37.588 -2.656
0.341 -0.16 0.897 -10.855 -36.511 -5.458
0.349 -0.164 0.917 -6.481 -34.397 -5.702
0.335 -0.141 0.907 -0.359 -31.359 -3.931
0.328 -0.119 0.891 3.962 -27.374 -1.725
0.313 -0.082 0.862 5.542 -24.344 0.084
0.313 -0.056 0.85 4.328 -22.893 1.618
0.328 -0.06 0.839 2.634 -22.672 3.29
0.331 -0.082 0.867 1.489 -22.275 3.443
0.351 -0.101 0.872 1.74 -21.443 3.893
0.37 -0.117 0.881 4.092 -19.939 4.122
0.374 -0.123 0.875 6.672 -18.847 3.412
0.353 -0.111 0.88 7.389 -17.565 1.0
0.338 -0.11 0.902 8.008 -18.42 -1.496
0.341 -0.102 0.902 9.71 -18.84 -2.748
0.342 -0.094 0.893 12.527 -16.824 -2.046
0.342 -0.069 0.89 15.45 -14.718 -0.55
0.344 -0.042 0.871 17.244 -11.855 1.504
0.346 -0.006 0.869 17.885 -10.947 3.588
0.345 0.001 0.838 16.634 -10.718 4.824
0.358 0.005 0.828 14.183 -9.55 4.771
0.354 0.01 0.837 11.412 -9.588 4.412
0.366 0.009 0.833 9.206 -9.168 4.313
0.37 0.006 0.844 6.931 -7.885 3.405
0.38 -0.015 0.867 6.351 -7.489 2.939
0.396 -0.03 0.881 7.427 -7.687 2.153
0.383 -0.027 0.855 8.122 -7.237 0.534
0.357 -0.011 0.873 6.672 -7.244 -1.496
0.348 -0.004 0.879 4.58 -8.618 -3.527
0.36 -0.004 0.868 2.542 -8.809 -4.611
0.367 -0.006 0.864 1.702 -7.954 -4.939
0.357 -0.014 0.879 1.305 -7.443 -4.664
0.361 -0.016 0.881 1.16 -7.374 -4.29
0.374 -0.003 0.88 1.779 -6.557 -3.496
0.377 0.008 0.853 1.42 -6.214 -2.237
0.376 0.009 0.847 -0.092 -5.939 -1.137
0.391 0.008 0.853 -1.496 -5.824 -0.344
0.405 -0.011 0.847 -3.405 -5.252 -0.076
0.404 -0.017 0.842 -5.618 -4.656 -1.053
0.404 -0.026 0.852 -7.901 -4.519 -3.145
0.413 -0.041 0.857 -9.29 -5.031 -5.702
0.403 -0.041 0.874 -9.908 -4.473 -8.137
0.387 -0.031 0.894 -9.45 -3.466 -9.893
0.381 -0.025 0.907 -8.0 -3.45 -9.725
0.362 -0.012 0.891 -6.183 -4.031 -9.084
0.365 -0.016 0.888 -4.832 -3.855 -8.176
0.373 -0.018 0.862 -3.656 -2.504 -7.053
0.385 -0.021 0.866 -1.855 -0.115 -5.725
0.386 -0.013 0.87 -0.038 2.84 -4.626
0.38 -0.01 0.884 1.42 4.939 -3.924
0.372 0.005 0.884 2.641 5.656 -3.344
0.362 0.01 0.891 3.519 5.496 -2.893
0.331 0.014 0.896 3.481 4.427 -3.565
0.322 0.002 0.901 2.855 3.481 -4.435
0.312 -0.012 0.906 2.603 3.275 -4.977
0.316 -0.026 0.916 4.473 3.359 -4.221
0.316 -0.016 0.91 6.405 3.771 -3.664
0.315 0.0 0.904 8.176 4.137 -2.901
0.292 0.011 0.894 9.153 3.954 -2.282
0.297 0.029 0.901 8.786 4.13 -1.733
0.293 0.032 0.866 7.756 3.985 -1.687
0.295 0.043 0.869 5.359 3.664 -2.076
0.296 0.037 0.885 2.405 3.145 -2.985
0.293 0.034 0.899 1.206 1.924 -3.153
0.3 0.022 0.915 1.542 1.092 -2.992
0.296 0.039 0.899 2.076 -0.092 -2.069
0.291 0.046 0.905 1.595 -1.634 -0.947
0.305 0.051 0.893 0.534 -2.13 -0.176
0.32 0.046 0.886 -0.855 -2.389 0.046
0.338 0.026 0.904 -1.122 -2.267 -0.534
0.35 0.016 0.911 -0.374 -3.076 -0.939
0.355 0.019 0.902 1.115 -3.275 -0.359
0.364 0.021 0.905 2.45 -3.038 -0.244
0.371 0.028 0.895 3.069 -2.802 -0.176
0.372 0.03 0.882 3.29 -3.176 -0.534
0.361 0.036 0.867 3.031 -3.573 -1.13
0.364 0.034 0.861 2.511 -3.641 -2.053
0.345 0.034 0.875 1.0 -3.58 -3.267
0.335 0.046 0.874 0.389 -4.16 -3.939
0.341 0.031 0.895 0.603 -3.557 -3.756
0.329 0.034 0.899 1.565 -3.076 -3.603
0.334 0.036 0.888 2.832 -3.198 -2.756
0.33 0.048 0.872 3.573 -2.618 -1.603
0.332 0.054 0.865 3.397 -1.847 -0.847
0.329 0.054 0.853 1.939 -0.908 -0.885
0.331 0.059 0.863 0.092 -0.595 -0.817
0.324 0.047 0.864 -1.863 -0.046 -1.29
0.331 0.034 0.879 -2.511 -0.061 -1.092
0.339 0.021 0.89 -1.969 -0.504 -0.947
0.337 0.017 0.883 -1.435 -0.878 -0.908
0.313 0.034 0.881 -1.092 -0.977 -0.473
0.32 0.035 0.882 -1.473 -1.26 -0.321
0.331 0.037 0.873 -1.916 -1.221 -0.16
0.342 0.038 0.864 -2.664 -0.962 0.351
0.343 0.036 0.859 -3.344 -1.115 0.695
0.351 0.023 0.885 -3.74 -0.84 0.481
0.366 0.021 0.876 -3.519 -0.359 0.321
0.371 0.026 0.874 -2.595 0.206 0.695
0.366 0.023 0.886 -1.87 0.664 1.168
0.364 0.025 0.88 -1.656 0.679 0.618
0.358 0.024 0.879 -2.305 0.244 -0.275
0.34 0.011 0.892 -3.214 -0.176 -1.824
0.345 0.005 0.894 -2.832 -0.939 -2.427
0.341 0.009 0.892 -1.595 -0.42 -2.214
0.34 0.027 0.888 -0.55 0.458 -1.29
0.347 0.032 0.874 0.359 0.817 0.305
0.345 0.041 0.875 0.122 1.359 1.061
0.35 0.045 0.858 -0.947 1.55 1.244
0.351 0.037 0.864 -1.962 1.176 0.473
0.35 0.029 0.888 -2.855 0.641 -0.794
0.339 0.022 0.886 -3.145 0.359 -0.924
0.33 0.026 0.887 -2.214 0.0 -0.275
0.336 0.031 0.887 -1.756 -0.023 0.0
0.341 0.034 0.882 -1.305 0.565 0.0
0.346 0.045 0.865 -1.863 1.069 0.214
0.348 0.053 0.874 -2.489 0.947 -0.115
0.336 0.046 0.88 -3.634 0.359 -0.489
0.341 0.037 0.889 -3.885 -0.817 -1.267
0.345 0.035 0.875 -4.031 -1.321 -1.122
0.341 0.027 0.87 -3.763 -1.573 -0.229
0.342 0.026 0.874 -3.87 -1.069 -0.74
0.345 0.014 0.884 -4.122 -0.527 -1.282
0.357 0.021 0.88 -3.183 -0.252 -0.908
0.359 0.025 0.88 -2.313 0.229 -0.695
0.353 0.03 0.866 -1.908 0.13 -0.763
0.356 0.039 0.86 -2.198 -0.084 -1.382
0.357 0.041 0.859 -3.229 0.344 -1.695
0.354 0.032 0.855 -3.901 0.527 -2.29
0.357 0.028 0.873 -4.046 0.267 -2.718
0.352 0.029 0.871 -3.244 0.282 -2.809
0.349 0.029 0.866 -2.366 0.664 -2.176
0.342 0.031 0.875 -2.031 0.45 -2.023
0.343 0.041 0.871 -1.87 0.275 -1.595
0.35 0.041 0.857 -2.351 0.977 -1.427
0.35 0.034 0.881 -2.618 1.061 -1.542
0.353 0.031 0.881 -2.389 1.107 -1.924
0.348 0.026 0.875 -1.634 1.107 -1.412
0.35 0.035 0.877 -0.901 1.359 -1.137
0.358 0.034 0.872 -0.397 1.817 -0.771
0.355 0.032 0.871 -0.107 2.069 -0.611
0.352 0.039 0.873 -0.916 1.84 -1.038
0.356 0.039 0.874 -1.908 1.511 -1.771
0.36 0.046 0.871 -2.099 1.603 -2.046
0.347 0.048 0.888 -2.702 1.496 -1.855
0.344 0.054 0.883 -2.695 2.137 -1.382
0.34 0.052 0.89 -2.489 2.16 -0.756
0.338 0.047 0.879 -2.305 1.893 0.092
0.333 0.044 0.885 -2.374 1.481 0.313
0.339 0.035 0.883 -2.565 1.115 0.183
0.352 0.029 0.885 -1.977 0.763 0.389
0.356 0.029 0.874 -1.55 1.351 0.244
0.355 0.031 0.871 -1.878 1.969 0.053
0.359 0.036 0.871 -1.954 2.26 -0.603
0.352 0.042 0.878 -2.168 2.473 -1.221
0.345 0.041 0.881 -2.023 1.779 -0.534
0.343 0.039 0.873 -1.832 1.305 0.145
0.339 0.044 0.884 -2.481 1.366 -0.015
0.335 0.04 0.889 -2.435 1.359 -0.382
0.336 0.034 0.877 -2.565 1.481 -0.168
0.335 0.032 0.88 -2.229 1.817 -0.275
0.334 0.032 0.888 -1.359 1.435 0.053
0.346 0.03 0.88 -0.733 1.603 -0.038
0.343 0.033 0.873 -0.916 1.359 -0.244
0.347 0.032 0.868 -1.237 1.595 -0.45
0.347 0.027 0.877 -1.328 1.649 -0.634
0.346 0.033 0.878 -1.504 1.802 -0.832
0.345 0.037 0.874 -1.794 1.931 -1.137
0.347 0.037 0.885 -1.893 2.26 -1.336
0.335 0.041 0.887 -2.16 2.893 -1.244
0.335 0.043 0.886 -2.29 2.786 -0.962
0.336 0.033 0.88 -1.809 2.198 -0.817
0.35 0.036 0.884 -2.412 2.748 -1.969
0.339 0.035 0.897 -1.634 1.504 -1.359
0.339 0.03 0.882 -0.412 0.786 -0.863
0.329 0.04 0.881 -0.496 1.16 -0.74
0.338 0.044 0.878 -0.305 1.763 -0.351
0.339 0.042 0.88 -0.145 1.954 0.191
0.348 0.041 0.865 0.0 2.229 0.618
0.337 0.045 0.875 -0.137 2.42 0.305
0.34 0.05 0.87 -0.74 2.26 0.45
0.348 0.046 0.86 -1.244 2.412 0.237
0.35 0.035 0.865 -1.405 2.237 0.389
0.348 0.036 0.871 -1.389 2.55 0.351
0.352 0.035 0.872 -1.282 2.779 0.282
0.352 0.034 0.874 -1.038 3.153 0.634