0.025 0.105 0.906 -4.519 4.267 0.611
0.029 0.104 0.904 -4.252 5.969 1.191
0.035 0.101 0.912 -3.16 6.107 1.893
0.028 0.119 0.915 -2.969 6.809 1.427
0.03 0.126 0.916 -3.855 6.237 0.908
0.027 0.135 0.907 -4.855 5.924 0.069
0.031 0.142 0.904 -5.725 6.847 -0.366
0.046 0.151 0.903 -6.565 8.656 -0.893
0.041 0.149 0.911 -6.496 10.992 -1.252
0.047 0.156 0.909 -6.038 14.031 -1.924
0.022 0.182 0.909 -5.618 14.679 -1.611
0.002 0.206 0.9 -7.305 16.0 -2.282
-0.015 0.225 0.904 -9.397 15.908 -1.855
-0.024 0.241 0.898 -11.061 15.046 -0.26
-0.021 0.243 0.902 -12.031 16.771 0.672
-0.019 0.258 0.901 -12.985 18.786 0.962
-0.041 0.281 0.9 -13.053 21.344 2.023
-0.073 0.308 0.886 -14.626 25.45 3.229
-0.125 0.336 0.898 -17.496 20.992 7.565
-0.15 0.341 0.908 -22.702 15.496 11.26
-0.169 0.314 0.921 -27.832 10.733 13.718
-0.161 0.269 0.937 -30.84 10.061 15.244
-0.156 0.257 0.95 -33.511 11.366 15.023
-0.18 0.25 0.963 -34.786 9.389 16.672
-0.22 0.249 0.975 -36.069 5.542 20.489
-0.256 0.217 1.013 -36.611 -1.321 25.504
-0.271 0.179 1.013 -37.947 -5.656 28.916
-0.277 0.145 1.024 -39.603 -9.458 30.313
-0.268 0.116 1.048 -40.16 -12.473 31.534
-0.257 0.111 1.033 -40.252 -14.45 32.718
-0.254 0.109 1.024 -38.656 -15.748 35.611
-0.261 0.095 1.042 -36.527 -19.611 41.122
-0.262 0.082 1.022 -35.366 -22.87 45.87
-0.236 0.049 1.007 -34.244 -26.664 49.817
-0.207 0.024 0.973 -34.374 -28.45 51.725
-0.204 0.013 0.957 -35.885 -31.176 52.527
-0.218 -0.005 0.951 -38.267 -32.527 51.977
-0.213 -0.009 0.963 -41.321 -35.229 51.641
-0.21 -0.031 0.979 -44.137 -38.985 51.229
-0.213 -0.069 0.981 -45.733 -41.763 50.641
-0.215 -0.101 0.993 -45.42 -48.45 51.458
-0.217 -0.121 1.0 -44.443 -53.725 52.321
-0.203 -0.14 1.0 -41.885 -57.878 55.336
-0.186 -0.142 0.991 -39.832 -60.069 58.275
-0.152 -0.147 0.959 -38.489 -62.786 60.916
-0.134 -0.156 0.927 -38.725 -66.427 62.366
-0.126 -0.164 0.921 -41.344 -69.214 62.107
-0.126 -0.206 0.919 -44.756 -76.053 62.145
-0.122 -0.236 0.91 -47.847 -82.023 61.015
-0.102 -0.261 0.904 -50.252 -85.504 59.466
-0.087 -0.292 0.922 -50.023 -89.099 58.595
-0.065 -0.317 0.914 -48.145 -92.45 58.481
-0.038 -0.333 0.906 -45.885 -92.649 59.122
-0.011 -0.344 0.883 -44.802 -97.099 59.779
0.019 -0.386 0.871 -44.015 -100.244 59.374
0.056 -0.418 0.862 -42.641 -100.763 58.351
0.077 -0.435 0.855 -40.893 -100.71 55.878
0.094 -0.448 0.834 -39.542 -100.076 53.061
0.133 -0.443 0.816 -37.901 -98.756 50.221
0.16 -0.446 0.781 -37.344 -97.206 47.069
0.183 -0.432 0.793 -37.122 -98.053 44.458
0.201 -0.427 0.791 -38.0 -98.115 40.863
0.211 -0.426 0.818 -38.466 -99.611 38.053
0.22 -0.471 0.831 -37.87 -102.695 34.702
0.266 -0.51 0.828 -34.137 -105.252 31.13
0.283 -0.528 0.789 -28.87 -106.679 27.878
0.331 -0.513 0.769 -24.466 -106.435 25.832
0.361 -0.477 0.702 -21.618 -104.511 23.511
0.371 -0.46 0.693 -21.137 -101.656 20.817
0.409 -0.464 0.699 -21.282 -98.832 17.687
0.417 -0.447 0.689 -21.962 -96.977 13.985
0.427 -0.443 0.686 -23.863 -97.557 10.145
0.44 -0.446 0.69 -25.427 -99.374 6.076
0.459 -0.451 0.686 -27.137 -101.344 0.863
0.471 -0.453 0.684 -27.092 -101.962 -4.336
0.494 -0.46 0.72 -24.397 -100.893 -7.107
0.534 -0.483 0.693 -18.42 -100.565 -7.908
0.54 -0.454 0.684 -13.985 -98.855 -9.466
0.548 -0.435 0.671 -10.992 -98.084 -11.084
0.548 -0.413 0.651 -10.221 -99.489 -11.74
0.56 -0.416 0.61 -8.87 -100.542 -12.466
0.577 -0.417 0.593 -8.305 -99.725 -13.328
0.588 -0.413 0.558 -6.702 -98.878 -13.038
0.616 -0.404 0.557 -6.321 -96.786 -14.534
0.64 -0.423 0.541 -3.42 -94.038 -15.023
0.671 -0.418 0.551 0.023 -91.962 -15.229
0.703 -0.427 0.554 4.954 -89.748 -14.824
0.716 -0.43 0.574 8.786 -87.214 -14.321
0.732 -0.455 0.553 13.824 -88.366 -15.122
0.728 -0.452 0.538 17.427 -92.397 -18.649
0.746 -0.452 0.515 19.74 -92.313 -22.29
0.781 -0.448 0.469 22.504 -92.221 -25.84
0.798 -0.418 0.435 24.962 -92.061 -28.214
0.802 -0.38 0.419 26.534 -90.573 -30.229
0.823 -0.353 0.405 28.084 -86.298 -31.45
0.841 -0.326 0.39 29.115 -83.038 -32.328
0.803 -0.344 0.377 30.794 -78.435 -33.0
0.885 -0.318 0.328 32.206 -71.115 -35.565
0.88 -0.276 0.355 33.122 -67.145 -36.969
0.889 -0.256 0.357 34.481 -64.656 -36.718
0.911 -0.225 0.342 35.595 -65.603 -37.962
0.978 -0.193 0.292 37.0 -64.427 -33.046
0.961 -0.2 0.291 37.053 -68.878 -36.603
0.98 -0.208 0.254 36.725 -69.229 -36.542
1.045 -0.198 0.209 37.0 -64.733 -37.504
1.083 -0.212 0.187 37.214 -58.122 -38.191
1.11 -0.205 0.159 37.855 -50.183 -39.336
1.119 -0.185 0.147 37.359 -44.626 -39.939
1.133 -0.184 0.137 36.832 -39.168 -41.771
1.137 -0.187 0.09 33.992 -33.198 -44.74
1.157 -0.172 0.073 27.603 -26.191 -49.718
1.19 -0.201 0.102 26.084 -19.588 -51.779
1.219 -0.208 0.114 28.962 -10.725 -54.656
1.212 -0.197 0.125 31.168 -2.954 -57.389
1.199 -0.181 0.139 34.084 2.695 -59.405
1.191 -0.168 0.142 37.725 7.229 -61.656
1.179 -0.144 0.111 39.504 11.519 -63.992
1.177 -0.14 0.102 40.595 17.122 -66.725
1.169 -0.116 0.065 40.473 23.702 -70.214
1.158 -0.097 0.069 41.015 30.557 -72.305
1.142 -0.069 0.09 41.87 38.954 -74.16
1.126 -0.029 0.137 45.733 47.038 -74.122
1.097 0.014 0.146 51.427 54.84 -71.542
1.073 0.068 0.177 56.58 60.458 -67.618
1.047 0.108 0.166 58.115 66.191 -65.046
1.038 0.15 0.172 56.656 68.565 -63.756
1.037 0.155 0.168 53.748 71.565 -63.863
1.046 0.151 0.164 51.771 75.588 -64.053
1.04 0.158 0.157 50.656 81.405 -64.832
1.005 0.202 0.183 48.237 86.565 -66.893
0.982 0.235 0.191 44.015 90.26 -69.221
0.95 0.259 0.226 38.954 94.84 -72.107
0.941 0.285 0.239 35.542 99.122 -73.649
0.908 0.306 0.285 32.115 104.069 -74.992
0.887 0.341 0.3 29.756 107.901 -74.763
0.849 0.365 0.34 26.771 109.786 -73.198
0.846 0.348 0.338 24.756 110.573 -72.13
0.815 0.359 0.331 22.702 110.916 -69.321
0.794 0.357 0.328 22.29 114.328 -67.305
0.76 0.355 0.334 20.626 120.489 -66.947
0.727 0.37 0.335 17.908 127.344 -66.679
0.66 0.399 0.372 13.069 133.542 -68.26
0.605 0.403 0.435 5.962 135.863 -71.26
0.561 0.399 0.506 -0.359 133.29 -73.588
0.533 0.373 0.55 -4.802 130.947 -75.214
0.499 0.348 0.623 -5.435 130.58 -78.084
0.473 0.358 0.671 -2.977 129.595 -80.115
0.469 0.356 0.655 0.802 128.038 -80.542
0.456 0.385 0.595 4.794 130.496 -83.344
0.394 0.446 0.571 4.763 133.542 -86.504
0.324 0.52 0.575 -0.969 131.214 -86.328
0.258 0.565 0.568 -9.038 132.618 -85.397
0.205 0.603 0.593 -17.702 132.893 -79.863
0.149 0.599 0.627 -24.397 131.42 -71.595
0.125 0.578 0.681 -27.519 129.634 -61.878
0.099 0.52 0.768 -27.122 127.382 -53.183
0.1 0.428 0.821 -20.115 123.756 -46.565
0.105 0.377 0.813 -10.985 121.595 -45.092
0.097 0.393 0.777 -4.122 122.115 -48.786
0.05 0.442 0.765 -3.977 122.13 -55.664
0.003 0.507 0.756 -10.29 122.939 -65.344
-0.094 0.573 0.786 -18.153 122.305 -71.687
-0.161 0.61 0.833 -23.626 118.489 -73.008
-0.217 0.667 0.84 -27.214 109.641 -67.115
-0.235 0.693 0.851 -28.076 98.58 -55.756
-0.226 0.67 0.816 -27.076 88.389 -42.748
-0.236 0.645 0.792 -29.611 83.214 -33.244
-0.252 0.63 0.811 -35.504 78.481 -26.107
-0.232 0.555 0.813 -38.511 75.351 -20.748
-0.249 0.513 0.833 -40.023 76.153 -19.595
-0.262 0.514 0.874 -39.847 76.0 -19.45
-0.285 0.518 0.891 -36.74 71.282 -16.405
-0.304 0.568 0.856 -37.779 66.878 -12.748
-0.316 0.566 0.845 -43.046 60.168 -7.214
-0.295 0.453 0.89 -49.351 55.45 -3.45
-0.314 0.367 0.921 -46.763 58.702 -0.794
-0.356 0.352 0.949 -44.557 57.099 4.221
-0.334 0.327 0.958 -37.664 56.153 6.817
-0.351 0.349 0.96 -28.099 54.29 11.061
-0.381 0.418 0.928 -23.26 50.74 15.641
-0.403 0.479 0.886 -25.916 45.74 19.748
-0.442 0.497 0.884 -35.985 34.885 22.473
-0.443 0.451 0.883 -48.321 30.099 22.214
-0.423 0.362 0.931 -54.397 26.565 24.092
-0.394 0.302 0.97 -52.962 25.298 27.725
-0.394 0.261 0.996 -46.939 22.16 31.855
-0.377 0.26 0.973 -37.916 18.466 36.282
-0.35 0.301 0.94 -31.519 17.168 40.061
-0.348 0.336 0.912 -28.679 13.58 43.924
-0.3 0.384 0.798 -34.489 18.237 44.298
-0.396 0.397 0.864 -34.679 4.802 47.153
-0.365 0.315 0.855 -47.366 2.832 44.458
-0.353 0.264 0.895 -52.267 0.611 44.008
-0.344 0.213 0.936 -51.878 -3.069 44.137
-0.345 0.17 0.966 -46.588 -4.397 45.672
-0.335 0.175 0.962 -38.992 -6.847 49.565
-0.322 0.208 0.913 -33.145 -9.656 53.908
-0.298 0.251 0.852 -31.878 -13.168 59.511
-0.288 0.267 0.819 -34.809 -17.893 65.779
-0.252 0.233 0.787 -40.244 -14.092 67.42
-0.26 0.178 0.848 -40.954 -15.076 69.618
-0.218 0.104 0.85 -40.847 -13.611 70.992
-0.243 0.088 0.851 -38.847 -13.099 72.214
-0.232 0.084 0.86 -38.084 -15.191 73.603
-0.216 0.06 0.866 -39.176 -16.855 72.534
-0.204 0.048 0.865 -40.71 -17.176 70.496
-0.184 0.027 0.866 -39.641 -17.168 68.763
-0.176 0.026 0.86 -36.649 -15.702 68.16
-0.202 0.025 0.873 -32.328 -15.595 69.046
-0.242 0.061 0.873 -32.176 -18.313 70.344
-0.236 0.052 0.857 -36.45 -19.947 69.504
-0.222 0.018 0.871 -41.718 -22.977 66.756
-0.209 -0.018 0.873 -46.695 -25.366 62.45
-0.191 -0.044 0.903 -48.496 -28.046 58.115
-0.197 -0.059 0.93 -46.992 -30.718 55.595
-0.184 -0.066 0.941 -42.863 -33.679 56.023
-0.169 -0.063 0.933 -37.679 -34.267 57.634
-0.156 -0.025 0.9 -35.542 -34.893 59.748
-0.139 -0.01 0.877 -36.046 -36.817 62.656
-0.117 -0.035 0.873 -37.802 -39.145 64.382
-0.108 -0.079 0.875 -40.26 -39.725 63.908
-0.098 -0.125 0.895 -40.87 -42.466 62.878
-0.078 -0.156 0.906 -39.626 -44.725 61.656
-0.05 -0.185 0.913 -37.626 -46.053 59.985
-0.029 -0.168 0.917 -35.015 -45.115 58.313
0.003 -0.158 0.93 -32.664 -43.939 57.748
0.014 -0.154 0.934 -31.534 -43.366 57.595
0.035 -0.162 0.946 -31.878 -46.061 56.427
0.057 -0.187 0.942 -32.237 -48.87 53.611
0.085 -0.184 0.944 -31.786 -50.679 49.466
0.117 -0.179 0.923 -29.206 -51.435 46.573
0.137 -0.16 0.906 -27.992 -50.519 44.779
0.162 -0.146 0.879 -27.046 -50.519 43.527
0.175 -0.139 0.876 -28.275 -48.939 40.656
0.191 -0.155 0.881 -30.008 -50.863 38.084
0.19 -0.168 0.889 -32.061 -53.473 34.527
0.193 -0.187 0.902 -33.855 -54.756 29.55
0.21 -0.215 0.909 -32.611 -55.656 25.702
0.238 -0.231 0.91 -29.313 -53.649 22.626
0.282 -0.223 0.901 -24.45 -50.634 21.824
0.32 -0.209 0.87 -19.802 -45.641 21.069
0.354 -0.189 0.876 -17.069 -41.511 19.092
0.384 -0.172 0.889 -13.885 -40.267 17.481
0.384 -0.154 0.877 -11.802 -42.397 16.099
0.363 -0.132 0.84 -12.931 -43.198 12.573
0.362 -0.148 0.853 -15.122 -44.031 9.298
0.368 -0.157 0.847 -17.176 -42.71 5.641
0.378 -0.157 0.851 -17.985 -39.992 3.321
0.375 -0.147 0.883 -15.893 -38.046 2.992
0.375 -0.152 0.884 -11.802 -36.252 4.122
0.386 -0.154 0.896 -7.344 -34.26 6.366
0.379 -0.142 0.881 -3.947 -33.481 8.26
0.39 -0.127 0.872 -2.985 -32.382 8.328
0.408 -0.126 0.873 -2.634 -31.137 7.298
0.414 -0.132 0.88 -1.298 -29.817 5.893
0.41 -0.112 0.888 -1.023 -29.13 4.382
0.416 -0.109 0.888 -0.191 -30.267 3.748
0.432 -0.102 0.867 0.504 -30.038 2.542
0.435 -0.092 0.847 0.718 -29.031 1.794
0.427 -0.115 0.841 0.244 -27.649 0.687
0.423 -0.111 0.856 -1.29 -27.237 -1.405
0.425 -0.098 0.866 -3.031 -27.298 -3.779
0.431 -0.091 0.876 -3.557 -26.718 -5.489
0.437 -0.09 0.884 -1.534 -26.534 -4.153
0.454 -0.085 0.858 1.595 -25.351 -1.359
0.461 -0.09 0.842 3.443 -22.557 0.893
0.462 -0.08 0.832 4.496 -20.183 2.397
0.475 -0.094 0.824 4.489 -18.099 3.435
0.482 -0.095 0.817 3.053 -15.947 3.015
0.49 -0.092 0.825 1.374 -14.412 2.214
0.502 -0.086 0.825 -0.389 -12.443 0.885
0.497 -0.105 0.839 -0.504 -10.992 0.176
0.483 -0.091 0.846 -0.458 -10.252 -0.084
0.479 -0.092 0.854 -1.076 -9.802 -0.878
0.466 -0.084 0.872 -1.374 -9.282 -1.473
0.466 -0.078 0.88 -1.374 -8.87 -1.588
0.47 -0.08 0.88 0.183 -8.863 -0.84
0.48 -0.064 0.872 2.206 -8.168 0.679
0.484 -0.04 0.863 3.267 -7.359 2.237
0.48 -0.028 0.866 3.137 -7.42 3.382
0.487 -0.023 0.852 1.74 -7.359 3.107
0.487 -0.042 0.855 0.374 -7.221 2.336
0.488 -0.066 0.854 0.244 -8.45 0.71
0.481 -0.072 0.858 0.252 -9.0 -0.824
0.473 -0.063 0.848 -0.076 -10.244 -2.221
0.451 -0.046 0.829 -1.45 -10.786 -3.58
0.46 -0.052 0.83 -3.298 -11.015 -5.282
0.461 -0.051 0.831 -4.672 -10.046 -6.664
0.452 -0.045 0.829 -5.748 -9.55 -7.84
0.446 -0.053 0.83 -5.893 -8.748 -7.87
0.445 -0.052 0.827 -5.168 -8.435 -7.153
0.439 -0.042 0.81 -4.336 -6.328 -5.29
0.437 -0.037 0.817 -3.656 -4.969 -3.305
0.442 -0.039 0.833 -2.481 -2.977 -1.107
0.433 -0.04 0.833 -1.427 -2.374 0.931
0.439 -0.049 0.836 -0.702 -2.214 1.832
0.437 -0.049 0.818 -1.061 -1.099 1.321
0.431 -0.067 0.82 -2.595 -0.962 -0.107
0.441 -0.075 0.822 -3.985 -0.588 -1.519
0.437 -0.069 0.818 -4.847 0.107 -2.977
0.436 -0.058 0.826 -5.725 1.489 -3.664
0.425 -0.047 0.832 -6.519 0.695 -4.038
0.425 -0.052 0.838 -6.504 0.542 -3.443
0.42 -0.042 0.826 -6.885 0.794 -2.809
0.402 -0.046 0.85 -7.008 0.779 -1.931
0.403 -0.051 0.86 -6.733 0.473 -0.504
0.412 -0.065 0.853 -5.702 1.458 0.763
0.428 -0.077 0.853 -4.008 1.832 2.405
0.428 -0.077 0.87 -3.298 1.809 2.565
0.434 -0.088 0.885 -3.229 0.786 1.695
0.427 -0.089 0.879 -2.779 -1.275 0.542
0.442 -0.087 0.865 -2.649 -0.595 -0.595
0.441 -0.092 0.86 -2.45 -0.916 -0.947
0.437 -0.091 0.871 -2.389 -1.092 -2.252
0.446 -0.093 0.865 -1.534 -0.733 -3.504
0.439 -0.088 0.858 -0.481 -0.573 -3.901
0.423 -0.072 0.864 0.084 -0.802 -3.397
0.419 -0.064 0.868 1.061 -1.275 -2.656
0.422 -0.065 0.839 1.924 -0.794 -2.214
0.417 -0.058 0.844 2.183 0.557 -1.664
0.411 -0.063 0.842 1.824 1.046 -1.405
0.417 -0.048 0.837 1.244 1.626 -1.489
0.419 -0.045 0.84 0.382 1.908 -1.29
0.419 -0.058 0.853 -0.45 2.29 -1.412
0.427 -0.056 0.862 -1.29 2.153 -1.023
0.426 -0.057 0.856 -0.695 2.16 -1.298
0.428 -0.07 0.863 0.26 2.168 -0.672
0.433 -0.073 0.848 0.679 2.061 -0.634
0.431 -0.055 0.854 0.901 2.13 -0.649
0.431 -0.049 0.848 0.046 1.878 -1.794
0.423 -0.044 0.842 -1.176 1.382 -2.328
0.427 -0.048 0.84 -1.611 0.893 -2.305
0.417 -0.045 0.845 -1.809 0.863 -2.26
0.414 -0.054 0.856 -1.908 0.634 -2.412
0.416 -0.051 0.849 -1.695 0.84 -1.832
0.424 -0.05 0.839 -1.802 1.153 -1.656
0.419 -0.052 0.856 -2.244 1.672 -1.496
0.431 -0.066 0.855 -2.397 1.595 -1.885
0.426 -0.065 0.86 -2.58 1.351 -2.504
0.427 -0.061 0.862 -2.382 0.832 -2.664
0.436 -0.064 0.851 -2.122 0.679 -3.153
0.43 -0.057 0.859 -2.038 0.702 -3.649
0.425 -0.058 0.861 -2.412 1.0 -4.122
0.428 -0.05 0.858 -2.053 0.603 -4.015
0.433 -0.052 0.852 -1.863 0.511 -3.863
0.429 -0.044 0.847 -2.061 0.45 -3.763
0.435 -0.04 0.854 -2.573 0.107 -3.977
0.436 -0.042 0.848 -2.618 0.252 -4.107
0.433 -0.041 0.85 -2.435 0.115 -3.817
0.43 -0.042 0.843 -2.412 0.42 -3.412
0.429 -0.035 0.853 -2.252 0.626 -3.183
0.421 -0.042 0.858 -2.191 0.214 -3.267
0.432 -0.039 0.859 -2.351 -0.26 -3.275
0.43 -0.036 0.86 -2.527 -1.008 -3.832
0.436 -0.042 0.858 -2.313 -0.282 -3.878
0.438 -0.035 0.846 -2.374 -0.573 -3.954
0.431 -0.033 0.851 -2.794 -0.58 -4.427
0.422 -0.023 0.853 -3.313 -0.634 -4.557
0.429 -0.03 0.848 -3.305 -0.977 -4.015
0.429 -0.022 0.848 -2.893 -1.313 -3.45
0.434 -0.021 0.839 -2.389 -1.153 -2.092
0.435 -0.018 0.837 -2.924 -0.282 -1.191
0.435 -0.026 0.841 -3.221 0.817 -0.145
0.426 -0.027 0.842 -3.649 0.573 -0.29
0.433 -0.04 0.851 -3.603 0.015 -0.321
0.435 -0.045 0.851 -3.229 -0.267 0.13
0.432 -0.044 0.84 -3.237 -0.038 0.008
0.431 -0.039 0.838 -3.962 0.45 -0.237
0.434 -0.04 0.835 -4.725 0.611 -0.397
0.431 -0.052 0.847 -4.321 1.252 -0.573
0.426 -0.047 0.855 -3.87 1.557 -0.389
0.427 -0.052 0.859 -2.962 1.427 -0.275
0.428 -0.055 0.868 -2.069 1.015 0.473
0.428 -0.051 0.856 -1.42 0.824 1.046
0.425 -0.055 0.856 -1.313 0.786 0.985
0.429 -0.051 0.851 -1.29 0.718 0.466
0.437 -0.051 0.848 -1.527 0.863 0.527
0.434 -0.057 0.849 -1.58 1.336 0.229
0.437 -0.052 0.853 -1.573 1.153 0.16
0.433 -0.055 0.853 -1.252 0.847 0.015
0.429 -0.054 0.859 -1.053 0.885 -0.168
0.434 -0.046 0.849 -0.74 0.962 -0.176
0.433 -0.05 0.849 -1.107 0.664 -0.389
0.437 -0.041 0.842 -1.969 0.962 -0.565
0.431 -0.044 0.856 -2.221 1.267 -0.809
0.437 -0.058 0.856 -2.107 1.427 -0.924
0.442 -0.057 0.855 -1.137 1.466 -0.832
0.437 -0.05 0.857 -0.863 1.641 -0.992
0.428 -0.043 0.85 -0.893 1.511 -0.924
0.426 -0.035 0.845 -1.618 1.099 -1.328
0.426 -0.031 0.844 -2.58 1.137 -1.634
0.43 -0.031 0.852 -2.924 1.008 -1.756
0.419 -0.036 0.851 -2.931 0.939 -1.191
0.412 -0.034 0.858 -2.893 0.679 -0.718
0.415 -0.041 0.863 -2.885 0.382 -0.466
0.415 -0.047 0.863 -2.13 0.076 0.16
0.416 -0.041 0.861 -2.305 0.473 -0.084
0.417 -0.041 0.855 -2.427 0.542 0.084
0.428 -0.043 0.855 -2.42 0.26 0.29
0.43 -0.049 0.832 -2.206 0.74 0.534