-0.057 0.308 0.88 17.313 23.313 10.168
-0.072 0.302 0.876 12.229 20.565 10.809
-0.05 0.291 0.862 7.74 21.252 11.527
-0.061 0.302 0.884 3.481 19.954 10.977
-0.045 0.308 0.889 4.321 20.885 12.962
-0.061 0.339 0.869 0.321 19.771 13.237
-0.084 0.359 0.874 -2.336 18.305 15.695
-0.092 0.368 0.847 -8.519 18.122 16.366
-0.124 0.371 0.857 -16.763 15.71 17.618
-0.135 0.35 0.875 -23.084 12.382 20.061
-0.12 0.302 0.821 -27.145 11.252 23.511
-0.101 0.264 0.892 -30.351 18.214 26.641
-0.098 0.229 0.892 -30.153 20.916 26.672
-0.093 0.201 0.93 -26.55 23.908 27.282
-0.093 0.193 0.907 -22.168 28.962 26.626
-0.087 0.21 0.847 -19.802 34.26 25.252
-0.155 0.252 0.827 -25.313 33.832 24.855
-0.266 0.264 0.856 -37.023 24.58 24.076
-0.281 0.259 0.859 -46.931 22.382 25.771
-0.3 0.204 0.873 -54.748 18.611 28.626
-0.315 0.161 0.937 -55.847 16.504 35.344
-0.3 0.099 0.939 -50.641 14.504 42.351
-0.305 0.06 0.934 -45.344 14.611 48.107
-0.31 0.031 0.937 -42.656 15.954 52.84
-0.323 -0.01 0.955 -42.855 14.351 54.29
-0.317 -0.036 0.924 -43.496 10.595 54.55
-0.329 -0.036 0.944 -45.954 6.229 54.595
-0.307 -0.041 0.902 -45.542 0.992 55.191
-0.351 -0.029 0.911 -46.702 -5.847 58.076
-0.361 -0.063 0.895 -48.489 -10.763 61.084
-0.368 -0.114 0.936 -49.832 -13.282 63.603
-0.377 -0.186 0.992 -50.718 -16.351 63.634
-0.397 -0.221 1.026 -49.832 -22.046 61.817
-0.408 -0.258 1.025 -50.58 -31.496 58.931
-0.344 -0.26 0.96 -51.16 -35.313 57.267
-0.352 -0.288 0.981 -51.267 -41.863 56.412
-0.322 -0.316 0.987 -49.298 -45.664 57.603
-0.285 -0.347 1.0 -43.878 -45.282 60.031
-0.263 -0.362 0.993 -36.931 -44.137 62.183
-0.242 -0.361 0.972 -32.092 -45.099 62.595
-0.238 -0.354 0.958 -29.908 -48.519 61.634
-0.218 -0.403 0.868 -25.237 -54.702 58.901
-0.212 -0.44 0.976 -25.496 -60.137 53.756
-0.191 -0.441 0.941 -25.695 -63.695 47.664
-0.166 -0.414 0.907 -24.534 -66.046 43.237
-0.165 -0.407 0.927 -23.557 -67.405 41.634
-0.155 -0.4 0.92 -20.061 -68.015 43.466
-0.134 -0.405 0.939 -12.87 -67.084 46.595
-0.107 -0.417 0.944 -4.84 -65.206 48.824
-0.062 -0.394 0.926 0.763 -62.29 48.962
-0.046 -0.341 0.874 0.947 -63.527 46.168
-0.019 -0.303 0.861 -3.313 -67.176 42.26
-0.0 -0.305 0.845 -8.321 -72.565 38.84
0.008 -0.324 0.863 -12.321 -74.137 34.718
0.008 -0.356 0.907 -13.954 -75.176 30.336
0.012 -0.376 0.953 -13.511 -78.504 26.153
0.035 -0.377 0.925 -13.084 -81.603 22.504
0.077 -0.364 0.896 -9.191 -82.244 22.504
0.134 -0.331 0.86 -4.031 -77.527 24.763
0.176 -0.291 0.86 -0.046 -72.504 27.817
0.181 -0.261 0.861 0.779 -72.611 29.038
0.229 -0.276 0.832 -1.634 -72.336 27.084
0.231 -0.27 0.832 -6.779 -74.702 23.817
0.229 -0.31 0.845 -11.099 -77.237 19.542
0.217 -0.354 0.881 -11.878 -77.267 16.534
0.225 -0.367 0.903 -10.565 -78.687 14.183
0.307 -0.355 0.863 -10.366 -79.634 11.725
0.416 -0.327 0.808 -12.092 -77.328 7.664
0.494 -0.327 0.79 -10.779 -73.298 5.878
0.489 -0.32 0.813 -10.275 -70.137 3.649
0.44 -0.316 0.861 -10.076 -71.527 2.305
0.393 -0.35 0.906 -7.725 -75.038 0.672
0.388 -0.357 0.929 -4.947 -79.878 -0.168
0.427 -0.367 0.841 -1.863 -82.427 -1.221
0.425 -0.343 0.796 -1.344 -79.16 -3.832
0.429 -0.304 0.785 -4.092 -78.794 -4.366
0.447 -0.305 0.777 -7.344 -79.985 -4.427
0.457 -0.336 0.814 -8.733 -82.214 -4.794
0.506 -0.39 0.876 -2.214 -82.458 -3.588
0.532 -0.381 0.891 6.489 -80.244 -2.198
0.571 -0.35 0.834 13.084 -79.084 -2.107
0.61 -0.312 0.761 15.771 -76.183 -4.076
0.635 -0.282 0.693 13.053 -76.794 -6.794
0.644 -0.259 0.64 5.511 -78.55 -11.008
0.665 -0.264 0.64 -2.672 -79.359 -14.962
0.745 -0.32 0.644 -5.878 -76.26 -17.969
0.759 -0.362 0.678 -4.305 -73.16 -20.763
0.76 -0.367 0.706 -0.763 -66.763 -24.275
0.762 -0.373 0.726 5.298 -61.725 -27.084
0.771 -0.359 0.689 11.588 -58.061 -29.481
0.791 -0.337 0.635 14.794 -53.649 -34.824
0.793 -0.295 0.589 14.382 -52.076 -39.985
0.809 -0.268 0.533 11.466 -50.885 -44.794
0.849 -0.258 0.517 8.626 -47.313 -49.573
0.908 -0.223 0.539 5.435 -40.702 -54.489
0.971 -0.183 0.583 3.511 -31.328 -59.664
0.954 -0.13 0.674 4.29 -29.206 -60.794
0.885 -0.125 0.666 6.198 -34.015 -58.183
0.865 -0.142 0.594 8.015 -35.924 -54.885
0.888 -0.188 0.525 12.595 -30.168 -51.679
0.927 -0.21 0.504 18.015 -20.87 -49.42
0.946 -0.216 0.476 26.382 -9.374 -48.137
0.95 -0.195 0.449 31.695 0.168 -48.031
0.938 -0.189 0.422 33.954 6.397 -50.0
0.921 -0.188 0.413 35.282 11.511 -53.069
0.947 -0.189 0.368 33.985 17.282 -58.58
0.899 -0.15 0.376 34.794 26.076 -62.55
0.895 -0.15 0.384 34.351 34.397 -66.275
0.866 -0.105 0.384 32.748 37.557 -69.802
0.845 -0.088 0.392 28.84 39.206 -73.374
0.842 -0.086 0.39 26.412 41.374 -77.298
0.836 -0.068 0.401 24.55 44.84 -80.565
0.829 -0.031 0.427 23.038 50.55 -83.481
0.817 0.022 0.464 21.542 56.443 -86.046
0.808 0.083 0.462 17.664 60.519 -86.977
0.785 0.135 0.466 11.496 62.55 -86.412
0.755 0.141 0.461 6.214 63.313 -84.107
0.729 0.064 0.518 3.817 67.664 -85.603
0.705 -0.008 0.605 5.802 67.405 -89.053
0.713 -0.059 0.595 13.557 66.962 -93.573
0.704 -0.063 0.569 22.87 73.099 -99.634
0.686 -0.004 0.551 32.137 81.435 -104.412
0.616 0.073 0.529 37.939 87.42 -107.847
0.555 0.179 0.5 41.817 91.237 -105.756
0.516 0.274 0.476 41.191 93.679 -102.031
0.483 0.339 0.439 39.267 97.74 -95.053
0.444 0.403 0.44 34.595 102.076 -85.435
0.451 0.423 0.399 31.45 108.183 -72.855
0.43 0.386 0.449 27.878 113.13 -65.618
0.426 0.348 0.5 27.145 117.069 -63.176
0.396 0.283 0.601 29.542 121.679 -67.481
0.336 0.276 0.67 33.298 122.321 -73.344
0.258 0.33 0.698 35.725 117.527 -78.718
0.239 0.385 0.646 35.42 112.641 -81.557
0.166 0.453 0.632 32.382 107.328 -80.305
0.144 0.478 0.601 29.954 108.015 -76.061
0.095 0.519 0.591 24.244 106.397 -70.153
0.071 0.525 0.596 19.252 107.282 -64.198
0.028 0.522 0.589 13.71 107.527 -58.214
0.0 0.5 0.615 11.771 111.664 -54.458
-0.062 0.541 0.662 10.702 118.046 -51.954
-0.155 0.568 0.743 9.115 119.863 -49.573
-0.221 0.575 0.84 6.046 117.573 -47.298
-0.257 0.559 0.885 3.176 109.511 -44.611
-0.223 0.519 0.911 1.771 96.794 -40.168
-0.174 0.464 0.868 2.931 89.176 -38.489
-0.148 0.427 0.845 5.771 86.626 -40.0
-0.156 0.428 0.829 8.718 85.786 -43.45
-0.229 0.474 0.816 12.901 87.939 -45.969
-0.331 0.572 0.815 16.794 91.924 -43.42
-0.46 0.69 0.828 19.313 93.069 -36.916
-0.532 0.814 0.796 12.382 87.847 -24.489
-0.569 0.853 0.799 2.656 82.366 -12.137
-0.545 0.803 0.82 -7.008 72.916 -1.954
-0.505 0.718 0.874 -14.427 65.802 3.13
-0.462 0.642 0.908 -16.58 58.0 5.969
-0.417 0.597 0.917 -15.069 51.313 8.244
-0.354 0.599 0.852 -10.916 53.176 12.29
-0.377 0.596 0.829 -4.321 51.939 11.924
-0.393 0.629 0.811 -4.779 56.748 13.664
-0.43 0.634 0.862 -6.489 58.29 17.496
-0.524 0.687 0.788 -5.084 62.855 20.397
-0.555 0.7 0.816 -13.359 55.802 25.206
-0.559 0.683 0.862 -18.321 48.733 28.427
-0.559 0.635 0.888 -21.069 40.458 33.939
-0.547 0.613 0.883 -20.015 34.107 40.0
-0.502 0.581 0.847 -18.687 30.595 45.252
-0.44 0.557 0.805 -16.321 31.237 49.282
-0.446 0.575 0.744 -20.198 31.099 52.137
-0.463 0.559 0.754 -27.893 30.733 49.802
-0.484 0.528 0.768 -37.802 24.794 47.053
-0.488 0.5 0.797 -46.916 17.115 44.473
-0.461 0.445 0.838 -49.588 12.626 42.29
-0.428 0.41 0.847 -47.267 10.366 43.725
-0.424 0.415 0.823 -45.328 10.443 46.534
-0.436 0.402 0.805 -44.977 11.313 49.939
-0.445 0.395 0.818 -47.191 9.206 52.931
-0.429 0.347 0.834 -49.802 7.13 53.985
-0.4 0.303 0.853 -50.534 5.344 54.565
-0.342 0.258 0.86 -48.779 5.313 53.603
-0.303 0.25 0.861 -44.031 5.756 52.382
-0.301 0.279 0.82 -39.832 4.595 52.168
-0.327 0.323 0.752 -41.359 2.29 52.855
-0.35 0.303 0.731 -46.275 1.695 54.122
-0.351 0.256 0.758 -52.458 2.489 54.046
-0.359 0.173 0.842 -55.557 1.71 52.427
-0.362 0.118 0.889 -55.435 -1.298 49.725
-0.341 0.07 0.924 -50.397 -3.786 48.473
-0.303 0.061 0.93 -40.947 -3.939 48.366
-0.267 0.109 0.885 -31.786 -3.725 48.382
-0.245 0.179 0.783 -26.611 -0.489 47.985
-0.274 0.245 0.694 -26.519 0.565 48.275
-0.333 0.271 0.692 -34.061 -3.298 52.641
-0.348 0.219 0.727 -45.527 -4.229 53.695
-0.333 0.113 0.807 -52.015 -5.603 52.947
-0.325 0.03 0.899 -51.649 -7.573 50.763
-0.294 -0.022 0.957 -46.031 -9.16 47.832
-0.277 0.005 0.929 -38.244 -10.55 45.954
-0.271 0.04 0.89 -31.847 -11.496 45.176
-0.27 0.086 0.847 -29.344 -11.527 45.466
-0.276 0.097 0.816 -29.74 -11.466 47.13
-0.303 0.084 0.835 -31.878 -11.908 47.359
-0.309 0.047 0.885 -33.405 -15.206 47.099
-0.295 0.007 0.909 -33.053 -18.718 45.969
-0.269 -0.01 0.923 -29.45 -19.603 43.969
-0.271 0.003 0.925 -25.466 -22.672 42.947
-0.268 0.034 0.884 -24.84 -24.137 41.71
-0.278 0.052 0.871 -26.763 -26.168 41.053
-0.252 0.043 0.878 -28.504 -27.618 41.313
-0.217 0.008 0.872 -28.183 -28.153 41.786
-0.169 -0.022 0.886 -25.099 -26.427 40.916
-0.146 -0.015 0.873 -22.137 -24.885 39.603
-0.141 -0.001 0.842 -19.893 -24.748 38.183
-0.138 0.014 0.836 -20.107 -24.122 36.107
-0.138 0.018 0.855 -21.74 -24.84 33.664
-0.139 0.027 0.863 -24.962 -27.573 31.405
-0.12 0.011 0.861 -26.84 -28.84 29.389
-0.1 -0.008 0.891 -26.947 -28.412 27.466
-0.099 -0.006 0.904 -25.679 -27.832 25.786
-0.09 -0.012 0.929 -23.084 -27.557 25.649
-0.081 -0.019 0.917 -22.122 -27.878 25.496
-0.061 -0.026 0.917 -21.618 -28.397 25.924
-0.034 -0.034 0.926 -21.649 -27.725 24.977
0.022 -0.048 0.921 -20.611 -26.458 24.015
0.052 -0.061 0.923 -19.16 -24.321 21.878
0.056 -0.057 0.94 -16.427 -23.725 19.878
0.038 -0.042 0.949 -14.153 -24.137 18.885
0.053 -0.054 0.965 -12.107 -23.282 18.55
0.078 -0.061 0.977 -9.328 -22.748 17.679
0.098 -0.064 0.97 -6.122 -22.336 16.626
0.113 -0.047 0.975 -3.542 -21.557 14.794
0.123 -0.019 0.956 -0.977 -21.298 13.679
0.118 -0.005 0.934 0.58 -21.252 12.611
0.121 0.009 0.915 1.115 -21.206 11.542
0.128 0.012 0.891 0.855 -19.756 10.962
0.138 0.018 0.906 0.153 -18.977 9.908
0.144 0.02 0.917 -0.397 -18.519 8.687
0.164 0.024 0.916 0.214 -17.267 7.893
0.161 0.038 0.917 1.695 -15.817 7.115
0.166 0.052 0.92 2.137 -15.496 5.985
0.168 0.049 0.906 3.359 -14.672 4.672
0.16 0.058 0.919 3.893 -14.137 3.16
0.141 0.067 0.919 3.511 -15.13 1.817
0.143 0.079 0.891 2.565 -15.954 0.046
0.14 0.089 0.878 1.878 -14.855 -0.458
0.14 0.1 0.863 1.069 -12.458 0.214
0.131 0.115 0.852 -0.901 -10.366 0.565
0.128 0.13 0.845 -3.13 -9.237 1.45
0.134 0.124 0.856 -5.374 -8.061 2.534
0.142 0.112 0.873 -6.916 -7.374 3.145
0.144 0.094 0.891 -7.313 -6.992 3.328
0.166 0.089 0.891 -6.656 -5.725 3.573
0.206 0.128 0.898 -7.511 -1.389 1.298
0.277 0.19 0.98 -10.29 3.74 1.023
0.231 0.202 1.054 -10.336 1.45 1.634
0.216 0.196 1.073 -11.298 1.405 2.351
0.121 0.152 1.089 -8.122 -3.603 2.855
0.086 0.142 1.066 -6.916 -7.847 3.664
0.052 0.117 1.002 -4.0 -11.542 4.641
0.073 0.131 0.928 -3.603 -10.809 5.389
0.092 0.13 0.879 -3.16 -8.947 7.13
0.089 0.14 0.862 -3.344 -6.229 8.473
0.096 0.146 0.855 -4.855 -5.802 8.809
0.121 0.141 0.836 -5.817 -5.679 10.061
0.137 0.124 0.811 -6.366 -4.626 10.718
0.146 0.099 0.816 -6.427 -2.947 10.565
0.143 0.097 0.832 -6.916 -1.389 10.183
0.151 0.08 0.839 -6.626 0.687 9.924
0.152 0.072 0.845 -5.74 2.656 9.664
0.164 0.065 0.841 -5.786 4.275 8.794
0.17 0.06 0.858 -5.939 6.122 6.809
0.16 0.07 0.867 -6.611 7.16 5.344
0.147 0.076 0.873 -7.893 7.863 3.679
0.125 0.072 0.908 -9.084 8.336 2.26
0.107 0.061 0.936 -8.885 8.412 1.389
0.097 0.052 0.956 -8.489 8.397 0.031
0.085 0.066 0.938 -7.908 7.664 -0.565
0.069 0.086 0.915 -7.802 8.26 -0.718
0.055 0.101 0.899 -8.794 9.389 -0.061
0.043 0.116 0.885 -11.023 9.053 1.038
0.039 0.108 0.891 -14.061 9.099 1.832
0.032 0.076 0.922 -16.137 8.275 2.26
0.046 0.053 0.936 -16.733 6.977 2.473
0.057 0.038 0.95 -16.305 5.954 2.595
0.076 0.013 0.966 -14.153 6.137 2.916
0.095 0.011 0.984 -12.275 6.076 2.366
0.094 0.009 0.998 -10.305 5.344 0.931
0.09 0.013 1.006 -8.229 3.908 -0.87
0.091 0.024 1.003 -5.771 3.13 -2.504
0.083 0.026 1.002 -3.328 1.664 -2.855
0.071 0.051 0.987 -1.496 1.267 -4.595
0.061 0.064 0.984 -0.137 -0.916 -4.687
0.06 0.073 0.966 -0.092 -1.802 -4.611
0.052 0.077 0.962 0.275 -2.229 -4.733
0.061 0.073 0.952 1.13 -2.29 -4.107
0.062 0.074 0.944 2.0 -2.687 -3.466
0.055 0.075 0.945 3.435 -2.962 -3.206
0.055 0.084 0.926 3.71 -3.405 -2.733
0.059 0.083 0.924 3.389 -3.298 -2.305
0.064 0.087 0.92 2.351 -3.695 -2.244
0.078 0.085 0.913 1.771 -3.832 -2.595
0.068 0.078 0.901 1.496 -3.374 -2.702
0.078 0.08 0.905 1.237 -3.13 -2.992
0.081 0.085 0.886 0.87 -3.42 -3.145
0.087 0.093 0.873 -0.489 -3.191 -3.328
0.084 0.103 0.875 -1.878 -2.458 -3.511
0.09 0.089 0.893 -2.321 -2.046 -3.176
0.097 0.074 0.897 -1.573 -1.389 -2.443
0.097 0.069 0.918 -0.519 -0.076 -2.0
0.103 0.072 0.91 0.595 0.519 -2.046
0.103 0.083 0.906 0.84 0.595 -2.977
0.1 0.098 0.901 0.092 0.275 -3.954
0.09 0.113 0.889 -1.069 -0.015 -4.473
0.082 0.117 0.899 -1.71 -0.26 -4.458
0.08 0.109 0.906 -1.939 -0.168 -4.0
0.08 0.115 0.907 -1.634 0.031 -2.733
0.083 0.116 0.898 -1.191 0.58 -1.74
0.082 0.121 0.9 -1.573 1.084 -0.885
0.091 0.114 0.895 -1.878 1.45 -0.321
0.087 0.11 0.897 -2.595 1.328 -0.809
0.079 0.104 0.897 -3.969 0.641 -1.237
0.082 0.1 0.913 -3.969 0.427 -1.405
0.087 0.095 0.922 -3.542 0.687 -0.87
0.086 0.089 0.913 -3.053 1.069 -0.489
0.081 0.093 0.916 -2.473 1.389 -0.29
0.086 0.097 0.919 -2.214 1.817 0.275
0.077 0.1 0.919 -2.672 1.969 0.611
0.081 0.093 0.916 -3.191 2.183 0.595
0.081 0.089 0.93 -3.573 1.969 0.229
0.084 0.084 0.923 -3.71 1.191 0.076
0.084 0.081 0.916 -3.252 1.252 -0.351
0.084 0.084 0.929 -2.901 1.374 -0.427
0.075 0.087 0.922 -2.885 0.748 -0.55
0.074 0.092 0.911 -3.298 0.809 -0.748
0.073 0.08 0.921 -3.298 0.962 -0.534
0.07 0.079 0.926 -3.191 1.221 0.046
0.083 0.084 0.925 -3.13 1.328 0.275
0.082 0.079 0.925 -2.351 1.71 0.718
0.073 0.086 0.923 -1.695 2.046 0.626
0.077 0.096 0.925 -1.954 1.695 0.275
0.071 0.094 0.929 -2.687 1.023 -0.031
0.069 0.093 0.906 -3.481 0.763 -0.427
0.065 0.086 0.922 -3.71 0.443 -0.427
0.07 0.089 0.925 -3.969 0.656 -0.748
0.066 0.094 0.928 -4.061 0.137 -0.962
0.072 0.094 0.926 -4.275 0.122 -0.366
0.074 0.093 0.915 -3.954 0.122 0.382
0.078 0.092 0.912 -3.817 0.748 0.702
0.079 0.091 0.913 -3.511 0.473 1.176
0.078 0.089 0.912 -4.58 -0.061 0.473
0.09 0.074 0.918 -5.374 -0.748 -0.397
0.093 0.075 0.925 -5.588 -1.069 -0.458
0.084 0.076 0.927 -5.573 -0.916 -0.824
0.082 0.075 0.933 -5.206 -0.427 -0.55
0.084 0.066 0.933 -4.427 -0.168 0.092
0.081 0.065 0.937 -3.328 -0.107 0.504
0.09 0.062 0.929 -2.641 0.214 0.412
0.09 0.055 0.937 -1.878 0.076 0.198
0.088 0.067 0.918 -2.214 -0.122 -0.412
0.091 0.07 0.919 -2.412 -0.198 -1.13
0.092 0.073 0.914 -3.191 -0.122 -1.695
0.086 0.07 0.912 -3.542 -0.214 -2.0
0.087 0.071 0.913 -3.511 -0.198 -1.878
0.091 0.072 0.905 -4.046 0.473 -1.71
0.094 0.062 0.927 -3.695 0.534 -1.496
0.087 0.055 0.941 -3.282 0.26 -1.573
0.088 0.057 0.936 -2.153 0.504 -1.527
0.092 0.059 0.929 -1.099 0.611 -1.511
0.092 0.063 0.924 -0.916 0.626 -1.695
0.09 0.069 0.912 -0.809 0.87 -2.382
0.087 0.073 0.911 -1.145 0.718 -2.687
0.09 0.086 0.904 -1.573 0.809 -2.718
0.086 0.08 0.912 -1.939 1.053 -2.595
0.076 0.083 0.907 -2.015 1.115 -2.092
0.077 0.079 0.913 -1.573 1.557 -1.511
0.082 0.079 0.921 -1.221 1.74 -1.267
0.077 0.078 0.936 -1.115 1.435 -1.359
0.073 0.086 0.92 -1.038 1.13 -1.252
0.071 0.088 0.927 -1.328 0.901 -1.237
0.072 0.089 0.923 -1.313 0.824 -1.282
0.074 0.096 0.907 -1.725 0.58 -1.634
0.082 0.091 0.915 -2.153 0.29 -1.374
0.078 0.089 0.913 -2.061 0.351 -1.023
0.08 0.073 0.924 -2.046 0.84 -1.191
0.083 0.066 0.933 -1.298 1.099 -1.252
0.089 0.063 0.934 0.244 1.115 -1.084
0.083 0.082 0.932 -0.092 0.733 -1.405
0.08 0.082 0.927 -0.519 0.29 -1.908
0.07 0.089 0.921 -0.794 0.519 -2.015
0.074 0.081 0.926 -0.885 0.229 -1.969
0.07 0.086 0.92 -1.069 0.229 -1.954
0.079 0.089 0.919 -0.931 0.168 -1.893
0.075 0.092 0.914 -0.824 0.305 -0.733
0.068 0.1 0.917 -1.13 -0.153 -0.58
0.067 0.097 0.914 -1.16 -0.656 0.0
0.07 0.093 0.92 -0.84 -0.656 0.305
0.073 0.09 0.929 -1.069 -0.382 -0.015
0.073 0.09 0.929 -1.496 -1.084 -0.321
0.082 0.095 0.925 -1.496 -1.328 -0.305
0.076 0.091 0.924 -1.359 -1.115 0.122