0.091 0.2 0.902 -4.198 2.962 3.008
0.091 0.212 0.876 -5.603 1.817 2.672
0.083 0.217 0.887 -7.176 1.74 2.366
0.094 0.21 0.896 -8.031 2.137 2.809
0.101 0.213 0.896 -8.122 3.206 3.389
0.093 0.217 0.898 -7.557 4.015 3.542
0.085 0.225 0.897 -6.748 4.214 3.771
0.089 0.254 0.89 -6.748 3.359 4.55
0.077 0.266 0.869 -7.802 2.916 5.267
0.071 0.285 0.863 -9.221 3.557 5.786
0.067 0.302 0.869 -11.328 4.534 6.107
0.07 0.308 0.862 -13.16 5.847 6.015
0.066 0.314 0.864 -14.29 8.198 5.74
0.051 0.326 0.86 -14.55 10.29 5.374
0.042 0.354 0.869 -14.931 10.351 7.115
0.035 0.375 0.86 -16.015 9.771 8.901
0.023 0.394 0.85 -18.336 9.435 9.786
0.001 0.411 0.831 -21.145 8.824 10.0
-0.02 0.438 0.839 -25.038 8.809 11.832
-0.046 0.433 0.854 -27.603 7.481 16.718
-0.071 0.427 0.874 -29.206 5.695 23.084
-0.094 0.384 0.917 -30.015 2.626 29.832
-0.101 0.327 0.927 -31.13 -0.473 36.626
-0.085 0.292 0.934 -31.099 -0.809 40.763
-0.055 0.247 0.946 -31.145 1.435 42.137
-0.044 0.226 0.947 -30.504 2.382 42.229
-0.038 0.226 0.948 -30.153 4.046 41.389
-0.053 0.269 0.927 -30.763 2.183 40.489
-0.109 0.306 0.912 -33.176 -3.053 43.878
-0.146 0.324 0.902 -37.359 -8.947 52.534
-0.151 0.264 0.932 -42.473 -13.802 61.527
-0.134 0.181 0.952 -46.641 -16.198 68.0
-0.106 0.115 0.965 -47.389 -16.489 72.473
-0.087 0.079 0.974 -46.794 -16.962 71.679
-0.069 0.074 0.974 -43.893 -17.969 72.092
-0.085 0.098 0.95 -44.29 -22.687 73.313
-0.095 0.096 0.944 -47.725 -29.191 76.244
-0.081 0.032 0.941 -53.573 -35.74 78.855
-0.063 -0.063 0.955 -58.534 -39.954 78.275
-0.037 -0.144 0.984 -59.069 -40.534 75.878
-0.017 -0.181 1.001 -55.359 -40.55 73.13
-0.013 -0.164 0.977 -50.29 -40.794 71.817
-0.029 -0.127 0.958 -46.382 -43.924 73.435
-0.034 -0.106 0.906 -47.695 -47.435 75.176
-0.024 -0.114 0.897 -51.664 -50.214 75.847
-0.009 -0.161 0.897 -55.954 -53.389 75.908
0.018 -0.229 0.912 -55.847 -55.298 75.863
0.022 -0.264 0.918 -52.412 -57.16 75.847
0.052 -0.291 0.917 -48.107 -58.947 75.588
0.089 -0.287 0.9 -44.962 -60.168 73.649
0.104 -0.286 0.868 -44.489 -61.649 71.206
0.094 -0.28 0.883 -45.786 -62.702 67.802
0.081 -0.313 0.9 -48.779 -65.679 65.344
0.097 -0.355 0.916 -50.84 -69.267 62.351
0.123 -0.402 0.92 -49.405 -73.557 60.229
0.164 -0.432 0.905 -46.397 -75.267 58.046
0.196 -0.438 0.873 -41.191 -75.328 55.817
0.214 -0.411 0.864 -36.702 -72.443 54.794
0.206 -0.386 0.882 -35.908 -72.198 53.038
0.216 -0.411 0.889 -36.336 -73.771 52.031
0.237 -0.455 0.897 -36.015 -73.802 47.878
0.26 -0.498 0.89 -34.977 -75.13 43.084
0.291 -0.489 0.873 -34.214 -75.481 37.481
0.313 -0.475 0.848 -31.191 -77.634 35.389
0.313 -0.444 0.842 -28.901 -77.511 34.26
0.315 -0.438 0.855 -26.031 -78.198 35.679
0.324 -0.462 0.84 -23.282 -76.962 36.412
0.332 -0.468 0.831 -21.771 -75.405 35.405
0.357 -0.49 0.848 -19.802 -75.985 33.115
0.372 -0.525 0.84 -18.122 -78.382 31.496
0.394 -0.543 0.806 -15.603 -80.55 28.58
0.406 -0.55 0.812 -13.023 -81.023 24.931
0.413 -0.548 0.827 -10.107 -82.244 21.618
0.411 -0.525 0.823 -7.588 -82.504 19.053
0.406 -0.514 0.826 -4.947 -82.931 17.298
0.427 -0.502 0.817 -2.779 -84.168 16.321
0.448 -0.485 0.762 -1.985 -85.359 14.824
0.462 -0.471 0.754 -1.832 -87.435 13.191
0.48 -0.468 0.71 -1.924 -91.237 12.122
0.492 -0.455 0.732 -2.092 -91.267 9.557
0.529 -0.443 0.728 -1.282 -92.336 8.84
0.546 -0.449 0.709 0.198 -89.954 7.466
0.557 -0.438 0.733 1.298 -88.504 4.84
0.575 -0.45 0.735 3.282 -90.061 3.359
0.587 -0.453 0.683 5.603 -88.061 1.13
0.589 -0.424 0.672 6.885 -89.374 -2.061
0.592 -0.403 0.657 9.16 -92.26 -2.824
0.612 -0.377 0.624 9.511 -92.412 -2.305
0.645 -0.365 0.588 10.733 -92.229 -1.023
0.685 -0.363 0.543 10.656 -92.061 1.176
0.696 -0.357 0.524 8.794 -91.74 0.412
0.706 -0.374 0.566 7.053 -90.473 -0.824
0.749 -0.429 0.547 7.191 -88.779 -3.954
0.771 -0.432 0.553 8.916 -88.351 -8.229
0.772 -0.441 0.53 11.847 -87.344 -11.954
0.77 -0.401 0.524 12.916 -86.489 -15.511
0.799 -0.37 0.488 13.115 -85.71 -17.328
0.834 -0.358 0.468 13.084 -82.427 -18.702
0.833 -0.352 0.482 13.481 -80.901 -19.649
0.827 -0.352 0.498 14.534 -81.023 -19.573
0.831 -0.357 0.482 17.252 -82.412 -18.992
0.851 -0.364 0.458 20.58 -81.939 -18.504
0.857 -0.368 0.42 23.603 -80.855 -19.206
0.876 -0.355 0.403 26.397 -78.382 -20.076
0.884 -0.339 0.379 27.695 -75.527 -21.634
0.886 -0.321 0.376 28.595 -73.008 -23.435
0.886 -0.305 0.394 29.557 -72.473 -24.656
0.892 -0.298 0.402 31.176 -72.015 -25.908
0.899 -0.28 0.369 31.802 -72.947 -26.779
0.897 -0.265 0.353 32.565 -74.137 -27.344
0.916 -0.254 0.309 32.168 -75.466 -28.046
0.958 -0.263 0.255 32.626 -73.42 -29.389
1.011 -0.271 0.201 31.588 -68.229 -32.336
1.042 -0.262 0.179 29.756 -63.405 -35.344
1.04 -0.255 0.168 27.649 -58.626 -38.58
1.046 -0.241 0.167 26.183 -55.771 -40.748
1.069 -0.252 0.141 25.878 -51.389 -42.931
1.086 -0.256 0.127 27.618 -44.947 -45.298
1.092 -0.231 0.1 28.962 -39.374 -46.84
1.157 -0.185 0.027 29.374 -30.076 -47.267
1.074 -0.177 0.075 27.878 -23.45 -49.267
1.087 -0.179 0.11 25.527 -21.069 -54.137
1.118 -0.19 0.074 24.763 -16.397 -57.725
1.133 -0.181 0.066 25.924 -8.565 -61.908
1.118 -0.146 0.083 28.122 -2.565 -66.229
1.096 -0.078 0.076 28.015 2.702 -70.244
1.075 -0.01 0.06 24.122 6.824 -72.794
1.079 0.027 0.043 19.893 9.481 -73.16
1.073 0.032 0.06 15.695 13.405 -73.74
1.062 0.022 0.088 14.244 17.908 -73.817
1.06 0.035 0.106 13.237 24.229 -73.71
1.032 0.032 0.133 15.008 30.183 -71.237
1.034 0.016 0.153 17.099 35.221 -69.695
1.062 -0.003 0.141 19.023 39.969 -68.763
1.07 -0.019 0.149 20.382 44.321 -69.542
1.077 -0.03 0.151 20.458 47.725 -72.336
1.079 -0.031 0.157 20.885 51.069 -76.58
1.061 -0.025 0.153 21.267 54.916 -81.053
1.04 -0.009 0.172 22.015 58.0 -85.008
1.012 0.031 0.152 22.26 60.595 -87.908
0.979 0.083 0.159 21.084 65.008 -90.443
0.949 0.116 0.184 20.565 69.603 -90.87
0.943 0.154 0.205 21.466 74.489 -89.74
0.921 0.178 0.232 23.298 79.969 -87.756
0.905 0.191 0.262 26.977 83.435 -85.481
0.891 0.211 0.284 30.595 85.802 -82.977
0.866 0.237 0.294 31.618 85.252 -82.092
0.874 0.233 0.266 31.924 85.527 -82.595
0.869 0.265 0.239 30.779 87.71 -85.023
0.858 0.312 0.228 25.817 90.489 -87.985
0.827 0.348 0.228 21.252 93.45 -89.115
0.789 0.377 0.236 17.053 97.267 -87.924
0.759 0.399 0.264 12.534 100.565 -86.26
0.747 0.409 0.31 8.504 104.55 -85.298
0.685 0.344 0.366 10.565 102.794 -80.183
0.681 0.34 0.419 12.656 106.137 -83.267
0.653 0.368 0.443 13.496 105.649 -86.321
0.624 0.399 0.436 13.496 106.061 -89.298
0.585 0.444 0.44 11.008 105.573 -92.748
0.541 0.492 0.47 5.71 103.435 -95.298
0.52 0.508 0.476 -0.29 100.26 -96.214
0.518 0.508 0.48 -5.008 99.145 -94.901
0.523 0.518 0.443 -7.618 101.115 -91.847
0.518 0.523 0.435 -7.878 103.374 -87.511
0.505 0.505 0.404 -5.939 110.84 -83.939
0.429 0.544 0.415 -5.954 118.962 -81.771
0.365 0.569 0.461 -8.397 126.168 -83.069
0.275 0.611 0.542 -11.13 130.641 -82.901
0.206 0.651 0.601 -15.099 130.611 -81.679
0.159 0.681 0.665 -17.084 127.878 -76.489
0.135 0.691 0.681 -18.275 121.71 -68.885
0.149 0.675 0.68 -17.344 117.374 -59.71
0.182 0.648 0.638 -14.0 114.794 -51.45
0.211 0.621 0.57 -12.473 117.756 -47.954
0.183 0.642 0.554 -15.405 121.71 -47.771
0.122 0.652 0.565 -21.038 123.878 -49.786
0.043 0.677 0.619 -29.573 123.557 -51.725
-0.047 0.673 0.689 -36.855 120.397 -54.244
-0.114 0.671 0.795 -41.008 113.664 -53.573
-0.156 0.683 0.852 -44.427 103.893 -50.733
-0.144 0.68 0.856 -46.122 93.359 -45.313
-0.11 0.645 0.785 -47.237 85.084 -39.756
-0.114 0.612 0.74 -48.626 82.26 -36.473
-0.148 0.604 0.746 -50.244 82.58 -34.947
-0.224 0.625 0.774 -52.55 84.137 -31.496
-0.279 0.647 0.796 -53.969 85.374 -24.443
-0.319 0.623 0.86 -51.405 86.046 -15.649
-0.299 0.552 0.942 -45.13 85.176 -6.504
-0.32 0.527 0.959 -33.511 82.137 -0.153
-0.374 0.62 0.93 -28.458 77.42 10.931
-0.324 0.585 0.9 -29.359 71.771 17.45
-0.305 0.544 0.858 -32.748 67.191 18.504
-0.311 0.54 0.839 -38.122 62.107 18.718
-0.319 0.537 0.861 -44.107 58.901 18.107
-0.337 0.511 0.887 -48.519 52.977 19.588
-0.369 0.487 0.924 -52.489 47.695 20.992
-0.376 0.467 0.954 -53.328 43.221 23.557
-0.378 0.445 0.98 -51.267 38.443 25.802
-0.364 0.44 0.932 -49.634 32.168 29.359
-0.365 0.457 0.91 -51.328 27.908 30.473
-0.348 0.436 0.892 -54.321 22.046 32.382
-0.313 0.39 0.886 -58.534 17.45 32.611
-0.297 0.349 0.899 -60.244 14.168 32.244
-0.284 0.326 0.904 -59.71 12.153 32.962
-0.276 0.315 0.903 -56.84 9.511 35.313
-0.273 0.318 0.886 -55.588 7.267 38.87
-0.293 0.293 0.895 -56.107 3.71 43.924
-0.289 0.229 0.936 -57.969 -0.107 47.45
-0.245 0.13 0.975 -56.748 -3.542 49.756
-0.169 0.052 1.007 -52.336 -6.137 48.153
-0.099 0.021 0.98 -44.076 -7.069 45.542
-0.047 0.03 0.928 -35.206 -6.336 41.053
-0.054 0.108 0.883 -29.45 -6.977 37.573
-0.094 0.197 0.83 -30.046 -8.534 35.878
-0.111 0.211 0.828 -34.412 -10.366 35.71
-0.117 0.177 0.839 -38.55 -10.534 36.977
-0.115 0.124 0.879 -39.496 -9.038 38.366
-0.092 0.086 0.906 -35.969 -5.588 40.244
-0.062 0.055 0.913 -28.84 -2.153 41.863
-0.045 0.069 0.897 -23.221 -1.802 42.779
-0.072 0.104 0.888 -22.305 -4.427 42.55
-0.066 0.084 0.892 -24.366 -7.817 41.588
-0.043 0.051 0.91 -27.298 -10.763 39.023
0.002 -0.009 0.936 -28.031 -11.878 35.16
0.022 -0.034 0.935 -25.405 -10.977 31.496
0.027 -0.027 0.948 -21.038 -9.969 28.748
0.002 0.013 0.926 -17.023 -9.359 27.618
-0.018 0.043 0.916 -16.87 -9.45 27.679
-0.003 0.041 0.921 -18.427 -10.305 27.267
0.018 0.002 0.928 -18.901 -10.687 26.351
0.042 -0.018 0.959 -16.229 -10.489 26.229
0.051 -0.019 0.956 -11.557 -9.634 25.405
0.057 0.001 0.941 -6.916 -9.359 25.771
0.065 0.014 0.908 -5.038 -9.45 24.626
0.066 0.031 0.899 -6.29 -9.328 22.687
0.074 0.014 0.902 -8.519 -9.71 19.893
0.093 0.005 0.915 -10.244 -9.863 16.412
0.106 -0.002 0.921 -10.489 -10.565 12.824
0.104 0.009 0.918 -10.321 -11.16 9.313
0.105 0.023 0.924 -9.786 -11.527 7.023
0.097 0.047 0.901 -9.389 -11.725 5.313
0.09 0.05 0.895 -10.122 -11.802 3.939
0.093 0.05 0.901 -10.244 -11.176 2.824
0.097 0.042 0.911 -8.626 -9.786 2.702
0.097 0.045 0.921 -5.74 -7.16 2.809
0.104 0.054 0.935 -2.947 -5.206 3.511
0.101 0.062 0.924 -0.275 -3.618 3.771
0.087 0.071 0.924 1.221 -2.779 3.664
0.094 0.076 0.915 2.183 -2.687 2.672
0.109 0.083 0.913 2.611 -2.489 1.435
0.098 0.097 0.902 2.733 -2.458 0.687
0.089 0.104 0.901 2.412 -1.893 -0.534
0.078 0.109 0.912 3.237 -0.885 -1.664
0.061 0.133 0.91 3.206 -1.084 -2.061
0.046 0.128 0.926 3.053 -0.855 -2.55
0.044 0.121 0.915 3.206 -1.374 -2.214
0.045 0.13 0.916 2.489 -1.603 -2.641
0.042 0.148 0.92 2.046 -2.229 -3.099
0.045 0.149 0.918 2.122 -1.908 -3.344
0.04 0.154 0.929 3.115 -1.725 -2.641
0.042 0.17 0.934 3.817 -1.954 -0.947
0.043 0.174 0.93 3.496 -3.084 -0.092
0.051 0.181 0.921 3.023 -3.649 -0.137
0.063 0.184 0.915 1.817 -4.565 -0.489
0.073 0.194 0.903 0.855 -4.809 -0.58
0.083 0.192 0.9 1.267 -5.344 0.458
0.094 0.186 0.911 2.122 -4.214 1.802
0.088 0.19 0.908 3.374 -3.496 2.656
0.074 0.193 0.908 3.74 -3.542 2.947
0.079 0.199 0.904 3.328 -3.618 2.534
0.074 0.188 0.905 3.481 -4.321 2.534
0.079 0.199 0.898 3.145 -3.802 2.565
0.084 0.2 0.897 2.779 -3.695 2.656
0.085 0.188 0.893 3.45 -1.863 2.626
0.082 0.207 0.889 4.076 -0.718 2.092
0.069 0.213 0.896 3.511 -0.763 2.275
0.068 0.213 0.881 2.534 -0.595 1.832
0.07 0.21 0.885 1.191 -0.198 1.863
0.071 0.198 0.899 0.244 0.321 1.115
0.059 0.196 0.905 0.107 0.366 0.519
0.052 0.2 0.916 0.092 -0.031 0.122
0.039 0.209 0.917 0.214 -0.534 0.366
0.026 0.218 0.907 -0.092 -1.42 0.992
0.022 0.215 0.892 -1.313 -2.26 1.679
0.02 0.21 0.893 -3.374 -2.153 2.382
0.024 0.201 0.905 -4.901 -2.382 3.252
0.045 0.189 0.915 -5.252 -4.229 5.099
0.055 0.18 0.924 -4.809 -4.427 5.71
0.063 0.187 0.924 -4.153 -4.412 6.504
0.064 0.191 0.93 -4.107 -4.931 7.191
0.071 0.189 0.912 -4.885 -5.649 8.031
0.09 0.178 0.906 -5.847 -6.443 8.412
0.097 0.171 0.908 -7.511 -6.885 7.771
0.114 0.147 0.918 -8.046 -7.527 6.168
0.139 0.129 0.912 -6.397 -7.344 4.931
0.147 0.128 0.909 -3.954 -6.687 3.695
0.143 0.143 0.899 -2.229 -6.443 2.26
0.127 0.159 0.889 -2.183 -6.458 1.099
0.125 0.158 0.895 -2.58 -6.641 0.107
0.124 0.158 0.882 -3.374 -6.641 -0.809
0.127 0.142 0.892 -2.885 -5.786 -1.802
0.136 0.149 0.888 -1.878 -4.84 -2.092
0.112 0.163 0.892 -1.13 -3.832 -2.427
0.106 0.165 0.893 -0.489 -3.206 -2.046
0.105 0.174 0.889 -0.382 -2.779 -2.168
0.109 0.184 0.883 -0.198 -2.702 -1.176
0.119 0.177 0.868 -0.198 -1.893 -1.328
0.116 0.182 0.875 -0.26 -0.87 -1.344
0.109 0.185 0.868 -1.435 -0.962 -1.588
0.103 0.179 0.891 -2.305 -1.053 -2.092
0.103 0.169 0.9 -2.794 -1.42 -2.305
0.097 0.171 0.902 -3.634 -1.344 -3.237
0.092 0.177 0.898 -3.847 -1.878 -3.786
0.083 0.173 0.894 -4.229 -1.908 -4.336
0.073 0.185 0.907 -4.702 -1.649 -4.87
0.073 0.189 0.901 -4.87 -1.771 -4.382
0.081 0.183 0.9 -5.374 -1.176 -3.695
0.096 0.178 0.91 -5.053 -1.023 -3.344
0.096 0.167 0.911 -4.122 -0.901 -3.008
0.095 0.164 0.911 -2.718 -0.183 -2.122
0.099 0.177 0.905 -0.229 -0.275 -1.267
0.096 0.193 0.901 0.611 -0.229 -0.992
0.092 0.199 0.889 -0.366 -0.351 -0.779
0.102 0.2 0.887 -1.618 -0.58 -0.947
0.101 0.193 0.875 -2.351 -0.626 -0.565
0.104 0.186 0.888 -2.275 -0.229 -0.641
0.106 0.192 0.883 -2.397 0.458 -0.504
0.098 0.197 0.884 -3.053 0.611 0.031
0.108 0.184 0.877 -3.328 0.748 0.244
0.109 0.176 0.893 -3.649 1.542 0.107
0.117 0.159 0.898 -3.313 1.649 -0.153
0.116 0.155 0.904 -2.015 0.916 -0.153
0.11 0.169 0.908 -1.557 0.977 -0.305
0.106 0.187 0.904 -1.389 0.656 -0.458
0.1 0.191 0.906 -1.679 0.672 -0.046
0.105 0.186 0.899 -1.863 1.313 -0.076
0.105 0.183 0.913 -2.321 1.374 0.168
0.103 0.18 0.915 -2.336 1.511 0.931
0.1 0.176 0.915 -2.122 1.267 1.115
0.098 0.175 0.915 -2.397 0.84 1.038
0.095 0.182 0.904 -2.427 0.687 0.718
0.095 0.174 0.904 -2.87 0.275 0.992
0.096 0.172 0.911 -2.702 0.519 0.672
0.089 0.167 0.917 -2.519 0.779 0.473
0.099 0.17 0.912 -2.321 0.733 0.168
0.098 0.165 0.913 -2.137 0.779 -0.55
0.098 0.168 0.914 -2.122 0.641 -1.16
0.096 0.178 0.903 -2.901 0.198 -1.313
0.093 0.179 0.896 -3.878 -0.031 -1.099
0.1 0.177 0.895 -3.832 -0.519 -0.595
0.095 0.177 0.899 -3.588 0.0 -0.397
0.096 0.177 0.906 -3.832 -0.489 0.031
0.1 0.18 0.914 -3.389 -0.107 0.107
0.106 0.172 0.912 -3.359 0.015 0.275
0.115 0.168 0.899 -3.16 -0.092 0.137
0.113 0.167 0.908 -3.664 0.092 -0.931
0.117 0.165 0.897 -3.695 0.107 -1.374
0.12 0.177 0.896 -3.481 -0.092 -1.282
0.11 0.185 0.895 -3.282 -0.183 -0.702
0.102 0.181 0.893 -3.496 0.015 -0.015
0.106 0.172 0.91 -3.71 0.489 0.351
0.099 0.16 0.912 -3.389 0.458 0.076
0.099 0.16 0.916 -2.87 0.443 -0.412
0.106 0.164 0.916 -2.427 -0.458 -0.901
0.097 0.167 0.911 -2.107 -0.427 -1.221
0.102 0.173 0.905 -2.55 0.229 -1.679
0.101 0.17 0.91 -2.137 0.473 -1.481
0.105 0.174 0.911 -1.542 1.466 -1.649
0.107 0.171 0.913 -1.13 0.947 -0.626
0.108 0.174 0.901 -0.55 0.504 0.0
0.097 0.188 0.9 -0.84 0.443 -0.183
0.097 0.19 0.904 -1.756 0.046 0.0
0.088 0.175 0.906 -2.366 -0.641 0.458
0.103 0.162 0.907 -2.092 0.107 0.137
0.106 0.162 0.906 -2.198 0.626 -0.153
0.105 0.173 0.913 -1.969 0.87 -0.733
0.093 0.177 0.911 -2.031 0.702 -0.611
0.096 0.185 0.903 -1.954 0.092 -0.458
0.091 0.172 0.902 -2.397 -0.382 -0.443
0.093 0.172 0.908 -2.656 -0.626 -0.183
0.09 0.16 0.913 -2.718 -0.809 -0.458
0.101 0.156 0.903 -2.26 -1.221 -0.519
0.111 0.162 0.906 -1.664 -1.038 -0.427
0.111 0.168 0.906 -1.374 -1.145 -0.748
0.107 0.166 0.909 -1.542 -1.221 -0.534
0.116 0.168 0.9 -1.511 -1.328 -0.473
0.115 0.163 0.905 -1.511 -0.687 -0.809
0.111 0.163 0.899 -0.901 -0.275 -1.176
0.108 0.167 0.896 -1.191 -0.061 -1.389
0.111 0.165 0.892 -1.298 0.29 -1.618
0.121 0.164 0.891 -0.763 0.26 -1.176
0.121 0.166 0.892 -0.794 0.275 -1.115
0.117 0.177 0.887 -0.534 0.183 -1.053
0.115 0.176 0.89 -0.748 0.351 -1.267
0.111 0.173 0.898 -1.344 0.748 -1.573
0.106 0.169 0.906 -1.206 0.763 -2.122
0.106 0.168 0.916 -0.87 0.824 -2.672
0.092 0.179 0.912 -0.412 0.183 -2.397
0.091 0.189 0.899 -0.626 -0.519 -1.649
0.088 0.191 0.9 -1.023 -0.702 -0.855