0.101 -0.047 0.956 -3.87 -0.908 4.023
0.094 -0.057 0.923 -4.397 -1.099 1.038
0.118 -0.046 0.899 -3.496 0.16 1.16
0.124 -0.053 0.894 -2.298 2.145 1.527
0.111 -0.046 0.904 -0.649 -0.275 0.473
0.122 -0.035 0.921 -0.015 1.725 0.87
0.103 -0.035 0.918 0.244 2.481 0.855
0.112 -0.022 0.922 -0.458 1.947 0.756
0.112 -0.016 0.936 -1.893 4.267 0.649
0.106 -0.029 0.933 -1.855 2.031 -0.015
0.123 -0.021 0.927 -2.282 1.733 0.855
0.115 -0.022 0.922 -1.252 2.611 2.87
0.098 -0.031 0.933 -0.26 0.779 3.183
0.072 -0.037 0.946 -1.206 1.763 2.328
0.061 -0.044 0.951 -2.618 1.794 -0.496
0.09 -0.039 0.945 -4.122 2.679 -3.313
0.094 -0.049 0.932 -5.252 2.664 -4.855
0.125 -0.043 0.903 -5.061 3.924 -5.115
0.12 -0.045 0.89 -2.84 5.878 -3.634
0.106 -0.034 0.905 0.557 2.863 -1.908
0.096 -0.023 0.935 0.87 2.901 -1.489
0.079 -0.016 0.955 -0.718 2.885 -3.351
0.101 -0.013 0.955 -3.008 2.16 -4.817
0.11 -0.027 0.93 -4.672 6.527 -4.26
0.096 -0.031 0.938 -3.435 6.351 -3.534
0.089 -0.04 0.939 -1.916 4.45 -3.031
0.092 -0.032 0.949 -2.595 4.779 -1.817
0.069 -0.037 0.95 -2.573 3.229 -2.718
0.071 -0.044 0.94 -1.588 -0.74 -3.893
0.092 -0.038 0.937 -2.061 1.015 -3.649
0.081 -0.037 0.946 -2.977 1.618 -3.565
0.094 -0.029 0.931 -3.015 2.275 -2.916
0.089 -0.03 0.927 -1.718 3.023 -1.244
0.071 -0.036 0.933 -0.573 1.931 -0.496
0.078 -0.021 0.947 -0.198 0.924 -0.496
0.09 -0.015 0.945 -1.389 2.176 0.29
0.084 -0.016 0.939 -2.168 3.939 0.405
0.07 -0.039 0.951 -1.557 0.198 -0.191
0.073 -0.036 0.946 -0.832 -0.359 -0.718
0.071 -0.038 0.915 0.634 -0.687 -2.435
0.073 -0.021 0.934 0.282 0.092 -3.015
0.081 -0.018 0.947 -0.725 2.45 -3.389
0.058 -0.022 0.953 -1.107 -0.168 -4.58
0.102 -0.01 0.951 -2.008 0.305 -5.298
0.109 -0.005 0.943 -3.382 2.412 -3.924
0.118 0.005 0.93 -3.313 0.13 -2.168
0.112 -0.007 0.935 -2.42 0.473 1.389
0.076 -0.027 0.92 -1.489 -1.046 1.206
0.096 -0.032 0.935 -1.802 -0.595 0.74
0.075 -0.047 0.927 -1.58 2.122 -0.885
0.093 -0.03 0.919 0.13 -2.099 -3.282
0.103 -0.018 0.941 -0.641 -1.397 -4.298
0.104 -0.018 0.939 -3.328 0.16 -3.985
0.094 -0.036 0.921 -3.656 -0.954 -3.702
0.116 -0.055 0.902 -3.275 -0.038 -3.382
0.082 -0.072 0.882 -1.794 -0.55 -5.221
0.095 -0.063 0.892 -0.58 0.092 -7.252
0.1 -0.046 0.897 -0.275 0.321 -9.168
0.123 -0.033 0.902 -0.092 -0.206 -10.084
0.134 -0.031 0.895 0.321 2.16 -8.817
0.105 -0.026 0.907 1.84 -0.366 -8.115
0.107 -0.044 0.91 2.168 -0.542 -8.557
0.089 -0.051 0.892 2.84 -0.336 -10.099
0.092 -0.041 0.887 2.26 0.076 -11.733
0.133 -0.024 0.877 1.779 1.122 -13.481
0.149 0.011 0.856 2.771 2.542 -12.687
0.145 0.032 0.897 3.092 1.992 -10.076
0.118 0.016 0.917 1.458 1.725 -8.878
0.084 -0.034 0.913 -0.878 -1.481 -10.0
0.062 -0.105 0.873 -1.695 -1.748 -13.122
0.041 -0.125 0.825 -1.885 -3.435 -20.282
0.067 -0.114 0.808 -2.099 -5.725 -28.489
0.089 -0.076 0.793 -5.893 -5.687 -37.374
0.035 -0.09 0.796 -12.458 -7.504 -47.389
-0.001 -0.115 0.786 -20.267 -10.519 -59.176
-0.051 -0.156 0.759 -29.183 -16.893 -73.679
-0.052 -0.172 0.702 -39.695 -21.656 -88.275
-0.043 -0.195 0.58 -45.748 -22.145 -98.275
-0.095 -0.186 0.499 -46.885 -30.489 -109.069
-0.132 -0.171 0.414 -45.298 -36.802 -115.382
-0.283 -0.166 0.417 -43.969 -42.656 -132.137
-0.318 -0.085 0.391 -54.763 -49.328 -147.519
-0.259 -0.041 0.236 -58.573 -44.191 -155.832
-0.122 0.038 0.075 -47.069 -43.229 -154.954
0.02 0.12 0.001 -29.168 -52.763 -137.145
0.23 0.202 -0.109 -3.053 -54.466 -107.038
0.41 0.277 -0.183 30.679 -64.855 -62.42
0.45 0.274 -0.196 66.0 -78.718 -15.237
0.249 0.16 -0.039 86.374 -98.992 15.557
0.148 0.065 0.136 74.748 -91.321 17.908
0.118 -0.005 0.181 48.672 -63.29 11.832
0.014 -0.136 0.119 27.763 -44.733 -2.695
0.044 -0.235 0.028 24.847 -34.84 -13.84
0.145 -0.167 -0.051 37.519 -33.176 -14.641
0.158 -0.094 -0.093 57.214 -41.695 -6.29
0.169 -0.007 0.017 70.046 -54.351 -3.527
0.302 0.087 0.149 65.962 -55.672 5.992
0.385 0.117 0.246 40.656 -35.885 18.527
0.39 0.054 0.228 26.13 -22.0 28.42
0.327 -0.045 0.128 13.191 -21.145 32.611
0.303 -0.177 -0.032 9.511 -2.031 32.16
0.162 -0.252 0.027 14.832 12.924 18.145
0.216 -0.179 0.201 11.832 25.069 4.061
0.362 -0.108 0.406 -5.427 43.71 0.115
0.54 -0.059 0.547 -32.458 59.099 1.931
0.683 -0.147 0.491 -40.855 92.038 36.397
0.566 -0.368 0.31 -35.473 119.427 34.863
0.244 -0.444 0.297 -9.344 108.802 24.573
0.083 -0.411 0.337 6.71 110.29 -6.71
-0.182 -0.404 0.564 12.122 109.565 -29.992
-0.242 -0.309 0.899 4.069 94.802 -58.855
-0.188 -0.181 1.136 -29.55 92.664 -88.916
0.014 -0.096 1.181 -69.893 97.893 -97.702
0.132 -0.048 0.933 -94.115 106.969 -93.626
0.196 -0.05 0.572 -83.901 119.565 -80.954
0.084 -0.012 0.466 -59.42 123.511 -86.153
-0.135 0.029 0.853 -42.893 99.695 -100.481
-0.219 0.12 1.224 -58.504 108.374 -83.107
-0.188 0.187 1.383 -95.794 113.275 -46.802
-0.063 0.159 1.214 -95.359 94.168 -15.672
-0.107 0.08 1.44 -112.29 28.282 -9.557
-0.133 0.038 0.783 -115.672 9.832 -23.542
-0.35 -0.192 1.038 -73.389 -3.969 -45.908
-0.459 -0.69 0.841 -1.313 -16.107 -90.656
-0.291 -0.456 0.911 48.931 19.893 -30.702
-0.303 -0.062 1.498 85.611 74.336 -7.588
-0.162 0.094 1.474 108.481 89.687 -23.206
-0.265 0.638 1.533 50.382 94.618 51.229
-0.114 0.74 2.0 50.809 53.405 9.55
0.078 0.762 1.438 -11.031 92.252 58.061
-0.166 0.371 1.066 35.832 116.023 71.725
-0.381 0.161 1.33 68.718 98.542 67.435
-0.396 0.25 1.727 66.748 20.061 66.947
-0.29 0.171 2.0 37.71 19.687 24.947
-0.116 0.449 2.0 -1.336 -46.427 56.885
0.032 0.69 2.0 -43.313 -1.008 45.198
0.038 0.455 1.922 -52.168 -11.885 81.679
-0.441 0.055 1.394 -26.931 -54.542 102.71
-0.146 -0.258 1.468 37.679 -57.527 59.763
-0.451 -0.128 2.0 21.183 -106.55 57.267
-0.293 0.298 0.77 -11.87 -70.099 9.817
0.352 -0.123 1.397 -6.229 -60.786 10.0
0.178 -0.157 1.41 18.74 -61.16 37.244
0.005 -0.083 1.438 -6.718 -32.733 49.496
0.119 -0.122 1.143 31.084 43.924 13.809
-0.115 -0.158 1.15 57.489 45.282 -10.595
-0.176 0.083 1.402 56.008 19.435 -13.985
-0.32 0.426 1.824 15.985 -26.702 10.29
-0.078 0.878 1.22 -20.023 -66.221 -8.183
0.022 0.166 1.37 -19.107 -94.557 35.847
0.01 0.184 1.382 -9.748 -107.664 45.183
-0.043 0.178 1.395 -13.832 -134.267 38.015
0.065 0.11 1.423 23.588 -130.321 11.931
-0.073 0.029 1.064 13.237 -110.366 -1.573
0.491 0.281 1.23 45.069 -94.382 58.443
0.13 0.147 1.279 18.405 -64.496 52.282
0.25 0.112 1.482 -8.618 -50.038 42.916
0.397 0.193 1.491 16.992 -37.84 31.702
0.317 -0.065 1.57 4.786 -23.962 47.634
0.327 0.067 1.399 9.977 -7.748 55.305
0.152 0.01 1.232 0.893 13.282 47.855
0.011 -0.2 1.241 38.832 7.16 18.336
0.092 -0.152 1.257 42.672 0.939 -6.389
0.186 -0.095 1.294 46.214 -0.374 -9.634
0.173 -0.085 1.312 51.611 -10.947 -47.817
0.432 0.175 1.262 36.145 -8.069 1.679
0.206 -0.015 0.987 59.832 16.947 -29.924
0.234 0.239 1.287 49.618 30.084 -17.435
0.091 0.036 1.119 34.0 43.115 7.794
0.031 -0.18 1.006 92.13 46.832 -69.779
0.055 0.185 1.125 67.595 37.031 -37.779
0.017 0.219 1.116 22.817 18.885 10.969
-0.002 -0.096 1.012 64.878 23.573 -25.481
0.016 -0.006 0.949 87.603 5.511 -21.221
0.058 -0.009 0.928 77.0 21.122 -26.702
0.014 0.19 1.008 34.351 14.718 -9.962
0.027 0.083 0.928 52.565 14.618 -14.824
0.104 0.147 0.936 35.237 15.725 -20.168
0.034 -0.063 0.844 71.046 16.802 -25.687
-0.002 0.186 0.895 67.198 8.359 -15.076
-0.03 0.237 0.915 61.13 9.885 -16.031
0.031 0.243 0.843 74.771 24.061 -47.626
0.12 0.285 0.895 44.351 9.855 -5.321
0.001 0.3 0.899 35.115 5.641 -1.069
0.026 0.221 0.887 14.969 10.794 6.405
0.045 0.291 0.9 9.718 15.656 -3.954
0.038 0.294 0.869 -12.695 12.802 10.641
0.093 0.293 0.842 -15.725 16.115 7.229
0.068 0.288 0.887 -16.366 15.214 7.496
0.072 0.325 0.914 -15.992 5.863 4.725
0.094 0.292 0.883 -15.702 0.084 10.267
0.086 0.225 0.895 -12.74 -3.931 12.794
0.125 0.231 0.902 -14.183 1.603 11.603
0.139 0.24 0.929 -16.336 -0.214 17.74
0.157 0.249 0.956 -18.267 0.015 16.817
0.186 0.29 0.952 -25.359 -0.038 24.74
0.147 0.219 0.947 -29.183 2.466 30.206
0.091 0.202 0.919 -25.382 4.443 26.977
0.063 0.192 0.908 -23.252 5.435 22.954
0.061 0.225 0.933 -24.786 0.916 19.099
0.05 0.24 0.9 -27.176 -1.748 11.206
0.107 0.246 0.922 -18.13 -5.092 16.382
0.102 0.293 0.93 -33.939 -6.229 15.366
0.137 0.206 0.903 -23.924 -1.008 17.924
0.107 0.173 0.937 -30.252 4.573 22.573
0.095 0.164 0.923 -16.084 6.183 15.595
0.121 0.162 0.965 -14.641 3.008 14.916
0.086 0.202 0.963 -18.748 -0.87 10.305
0.123 0.222 0.93 -17.13 -2.649 6.779
0.123 0.313 0.9 -50.0 -1.595 11.496
0.122 0.207 0.903 -12.282 4.641 2.756
0.126 0.25 0.917 -9.954 2.611 9.855
0.118 0.255 0.915 -9.206 1.038 11.603
0.105 0.221 0.911 -8.313 -2.718 13.649
0.09 0.194 0.905 -11.191 -4.191 13.412
0.087 0.178 0.903 -13.168 -9.458 10.885
0.063 0.172 0.901 -15.076 -11.679 11.351
0.079 0.157 0.864 -16.855 -3.916 10.397
0.088 0.189 0.883 -9.718 2.015 4.55
0.084 0.202 0.91 -6.557 3.618 4.214
0.111 0.195 0.93 -3.763 2.702 2.718
0.142 0.223 0.957 -6.603 2.237 8.687
0.142 0.199 0.934 -7.802 4.611 11.55
0.108 0.217 0.926 -7.809 3.198 12.74
0.107 0.166 0.906 -6.557 1.756 11.595
0.091 0.144 0.903 -4.725 -1.282 10.443
0.083 0.126 0.896 -1.87 -1.443 9.901
0.079 0.121 0.901 -0.802 -9.511 11.244
0.06 0.099 0.904 0.519 -5.214 2.733
0.051 0.13 0.969 -0.916 -15.931 -0.542
0.098 0.143 0.932 -2.45 -18.336 -3.618
0.142 0.146 0.965 -1.763 -16.786 -4.405
0.144 0.157 0.922 -2.87 -9.046 0.809
0.093 0.163 0.927 -6.947 -7.931 1.634
0.11 0.167 0.9 -6.382 -1.74 1.695
0.064 0.177 0.9 -10.481 -0.634 3.252
0.065 0.118 0.901 -6.115 -1.252 4.832
0.08 0.168 0.898 -7.122 3.252 0.26
0.087 0.174 0.903 -7.069 2.748 -0.252
0.086 0.202 0.882 -19.557 0.206 -5.947
0.146 0.115 0.885 -5.405 5.023 -4.183
0.115 0.169 0.918 -11.481 4.695 -0.771
0.101 0.097 0.961 -11.351 4.267 3.534
0.105 0.156 0.902 -11.618 10.015 -7.191
0.034 0.052 1.004 -10.695 7.458 -1.496
0.098 0.12 0.929 -7.344 13.611 -19.214
0.107 0.129 0.922 -12.229 11.031 -12.618
0.115 0.103 0.941 -8.275 11.191 -6.366
0.079 0.148 0.898 -7.015 14.992 -6.397
0.094 0.173 0.902 -9.115 17.748 -0.198
0.079 0.154 0.892 -7.13 14.832 1.336
0.084 0.171 0.909 -9.038 18.344 6.214
0.101 0.143 0.896 -6.947 20.053 7.763
0.077 0.137 0.914 -5.878 19.191 7.786
0.053 0.136 0.911 -5.275 11.939 5.916
0.074 0.129 0.913 -4.206 5.122 4.534
0.062 0.138 0.917 -3.382 6.534 -0.901
0.088 0.137 0.907 -2.008 -1.145 0.863
0.089 0.141 0.902 -3.756 1.29 0.611
0.055 0.13 0.895 -3.511 -2.046 -0.275
0.056 0.131 0.906 -3.321 -1.702 -0.084
0.057 0.152 0.886 -2.374 -1.122 -0.084
0.062 0.161 0.891 -2.878 -1.786 2.939
0.075 0.171 0.901 -4.107 -0.389 6.847
0.068 0.18 0.893 -2.824 -1.015 8.061
0.047 0.172 0.901 -0.443 -0.389 7.824
0.034 0.125 0.902 3.542 -4.756 5.023
0.058 0.13 0.908 4.252 -3.092 5.954
0.065 0.114 0.905 3.908 -2.16 4.863
0.063 0.132 0.905 3.321 -1.137 7.511
0.051 0.128 0.902 4.321 -0.855 9.496
0.052 0.136 0.906 3.855 -1.252 8.893
0.061 0.145 0.906 4.962 -1.992 7.962
0.068 0.165 0.922 5.87 -4.275 10.954
0.097 0.183 0.912 5.489 -5.687 17.809
0.083 0.167 0.916 3.489 -6.511 21.023
0.079 0.153 0.912 4.832 -4.595 15.053
0.091 0.151 0.917 3.573 -2.496 10.29
0.077 0.147 0.915 1.412 -4.145 10.481
0.081 0.154 0.906 1.122 0.084 8.794
0.093 0.158 0.908 0.924 1.511 9.641
0.098 0.16 0.911 1.382 -1.176 10.679
0.086 0.177 0.931 0.679 -0.542 11.046
0.111 0.163 0.902 1.015 1.16 8.664
0.101 0.156 0.932 0.168 -4.809 13.344
0.118 0.147 0.924 0.168 -1.29 11.183
0.088 0.123 0.925 -3.557 -1.183 10.313
0.085 0.12 0.892 -2.695 1.069 7.603
0.103 0.131 0.885 -2.985 6.076 5.351
0.08 0.151 0.901 -3.061 4.298 4.71
0.09 0.151 0.91 -4.542 4.313 4.511
0.082 0.148 0.906 -5.534 8.397 3.618
0.075 0.152 0.917 -5.359 5.061 6.313
0.071 0.144 0.9 -4.756 9.855 1.855
0.094 0.139 0.898 -4.321 11.817 5.595
0.098 0.173 0.908 -6.046 7.748 4.435
0.093 0.168 0.931 -7.802 13.885 3.679
0.102 0.167 0.925 -9.702 11.916 6.863
0.12 0.151 0.906 -10.099 18.733 6.489
0.094 0.141 0.919 -10.115 15.443 9.969
0.099 0.135 0.913 -11.122 14.58 8.603
0.094 0.159 0.91 -10.328 13.824 6.137
0.063 0.139 0.93 -7.878 14.626 3.29
0.06 0.141 0.931 -8.115 16.718 0.893
0.061 0.131 0.919 -6.863 11.252 -0.466
0.073 0.128 0.926 -7.031 13.275 -1.885
0.078 0.138 0.927 -6.427 16.137 -4.855
0.054 0.136 0.925 -7.237 13.069 -6.595
0.122 0.159 0.887 -9.397 20.458 -9.275
0.063 0.165 0.909 -7.756 15.198 -5.702
0.052 0.153 0.907 -6.969 14.641 -3.794
0.028 0.125 0.896 -6.885 16.252 -6.153
0.013 0.141 0.897 -6.687 13.328 -6.26
0.027 0.163 0.889 -5.496 10.275 -7.275
0.042 0.16 0.903 -4.748 10.962 -9.183
0.038 0.153 0.902 -4.13 8.061 -3.779
0.042 0.143 0.904 -4.061 8.153 -1.924
0.022 0.13 0.938 -3.656 9.595 -2.954
0.033 0.101 0.92 -4.924 5.023 0.916
0.024 0.099 0.916 -6.42 4.695 0.473
0.016 0.098 0.915 -5.405 3.153 -2.084
0.027 0.108 0.898 -4.344 4.916 -5.145
0.032 0.129 0.908 -3.962 7.008 -4.305
0.006 0.157 0.933 -3.221 2.237 -0.412
0.03 0.15 0.906 -3.534 0.092 1.16
0.031 0.137 0.927 -4.115 -0.366 3.359
0.047 0.141 0.929 -5.435 -1.16 5.672
0.052 0.125 0.919 -7.542 -0.641 9.687
0.051 0.116 0.913 -8.313 2.374 8.618
0.039 0.1 0.9 -8.779 5.519 8.038
0.025 0.109 0.908 -8.901 4.16 9.985
0.018 0.108 0.903 -7.229 2.695 9.87
0.023 0.109 0.897 -4.229 1.557 8.313
0.019 0.123 0.917 -4.13 -0.366 6.137
0.043 0.12 0.933 -3.023 1.298 3.939
0.039 0.108 0.935 -4.679 0.84 4.947
0.044 0.113 0.937 -6.618 0.939 4.42
0.043 0.121 0.919 -7.794 2.626 1.954
0.06 0.133 0.935 -7.275 1.824 1.634
0.051 0.137 0.925 -6.962 0.924 2.947
0.048 0.132 0.906 -5.13 0.29 0.473
0.048 0.125 0.926 -5.046 -0.405 3.336
0.044 0.116 0.923 -5.26 -1.71 4.244
0.031 0.112 0.922 -5.779 1.641 1.191
0.028 0.099 0.919 -5.893 0.458 -0.55
0.034 0.122 0.917 -7.038 1.656 -2.115
0.043 0.117 0.938 -5.679 1.137 -2.405
0.048 0.127 0.922 -5.878 1.985 -1.84
0.051 0.147 0.92 -4.901 1.893 0.527
0.042 0.163 0.914 -3.985 2.176 1.191
0.058 0.145 0.908 -2.45 5.802 -0.031
0.021 0.133 0.91 -1.74 5.0 -0.42
0.026 0.118 0.911 -1.748 0.809 0.42
0.038 0.101 0.918 -2.939 3.26 -0.832
0.027 0.107 0.919 -4.252 4.466 -1.389
0.007 0.104 0.907 -4.527 7.099 -5.023
0.025 0.116 0.919 -4.511 3.214 -3.0
0.04 0.133 0.915 -2.084 2.031 -0.351
0.052 0.159 0.921 -1.908 3.718 -0.076
0.053 0.17 0.915 -1.672 3.763 1.573
0.042 0.144 0.929 -0.565 0.71 1.397
0.034 0.127 0.924 -0.542 -0.084 1.641
0.022 0.106 0.916 0.687 0.672 0.473
0.025 0.103 0.922 -0.336 1.473 0.924
0.022 0.094 0.931 -0.237 1.336 1.847
0.025 0.113 0.936 -1.305 0.939 1.855
0.099 0.149 0.893 -1.504 12.588 -1.534
0.034 0.178 0.924 -1.122 -0.176 0.817
0.033 0.152 0.927 0.718 -0.076 3.053
0.037 0.13 0.922 0.985 -2.076 5.84
0.011 0.109 0.912 1.191 -1.282 6.397
0.008 0.101 0.908 0.817 -0.015 3.473
0.14 0.075 0.789 8.878 10.595 12.427
-0.04 0.173 0.969 -2.595 -4.794 10.046
0.036 0.167 0.929 -1.977 1.405 3.252
0.031 0.135 0.898 -0.817 0.321 4.168
0.018 0.129 0.912 0.397 -1.84 5.931
0.027 0.068 0.812 9.733 -5.947 18.389
-0.004 0.176 0.975 4.603 2.282 6.305
0.035 0.091 0.885 -0.672 -2.405 3.954
0.031 0.147 0.913 -0.763 -3.527 7.786
0.032 0.138 0.914 -0.305 -0.557 6.405
0.03 0.131 0.917 0.069 0.321 6.29
0.031 0.131 0.917 0.504 -0.466 7.656
0.033 0.126 0.924 2.519 -1.58 8.092
0.039 0.113 0.917 3.191 -4.641 9.924
0.075 0.041 0.778 16.015 -2.893 14.405
0.043 0.153 0.981 6.626 -1.321 5.664
0.047 0.136 0.947 1.45 -1.023 4.824
0.031 0.135 0.926 4.389 -8.069 3.832
0.066 0.143 0.923 1.237 -2.733 1.29
0.042 0.135 0.938 1.313 -3.481 1.061
0.048 0.144 0.93 1.725 -5.664 0.824
0.048 0.137 0.935 -1.397 -4.038 2.847
0.029 0.137 0.931 -0.252 -6.817 1.504
0.07 0.148 0.936 -1.412 -2.252 2.107
0.062 0.155 0.937 -2.939 0.046 3.0
0.062 0.165 0.934 -3.725 0.931 3.863
0.061 0.156 0.936 -3.802 1.511 2.489
0.053 0.148 0.942 -3.962 2.031 3.366