0.028 0.075 0.958 -9.847 -0.351 5.718
0.05 0.063 0.924 -8.947 1.496 7.336
0.051 0.038 0.909 -5.336 -0.756 8.206
0.056 0.06 0.927 -4.115 -0.282 9.901
0.052 0.053 0.905 -2.847 1.71 5.763
0.045 0.046 0.912 0.473 -1.504 7.679
0.064 0.075 0.916 0.542 -0.298 4.672
0.064 0.107 0.931 5.435 -4.397 6.527
0.13 0.139 0.709 14.183 -16.405 25.328
0.067 0.121 1.005 -0.42 -9.336 8.122
0.057 0.132 1.001 -1.527 0.489 7.84
0.043 0.106 0.993 -1.641 -3.557 12.183
0.01 0.087 0.984 -4.977 -0.885 9.183
0.003 0.081 0.971 -7.137 -1.809 6.824
0.026 0.077 0.952 -9.214 0.832 3.893
0.06 0.09 0.92 -8.847 -0.13 4.366
0.085 0.087 0.922 -7.183 1.901 5.595
0.06 0.089 0.935 -6.382 -0.206 8.0
0.066 0.087 0.938 -5.725 -1.45 9.145
0.078 0.079 0.953 -8.504 -0.466 5.985
0.073 0.066 0.919 -9.229 1.649 4.374
0.098 0.062 0.913 -8.046 2.664 5.595
0.076 0.053 0.922 -6.725 2.878 5.038
0.058 0.047 0.927 -4.397 -0.046 5.023
0.052 0.047 0.938 -4.664 0.191 4.534
0.044 0.04 0.951 -5.977 -0.351 3.481
0.059 0.067 0.948 -6.893 2.115 1.435
0.069 0.061 0.923 -6.229 3.298 1.603
0.068 0.081 0.926 -4.855 2.954 1.229
0.085 0.07 0.913 -4.656 4.092 0.939
0.089 0.076 0.911 -5.198 5.641 0.847
0.078 0.1 0.94 -6.298 8.206 1.023
0.083 0.049 0.907 -7.496 9.504 -1.443
0.054 0.06 0.946 -7.962 8.855 0.229
0.052 0.033 0.946 -8.076 6.924 -2.473
0.048 0.002 0.9 -7.527 8.626 -5.802
0.04 0.02 0.893 -6.244 9.351 -5.885
0.069 0.032 0.917 -6.244 8.687 -6.641
0.071 0.065 0.899 -4.702 11.939 -9.038
0.081 0.061 0.922 -7.565 13.42 -8.641
0.106 -0.016 0.886 -1.74 18.611 -15.908
0.081 0.071 0.941 -4.847 10.015 -4.45
0.066 0.004 0.923 -4.382 8.176 -8.618
0.068 0.058 0.927 -3.099 4.229 -4.763
0.027 0.05 0.969 -2.824 0.336 -2.115
0.036 0.053 0.937 -5.084 0.168 -2.29
0.056 0.064 0.941 -6.901 0.275 -3.573
0.089 0.075 0.918 -6.901 3.611 -0.771
0.078 0.048 0.894 -6.634 0.878 1.473
0.077 0.054 0.919 -3.382 -2.618 2.244
0.078 0.055 0.955 -3.939 0.733 5.405
0.046 0.049 0.967 -6.214 1.229 5.626
0.041 0.028 0.978 -9.0 0.672 3.466
0.042 -0.015 0.936 -10.374 2.351 -1.588
0.057 0.023 0.933 -10.878 0.504 1.389
0.068 0.026 0.926 -8.802 1.176 5.985
0.073 0.012 0.896 -9.191 1.0 5.092
0.078 0.017 0.895 -5.748 -2.275 6.481
0.072 0.013 0.912 -4.099 -3.473 7.847
0.052 0.001 0.926 -3.275 -3.26 7.916
0.041 -0.008 0.94 -4.473 -3.176 5.611
0.059 -0.01 0.941 -6.298 -0.489 3.443
0.082 -0.005 0.922 -5.55 1.74 2.771
0.083 -0.0 0.9 -3.038 0.053 4.443
0.082 0.021 0.917 -0.427 -2.145 6.405
0.064 0.016 0.93 0.58 -3.603 6.695
0.052 0.029 0.969 -1.71 -4.901 5.214
0.067 0.018 0.938 -2.519 -2.954 4.473
0.085 0.043 0.937 -5.122 0.183 3.802
0.072 0.033 0.944 -4.557 2.137 4.71
0.064 0.031 0.946 -3.771 0.939 5.374
0.071 0.032 0.953 -4.992 1.573 4.817
0.053 0.011 0.944 -6.046 2.42 5.282
0.027 -0.009 0.945 -5.71 -0.443 4.557
0.021 -0.019 0.937 -5.26 -2.389 1.687
0.031 -0.026 0.932 -4.519 -2.924 -0.84
0.06 -0.02 0.916 -4.405 -1.725 -1.267
0.053 -0.011 0.931 -3.389 -1.977 -1.29
0.044 -0.02 0.96 -2.634 -4.298 -1.519
0.052 -0.018 0.943 -2.588 -5.481 -0.565
0.064 0.002 0.951 -3.191 -5.076 -1.725
0.093 0.003 0.924 -2.947 -3.901 0.137
0.119 0.019 0.902 -3.504 2.412 1.916
0.108 0.031 0.899 -0.519 -1.023 0.351
0.116 0.037 0.909 -0.527 -0.588 -0.015
0.106 0.036 0.899 -0.099 1.618 -0.374
0.089 0.034 0.911 0.336 0.473 -0.626
0.082 0.033 0.936 0.015 1.519 -0.992
0.082 0.045 0.939 -1.084 1.649 -1.397
0.092 0.054 0.933 -1.939 3.023 -1.466
0.09 0.058 0.929 -1.809 3.595 0.191
0.086 0.059 0.947 -2.153 4.687 2.763
0.069 0.044 0.955 -2.435 3.84 3.603
0.042 0.032 0.954 -2.687 2.924 3.847
0.022 0.015 0.943 -2.641 1.832 2.344
0.019 0.017 0.925 -0.214 -3.13 1.84
0.025 -0.004 0.934 -3.672 2.748 -1.076
0.067 0.038 0.907 -2.786 0.832 -5.366
0.107 0.05 0.896 -3.611 1.443 -4.817
0.1 0.074 0.897 -2.107 3.878 -2.427
0.094 0.054 0.919 -0.702 2.786 0.214
0.077 0.066 0.936 -0.405 2.863 1.046
0.073 0.052 0.944 -1.855 4.26 0.527
0.042 0.058 0.963 -3.496 5.679 1.954
0.032 0.034 0.955 -4.282 4.702 -0.87
0.037 0.035 0.953 -5.008 4.405 -2.427
0.052 0.028 0.926 -5.473 4.252 -2.985
0.073 0.037 0.901 -4.168 3.107 -1.366
0.07 0.027 0.906 -2.55 2.374 -0.679
0.062 0.031 0.914 -1.809 1.42 -0.802
0.054 0.026 0.926 -2.275 2.748 -2.046
0.059 0.019 0.917 -2.695 2.84 -2.611
0.078 0.039 0.915 -3.275 5.664 -2.603
0.074 0.083 0.932 -1.359 7.031 -1.611
0.062 0.056 0.954 -0.42 4.191 1.481
0.033 0.049 0.974 -1.382 1.496 2.0
0.028 0.03 0.955 -3.908 2.527 -1.092
0.026 0.027 0.943 -6.985 3.351 -3.794
0.073 0.023 0.921 -7.305 3.885 -5.26
0.112 0.051 0.906 -7.519 6.023 -3.756
0.115 0.053 0.897 -4.87 4.687 0.168
0.104 0.042 0.897 -2.824 3.191 4.092
0.067 0.024 0.919 -1.397 1.58 6.748
0.03 0.013 0.94 -1.939 0.504 5.183
0.012 -0.002 0.95 -4.099 0.473 1.817
0.021 -0.014 0.932 -5.534 1.565 -2.359
0.026 0.01 0.919 -5.802 1.733 -4.756
0.049 0.013 0.908 -5.031 0.847 -5.023
0.063 0.019 0.902 -4.031 0.427 -4.252
0.083 0.015 0.89 -3.847 0.565 -3.198
0.104 0.031 0.874 -3.573 3.015 -2.916
0.095 0.026 0.872 -2.092 3.55 -1.527
0.068 0.022 0.903 -1.191 0.603 -1.458
0.038 0.01 0.902 -1.878 1.046 -3.748
-0.004 -0.01 0.91 -3.565 -1.901 -7.527
-0.019 -0.031 0.901 -7.183 -5.656 -15.038
-0.045 -0.051 0.879 -12.267 -7.038 -24.763
-0.078 -0.087 0.856 -17.229 -11.87 -37.084
-0.086 -0.12 0.823 -22.588 -16.771 -47.305
-0.082 -0.154 0.757 -27.885 -18.588 -57.817
-0.036 -0.158 0.661 -31.794 -21.107 -67.282
-0.03 -0.136 0.619 -34.374 -26.397 -78.267
-0.013 -0.102 0.548 -38.771 -29.626 -86.214
-0.022 -0.083 0.47 -39.947 -31.145 -92.443
-0.009 -0.013 0.409 -41.664 -32.321 -98.977
-0.019 0.028 0.333 -39.443 -33.405 -96.275
-0.01 0.079 0.256 -35.672 -35.962 -92.473
-0.109 0.059 0.202 -31.931 -37.885 -83.656
-0.134 0.054 0.217 -26.664 -47.137 -81.824
-0.099 0.102 0.245 -24.466 -40.649 -76.45
-0.146 0.098 0.248 -25.893 -44.511 -73.649
-0.093 0.11 0.183 -30.191 -48.366 -76.313
0.053 0.18 0.045 -28.71 -41.649 -55.328
0.177 0.164 -0.071 -20.687 -39.336 -33.504
0.282 0.096 -0.161 -6.336 -42.321 -14.954
0.376 0.087 -0.224 13.145 -39.252 16.0
0.409 0.007 -0.241 32.786 -33.489 47.382
0.262 0.086 -0.071 37.519 -24.84 62.282
0.183 0.002 -0.024 29.168 0.229 49.359
-0.088 -0.041 0.061 19.565 -0.084 45.168
-0.101 -0.232 -0.092 11.908 16.168 34.191
-0.131 -0.374 0.22 -28.244 62.489 7.435
0.064 -0.358 0.003 -24.992 88.092 -29.885
0.318 -0.227 -0.134 4.779 77.939 -3.733
0.557 -0.29 -0.231 30.122 73.679 17.763
0.596 -0.182 -0.226 43.069 58.061 27.977
0.456 -0.319 -0.143 84.794 37.382 80.107
0.471 -0.219 0.377 63.87 77.55 59.863
0.179 0.003 0.397 96.878 125.573 37.275
0.294 -0.157 0.259 54.496 163.977 6.107
0.303 -0.245 0.39 -19.595 187.153 -36.092
0.763 -0.331 0.362 -27.382 209.061 -22.863
0.986 -0.6 -0.122 14.427 243.687 1.122
0.534 -0.289 0.108 22.687 211.87 24.511
0.19 -0.14 0.393 47.344 199.725 35.351
-0.848 0.29 0.458 19.733 72.473 58.405
-0.297 -1.668 -0.305 -159.382 -2.336 201.908
-0.369 0.844 1.643 -108.725 122.847 86.985
-0.132 0.74 1.277 -250.137 112.58 250.13
-0.115 0.414 0.858 -250.137 198.962 250.13
-0.288 -0.188 0.08 -250.137 216.542 250.13
-0.637 -0.706 0.066 -250.137 118.046 250.13
-0.784 -0.891 0.15 -92.931 54.191 215.351
-1.055 -0.227 1.675 26.74 22.824 125.786
-1.533 -0.254 1.08 65.969 13.58 133.924
-0.599 -0.184 1.211 69.023 116.962 196.145
-1.233 -0.333 1.376 -18.626 78.794 250.13
-0.676 0.191 1.492 25.092 156.756 183.13
-0.397 0.285 1.244 42.496 107.71 187.435
-0.292 0.438 1.2 66.824 15.656 216.962
-0.344 0.65 1.395 65.206 -50.435 236.824
-0.597 1.086 1.435 66.618 -58.26 250.13
-0.894 0.435 1.474 85.939 -61.924 250.13
-1.111 0.528 1.529 15.0 -73.802 250.13
-0.784 0.221 1.471 51.16 -83.962 250.13
-0.102 0.661 1.578 63.053 -75.0 210.214
0.016 0.482 1.49 98.756 -91.107 178.634
0.262 0.505 1.396 88.069 -86.969 128.397
0.361 0.881 1.61 -19.267 -93.55 150.863
0.321 0.622 1.506 -30.603 -68.389 181.969
0.531 1.251 1.611 -73.832 -48.794 187.122
0.593 0.332 1.268 -27.229 -11.45 189.504
0.685 1.56 1.63 -107.359 -20.855 178.87
0.502 1.321 1.278 -194.802 -10.458 237.992
0.028 1.246 1.336 -247.847 -46.153 150.42
-0.509 0.347 1.543 -136.328 -80.664 126.435
-0.835 1.303 1.902 -250.137 -82.069 45.16
-0.646 0.1 1.691 -250.137 -71.359 78.305
-0.556 0.102 1.922 -250.137 -79.718 91.191
-0.585 -0.895 2.0 -250.137 -45.901 30.008
-0.286 -1.069 2.0 -250.137 -41.649 9.427
-0.348 -0.892 2.0 -221.885 -75.779 7.344
-0.544 -1.019 2.0 -247.137 -77.229 -26.191
-0.008 -1.247 2.0 -213.435 -35.771 -19.16
0.031 -1.395 1.866 -148.023 -23.954 -19.71
-0.028 -0.753 1.749 -129.542 -34.863 -12.099
-0.2 -0.632 1.522 -195.412 -47.977 -26.634
-0.114 -0.723 1.258 -52.687 -69.053 34.794
-0.137 -0.751 1.164 -6.397 -63.336 18.115
-0.085 -0.615 1.168 -0.122 -57.374 16.153
-0.068 -0.763 1.103 -5.015 -47.985 23.847
0.024 -0.837 1.046 8.634 -44.847 45.053
0.111 -0.818 1.021 8.305 -46.511 48.336
0.177 -0.755 0.989 6.496 -45.084 43.183
0.226 -0.666 0.959 9.45 -48.771 30.344
0.2 -0.614 0.937 10.527 -38.84 1.794
0.057 -0.607 0.954 11.221 -33.206 -15.664
-0.039 -0.514 0.951 10.947 -36.511 -5.496
-0.023 -0.418 0.871 10.679 -33.366 4.756
-0.071 -0.361 0.911 14.237 -31.061 12.603
-0.031 -0.295 0.913 20.504 -24.695 10.13
0.022 -0.304 0.934 32.076 -21.656 4.16
0.072 -0.295 0.951 28.145 -15.435 -14.298
0.068 -0.358 0.924 19.13 -16.221 -28.702
0.015 -0.288 0.969 13.069 -21.985 -41.847
0.034 -0.271 0.926 7.473 -22.237 -40.427
0.049 -0.26 0.906 2.015 -25.634 -35.771
0.009 -0.288 0.93 3.198 -33.977 -26.74
0.034 -0.312 0.919 -0.115 -44.527 -15.389
0.074 -0.318 0.876 -4.443 -37.733 -7.954
0.036 -0.261 0.893 -6.321 -31.229 -1.847
0.07 -0.309 0.858 -6.092 -22.427 -4.794
0.139 -0.236 0.84 -7.458 -12.679 -0.534
0.129 -0.316 0.849 -8.267 -0.023 -18.885
0.132 -0.393 0.874 -8.069 1.435 -24.076
0.159 -0.396 0.871 -11.771 1.878 -25.557
0.201 -0.38 0.879 -12.641 5.42 -17.374
0.195 -0.343 0.862 -17.42 13.336 -8.29
0.173 -0.336 0.875 -22.328 13.435 -5.672
0.182 -0.365 0.848 -19.672 18.008 -1.962
0.163 -0.366 0.854 -35.458 24.061 -9.008
0.18 -0.412 0.826 -31.954 31.573 -14.374
0.175 -0.333 0.88 -30.481 34.298 -15.916
0.19 -0.305 0.853 -26.885 35.305 -14.046
0.219 -0.328 0.827 -32.198 44.748 -28.916
0.162 -0.443 0.845 -20.435 43.931 -39.939
0.178 -0.368 0.867 -16.756 40.885 -43.863
0.181 -0.428 0.818 -10.168 47.183 -46.26
0.153 -0.418 0.862 -6.58 44.847 -45.481
0.173 -0.445 0.866 -10.069 45.046 -45.26
0.191 -0.468 0.885 -8.908 45.809 -41.779
0.204 -0.519 0.877 -13.046 47.122 -46.336
0.202 -0.483 0.897 -19.405 42.878 -44.229
0.168 -0.496 0.901 -13.244 34.649 -32.779
0.145 -0.475 0.898 -19.374 38.58 -33.489
0.102 -0.496 0.883 -12.718 36.084 -32.802
0.058 -0.491 0.904 -5.282 32.16 -35.321
0.104 -0.469 0.872 -5.779 36.275 -39.947
0.093 -0.515 0.816 -9.069 46.107 -48.435
0.054 -0.511 0.862 -7.008 38.504 -46.458
0.097 -0.48 0.851 -8.542 35.496 -30.618
0.063 -0.479 0.851 -10.664 35.74 -18.145
0.079 -0.464 0.872 -12.55 33.809 -7.115
0.08 -0.448 0.856 -15.573 33.252 -14.427
0.063 -0.413 0.863 -14.206 25.015 -18.153
0.049 -0.361 0.865 -12.107 23.786 -20.092
0.048 -0.382 0.845 -11.634 23.626 -17.519
0.036 -0.41 0.867 -11.0 21.756 -20.244
0.033 -0.463 0.845 -9.969 18.282 -20.763
-0.001 -0.492 0.838 -10.481 18.0 -21.221
-0.028 -0.433 0.857 -12.084 14.107 -9.427
-0.009 -0.464 0.822 -13.725 11.366 -4.786
-0.004 -0.453 0.83 -14.824 18.725 -15.725
-0.002 -0.465 0.812 -16.496 16.595 -22.023
0.023 -0.378 0.86 -16.168 16.824 -16.053
0.043 -0.422 0.832 -19.84 20.122 -18.649
0.029 -0.397 0.843 -19.565 26.336 -20.267
0.012 -0.423 0.85 -17.931 20.244 -15.595
0.023 -0.435 0.836 -17.198 22.771 -14.947
0.021 -0.425 0.85 -16.84 16.031 -0.916
0.002 -0.468 0.842 -12.878 14.023 1.122
0.003 -0.449 0.83 -14.145 17.473 -8.649
-0.024 -0.447 0.836 -9.519 14.237 -4.718
0.009 -0.421 0.826 -8.618 15.84 4.809
-0.026 -0.444 0.843 -9.954 11.137 7.779
-0.01 -0.456 0.84 -8.489 7.893 8.679
-0.003 -0.427 0.838 -8.405 11.191 6.527
-0.02 -0.464 0.825 -5.534 7.931 4.29
-0.031 -0.482 0.841 -5.473 4.954 2.908
0.002 -0.45 0.837 -5.053 0.427 12.557
0.021 -0.447 0.84 -5.603 -2.237 16.13
0.023 -0.42 0.835 -5.313 -4.817 18.069
0.029 -0.409 0.837 -3.351 -6.13 16.191
0.032 -0.414 0.848 -1.626 -6.649 7.763
0.024 -0.437 0.85 0.244 -8.069 2.214
0.027 -0.459 0.851 -0.183 -12.092 9.191
0.012 -0.443 0.857 -0.664 -16.748 21.718
0.005 -0.479 0.856 0.389 -20.725 25.779
0.018 -0.48 0.847 2.084 -26.221 28.458
0.028 -0.464 0.845 2.641 -27.13 29.626
0.026 -0.487 0.843 2.924 -26.282 23.061
0.016 -0.486 0.863 4.443 -31.779 26.893
0.038 -0.465 0.848 3.45 -35.84 36.221
0.032 -0.448 0.858 2.305 -38.351 42.282
0.048 -0.432 0.852 2.427 -38.931 45.061
0.048 -0.412 0.852 2.519 -38.305 43.405
0.067 -0.439 0.847 4.435 -33.702 32.42
0.075 -0.442 0.835 6.885 -30.351 22.664
0.085 -0.417 0.829 6.733 -28.237 22.71
0.036 -0.457 0.845 3.405 -34.763 25.656
0.079 -0.438 0.833 6.916 -46.084 39.87
0.062 -0.454 0.828 4.824 -37.191 38.626
0.07 -0.445 0.825 6.13 -34.779 45.588
0.045 -0.42 0.861 4.985 -39.313 47.878
0.073 -0.381 0.831 5.252 -37.649 39.351
0.036 -0.426 0.854 7.038 -37.145 32.557
0.079 -0.413 0.838 6.962 -34.847 35.611
0.084 -0.448 0.838 4.519 -30.336 37.527
0.187 -0.409 0.813 2.511 -33.099 50.802
0.136 -0.429 0.841 -0.802 -22.87 45.84
0.137 -0.44 0.848 -0.908 -14.527 32.58
0.121 -0.449 0.843 -0.71 -10.992 22.924
0.101 -0.463 0.852 -1.969 -11.733 18.634
0.059 -0.444 0.856 -2.511 -15.137 23.916
0.065 -0.457 0.842 -3.267 -15.366 23.847
0.05 -0.458 0.85 -3.603 -13.626 20.145
0.056 -0.441 0.841 -1.977 -12.351 21.29
0.053 -0.435 0.836 -2.359 -7.473 19.931
0.045 -0.441 0.855 -2.137 -6.565 17.16
0.052 -0.435 0.848 -1.0 -5.176 17.901
0.073 -0.412 0.854 -0.153 -3.061 19.336
0.088 -0.401 0.849 0.107 -3.359 19.344
0.101 -0.379 0.853 0.58 -4.71 16.664
0.115 -0.401 0.835 0.595 1.061 4.374
0.075 -0.408 0.851 0.252 0.382 -4.145
0.073 -0.441 0.849 -0.137 -0.45 -3.344
0.07 -0.443 0.859 0.359 -0.771 3.198
0.073 -0.441 0.836 0.679 -0.16 6.42
0.069 -0.431 0.847 0.565 1.603 3.702
0.057 -0.443 0.845 1.122 2.435 0.458
0.066 -0.433 0.845 1.321 2.145 -0.153
0.063 -0.442 0.858 2.489 3.901 -2.496
0.083 -0.436 0.848 -0.267 6.29 -4.733
0.086 -0.428 0.845 -0.58 7.26 -3.252
0.098 -0.423 0.848 -1.916 9.405 -5.305
0.09 -0.432 0.861 -2.527 9.26 -6.29
0.083 -0.444 0.863 -2.992 8.985 -6.55
0.066 -0.429 0.851 -4.168 7.985 -3.84
0.059 -0.422 0.84 -5.023 7.695 -1.008
0.071 -0.413 0.849 -4.771 8.26 -1.977
0.074 -0.433 0.841 -4.229 9.229 -7.023
0.082 -0.436 0.84 -4.015 10.55 -9.42
0.07 -0.448 0.852 -4.115 10.069 -8.183
0.074 -0.452 0.847 -5.992 12.969 -14.748
0.066 -0.448 0.842 -6.565 14.55 -16.115
0.058 -0.44 0.844 -8.061 16.084 -16.305
0.058 -0.437 0.852 -9.481 20.496 -16.74
0.06 -0.429 0.847 -10.504 20.618 -16.847
0.062 -0.426 0.854 -11.534 21.763 -18.695
0.08 -0.426 0.855 -12.214 24.206 -23.557
0.096 -0.429 0.839 -11.84 26.412 -29.115
0.088 -0.441 0.851 -11.565 30.405 -34.794
0.064 -0.446 0.864 -11.901 28.534 -28.275
0.066 -0.455 0.85 -13.313 28.374 -18.718
0.081 -0.425 0.848 -15.969 30.58 -12.26
0.06 -0.426 0.864 -15.557 30.405 -13.947
0.078 -0.476 0.816 -15.588 34.519 -23.626
0.042 -0.453 0.856 -13.702 30.015 -24.382
0.012 -0.457 0.835 -13.42 29.565 -23.031
-0.009 -0.457 0.852 -11.855 25.275 -16.649
-0.016 -0.435 0.844 -12.771 25.992 -13.443
-0.013 -0.448 0.836 -12.947 21.985 -11.221
0.02 -0.446 0.835 -11.924 22.053 -14.733
0.031 -0.431 0.837 -10.351 23.87 -15.947
0.031 -0.444 0.842 -7.901 20.641 -14.855
0.025 -0.458 0.852 -7.282 17.87 -16.947
0.029 -0.443 0.831 -8.397 18.29 -17.221
0.001 -0.451 0.848 -6.794 14.588 -15.366
0.005 -0.451 0.83 -5.496 12.13 -13.038
-0.0 -0.453 0.829 -4.435 11.565 -9.13
-0.02 -0.46 0.827 -3.466 11.718 -9.924
-0.013 -0.465 0.843 -3.229 8.847 -6.794
-0.017 -0.47 0.834 -3.847 5.962 -0.817
-0.006 -0.469 0.835 -3.038 3.931 1.718
0.026 -0.467 0.832 -1.496 3.305 -0.702
0.033 -0.462 0.841 -1.16 2.183 -5.534
0.02 -0.473 0.846 -0.084 -0.191 -3.481
0.027 -0.46 0.84 0.954 -1.855 1.817
0.024 -0.456 0.83 1.771 -2.069 -0.458
0.003 -0.455 0.829 2.779 -2.603 -4.527