0.134 -0.029 0.934 -2.84 1.763 -1.046
0.149 -0.016 0.927 -3.206 1.008 -1.069
0.159 -0.02 0.913 -2.573 2.542 0.885
0.148 -0.024 0.909 -0.153 1.031 2.931
0.149 -0.01 0.914 1.16 -0.244 4.481
0.146 -0.006 0.92 0.267 1.504 5.351
0.13 -0.023 0.939 -0.916 2.359 5.145
0.126 -0.02 0.936 -1.992 2.695 3.779
0.119 -0.032 0.932 -2.756 3.099 2.611
0.102 -0.027 0.94 -3.038 2.527 1.221
0.101 -0.031 0.951 -2.634 0.504 1.221
0.107 -0.029 0.946 -1.809 -2.282 0.985
0.13 -0.018 0.935 -2.176 -3.008 1.321
0.134 -0.029 0.922 -3.053 -0.947 1.962
0.159 -0.029 0.917 -3.198 0.099 2.153
0.137 -0.04 0.9 -2.412 2.847 2.695
0.1 -0.047 0.925 -0.031 0.26 2.389
0.115 -0.016 0.95 -0.489 -1.252 1.611
0.13 -0.002 0.974 -2.809 0.802 1.611
0.14 -0.011 0.947 -5.008 0.969 1.534
0.145 -0.032 0.926 -4.916 2.366 2.115
0.148 -0.046 0.909 -3.794 2.191 2.985
0.136 -0.051 0.91 -2.405 2.863 3.725
0.107 -0.057 0.917 -0.71 -0.115 2.565
0.133 -0.042 0.916 -0.87 1.092 0.985
0.134 -0.037 0.925 -1.16 2.87 -0.023
0.144 -0.024 0.916 -0.817 0.924 0.336
0.142 -0.012 0.928 -0.618 2.313 1.275
0.128 -0.028 0.929 0.13 1.481 2.664
0.124 -0.031 0.95 -0.015 0.557 3.321
0.117 -0.046 0.939 -0.725 1.374 3.366
0.133 -0.03 0.921 -1.115 1.664 1.618
0.135 -0.033 0.925 -1.58 2.802 1.298
0.14 -0.021 0.924 -1.802 4.145 1.046
0.12 -0.036 0.929 -0.382 2.908 2.252
0.119 -0.025 0.939 0.55 0.809 2.649
0.114 -0.034 0.945 0.748 1.527 3.176
0.102 -0.045 0.956 -0.092 0.725 1.931
0.105 -0.042 0.95 -1.107 2.015 0.366
0.101 -0.048 0.933 -0.74 2.191 -0.84
0.121 -0.021 0.933 0.191 1.588 -1.198
0.131 -0.003 0.939 0.878 1.244 -0.458
0.118 0.014 0.954 1.053 1.618 1.26
0.109 0.013 0.978 0.26 0.412 2.092
0.093 -0.003 0.981 -1.748 0.534 2.061
0.099 -0.01 0.981 -4.099 -0.565 0.244
0.127 -0.015 0.937 -5.702 -0.16 -1.0
0.135 -0.017 0.907 -4.901 2.038 -0.382
0.118 -0.01 0.916 -1.855 0.748 0.885
0.12 -0.004 0.933 -0.115 -0.931 2.305
0.119 0.0 0.955 -1.565 0.527 2.237
0.112 -0.014 0.966 -3.611 0.794 2.214
0.124 -0.033 0.945 -5.466 2.046 1.588
0.114 -0.047 0.933 -5.939 2.527 0.939
0.127 -0.056 0.92 -4.885 3.076 0.748
0.129 -0.053 0.899 -3.885 4.511 1.374
0.133 -0.043 0.894 -1.931 2.863 1.214
0.151 -0.031 0.9 0.214 2.412 1.863
0.139 -0.025 0.911 1.885 0.809 2.656
0.139 -0.026 0.923 2.985 0.237 3.267
0.105 -0.031 0.942 2.42 0.58 2.664
0.099 -0.027 0.954 0.275 1.069 1.145
0.098 -0.028 0.963 -1.26 0.87 -0.42
0.097 -0.02 0.942 -2.71 2.305 -1.176
0.103 -0.009 0.938 -2.397 0.023 -0.985
0.129 0.003 0.926 -1.901 -1.878 -0.527
0.142 0.0 0.932 -2.473 -0.031 0.939
0.132 -0.017 0.916 -1.954 1.084 2.29
0.126 -0.02 0.924 -1.328 0.702 2.176
0.104 -0.024 0.95 -0.954 -0.344 2.115
0.099 -0.027 0.958 -1.847 -1.107 0.664
0.105 -0.033 0.941 -3.344 -1.229 -0.908
0.126 -0.038 0.93 -4.214 0.466 -1.435
0.139 -0.036 0.892 -3.214 1.992 -1.336
0.136 -0.03 0.904 -0.328 1.824 0.214
0.132 -0.006 0.918 1.992 0.969 1.298
0.103 -0.007 0.96 2.298 0.87 2.55
0.086 -0.008 0.972 0.954 -0.901 1.626
0.096 -0.005 0.967 -2.29 0.496 -0.573
0.097 -0.017 0.952 -5.084 1.092 -2.573
0.132 -0.02 0.916 -5.962 1.595 -4.366
0.132 -0.008 0.895 -4.282 2.267 -2.969
0.143 -0.006 0.901 -0.58 -0.641 -0.947
0.141 0.003 0.91 0.756 -0.786 1.252
0.112 -0.013 0.92 0.427 -1.443 0.672
0.126 -0.016 0.91 -1.771 0.74 -1.084
0.13 -0.033 0.898 -4.046 4.092 -3.389
0.136 -0.036 0.876 -3.519 2.382 -5.771
0.171 -0.021 0.852 -2.527 2.015 -6.336
0.186 -0.016 0.828 -2.214 3.489 -5.824
0.167 -0.015 0.832 -1.809 2.504 -6.191
0.162 -0.03 0.826 -1.649 0.786 -8.229
0.098 -0.054 0.834 -3.313 -0.908 -13.046
0.05 -0.08 0.865 -8.198 -3.939 -20.466
0.019 -0.116 0.85 -14.802 -3.832 -29.725
-0.037 -0.176 0.833 -21.885 -8.214 -42.405
-0.049 -0.209 0.763 -28.908 -12.672 -52.916
0.009 -0.204 0.654 -33.924 -10.275 -57.275
0.025 -0.208 0.558 -43.076 -13.977 -77.809
0.066 -0.168 0.414 -45.435 -10.947 -92.885
0.109 -0.128 0.336 -43.435 -18.412 -99.634
0.185 -0.068 0.252 -37.046 -20.153 -95.58
0.26 -0.0 0.223 -28.206 -17.008 -82.733
0.27 0.052 0.16 -16.145 -19.664 -65.29
0.335 0.123 0.114 -3.725 -22.565 -37.733
0.292 0.162 0.088 11.489 -26.061 -9.565
0.232 0.151 0.041 24.168 -36.809 26.076
0.171 0.099 0.073 27.847 -48.962 43.42
0.057 0.07 0.064 29.008 -46.16 51.534
0.035 0.031 0.044 23.534 -35.504 64.511
-0.166 -0.015 0.201 9.733 -32.618 46.084
-0.223 -0.062 0.212 -6.969 -25.412 34.847
-0.21 -0.046 0.172 -21.038 -21.29 28.237
-0.086 -0.046 0.087 -32.153 -15.725 24.321
0.044 -0.111 -0.03 -35.725 -9.817 24.168
0.184 -0.229 -0.15 -33.069 2.969 26.389
0.09 -0.176 -0.102 -30.45 12.511 20.626
0.062 0.023 -0.136 8.557 -15.405 71.038
0.104 -0.175 -0.049 -22.573 -8.137 42.893
0.353 -0.05 -0.065 -12.527 10.718 95.977
0.185 -0.37 0.202 -14.626 9.84 106.13
0.197 -0.279 0.058 -9.519 34.374 121.29
-0.02 -0.63 0.069 51.29 44.611 108.893
-0.297 -0.496 0.141 67.649 46.924 62.481
-0.154 -0.606 0.269 65.344 50.061 62.954
-0.135 -0.391 0.338 25.496 30.939 100.351
0.077 -0.521 0.335 47.824 49.298 105.275
0.189 -0.441 0.329 60.969 71.053 111.427
0.125 -0.539 0.354 66.786 66.71 116.885
0.156 -0.623 0.145 68.466 97.206 124.55
-0.053 -0.337 0.13 61.863 93.412 120.901
-0.228 -0.559 0.363 -4.137 64.336 46.542
-0.207 -0.358 0.274 12.504 59.45 -24.954
-0.147 0.002 0.288 -3.458 38.771 -51.29
-0.085 0.149 0.565 -15.786 54.954 -53.832
0.115 -0.061 0.244 106.847 -30.58 -135.45
0.268 0.625 0.692 140.252 22.458 -73.733
0.676 1.065 0.619 -19.267 250.13 -29.237
-0.526 -0.581 0.51 24.962 158.053 -6.389
-1.225 -0.121 1.239 99.29 124.595 -29.481
-0.935 -0.323 0.796 43.0 85.16 -147.74
-0.966 0.304 1.238 53.504 3.763 -217.267
-0.306 -0.005 0.743 -47.84 0.473 -203.504
-0.64 1.263 2.0 81.183 -15.679 -247.939
0.256 1.699 2.0 -28.603 -18.168 -155.756
0.179 1.653 2.0 -60.901 6.885 -16.466
0.594 1.009 2.0 33.473 1.626 156.878
0.715 0.806 1.909 64.863 179.489 129.733
0.296 0.852 1.59 101.267 167.817 165.802
0.229 0.763 1.423 136.122 130.893 206.473
-0.278 0.285 0.606 137.878 104.771 174.031
-0.47 0.573 1.46 134.115 82.397 213.656
-0.063 0.188 1.649 70.519 39.275 84.214
-0.528 0.305 2.0 -4.427 5.511 20.374
0.025 0.231 2.0 37.321 113.038 -18.214
-0.237 0.504 2.0 -17.015 113.015 -65.13
-0.372 0.787 1.447 87.679 81.13 -4.588
-0.564 1.01 1.311 111.573 29.611 18.168
-0.568 1.571 1.945 -61.336 -85.626 55.756
-0.944 1.239 1.569 -101.908 -155.58 11.55
-0.884 1.523 1.884 -202.527 -250.137 7.298
-0.546 0.821 1.941 -250.137 -250.137 -0.542
-0.227 0.66 2.0 -250.137 -250.137 83.954
0.112 0.518 1.968 -250.137 -242.992 152.534
-0.352 1.237 2.0 -193.374 -89.786 198.908
1.042 0.711 1.809 -232.13 91.511 250.13
-0.394 1.547 1.635 -176.275 -21.206 186.344
0.401 -0.229 2.0 -218.939 -95.244 145.939
0.047 -0.831 1.533 -68.053 -86.656 124.122
0.19 -0.719 1.571 11.74 -81.023 134.359
0.083 -1.071 1.38 48.733 -33.489 141.809
0.107 -0.994 1.232 43.74 -27.305 137.366
0.029 -0.732 1.179 20.16 -35.313 75.695
0.173 -0.886 1.109 11.305 -58.26 -28.008
0.317 -0.877 1.193 14.847 -70.366 -36.298
-0.323 -0.269 2.0 -89.412 -93.015 -181.176
0.547 -0.383 0.907 -66.802 -66.252 -70.031
0.413 0.066 1.364 -115.382 -74.092 -78.832
0.237 -0.074 0.781 -30.275 -58.237 -77.725
0.207 0.115 0.875 -20.695 -44.374 -52.061
-0.132 0.039 0.939 15.237 -41.099 -109.282
0.145 -0.062 0.799 38.954 -39.244 -90.183
-0.327 -0.161 0.601 130.557 -24.359 -199.863
-0.067 -0.477 0.776 250.13 -23.939 -250.137
0.484 0.646 0.843 202.107 -39.489 -134.107
0.289 0.082 0.969 58.84 -5.649 50.038
0.167 -0.104 0.965 85.008 -10.878 60.473
0.143 -0.186 0.98 89.504 -23.076 18.824
0.169 -0.25 0.949 96.962 -25.298 -49.366
0.5 0.34 1.217 49.397 -12.885 -28.511
0.294 -0.185 1.092 9.947 -0.298 -40.206
0.292 -0.094 1.052 6.252 -3.321 -39.008
0.224 0.008 0.969 -3.191 2.718 -41.481
0.119 0.017 0.808 4.168 -3.405 -45.168
0.124 0.073 0.819 18.191 -6.076 -34.626
0.033 -0.092 0.804 42.427 -13.305 -88.443
0.44 0.366 0.992 76.221 -28.802 -87.863
0.392 0.095 0.928 51.679 -2.595 -50.023
0.376 0.108 0.97 52.412 5.588 -11.221
0.292 0.093 0.932 46.908 7.405 -6.389
0.35 0.233 0.977 18.809 16.183 7.168
0.327 0.085 0.938 3.031 18.756 16.336
0.337 0.082 0.944 -3.374 15.641 6.695
0.342 0.069 0.944 -7.084 18.458 2.863
0.348 0.094 0.939 -9.985 19.015 0.695
0.373 0.031 0.827 -17.954 20.038 -10.672
0.337 0.131 0.89 -15.87 18.985 -2.405
0.296 0.151 0.876 -25.656 19.977 -12.244
0.311 0.154 0.932 -39.107 21.695 -19.55
0.347 0.119 0.951 -41.405 20.473 -18.519
0.359 0.079 0.953 -41.275 19.366 -11.031
0.357 0.095 0.911 -25.519 19.206 7.618
0.326 0.077 0.899 -26.527 19.344 12.672
0.248 0.105 0.888 -36.374 14.534 0.641
0.239 0.075 0.874 -30.229 10.824 -5.664
0.224 0.063 0.902 -30.336 5.412 -8.962
0.222 0.065 0.9 -33.16 2.435 -10.573
0.196 0.065 0.881 -29.466 -0.481 -15.786
0.161 0.077 0.878 -30.641 -2.679 -19.557
0.185 0.052 0.852 -22.809 -2.275 -13.649
0.197 0.016 0.883 -8.855 -1.435 2.26
0.198 0.001 0.92 -13.176 -0.16 1.916
0.196 0.026 0.91 -22.725 1.405 -3.366
0.207 0.018 0.887 -24.191 0.519 -3.611
0.189 0.033 0.9 -28.763 0.588 -6.511
0.192 0.018 0.906 -24.237 -0.321 -13.0
0.21 0.014 0.884 -18.122 -4.802 -39.534
0.234 0.034 0.918 -12.664 -14.939 -121.779
0.321 0.251 0.917 -20.687 -10.969 -19.366
0.192 -0.05 0.934 -33.191 -8.137 -31.084
0.196 -0.157 0.876 -18.885 -17.122 -87.45
0.351 0.274 0.879 -9.786 -17.542 -117.26
0.291 0.025 0.926 -25.511 0.366 -0.626
0.281 0.023 0.899 -29.489 6.191 -6.038
0.176 -0.062 0.958 -38.336 -2.786 -44.71
0.302 -0.006 0.932 -25.855 -7.519 -48.321
0.362 0.02 0.931 -29.87 -5.069 -18.252
0.357 -0.026 0.911 -35.977 -2.443 -17.115
0.299 -0.052 0.929 -38.565 -4.092 -18.275
0.02 0.094 0.896 -22.359 -14.298 -119.427
0.192 0.082 0.916 -32.069 -6.855 -13.573
0.282 0.025 0.923 -47.176 -2.954 -29.275
0.254 0.034 0.933 -37.542 -7.786 -23.412
0.306 0.019 0.935 -46.916 -5.481 -27.038
0.364 0.001 0.889 -30.695 -4.046 -14.557
0.344 -0.016 0.867 -34.298 -2.656 -15.313
0.32 -0.047 0.892 -42.168 3.916 -16.061
0.259 -0.075 0.914 -22.824 4.382 -1.756
0.23 -0.067 0.92 -15.153 6.229 4.992
0.306 -0.047 0.865 -13.42 8.359 6.931
0.249 -0.047 0.922 -29.092 3.389 -7.679
0.217 -0.047 0.887 -10.229 2.344 -0.58
0.23 -0.019 0.911 -14.885 2.702 -2.924
0.234 0.073 0.903 -9.611 4.046 3.313
0.207 0.018 0.918 -22.198 3.672 -13.573
0.168 -0.001 0.891 -15.198 3.893 -6.649
0.201 -0.001 0.889 -12.763 3.481 -6.382
0.242 0.03 0.926 -25.252 4.092 2.328
0.216 -0.001 0.894 -2.122 5.527 4.977
0.212 -0.011 0.904 -3.16 4.916 4.359
0.222 -0.042 0.913 1.313 5.137 6.107
0.261 -0.058 0.908 3.053 5.824 7.42
0.262 -0.076 0.923 3.16 5.954 8.237
0.271 -0.058 0.932 4.863 4.817 10.412
0.246 -0.044 0.934 3.748 2.603 8.771
0.25 -0.053 0.914 3.84 1.534 8.603
0.256 -0.065 0.92 4.855 3.061 7.649
0.251 -0.04 0.907 9.015 3.206 13.802
0.254 -0.034 0.914 7.489 2.565 11.107
0.263 -0.035 0.905 5.962 2.198 10.198
0.263 -0.035 0.923 6.206 2.802 16.763
0.261 -0.038 0.912 8.13 2.221 19.878
0.223 -0.025 0.915 5.977 0.771 16.038
0.224 -0.035 0.901 7.763 0.29 15.229
0.219 -0.049 0.923 11.313 -0.702 2.977
0.257 -0.062 0.908 5.603 -0.076 8.779
0.26 -0.071 0.933 4.45 -0.595 10.45
0.274 -0.063 0.919 5.496 0.298 14.969
0.135 -0.25 0.912 25.099 -2.969 -28.565
0.252 0.102 0.939 14.435 0.45 18.992
0.203 -0.033 0.899 10.802 0.511 15.725
0.234 -0.02 0.907 16.031 1.282 18.969
0.268 0.03 0.921 53.366 -4.626 -44.969
0.256 0.033 0.941 14.244 2.038 1.748
0.249 -0.04 0.926 12.321 1.878 15.099
0.249 -0.033 0.915 12.023 -0.038 16.985
0.221 -0.225 0.925 23.878 -2.924 -23.092
0.258 0.007 0.94 8.878 -1.42 13.794
0.245 -0.014 0.917 4.031 -1.45 9.74
0.254 -0.014 0.917 5.641 -1.679 13.122
0.236 -0.004 0.905 9.679 -1.206 18.145
0.094 -0.467 0.922 32.038 -4.901 -45.87
0.29 0.213 0.933 48.214 -4.16 -23.954
0.276 0.105 0.907 5.42 5.008 21.153
0.228 0.031 0.909 8.0 -0.244 12.634
0.234 0.036 0.909 3.725 -0.061 11.443
0.233 0.034 0.897 -0.145 1.573 7.496
0.232 0.039 0.894 -1.794 1.382 7.954
0.251 0.02 0.896 0.733 2.771 10.344
0.283 0.008 0.885 12.107 4.038 21.397
0.183 -0.126 0.865 37.26 -0.557 -30.122
0.264 0.13 0.911 31.168 -0.817 -14.389
0.215 0.052 0.933 7.328 3.802 18.435
0.234 0.038 0.902 6.344 4.145 16.282
0.22 0.039 0.906 9.458 5.84 22.626
0.209 0.056 0.909 2.939 6.351 15.802
0.233 0.055 0.89 5.809 5.985 16.878
0.17 -0.201 0.882 28.962 4.565 -17.771
0.207 -0.015 0.933 34.069 1.26 -19.046
0.297 0.073 0.927 21.443 5.435 -7.756
0.295 0.035 0.9 13.023 6.389 23.252
0.26 0.066 0.917 6.656 5.023 15.634
0.264 0.081 0.916 2.863 4.802 14.252
0.234 -0.26 0.87 41.756 1.328 -22.305
0.248 0.099 0.925 32.137 1.137 -10.344
0.305 0.248 0.933 13.267 7.71 21.008
0.262 0.047 0.876 22.908 6.748 25.328
0.198 -0.006 0.902 41.748 2.244 -29.847
0.282 0.232 0.937 14.191 5.412 3.672
0.239 0.057 0.921 1.771 7.435 9.55
0.239 0.073 0.937 1.267 4.374 8.595
0.241 0.064 0.916 1.145 4.344 7.053
0.237 0.06 0.906 1.382 4.748 8.977
0.229 0.076 0.903 -0.122 4.405 8.443
0.238 0.056 0.912 4.313 6.489 6.679
0.266 0.137 0.896 31.107 4.191 -10.084
0.243 0.116 0.908 -1.0 6.771 5.947
0.233 0.078 0.906 1.237 3.771 6.038
0.23 0.093 0.9 -2.916 2.916 2.038
0.217 0.069 0.91 -5.153 2.282 1.191
0.211 0.052 0.92 -7.031 1.038 -0.321
0.225 0.068 0.92 -8.954 1.695 -0.176
0.24 0.054 0.917 -9.573 1.687 -2.55
0.227 0.081 0.905 -9.908 0.84 -2.191
0.225 0.094 0.906 -11.321 -0.504 -4.198
0.229 0.098 0.906 -12.588 -1.0 -4.458
0.231 0.096 0.891 -12.183 -0.267 -4.496
0.239 0.1 0.916 -12.618 -0.878 -3.122
0.247 0.092 0.918 -13.847 0.069 -3.87
0.232 0.071 0.907 -16.061 -1.87 -6.542
0.211 0.102 0.903 -21.458 -0.137 -9.641
0.212 0.061 0.904 -21.053 -1.183 -12.023
0.231 0.06 0.909 -23.374 -0.374 -10.962
0.239 0.07 0.91 -19.183 0.168 -9.336
0.251 0.058 0.907 -22.947 -1.908 -14.511
0.253 0.059 0.922 -23.206 -4.473 -16.198
0.25 0.059 0.909 -23.527 -5.878 -13.427
0.247 0.064 0.888 -23.145 -4.916 -11.656
0.225 0.058 0.874 -19.962 -3.061 -8.557
0.215 0.053 0.914 -25.252 -2.168 -15.13
0.229 0.039 0.92 -19.931 -2.191 -9.275
0.25 0.067 0.922 -22.221 -0.779 -9.282
0.251 0.053 0.912 -25.26 -0.542 -10.573
0.235 0.026 0.906 -14.153 -0.489 -3.313
0.241 0.048 0.913 -20.618 -1.779 -8.687
0.223 0.053 0.92 -16.427 -2.992 -10.443
0.221 0.047 0.91 -21.374 -4.13 -16.099
0.232 0.043 0.905 -12.901 -3.13 -9.214
0.225 0.041 0.911 -17.008 -3.618 -12.656
0.245 0.038 0.919 -11.679 -1.824 -6.901
0.254 0.038 0.911 -11.473 -1.565 -4.992
0.261 0.023 0.912 -6.641 -0.878 -0.015
0.253 0.02 0.917 -5.527 -1.183 1.504
0.252 0.021 0.916 -5.336 0.389 0.786
0.257 0.025 0.909 -3.794 0.954 3.023
0.227 0.02 0.905 -3.374 0.611 1.71
0.228 0.027 0.906 -3.42 -0.198 1.038
0.246 0.034 0.906 -2.641 0.71 2.748
0.223 0.047 0.892 -2.588 0.962 3.183
0.219 0.05 0.897 -2.389 1.679 3.924
0.216 0.04 0.886 -1.206 2.42 6.061
0.224 0.031 0.905 -1.221 3.122 7.107
0.229 0.031 0.904 -0.656 3.969 6.237
0.241 0.023 0.914 -0.031 4.725 5.824
0.229 0.014 0.91 1.802 4.008 4.954
0.237 0.021 0.909 0.649 2.435 2.534
0.26 0.02 0.917 0.718 1.87 2.45
0.26 0.009 0.921 0.359 2.069 2.603
0.265 -0.003 0.926 0.74 2.183 4.656
0.258 0.007 0.918 1.374 2.191 6.557
0.239 0.029 0.929 0.122 1.282 5.794
0.243 0.024 0.912 2.16 1.969 8.031
0.224 0.025 0.905 2.267 2.87 8.061
0.208 0.048 0.906 1.206 2.473 5.824
0.213 0.039 0.896 3.336 1.71 4.962
0.228 0.038 0.9 1.771 2.519 5.008
0.22 0.043 0.908 3.298 2.321 5.855
0.233 0.036 0.899 4.115 2.046 6.305
0.254 0.028 0.896 3.618 1.641 7.573
0.259 0.022 0.914 3.718 2.718 8.992
0.253 0.041 0.918 3.176 1.275 6.618
0.241 0.043 0.915 2.107 0.015 5.573
0.235 0.047 0.906 0.924 -0.489 4.298
0.228 0.043 0.91 0.672 0.076 3.87
0.225 0.051 0.913 1.206 -0.626 3.168
0.224 0.052 0.913 1.718 -0.412 3.305
0.237 0.043 0.911 2.687 0.481 5.901
0.243 0.042 0.919 4.069 1.977 9.557
0.239 0.043 0.916 6.191 1.634 10.359
0.228 0.033 0.921 3.29 0.336 7.519