0.06 -0.244 0.917 3.511 7.893 -4.015
0.049 -0.273 0.919 5.634 5.504 -2.817
0.021 -0.263 0.917 5.16 3.328 -3.565
0.055 -0.261 0.921 3.55 5.435 -3.916
0.065 -0.25 0.925 1.206 6.908 -3.565
0.061 -0.221 0.917 0.145 8.427 -2.466
0.068 -0.222 0.926 0.435 8.802 -1.473
0.07 -0.218 0.926 2.664 3.901 -0.198
0.051 -0.217 0.943 2.931 -0.695 -0.634
0.055 -0.225 0.941 0.679 -0.458 -1.656
0.056 -0.231 0.912 -1.664 2.29 -3.153
0.054 -0.229 0.901 -2.588 5.206 -2.511
0.052 -0.234 0.911 -1.008 4.893 -1.916
0.056 -0.231 0.919 0.824 3.198 -0.504
0.06 -0.229 0.925 0.58 3.0 0.26
0.044 -0.238 0.92 0.29 4.718 0.29
0.042 -0.243 0.927 2.168 -0.107 -0.588
0.052 -0.234 0.92 3.748 1.893 2.084
0.041 -0.239 0.928 4.687 4.374 1.779
0.012 -0.24 0.938 4.015 5.618 0.519
0.01 -0.218 0.969 1.496 6.756 -0.214
0.031 -0.192 0.98 0.405 3.885 -2.626
0.033 -0.166 0.994 -1.084 3.046 -1.55
0.045 -0.169 0.999 -1.771 -0.71 -0.275
0.05 -0.169 0.981 -2.641 -1.84 3.71
0.023 -0.196 0.967 -2.16 -2.061 3.786
-0.01 -0.223 0.953 -1.733 -4.008 1.26
-0.039 -0.259 0.932 -3.023 -2.672 -1.527
-0.023 -0.269 0.932 -4.588 -1.0 -5.847
0.014 -0.261 0.902 -4.695 2.038 -6.748
0.052 -0.233 0.909 -3.328 4.695 -6.557
0.072 -0.228 0.893 0.099 4.756 -5.305
0.05 -0.206 0.91 2.908 3.496 -2.382
0.047 -0.188 0.952 2.092 2.107 -0.916
0.015 -0.204 0.97 0.206 0.008 -0.679
0.029 -0.2 0.955 -1.412 -1.855 -3.176
0.06 -0.205 0.925 -1.603 2.015 -1.053
0.042 -0.198 0.909 0.0 2.84 -0.359
0.044 -0.206 0.915 2.969 1.992 1.595
0.023 -0.192 0.934 3.748 1.809 3.198
-0.001 -0.213 0.948 2.58 0.328 2.611
0.006 -0.212 0.951 0.908 1.405 1.878
-0.011 -0.23 0.939 -0.588 1.908 -0.298
0.021 -0.23 0.928 -0.168 0.359 -2.374
0.038 -0.217 0.911 0.893 -0.275 -2.977
0.039 -0.201 0.92 2.069 0.611 -1.183
0.006 -0.21 0.934 3.061 -1.427 -1.756
0.001 -0.209 0.95 3.015 -3.611 -2.542
0.019 -0.21 0.946 -0.191 -3.145 -3.29
0.058 -0.185 0.933 -2.313 -0.046 -3.634
0.075 -0.204 0.918 -3.42 3.489 -0.992
0.079 -0.202 0.897 -0.534 1.672 1.282
0.071 -0.192 0.897 2.603 0.458 4.916
0.019 -0.21 0.919 3.29 -1.26 4.534
0.022 -0.209 0.926 1.824 -2.252 1.412
0.024 -0.215 0.917 -0.55 -0.29 -0.359
0.039 -0.216 0.903 -1.282 0.939 -1.916
0.053 -0.212 0.879 0.756 0.534 -2.153
0.053 -0.2 0.888 3.122 -0.145 -1.198
0.056 -0.192 0.896 4.298 1.092 0.931
0.021 -0.195 0.929 4.267 -0.13 -0.664
0.036 -0.206 0.917 2.107 2.008 -1.344
0.051 -0.194 0.914 1.435 2.328 -2.366
0.067 -0.18 0.899 2.504 1.924 -0.626
0.078 -0.174 0.926 3.511 2.382 2.313
0.042 -0.181 0.928 3.733 0.74 4.038
0.031 -0.185 0.945 2.649 -0.687 2.847
0.036 -0.182 0.949 -1.397 2.038 2.069
0.019 -0.199 0.917 -4.069 2.191 -1.015
0.051 -0.194 0.886 -5.282 3.687 -3.099
0.082 -0.177 0.859 -5.13 5.351 -3.0
0.111 -0.164 0.841 -3.603 5.145 -2.924
0.101 -0.171 0.816 -2.099 5.893 -0.786
0.057 -0.2 0.831 -0.595 4.855 -1.809
0.021 -0.221 0.821 -1.137 5.122 -3.252
-0.031 -0.246 0.794 -2.389 6.328 -5.038
-0.086 -0.272 0.784 -6.092 5.962 -12.458
-0.097 -0.258 0.743 -10.634 7.962 -21.053
-0.07 -0.227 0.699 -17.046 7.565 -30.321
-0.072 -0.202 0.646 -18.992 3.038 -34.069
0.027 -0.149 0.574 -22.809 1.443 -40.954
0.078 -0.139 0.436 -19.16 -9.435 -32.443
0.058 -0.145 0.321 -11.687 -26.0 -26.427
0.146 -0.151 0.172 -2.145 -32.252 -13.626
-0.023 -0.273 0.155 3.771 -46.519 -17.26
-0.067 -0.283 0.093 -4.687 -44.542 -26.282
-0.002 -0.259 0.05 -7.962 -33.298 -25.847
0.041 -0.229 -0.127 -3.107 -28.687 -20.939
0.031 -0.178 -0.21 15.656 -24.198 -5.534
0.074 -0.079 -0.313 46.382 -41.122 18.504
0.082 0.015 -0.214 69.328 -53.687 46.107
0.019 0.059 -0.123 99.969 -72.252 42.527
0.002 0.284 0.021 104.26 -95.481 69.084
0.097 0.484 0.123 85.687 -83.634 77.802
-0.032 0.233 0.161 40.519 -76.847 102.26
-0.08 0.087 0.22 12.458 -70.412 71.756
-0.022 0.119 0.157 -33.267 -59.87 48.397
-0.052 -0.05 0.085 -48.015 -62.076 54.328
0.038 -0.106 -0.031 -65.611 -57.954 46.076
0.066 -0.135 -0.167 -63.55 -59.588 53.527
0.147 -0.257 -0.173 -49.351 -55.061 67.824
0.219 -0.317 -0.243 -31.046 -50.855 78.725
0.25 -0.342 -0.129 -13.282 -51.084 91.71
0.291 -0.287 -0.002 -15.817 -27.351 83.855
0.315 -0.178 0.142 -26.885 4.847 91.954
0.235 -0.19 0.213 -56.069 26.71 106.366
0.241 -0.264 0.104 -93.672 40.038 103.779
0.303 -0.195 -0.115 -106.038 64.198 93.443
0.243 -0.246 -0.239 -85.046 66.389 99.29
0.093 -0.134 -0.156 -60.053 41.481 40.344
0.273 -0.177 -0.221 -40.45 63.405 8.466
0.258 -0.553 0.442 24.878 73.664 -9.435
0.074 -0.33 0.485 -9.595 110.275 -24.748
-0.099 -0.178 0.613 -66.557 106.366 -112.687
0.063 0.133 0.734 -121.16 118.519 -122.924
0.004 -0.266 0.681 -138.405 141.832 -160.366
0.004 0.259 0.737 -147.489 109.267 -182.298
-0.285 -0.206 0.749 -115.328 108.931 -197.519
-0.511 -0.361 1.221 -70.687 56.359 -142.275
-0.91 -1.297 0.89 48.931 69.939 -67.817
-0.941 -1.028 0.787 105.55 40.794 -250.137
-0.294 0.702 2.0 -64.229 -58.466 -220.634
-0.121 -0.887 1.729 -63.389 92.672 -27.351
-0.069 -0.238 1.467 45.733 14.015 42.198
0.336 0.26 1.833 22.557 37.252 41.45
0.865 -1.589 0.96 95.504 110.237 -44.229
-0.383 -0.675 1.494 29.397 26.901 36.405
-0.433 -1.233 1.275 23.435 45.008 -16.046
-0.405 -0.784 1.588 24.099 7.748 -108.863
-0.498 -0.721 1.825 37.466 -35.168 -90.702
1.389 -0.227 1.135 88.015 115.771 -112.427
0.166 -0.226 2.0 168.763 94.718 10.389
-0.901 -0.081 2.0 65.794 77.588 -89.794
0.247 -0.104 2.0 71.763 26.13 -15.573
0.106 0.079 2.0 82.817 42.397 -37.58
0.107 0.293 2.0 83.496 6.153 -26.58
-0.302 0.739 2.0 88.328 -151.855 75.74
2.0 -0.012 0.435 7.565 45.26 -21.336
-0.941 0.622 2.0 38.893 -87.076 76.473
0.096 -0.093 2.0 62.382 -202.962 125.542
0.815 -0.059 1.737 89.084 -131.328 87.023
0.125 -0.507 2.0 64.931 -105.87 65.443
0.525 -0.696 2.0 89.115 -127.962 87.244
0.271 -0.779 2.0 93.359 -99.489 51.878
0.258 -0.52 1.973 86.58 -98.115 62.634
0.463 -0.682 1.511 43.397 -56.527 -20.26
0.845 -0.277 1.459 23.214 -32.817 8.16
0.598 -0.452 1.589 8.748 -9.351 -1.954
0.545 -0.175 1.459 2.771 -6.985 -7.672
0.48 -0.052 1.412 -41.878 -1.489 3.84
0.491 -0.185 1.266 -50.794 -4.565 5.779
0.544 -0.191 1.159 -48.351 -5.038 -0.641
0.458 -0.18 1.229 -60.473 -1.008 15.641
0.43 -0.315 1.119 -50.954 17.29 23.237
0.321 -0.32 1.247 -53.168 30.092 39.374
0.248 -0.369 1.062 -41.023 23.779 32.351
0.274 -0.304 1.105 -11.29 14.29 13.191
0.196 -0.278 1.097 -7.076 10.137 11.084
0.208 -0.183 1.004 0.893 6.435 13.053
0.228 -0.141 0.991 -11.824 10.275 19.733
0.211 -0.276 0.978 -14.588 14.985 21.817
0.229 -0.322 0.968 -8.824 18.046 18.305
0.203 -0.36 1.015 -1.565 12.824 11.198
0.196 -0.378 0.978 15.145 10.802 -1.26
0.233 -0.35 0.97 23.573 7.13 -2.924
0.185 -0.234 0.962 26.588 5.725 -12.588
0.238 -0.224 0.929 26.053 17.076 -16.458
0.158 -0.176 0.946 33.115 19.611 -26.382
0.206 -0.198 0.89 33.985 17.649 -29.458
0.18 -0.09 0.907 19.344 19.267 -20.137
0.184 -0.155 0.864 24.45 24.221 -16.252
0.13 -0.037 0.911 21.893 20.061 -14.71
0.09 -0.054 0.864 20.962 15.809 -8.366
0.137 -0.052 0.857 25.489 20.252 -2.962
0.16 -0.113 0.848 27.634 21.664 -2.13
0.135 -0.028 1.0 16.435 7.496 6.321
0.19 -0.12 0.979 9.489 8.458 3.015
0.135 -0.14 0.987 19.374 8.198 2.626
0.213 -0.164 0.931 10.664 3.977 -3.985
0.166 -0.145 0.959 9.511 -1.45 -8.237
0.018 -0.136 0.997 8.137 -14.397 -10.42
0.151 -0.128 0.885 11.412 -16.046 -4.267
0.091 -0.045 0.911 9.191 -20.008 -0.832
0.149 -0.073 0.908 3.802 -15.611 -0.115
0.15 -0.076 0.905 -3.55 -14.389 -4.832
0.148 -0.131 0.911 -6.458 -15.504 -0.924
0.109 -0.154 0.859 -6.26 -13.656 -7.26
0.137 -0.196 0.918 -4.344 -13.16 -8.924
0.216 -0.179 0.938 -14.855 -10.924 -3.847
0.216 -0.2 0.997 -18.84 -15.176 10.046
0.201 -0.167 0.971 -26.13 -12.588 11.336
0.146 -0.167 0.916 -26.466 -7.183 19.985
0.121 -0.132 0.83 -30.603 -4.008 4.534
0.163 -0.126 0.814 -33.397 0.55 6.435
0.154 -0.167 0.858 -35.489 3.305 5.687
0.171 -0.196 0.891 -29.588 -2.496 -1.168
0.208 -0.189 0.904 -15.87 0.328 -3.702
0.145 -0.188 0.87 -4.679 -1.931 0.519
0.156 -0.176 0.901 -4.534 -0.328 -1.359
0.167 -0.15 0.876 -10.489 7.687 6.412
0.142 -0.178 0.875 -10.977 6.855 9.748
0.154 -0.189 0.887 -9.336 5.947 3.985
0.168 -0.198 0.884 -7.542 4.901 8.481
0.145 -0.113 0.907 -14.206 9.321 11.786
0.167 -0.13 0.904 -15.153 8.321 21.481
0.143 -0.164 0.93 -13.229 4.366 22.13
0.11 -0.012 0.913 -26.725 4.947 3.863
0.072 -0.164 0.91 -11.969 3.092 7.427
0.127 -0.152 0.886 -6.885 6.267 11.893
0.139 -0.161 0.898 -5.611 4.321 10.771
0.152 -0.208 0.888 -3.351 6.244 -0.878
0.139 -0.176 0.904 -7.382 6.87 -4.595
0.133 -0.145 0.875 -5.244 7.481 -10.855
0.154 -0.102 0.901 -6.076 6.267 -7.344
0.166 -0.11 0.9 -6.489 6.435 -2.702
0.177 -0.14 0.926 -5.176 5.519 -1.634
0.175 -0.135 0.951 -4.969 6.328 5.069
0.141 -0.138 0.914 -6.053 4.748 6.931
0.172 -0.146 0.904 -3.588 9.931 3.679
0.155 -0.175 0.905 -5.672 14.71 1.977
0.146 -0.16 0.919 -7.458 11.16 4.618
0.158 -0.168 0.927 -5.443 10.359 4.542
0.182 -0.191 0.939 -1.023 6.863 4.504
0.186 -0.174 0.955 -2.817 6.916 1.412
0.176 -0.185 0.964 -3.282 5.595 2.023
0.158 -0.195 0.942 -2.244 3.374 2.427
0.14 -0.193 0.932 -1.244 1.481 1.916
0.128 -0.188 0.912 -0.305 2.397 4.092
0.104 -0.186 0.897 1.924 0.908 0.779
0.127 -0.186 0.909 4.847 2.0 -6.168
0.16 -0.17 0.918 6.221 2.939 -1.656
0.145 -0.164 0.906 0.977 4.397 -0.71
0.143 -0.179 0.914 3.504 3.702 4.122
0.135 -0.168 0.914 2.748 7.397 5.336
0.138 -0.161 0.924 -0.397 7.45 -1.55
0.159 -0.145 0.935 -3.145 7.16 -0.489
0.173 -0.162 0.935 -4.748 6.649 3.153
0.18 -0.161 0.932 -4.076 6.893 4.954
0.16 -0.167 0.938 -3.458 5.519 6.267
0.16 -0.189 0.93 -2.214 2.893 3.214
0.154 -0.19 0.937 -0.649 0.0 0.069
0.2 -0.178 0.949 -3.031 1.069 3.305
0.168 -0.187 0.943 -4.824 -4.313 4.595
0.18 -0.207 0.977 -2.336 -4.779 3.847
0.172 -0.193 0.955 -2.0 -6.366 0.076
0.174 -0.202 0.952 0.366 -6.954 -2.786
0.18 -0.208 0.946 3.382 -6.267 -0.466
0.164 -0.18 0.939 2.481 -7.267 -2.481
0.136 -0.138 0.924 4.0 -9.374 -2.359
0.117 -0.138 0.906 5.817 -10.908 -1.664
0.129 -0.128 0.902 2.466 -10.725 -2.0
0.141 -0.134 0.898 2.282 -11.015 5.092
0.148 -0.127 0.909 0.756 -8.702 7.924
0.141 -0.149 0.888 2.618 -10.099 11.908
0.124 -0.174 0.905 3.16 -10.45 12.672
0.144 -0.175 0.902 3.344 -8.344 8.878
0.151 -0.189 0.905 4.611 -7.275 5.344
0.19 -0.174 0.945 7.939 -8.053 7.382
0.188 -0.145 0.939 7.328 -7.893 10.313
0.157 -0.154 0.916 5.702 -7.229 10.557
0.147 -0.181 0.891 7.779 -10.42 13.641
0.111 -0.16 0.91 3.336 -7.725 5.504
0.129 -0.163 0.896 0.702 -1.954 0.214
0.144 -0.172 0.912 2.359 -4.84 3.244
0.17 -0.155 0.918 0.824 -1.466 4.466
0.154 -0.171 0.929 2.038 -2.473 7.191
0.152 -0.18 0.908 2.611 -3.519 4.328
0.123 -0.139 0.91 2.229 -3.168 2.298
0.147 -0.16 0.894 1.473 -0.053 -2.74
0.149 -0.123 0.9 0.87 2.405 -7.656
0.188 -0.129 0.93 2.214 2.969 -0.321
0.175 -0.132 0.935 0.511 3.359 -3.626
0.179 -0.132 0.946 0.527 -0.412 5.427
0.186 -0.078 0.94 2.313 0.71 -0.389
0.187 -0.162 0.924 4.458 4.435 -0.802
0.159 -0.083 0.928 -0.931 1.122 7.626
0.22 -0.276 0.872 2.901 9.359 -9.45
0.145 -0.108 0.95 -0.878 5.313 2.45
0.178 -0.199 0.9 -3.412 5.405 -9.939
0.17 -0.141 0.941 -1.237 0.466 -3.214
0.157 -0.113 0.936 -1.115 -0.664 -7.916
0.189 -0.109 0.931 -2.763 0.389 -4.229
0.182 -0.148 0.894 -3.153 3.542 -2.191
0.197 -0.165 0.886 -2.466 4.863 -8.015
0.157 -0.103 0.924 -3.618 1.107 -3.015
0.153 -0.126 0.916 -9.756 -1.023 -5.893
0.139 -0.124 0.945 -5.695 -0.13 -4.748
0.146 -0.182 0.888 -7.275 1.985 -3.962
0.153 -0.154 0.898 -7.168 1.649 -1.786
0.165 -0.155 0.908 -5.45 2.221 2.443
0.183 -0.133 0.94 -5.168 5.084 2.466
0.194 -0.195 0.908 -5.863 7.221 -3.878
0.132 -0.08 0.948 -3.71 1.183 1.015
0.142 -0.08 0.947 -3.504 -0.412 -7.427
0.172 -0.166 0.925 -4.725 -0.725 -4.26
0.145 -0.14 0.926 -4.038 -3.397 -9.282
0.179 -0.224 0.905 -2.679 -2.863 -11.817
0.165 -0.169 0.909 -6.359 -5.924 -16.87
0.169 -0.173 0.909 -3.84 -7.313 -14.885
0.177 -0.156 0.904 -5.099 -7.229 -14.481
0.177 -0.149 0.906 -5.145 -6.779 -12.076
0.165 -0.165 0.909 -5.351 -5.641 -16.649
0.196 -0.159 0.922 -3.947 -6.405 -17.481
0.199 -0.113 0.943 -3.855 -4.374 -14.435
0.2 -0.153 0.925 -6.42 -2.321 -7.412
0.232 -0.153 0.94 -2.275 -0.954 0.954
0.196 -0.099 0.947 -3.328 -3.542 0.817
0.198 -0.146 0.923 -3.45 -5.489 -5.023
0.216 -0.145 0.929 -3.863 -3.26 -5.626
0.192 -0.158 0.901 -1.527 -4.611 0.626
0.167 -0.168 0.891 -1.511 -1.206 3.878
0.165 -0.152 0.894 -1.794 0.718 3.878
0.16 -0.141 0.894 -3.687 0.069 -2.412
0.173 -0.125 0.918 -2.397 -1.504 -1.382
0.197 -0.125 0.918 -2.13 -2.573 0.023
0.199 -0.139 0.932 -0.153 -2.55 0.87
0.21 -0.125 0.919 -1.931 -0.473 0.305
0.188 -0.165 0.913 -0.947 0.275 1.656
0.186 -0.158 0.905 -1.458 -0.58 1.122
0.199 -0.189 0.905 0.718 -0.046 -5.137
0.197 -0.135 0.928 0.687 -1.069 -0.664
0.218 -0.155 0.937 -0.198 1.74 -2.603
0.203 -0.151 0.92 -0.908 0.74 -0.832
0.176 -0.172 0.911 -0.191 -1.183 -2.87
0.189 -0.159 0.9 -0.756 0.649 -0.74
0.169 -0.16 0.893 -1.45 -0.427 1.145
0.199 -0.153 0.912 -1.206 -0.015 4.046
0.182 -0.128 0.915 -6.16 -0.29 3.168
0.215 -0.155 0.919 -3.519 -1.374 6.084
0.189 -0.141 0.93 -3.664 -3.038 4.397
0.19 -0.149 0.918 -5.145 -1.863 3.443
0.187 -0.146 0.921 -5.542 -3.878 1.557
0.191 -0.145 0.907 -4.649 -3.023 2.489
0.194 -0.146 0.907 -3.641 -4.321 3.282
0.189 -0.151 0.914 -1.992 -6.336 0.664
0.193 -0.139 0.916 -1.237 -8.313 -1.382
0.202 -0.129 0.904 -1.496 -7.305 2.901
0.196 -0.146 0.909 -1.237 -5.931 6.046
0.19 -0.144 0.898 -1.687 -7.542 2.802
0.19 -0.138 0.912 -0.069 -5.649 3.626
0.206 -0.126 0.917 0.351 -5.679 4.901
0.205 -0.123 0.921 1.145 -3.611 5.588
0.207 -0.108 0.929 -0.618 -5.015 2.282
0.191 -0.123 0.911 0.939 -5.939 3.214
0.203 -0.136 0.903 1.374 -4.076 5.679
0.197 -0.14 0.896 -1.053 -3.939 5.153
0.188 -0.156 0.898 -0.634 -2.527 4.366
0.203 -0.152 0.901 0.008 -1.519 5.519
0.202 -0.151 0.912 2.053 -2.16 7.305
0.221 -0.152 0.919 2.237 -3.115 7.908
0.201 -0.119 0.939 -0.267 -5.031 3.237
0.24 -0.145 0.932 4.13 -6.687 3.168
0.226 -0.136 0.925 3.84 -6.26 6.672
0.22 -0.144 0.918 2.481 -5.015 5.252
0.214 -0.14 0.904 3.137 -3.771 6.107
0.221 -0.146 0.922 2.863 -2.695 6.229
0.219 -0.163 0.925 2.87 -5.115 0.947
0.215 -0.14 0.925 2.519 -4.901 1.313
0.214 -0.15 0.927 0.405 -5.099 1.817
0.201 -0.142 0.892 -0.336 -4.802 -1.168
0.203 -0.135 0.894 -1.679 -3.267 0.511
0.203 -0.135 0.905 -1.397 -1.595 5.412
0.219 -0.111 0.904 -0.298 -0.344 3.328
0.219 -0.095 0.922 1.107 0.87 3.122
0.234 -0.104 0.937 2.061 0.405 2.954
0.226 -0.104 0.913 1.519 -0.015 2.405
0.216 -0.133 0.904 0.718 0.725 5.458
0.195 -0.161 0.888 0.252 -0.733 3.58
0.199 -0.169 0.909 2.87 -0.359 3.557
0.194 -0.151 0.912 -0.282 0.145 0.481
0.222 -0.146 0.915 -1.023 2.702 0.702
0.217 -0.111 0.917 -0.206 2.626 3.58
0.219 -0.112 0.925 -0.176 1.756 4.328
0.217 -0.115 0.921 -0.16 0.733 3.374
0.216 -0.114 0.923 -0.695 1.267 6.405
0.208 -0.128 0.906 -2.977 1.939 6.733
0.21 -0.149 0.919 -2.321 1.237 9.107
0.213 -0.151 0.899 -3.366 2.649 8.328
0.207 -0.151 0.904 -2.595 3.565 8.237
0.213 -0.152 0.92 -2.565 2.901 5.427
0.221 -0.142 0.917 -3.817 2.069 3.183
0.221 -0.157 0.92 -3.229 0.542 3.366
0.219 -0.147 0.915 -3.031 -0.26 1.649
0.215 -0.138 0.909 -2.244 -0.191 0.603
0.219 -0.134 0.926 -1.435 -0.008 2.351
0.21 -0.125 0.917 -1.336 -0.458 3.817
0.2 -0.109 0.902 -2.183 0.099 1.977
0.211 -0.122 0.898 -0.649 0.252 1.702
0.203 -0.1 0.897 -1.389 0.313 1.534
0.216 -0.118 0.912 -0.649 0.038 3.397
0.218 -0.112 0.922 -2.061 0.84 2.458
0.216 -0.122 0.929 -1.733 1.359 2.519
0.222 -0.125 0.916 -3.038 0.679 0.198
0.224 -0.125 0.925 -2.962 -1.282 1.153
0.237 -0.131 0.926 -4.168 -0.069 1.168
0.233 -0.138 0.93 -2.015 -0.405 3.053
0.234 -0.128 0.936 -0.534 -1.084 4.924
0.223 -0.126 0.925 0.763 -0.344 5.565
0.213 -0.125 0.933 0.58 -1.412 5.336
0.228 -0.142 0.933 -2.137 -1.832 1.076