0.251 -0.009 0.898 1.16 -2.969 -4.573
0.247 0.007 0.897 1.702 -2.046 -4.397
0.262 0.023 0.927 1.519 -2.42 -2.702
0.258 0.025 0.955 0.26 -4.229 -1.008
0.263 0.018 0.949 -1.183 -4.947 -0.557
0.245 0.005 0.92 -2.794 -3.45 -0.55
0.259 0.002 0.905 -4.13 -1.733 -0.145
0.26 -0.005 0.913 -4.863 0.786 0.389
0.246 -0.008 0.9 -3.885 0.221 0.916
0.246 -0.007 0.909 -2.534 -2.122 1.237
0.252 -0.008 0.923 -2.626 -1.779 0.847
0.256 -0.01 0.935 -3.321 -1.588 -0.214
0.261 -0.012 0.92 -5.29 1.931 0.275
0.254 -0.013 0.922 -5.702 3.092 0.878
0.265 -0.013 0.906 -5.435 1.55 0.847
0.278 -0.003 0.902 -5.115 3.13 1.863
0.277 -0.0 0.894 -5.603 4.023 3.496
0.272 -0.023 0.902 -4.718 4.366 4.069
0.264 -0.029 0.879 -2.901 2.763 3.832
0.253 -0.031 0.882 -1.534 2.947 3.916
0.229 -0.033 0.902 -0.015 0.084 2.427
0.244 -0.02 0.901 -0.695 1.725 1.13
0.234 -0.011 0.923 -1.87 2.992 -0.115
0.246 -0.005 0.935 -2.183 3.031 -0.55
0.256 -0.001 0.943 -4.328 3.939 0.656
0.245 -0.002 0.94 -4.656 1.527 0.847
0.28 0.002 0.933 -5.977 2.176 2.962
0.26 -0.02 0.907 -6.275 4.962 4.557
0.233 -0.027 0.883 -5.489 3.542 4.359
0.255 -0.046 0.887 -3.87 2.733 3.237
0.252 -0.036 0.89 -2.817 3.611 1.237
0.274 -0.03 0.903 -1.458 2.779 1.275
0.261 -0.027 0.919 -0.374 3.252 1.87
0.245 -0.033 0.936 0.42 1.229 2.824
0.23 -0.024 0.935 -0.55 1.26 3.0
0.222 -0.03 0.934 -2.115 1.794 2.618
0.227 -0.023 0.926 -2.626 0.794 0.298
0.23 -0.02 0.906 -3.282 1.595 -0.206
0.257 -0.014 0.896 -2.084 0.328 0.031
0.262 -0.012 0.903 -1.565 0.504 1.031
0.262 -0.02 0.912 -1.267 0.122 1.351
0.256 -0.021 0.916 -1.191 0.382 1.511
0.245 -0.034 0.924 -1.916 2.863 1.168
0.216 -0.042 0.926 -2.122 1.573 -0.527
0.241 -0.02 0.904 -1.519 0.588 -1.168
0.249 -0.019 0.903 -1.595 1.481 -0.939
0.25 -0.009 0.908 -1.718 0.916 -1.0
0.274 -0.014 0.883 -0.298 0.489 -0.534
0.274 -0.011 0.886 1.214 0.71 0.664
0.248 -0.03 0.896 2.756 -0.466 0.198
0.239 -0.021 0.918 3.275 -1.58 -0.206
0.233 -0.009 0.92 1.786 0.847 -0.137
0.235 -0.002 0.92 0.214 1.015 -0.786
0.24 0.015 0.921 -0.916 2.069 -1.405
0.256 0.006 0.923 -0.58 1.336 0.13
0.261 0.008 0.925 -0.229 1.252 0.58
0.256 0.012 0.919 -0.542 1.534 1.588
0.243 0.006 0.921 -0.244 0.191 0.985
0.237 0.008 0.944 -1.611 -0.183 0.718
0.25 0.01 0.922 -2.748 -1.374 -0.298
0.261 0.006 0.908 -3.779 0.725 0.557
0.249 -0.004 0.903 -3.45 1.542 1.267
0.247 -0.013 0.906 -1.397 -1.687 0.649
0.257 -0.012 0.926 -1.031 -2.038 1.031
0.255 -0.007 0.917 -1.832 0.74 1.137
0.243 -0.009 0.92 -2.802 1.298 0.458
0.261 -0.001 0.907 -3.565 1.573 -0.206
0.277 -0.004 0.891 -4.366 4.794 0.679
0.276 0.004 0.89 -4.115 5.023 2.672
0.285 -0.005 0.896 -3.198 4.527 4.023
0.262 -0.01 0.888 -2.366 3.771 3.443
0.26 -0.025 0.883 -1.824 3.099 2.336
0.251 -0.025 0.89 -0.863 3.885 1.901
0.23 -0.019 0.89 0.534 1.221 -0.718
0.258 -0.007 0.88 0.863 0.733 -0.328
0.254 0.003 0.9 -0.153 1.985 0.679
0.244 0.004 0.893 -1.168 2.16 0.489
0.235 -0.008 0.897 -2.794 1.389 -0.45
0.233 -0.018 0.896 -5.412 3.221 -2.046
0.213 -0.033 0.872 -7.031 3.145 -5.221
0.183 -0.042 0.857 -8.107 0.237 -10.924
0.162 -0.048 0.857 -9.557 -2.168 -17.656
0.158 -0.047 0.824 -11.649 -4.473 -24.443
0.156 -0.064 0.8 -14.84 -8.031 -31.565
0.154 -0.081 0.76 -18.412 -12.336 -36.038
0.17 -0.144 0.682 -21.725 -16.023 -41.443
0.175 -0.208 0.61 -23.969 -16.885 -45.634
0.165 -0.231 0.528 -25.863 -18.664 -53.626
0.131 -0.214 0.448 -25.0 -19.687 -57.313
0.094 -0.175 0.415 -24.733 -28.214 -63.351
0.113 -0.099 0.306 -20.931 -33.008 -62.153
0.04 -0.043 0.247 -14.13 -44.229 -63.069
0.057 0.024 0.154 -7.634 -57.427 -54.534
0.007 0.051 0.064 0.756 -74.275 -48.008
-0.206 0.023 0.193 0.893 -88.527 -56.832
-0.352 0.061 0.31 -22.397 -92.985 -79.824
-0.319 0.083 0.313 -61.771 -82.84 -105.427
-0.171 0.086 0.1 -84.611 -73.969 -118.084
0.07 0.163 -0.143 -81.802 -87.84 -123.519
0.358 0.203 -0.315 -63.55 -93.115 -98.656
0.521 0.137 -0.457 -32.695 -93.962 -60.824
0.558 0.104 -0.543 6.359 -105.84 -21.779
0.52 0.018 -0.544 43.878 -109.702 8.588
0.351 -0.061 -0.344 59.321 -92.679 20.153
0.14 -0.164 -0.107 52.489 -62.954 18.924
-0.014 -0.271 0.093 34.748 -48.176 1.008
0.071 -0.302 0.142 12.916 -27.313 -17.931
0.259 -0.271 0.057 -4.061 -13.237 -31.718
0.464 -0.271 -0.128 -0.275 -6.229 -25.71
0.507 -0.33 -0.323 24.298 -7.321 -16.16
0.406 -0.396 -0.329 50.702 -3.809 -17.496
0.234 -0.417 -0.176 79.687 7.534 -19.298
0.054 -0.275 0.087 85.176 -14.244 -41.847
0.354 -0.202 0.455 44.336 52.802 -45.328
0.378 -0.127 0.315 -0.427 105.794 -60.947
0.397 -0.138 0.333 -17.55 119.176 -65.405
0.295 0.052 -0.113 -6.618 87.282 -44.275
0.252 -0.06 0.262 12.878 37.191 -56.183
0.329 -0.328 0.41 17.092 71.817 -69.534
0.198 -0.271 0.617 -16.817 131.13 -105.42
0.142 0.112 0.571 -40.191 139.061 -104.084
0.107 0.102 0.833 -23.107 57.809 -139.221
0.409 0.36 0.81 -97.198 90.145 -104.298
0.417 0.311 0.629 -146.809 157.962 -36.55
-0.079 -0.508 0.529 -121.412 107.748 -60.748
-0.208 -0.135 0.553 -137.916 68.969 -106.16
-0.073 -0.054 0.945 -145.809 0.695 -149.992
0.028 0.225 1.272 -137.885 0.336 -122.733
1.109 0.163 1.103 -102.939 94.336 -24.42
0.16 -0.0 1.557 -95.748 66.443 -1.55
0.041 -0.094 1.503 -74.427 30.153 2.985
0.067 -0.288 1.479 -50.206 0.809 2.153
0.034 -0.331 1.614 1.908 -36.351 -28.641
-0.055 -0.148 1.605 5.573 -40.885 -79.069
0.264 0.11 1.783 -0.359 -45.389 -84.221
0.671 0.16 1.892 -37.763 6.351 -62.382
0.449 0.129 1.852 -21.611 19.611 -42.947
0.365 0.011 1.881 -27.099 64.519 -24.397
0.468 0.054 1.458 -35.863 126.756 -9.153
0.109 -0.014 1.624 -29.947 114.924 -17.969
0.258 -0.132 1.713 22.954 90.374 -51.038
0.266 -0.05 1.769 41.115 50.58 -32.626
0.352 0.086 1.839 23.565 65.87 -25.916
0.213 0.162 1.772 13.588 70.519 3.962
-0.056 0.229 1.691 15.557 1.168 19.336
-0.179 0.459 1.453 -36.55 30.534 55.794
-0.215 -0.107 1.314 66.664 -43.244 20.084
-0.129 -0.26 1.5 137.42 -71.84 -11.748
0.09 0.017 1.878 95.794 -68.168 -52.084
0.199 0.303 1.941 109.916 -124.947 -48.0
1.502 0.451 1.565 62.893 -18.565 -50.779
0.305 0.611 1.842 42.916 -11.427 16.809
0.081 0.569 1.727 41.557 -14.969 33.008
0.109 0.455 1.741 35.611 -51.389 62.947
0.244 0.435 1.854 13.962 -35.954 13.847
0.529 -0.113 1.672 49.847 -13.84 4.626
0.724 0.086 1.844 85.214 -187.885 150.328
1.104 -0.08 1.482 74.397 -250.137 130.611
0.852 0.166 1.315 35.771 -162.58 64.954
0.673 0.433 1.86 -36.901 -151.145 134.58
0.976 -0.405 1.48 -18.939 -21.664 38.405
0.752 0.15 1.391 17.687 -3.282 34.832
0.818 0.067 1.3 22.267 9.771 27.29
0.641 0.21 1.158 28.481 6.0 28.802
0.708 0.078 1.171 25.718 9.275 14.504
0.711 -0.055 1.247 13.038 2.382 1.427
0.713 0.033 1.023 23.695 15.336 21.687
0.54 0.07 1.075 8.931 15.496 8.214
0.492 -0.005 0.882 23.687 34.237 14.435
0.256 0.2 1.235 3.885 20.29 -7.115
0.374 -0.05 1.047 20.107 20.641 4.504
0.348 0.089 1.106 10.458 13.382 1.679
0.433 0.003 1.052 12.725 20.053 11.069
0.356 0.068 1.0 8.809 23.107 7.763
0.333 0.035 0.962 9.985 17.191 4.931
0.421 -0.001 0.899 3.84 22.595 8.466
0.297 0.045 0.949 9.092 26.504 0.527
0.189 0.008 0.938 6.802 24.634 -21.305
0.198 -0.025 0.896 12.282 26.321 -14.763
0.26 -0.004 0.87 9.985 30.954 -25.374
0.306 0.012 0.897 -3.107 31.748 -25.229
0.344 0.093 0.891 -8.695 35.107 -20.916
0.312 0.127 0.877 -5.321 37.832 -27.038
0.31 0.096 0.858 -2.382 33.855 -30.061
0.293 0.144 0.855 2.489 29.641 -5.511
0.395 0.125 0.726 5.206 36.634 6.038
0.225 0.07 0.878 5.763 33.237 -18.992
0.356 -0.142 0.827 7.061 31.847 -2.336
0.227 0.034 0.917 -4.527 28.45 -9.168
0.238 -0.018 0.854 -13.588 25.45 0.435
0.2 0.004 0.864 -12.634 21.244 -7.771
0.206 0.116 0.881 -7.725 22.924 -10.58
0.233 0.147 0.866 -13.321 12.481 -1.489
0.237 0.192 0.859 -10.687 12.176 4.214
0.224 0.16 0.882 -7.718 9.107 10.061
0.26 0.131 0.907 -7.229 10.168 13.771
0.255 0.071 0.921 -8.84 9.328 12.489
0.217 0.05 0.918 -12.13 4.992 10.137
0.239 0.037 0.922 -12.977 6.458 11.504
0.259 0.057 0.944 -18.71 8.969 7.809
0.261 0.083 0.966 -22.176 6.847 5.641
0.294 0.082 0.96 -23.0 3.863 -0.374
0.321 0.067 0.954 -18.206 -2.031 0.809
0.288 0.062 0.941 -18.672 -3.008 0.618
0.286 0.023 0.918 -15.198 3.069 4.153
0.303 0.019 0.916 -17.008 1.099 5.626
0.268 0.068 0.956 -21.244 -2.618 7.985
0.322 0.051 0.932 -14.779 1.557 11.885
0.316 0.077 0.941 -20.534 -7.718 16.282
0.288 0.067 0.935 -20.885 -16.511 22.153
0.28 0.028 0.926 -17.16 -21.099 15.588
0.298 0.031 0.92 -21.939 -25.16 10.916
0.33 0.029 0.904 -12.847 -10.267 1.443
0.343 0.044 0.901 -10.397 -7.122 9.573
0.359 0.08 0.895 -12.191 -10.626 21.542
0.244 0.168 0.938 -25.832 -20.58 18.023
0.316 0.037 0.867 -17.588 -16.985 23.366
0.281 -0.0 0.882 -13.191 -14.817 21.328
0.275 -0.065 0.852 -9.313 -10.061 15.244
0.288 -0.012 0.908 -6.756 -8.328 8.023
0.27 -0.016 0.871 -7.679 -7.229 2.336
0.316 0.015 0.907 -6.45 -6.0 -2.679
0.346 0.055 0.911 -9.908 1.672 -0.817
0.335 0.052 0.91 -4.947 6.908 -1.916
0.351 0.056 0.913 -1.13 6.794 0.748
0.35 0.03 0.932 0.534 5.458 5.351
0.355 0.031 0.91 0.29 6.939 9.985
0.32 0.01 0.89 1.191 8.466 11.061
0.306 0.001 0.899 -0.153 10.107 6.878
0.271 0.002 0.911 0.954 9.992 1.42
0.313 -0.01 0.901 -0.321 8.191 -2.168
0.324 -0.006 0.901 -1.336 6.305 -2.519
0.306 0.017 0.893 -0.099 5.71 -3.084
0.316 -0.001 0.918 0.595 2.969 -2.885
0.296 0.021 0.907 1.084 1.069 -2.718
0.318 0.021 0.903 -0.664 2.511 1.229
0.315 0.019 0.901 -0.954 2.679 3.389
0.26 0.04 0.91 -2.176 -1.046 2.374
0.28 0.031 0.875 -0.405 -3.267 6.008
0.283 0.045 0.896 -1.84 -0.481 6.473
0.279 0.021 0.891 -2.405 -0.626 5.527
0.3 -0.005 0.9 -3.267 0.534 5.45
0.293 0.001 0.9 -4.16 1.076 5.008
0.289 0.024 0.908 -3.931 0.298 2.969
0.298 0.026 0.917 -4.389 -0.366 2.985
0.298 0.024 0.901 -5.779 0.153 3.137
0.306 0.032 0.918 -8.29 -0.344 7.023
0.313 0.031 0.928 -10.176 -0.565 9.229
0.291 0.008 0.906 -10.038 -0.924 11.031
0.258 0.001 0.888 -9.351 -1.229 12.298
0.264 -0.004 0.896 -9.679 2.656 6.885
0.255 -0.005 0.905 -9.718 0.206 4.71
0.263 0.016 0.903 -10.74 0.725 3.611
0.274 0.021 0.895 -11.107 2.183 2.481
0.277 0.052 0.894 -10.321 0.366 3.733
0.278 0.057 0.897 -8.0 0.672 5.893
0.271 0.052 0.895 -6.664 0.389 6.718
0.262 0.057 0.888 -6.832 -0.153 6.282
0.283 0.038 0.904 -6.557 -1.061 4.595
0.286 0.009 0.908 -7.87 -2.435 6.076
0.283 0.001 0.908 -9.824 -0.527 4.832
0.275 0.006 0.904 -7.969 -3.985 11.618
0.279 0.006 0.899 -7.573 -2.328 6.962
0.271 0.027 0.896 -6.252 -4.015 4.221
0.286 0.034 0.894 -4.878 -3.656 4.053
0.314 0.027 0.894 -4.29 -0.748 6.206
0.282 0.025 0.899 -3.687 -0.656 4.557
0.312 0.007 0.913 -3.313 1.412 5.84
0.289 -0.005 0.903 -2.802 2.16 4.885
0.281 0.002 0.885 -2.786 3.366 5.031
0.292 0.015 0.898 -2.305 4.649 4.084
0.286 0.014 0.901 -0.908 4.489 5.206
0.292 0.011 0.888 0.679 4.137 5.779
0.288 -0.008 0.901 1.458 4.992 6.191
0.31 -0.01 0.911 0.832 6.855 5.893
0.283 -0.025 0.91 0.244 5.29 6.237
0.265 -0.018 0.896 -1.328 3.656 4.687
0.297 -0.004 0.917 -2.206 3.0 7.481
0.296 0.032 0.911 -5.023 3.359 10.947
0.288 0.043 0.901 -4.107 5.45 16.641
0.282 0.026 0.904 4.046 4.588 15.771
0.247 -0.015 0.9 -0.092 3.214 14.122
0.256 -0.032 0.865 4.099 5.771 6.229
0.238 -0.043 0.902 3.878 1.756 -0.496
0.299 -0.044 0.903 3.817 1.824 -2.046
0.277 -0.024 0.915 4.634 -1.45 -3.863
0.304 -0.003 0.916 4.076 -3.168 -2.015
0.316 -0.009 0.925 -0.916 -1.595 1.382
0.293 -0.004 0.896 -1.634 -1.55 3.908
0.272 -0.001 0.883 -0.473 0.107 2.542
0.27 0.003 0.874 -0.87 1.023 2.664
0.271 -0.012 0.887 -1.229 2.26 3.366
0.271 -0.005 0.895 -0.42 2.702 3.115
0.282 0.002 0.896 -1.076 2.16 2.748
0.271 -0.003 0.902 -2.275 0.489 3.496
0.277 -0.018 0.896 -3.275 1.252 4.55
0.259 -0.021 0.899 -4.069 0.725 2.618
0.258 -0.004 0.887 -3.489 1.107 1.679
0.268 0.006 0.883 -2.977 1.496 2.435
0.265 0.01 0.886 -2.695 1.664 3.718
0.279 0.003 0.896 -2.977 2.382 3.115
0.286 0.002 0.903 -4.153 -0.351 4.542
0.3 -0.004 0.921 -5.275 1.511 5.832
0.289 -0.01 0.913 -6.847 1.763 8.298
0.281 -0.007 0.899 -7.771 2.084 6.573
0.272 -0.007 0.897 -7.779 0.443 5.969
0.266 0.003 0.889 -6.321 0.916 2.641
0.297 -0.006 0.89 -4.374 -0.298 0.893
0.284 0.006 0.898 -3.275 2.382 1.168
0.296 0.006 0.897 -1.924 4.672 2.42
0.302 0.004 0.911 -1.641 4.634 5.153
0.295 -0.006 0.895 -1.534 4.763 6.053
0.277 -0.013 0.924 -3.863 3.672 5.0
0.281 -0.037 0.909 -4.832 2.374 3.023
0.273 -0.015 0.91 -5.947 3.931 2.649
0.272 0.002 0.91 -5.847 4.702 1.198
0.304 0.03 0.921 -6.313 4.26 1.244
0.31 0.048 0.921 -5.779 4.229 2.763
0.333 0.044 0.925 -4.664 3.664 5.595
0.32 0.038 0.915 -6.748 1.748 9.603
0.291 -0.005 0.91 -5.74 2.176 11.794
0.26 -0.037 0.893 -6.359 3.137 9.962
0.24 -0.058 0.898 -5.252 3.802 5.58
0.245 -0.063 0.898 -4.023 5.107 2.389
0.253 -0.035 0.889 -4.87 11.756 -3.634
0.271 -0.007 0.911 -4.031 6.611 -4.229
0.289 0.016 0.92 -5.13 6.534 -2.832
0.318 0.024 0.915 -3.817 7.748 0.901
0.274 0.024 0.908 -3.267 2.603 2.725
0.288 0.012 0.909 -1.84 1.183 5.092
0.27 -0.016 0.897 -1.817 2.206 6.817
0.267 -0.011 0.896 -2.214 3.275 6.389
0.278 -0.02 0.912 -2.649 2.664 5.603
0.253 -0.015 0.902 -2.107 1.954 3.595
0.273 -0.03 0.902 -0.16 0.687 2.061
0.267 -0.029 0.917 -2.634 1.695 1.832
0.282 -0.027 0.906 -4.053 0.725 2.679
0.282 -0.008 0.912 -7.221 2.466 4.412
0.296 0.003 0.915 -8.863 2.649 8.656
0.283 0.027 0.909 -11.374 3.336 13.496
0.282 0.047 0.919 -12.557 2.305 16.084
0.268 0.025 0.903 -11.29 1.305 18.427
0.244 -0.019 0.898 -7.664 0.985 16.588
0.242 -0.043 0.889 -5.466 0.916 11.969
0.256 -0.052 0.896 -5.191 0.58 9.305
0.277 -0.04 0.915 -6.183 0.641 8.45
0.278 -0.018 0.896 -6.527 1.702 9.496
0.271 -0.007 0.904 -5.84 1.008 9.023
0.266 0.005 0.909 -5.603 0.229 10.107
0.26 0.003 0.903 -5.084 -2.122 11.947
0.271 -0.025 0.888 -3.473 1.672 11.656
0.255 -0.035 0.893 -3.725 0.122 11.863
0.253 -0.059 0.88 -3.511 1.214 10.214
0.237 -0.064 0.895 -2.305 0.855 6.977
0.256 -0.041 0.901 -2.412 1.176 5.771
0.266 -0.031 0.909 -4.893 3.221 8.427
0.253 -0.032 0.911 -6.618 3.305 9.115
0.278 -0.032 0.93 -5.13 2.26 10.679
0.28 -0.036 0.925 -5.45 2.771 12.977
0.278 -0.044 0.913 -5.885 3.817 15.115
0.254 -0.043 0.902 -6.916 3.481 15.046
0.261 -0.052 0.892 -4.42 6.153 13.748
0.234 -0.068 0.901 -3.023 3.87 10.107
0.245 -0.057 0.898 -1.481 2.985 5.939
0.253 -0.07 0.898 -0.305 3.405 3.542
0.252 -0.07 0.916 0.382 2.046 0.954
0.274 -0.051 0.906 -0.229 3.198 -0.45
0.287 -0.041 0.908 -1.634 2.504 1.847
0.285 -0.038 0.905 -2.824 3.374 4.458
0.304 -0.022 0.909 -3.008 6.809 8.061
0.271 -0.032 0.934 -2.931 5.183 8.954
0.26 -0.02 0.904 -2.634 5.588 10.588
0.229 -0.044 0.892 -1.634 4.053 8.832
0.229 -0.042 0.898 -0.733 3.275 6.084
0.245 -0.045 0.9 -0.618 2.985 6.191
0.253 -0.036 0.899 -2.611 3.618 7.542
0.275 -0.012 0.916 -5.137 4.649 11.214
0.281 -0.033 0.916 -7.115 5.725 14.84
0.254 -0.033 0.915 -6.26 2.992 17.076
0.245 -0.052 0.891 -5.038 4.985 16.504
0.208 -0.061 0.91 -2.038 3.336 11.733
0.224 -0.075 0.889 0.588 3.931 4.679
0.233 -0.08 0.906 2.458 3.45 -0.901
0.285 -0.051 0.93 0.573 4.107 0.321
0.277 -0.035 0.92 -1.443 4.42 3.473
0.274 -0.025 0.934 -3.519 2.366 3.779
0.266 -0.033 0.916 -2.893 2.489 4.328
0.263 -0.035 0.918 -2.344 1.901 3.809
0.257 -0.039 0.91 -1.634 1.42 3.725
0.249 -0.041 0.905 -2.069 2.313 4.473
0.266 -0.052 0.928 -1.962 2.763 5.427
0.23 -0.045 0.921 -2.908 1.382 4.191
0.237 -0.045 0.901 -2.237 0.015 2.0
0.246 -0.04 0.923 -2.023 -0.153 0.802
0.257 -0.044 0.918 -2.481 0.282 1.16
0.265 -0.045 0.911 -2.985 0.786 2.779
0.274 -0.019 0.933 -3.763 0.42 6.435
0.254 -0.032 0.931 -3.695 -0.595 8.13
0.232 -0.042 0.929 -3.481 -1.763 6.824
0.228 -0.07 0.898 -1.023 -1.832 1.817