0.202 0.111 0.938 -5.916 2.748 -9.412
0.202 0.108 0.925 -3.229 1.282 -7.542
0.211 0.089 0.924 -4.282 3.191 -2.275
0.178 0.077 0.94 -5.725 3.267 -0.359
0.181 0.066 0.95 -8.634 4.58 -0.344
0.167 0.064 0.921 -11.313 10.031 -2.939
0.15 0.062 0.926 -11.084 11.847 -3.641
0.169 0.059 0.948 -10.656 9.351 -2.74
0.164 0.047 0.957 -10.427 8.344 -1.84
0.178 0.043 0.953 -10.198 4.718 0.466
0.198 0.033 0.937 -10.634 4.763 1.702
0.169 0.012 0.928 -10.641 6.115 4.626
0.131 -0.004 0.938 -9.786 4.427 3.847
0.119 -0.012 0.911 -9.237 3.092 1.214
0.15 0.003 0.905 -8.275 4.198 0.282
0.168 0.007 0.889 -6.969 7.206 0.466
0.186 0.022 0.891 -5.901 8.885 2.313
0.171 0.012 0.883 -3.511 6.023 2.42
0.164 0.017 0.893 -1.588 5.908 3.45
0.167 0.027 0.937 0.13 3.901 5.718
0.154 0.035 0.951 0.069 1.397 5.733
0.145 0.036 0.969 -1.908 3.542 5.557
0.136 0.042 0.959 -4.16 4.038 4.74
0.143 0.037 0.95 -4.74 3.13 4.924
0.139 0.032 0.932 -3.695 4.382 6.023
0.132 0.029 0.959 -3.481 3.458 6.74
0.126 0.025 0.965 -4.824 5.221 5.45
0.105 0.005 0.957 -6.702 3.962 2.863
0.127 -0.007 0.951 -7.557 4.489 0.687
0.121 -0.016 0.916 -6.534 6.611 -2.122
0.131 0.007 0.909 -4.29 5.649 -1.779
0.146 0.009 0.929 -1.885 6.939 -0.359
0.132 0.011 0.962 -0.206 5.229 2.74
0.11 0.016 0.987 0.29 1.794 4.489
0.102 0.021 0.994 -1.076 -1.481 3.992
0.125 0.015 0.967 -2.145 -1.771 2.771
0.128 0.016 0.919 -3.069 3.542 0.74
0.135 0.012 0.905 -2.099 5.42 -0.802
0.146 0.043 0.895 -0.786 5.099 -1.603
0.175 0.063 0.913 -0.412 7.779 1.076
0.164 0.07 0.911 0.916 6.824 2.267
0.173 0.058 0.919 0.305 7.076 4.374
0.158 0.032 0.931 1.443 7.733 4.947
0.143 0.036 0.946 1.473 5.29 4.832
0.106 0.017 0.941 1.076 5.664 3.794
0.095 0.025 0.947 -0.58 5.023 0.557
0.087 0.025 0.947 -0.893 3.557 -1.382
0.09 0.032 0.943 -2.053 3.344 -4.046
0.112 0.047 0.936 -2.794 3.626 -5.374
0.135 0.073 0.929 -3.573 2.038 -5.198
0.167 0.079 0.918 -3.053 2.038 -2.725
0.165 0.074 0.921 -1.573 2.45 2.198
0.135 0.048 0.926 -0.183 1.672 5.244
0.115 0.029 0.918 -0.771 1.305 6.244
0.096 0.034 0.914 -1.336 1.87 2.756
0.107 0.017 0.925 -2.412 2.466 0.137
0.117 0.026 0.917 -2.374 3.305 -1.908
0.135 0.042 0.918 -1.374 3.603 -0.847
0.142 0.053 0.944 -0.275 -0.344 1.244
0.142 0.055 0.955 -1.229 -0.702 2.321
0.133 0.046 0.949 -3.053 0.084 2.466
0.138 0.034 0.921 -3.412 -0.061 2.015
0.145 0.021 0.901 -3.015 1.267 2.099
0.156 0.028 0.872 -0.832 1.603 3.794
0.146 0.045 0.871 1.695 2.053 4.687
0.143 0.051 0.906 3.389 -0.756 5.45
0.14 0.067 0.941 2.046 -0.969 6.511
0.126 0.069 0.963 0.198 -2.458 6.855
0.126 0.068 0.977 -3.0 -3.397 6.985
0.138 0.055 0.953 -5.382 -0.557 6.168
0.13 0.035 0.912 -6.305 2.076 5.466
0.139 0.025 0.875 -4.672 4.328 5.099
0.116 0.017 0.882 -3.008 5.618 2.748
0.114 0.044 0.896 -2.344 6.336 1.427
0.128 0.057 0.906 -2.298 7.244 0.885
0.134 0.07 0.909 -1.985 5.183 -0.145
0.151 0.067 0.918 -0.87 1.595 1.58
0.16 0.067 0.933 -0.595 0.809 4.008
0.139 0.05 0.936 -0.878 1.435 5.397
0.128 0.049 0.949 -2.183 2.115 5.809
0.119 0.048 0.956 -3.985 5.336 5.282
0.114 0.037 0.946 -5.214 4.649 2.244
0.131 0.042 0.93 -6.115 3.84 1.015
0.131 0.037 0.911 -5.725 5.496 1.313
0.137 0.032 0.901 -5.359 6.344 2.282
0.122 0.027 0.905 -3.344 3.55 2.649
0.123 0.023 0.911 -2.351 2.229 2.603
0.112 0.008 0.921 -1.832 0.802 0.779
0.125 0.017 0.924 -3.756 2.115 -1.496
0.15 0.023 0.918 -4.466 5.885 -2.13
0.14 0.025 0.922 -3.435 4.412 -1.145
0.144 0.023 0.908 -2.504 1.092 0.099
0.143 0.021 0.886 -2.611 3.221 0.046
0.131 0.001 0.885 -1.305 3.924 -1.298
0.149 0.015 0.855 -0.817 6.336 -4.183
0.154 0.034 0.872 -0.176 6.855 -4.985
0.146 0.052 0.906 -1.107 4.244 -5.237
0.142 0.047 0.918 -2.702 1.328 -4.71
0.136 0.025 0.918 -6.031 -1.656 -6.687
0.135 -0.004 0.892 -9.916 -2.267 -9.153
0.116 -0.046 0.857 -13.481 -3.0 -13.664
0.099 -0.094 0.811 -16.466 -6.733 -18.794
0.079 -0.13 0.774 -20.954 -10.573 -26.489
0.066 -0.162 0.702 -26.115 -15.145 -36.802
0.045 -0.176 0.631 -33.137 -21.855 -48.328
0.097 -0.156 0.525 -40.779 -18.313 -57.84
0.143 -0.116 0.382 -45.13 -14.626 -63.595
0.181 -0.076 0.26 -42.489 -13.664 -60.931
0.074 -0.062 0.237 -37.603 -26.405 -53.901
-0.029 -0.065 0.283 -39.763 -37.824 -53.214
-0.073 -0.061 0.249 -44.74 -37.489 -53.641
-0.104 -0.055 0.21 -54.824 -43.374 -59.588
-0.074 0.028 0.121 -60.74 -41.702 -63.977
0.005 0.051 -0.008 -44.374 -37.809 -54.328
0.093 0.143 -0.083 -31.29 -36.885 -32.115
0.149 0.201 -0.102 -11.015 -47.305 2.534
0.189 0.207 -0.108 13.687 -63.779 39.588
0.174 0.229 -0.063 31.901 -88.015 71.893
0.157 0.217 -0.01 33.351 -92.206 100.092
0.091 0.186 0.088 29.466 -85.87 118.626
-0.056 0.081 0.152 18.931 -81.84 127.168
-0.229 0.036 0.229 4.985 -79.023 128.443
-0.204 -0.132 0.205 -23.893 -58.015 108.397
-0.213 -0.195 0.168 -48.344 -38.908 89.779
-0.051 -0.519 -0.05 -25.489 -27.771 86.412
0.107 -0.372 -0.243 -22.107 -19.046 69.473
0.255 -0.459 -0.356 20.748 7.687 75.527
0.335 -0.344 -0.302 26.756 -4.74 75.351
0.429 -0.343 -0.098 74.656 -3.351 95.336
0.512 -0.339 -0.016 77.74 -3.916 108.42
0.499 -0.317 0.144 47.069 24.183 94.901
0.431 -0.381 0.166 60.832 57.458 114.412
0.428 -0.39 0.07 16.412 85.71 69.901
0.451 -0.556 0.019 55.718 108.145 75.489
0.386 -0.345 -0.265 -22.893 175.656 122.473
0.065 -0.785 -0.449 45.031 172.771 55.29
-0.934 -0.701 0.144 119.733 45.916 66.198
-0.152 -0.309 0.368 98.702 50.595 58.504
0.14 -0.323 0.096 75.573 107.641 -8.985
-0.065 0.058 0.707 4.985 136.458 -15.466
-0.075 -0.094 0.387 -59.198 158.74 -16.137
0.067 0.08 0.329 -148.863 186.603 -3.504
-0.161 0.0 0.272 -182.076 186.298 -7.573
-0.366 -0.079 0.44 -150.122 169.618 -44.168
-0.53 -0.1 0.647 -140.794 155.84 -94.374
-0.893 0.062 0.757 -179.206 100.542 -182.198
-0.51 -0.316 1.081 -85.0 132.832 -91.168
-0.503 -0.368 1.029 118.878 170.84 -27.061
-1.468 -0.305 -0.398 174.252 -37.046 22.176
0.063 0.97 2.0 135.832 39.427 -52.626
-0.117 0.587 1.907 89.847 132.427 -77.0
-0.863 0.92 1.395 11.893 -63.878 89.794
0.227 0.873 1.637 62.603 -42.282 23.618
-0.761 1.102 2.0 -45.893 -34.107 -83.031
0.143 0.419 1.3 11.725 4.939 30.771
0.194 0.606 1.978 57.198 113.573 57.702
-0.197 0.478 2.0 118.534 122.405 62.55
-0.292 0.338 1.697 215.893 71.885 38.336
-0.441 0.572 1.823 215.099 43.863 83.702
-0.547 0.403 1.944 114.74 23.809 -5.26
-0.45 0.29 2.0 31.198 127.718 -43.771
-0.771 0.751 2.0 -92.321 88.412 -28.748
-0.72 0.74 1.635 -108.87 42.618 -13.511
-0.871 0.424 1.304 6.664 10.214 -42.389
-0.937 0.747 1.801 -15.107 -228.427 -39.107
-0.557 1.171 2.0 -173.565 -250.137 -21.695
-0.52 2.0 1.114 -250.137 -250.137 237.588
1.129 -0.006 2.0 -250.137 -250.137 -91.458
1.354 0.711 2.0 -250.137 -250.137 194.954
1.012 -0.08 2.0 -140.183 -153.863 250.13
-0.01 -1.095 1.785 139.038 -237.595 187.366
0.669 -0.502 2.0 112.206 -169.695 69.626
0.653 -1.17 1.245 36.29 -99.206 82.916
0.605 -1.294 1.131 -32.511 -102.893 96.412
0.905 -1.407 1.435 64.252 -14.855 145.71
1.021 -1.344 1.346 109.443 49.695 69.015
1.075 -1.288 1.337 114.542 48.901 -20.382
0.959 -1.185 1.357 115.733 6.198 -31.687
0.763 -0.948 1.263 83.931 -33.023 -47.496
0.608 -0.716 1.368 66.511 -97.046 6.802
0.689 -0.678 0.851 38.847 -77.885 -13.13
0.534 -0.08 1.011 31.527 -56.817 5.695
0.464 -0.022 0.842 39.168 -29.427 -8.427
0.247 0.074 0.808 69.053 -41.786 12.29
0.156 0.113 0.869 70.473 -44.183 32.748
0.067 0.226 0.897 92.298 -32.954 43.656
0.074 0.153 0.86 83.214 -25.351 19.649
0.136 0.096 0.858 78.977 -20.305 4.603
0.263 0.042 0.909 70.603 -14.534 -1.198
0.279 -0.069 0.907 49.763 -14.084 -11.366
0.201 0.011 0.923 40.16 -26.542 -10.557
0.218 0.083 0.915 32.13 -19.053 -8.298
0.201 0.05 0.912 32.588 -12.916 -7.939
0.239 0.036 0.916 27.603 -2.519 -18.076
0.248 0.03 0.896 17.969 4.038 -28.107
0.233 -0.038 0.897 22.641 -0.16 -29.649
0.376 0.014 0.832 10.16 -6.962 -30.321
0.335 0.039 0.844 26.366 -0.809 -14.71
0.328 0.074 0.836 34.748 -0.641 -12.168
0.352 0.069 0.85 42.084 0.969 -24.038
0.373 0.047 0.869 44.389 2.702 -30.977
0.49 0.017 0.902 41.504 3.153 -37.588
0.572 0.006 0.921 23.985 9.176 -33.695
0.592 -0.007 0.923 11.282 15.115 -21.412
0.592 -0.022 0.861 -4.305 11.573 -7.328
0.646 0.087 0.858 -5.496 22.107 6.069
0.586 0.11 0.863 -6.229 15.969 -2.771
0.554 0.073 0.878 -6.183 4.55 -14.679
0.551 0.024 0.897 -10.321 -1.076 -25.786
0.532 0.012 0.912 -10.901 3.344 -16.634
0.463 -0.006 0.917 -16.145 1.412 -11.252
0.411 0.034 0.914 -17.168 4.565 -2.008
0.367 0.038 0.891 -24.115 1.611 -8.901
0.341 0.058 0.846 -29.458 2.916 -16.336
0.342 0.088 0.85 -28.046 3.885 -7.405
0.366 0.054 0.828 -28.481 9.229 -0.878
0.353 0.031 0.863 -21.321 11.679 7.885
0.34 0.058 0.856 -19.466 12.74 8.336
0.32 0.06 0.84 -23.359 10.221 2.0
0.326 0.034 0.871 -24.176 8.511 -3.061
0.364 -0.02 0.865 -17.641 9.382 4.13
0.37 -0.024 0.888 -11.519 7.649 8.221
0.401 -0.054 0.894 -12.153 7.725 -0.374
0.446 -0.062 0.9 -13.626 4.145 -6.649
0.452 -0.038 0.89 -13.817 0.626 -2.954
0.408 -0.013 0.874 -10.237 1.42 2.107
0.38 0.003 0.871 -8.344 2.099 8.214
0.369 -0.01 0.88 -7.901 2.649 10.13
0.36 -0.031 0.871 -8.435 5.809 3.962
0.368 -0.031 0.905 -13.206 1.137 3.176
0.388 -0.018 0.874 -19.183 2.794 6.321
0.356 -0.01 0.89 -20.13 0.802 7.901
0.314 -0.088 0.834 -17.58 7.496 -16.626
0.385 -0.014 0.831 -9.328 2.618 8.87
0.392 0.017 0.876 -6.893 5.221 13.733
0.406 0.004 0.869 -6.962 5.985 14.206
0.418 -0.012 0.896 -8.466 3.641 10.221
0.389 -0.044 0.881 -9.71 -0.908 7.069
0.372 -0.048 0.874 -14.443 -4.282 -0.336
0.352 -0.022 0.861 -13.786 -5.672 1.962
0.327 -0.054 0.851 -24.229 -2.656 -1.412
0.335 0.009 0.871 -19.282 -4.16 0.069
0.323 -0.023 0.869 -27.031 -3.229 -17.802
0.327 -0.04 0.88 -21.237 -5.817 -9.992
0.377 -0.045 0.868 -23.748 -2.84 -10.305
0.393 -0.039 0.875 -17.695 3.351 0.305
0.379 -0.049 0.88 -17.84 3.809 2.092
0.406 0.001 0.878 -29.008 7.214 -3.313
0.4 -0.056 0.89 -21.321 -1.0 -1.611
0.423 -0.042 0.896 -28.366 -3.802 -7.74
0.409 -0.077 0.887 -38.267 1.298 -1.824
0.394 -0.062 0.87 -24.397 -0.336 1.42
0.378 -0.037 0.86 -17.405 0.015 3.763
0.364 -0.085 0.89 -24.947 3.107 1.023
0.336 -0.084 0.892 -22.626 8.573 -3.649
0.342 -0.089 0.892 -15.267 0.84 -1.389
0.366 -0.08 0.901 -16.183 3.084 1.015
0.373 -0.074 0.881 -14.313 1.023 4.489
0.43 0.031 0.897 -26.786 11.58 1.015
0.407 -0.049 0.859 -8.611 2.725 5.42
0.394 -0.052 0.873 -6.336 3.198 3.489
0.387 -0.073 0.885 -2.985 2.023 4.122
0.368 -0.067 0.893 -2.389 -0.046 4.55
0.334 -0.059 0.881 -2.534 -0.71 4.107
0.297 -0.049 0.884 -3.069 -2.557 2.885
0.344 -0.058 0.872 -3.565 -1.137 2.649
0.365 -0.075 0.87 0.374 3.023 5.229
0.385 -0.083 0.877 1.756 3.634 8.901
0.388 -0.097 0.88 1.702 3.473 10.611
0.386 -0.089 0.885 2.031 1.695 12.733
0.363 -0.066 0.876 2.191 0.26 11.0
0.366 -0.06 0.881 3.267 0.26 9.878
0.375 -0.073 0.862 6.763 -0.214 11.718
0.402 -0.081 0.88 7.496 -0.252 10.977
0.385 -0.072 0.869 6.176 -0.176 10.389
0.355 -0.07 0.88 3.863 -2.527 8.13
0.348 -0.058 0.852 12.015 2.0 10.55
0.345 -0.074 0.876 5.931 0.237 6.725
0.339 -0.086 0.88 6.611 1.305 6.206
0.363 -0.09 0.886 5.466 1.206 7.985
0.38 -0.066 0.875 3.878 0.336 11.244
0.405 -0.102 0.877 12.992 3.16 15.588
0.384 -0.034 0.874 1.595 -3.053 8.115
0.395 -0.055 0.881 1.176 -4.336 4.298
0.409 -0.046 0.885 5.008 -6.634 2.885
0.396 -0.082 0.871 5.725 -7.443 3.206
0.366 -0.082 0.88 9.672 -7.756 5.695
0.363 -0.066 0.872 6.198 -5.702 5.733
0.349 -0.077 0.886 5.893 -4.832 4.901
0.357 -0.055 0.877 -0.26 -4.824 3.504
0.361 -0.056 0.863 -0.29 -6.092 4.183
0.359 -0.038 0.872 -0.29 -5.26 4.412
0.364 -0.039 0.866 -0.084 -3.031 4.351
0.374 -0.058 0.862 0.489 -1.969 4.443
0.376 -0.067 0.874 0.87 0.168 4.565
0.391 -0.07 0.884 0.305 0.168 4.504
0.4 -0.084 0.883 0.382 0.061 5.58
0.384 -0.07 0.871 -1.992 -2.0 5.809
0.402 -0.054 0.878 -2.748 -2.542 7.771
0.383 -0.037 0.872 -1.305 -3.076 10.107
0.383 -0.032 0.868 -0.542 -1.244 11.45
0.398 -0.04 0.868 1.313 0.107 11.321
0.398 -0.056 0.87 0.634 0.176 7.366
0.397 -0.076 0.871 1.053 -0.053 7.282
0.398 -0.075 0.873 1.611 -0.344 8.756
0.385 -0.072 0.871 1.214 -1.924 8.069
0.359 -0.043 0.873 1.061 -2.847 5.641
0.354 -0.04 0.873 0.557 -2.718 1.908
0.375 -0.057 0.873 0.397 -1.489 -0.099
0.376 -0.063 0.871 -1.458 -1.031 -1.015
0.383 -0.076 0.87 1.206 -0.198 2.366
0.38 -0.074 0.885 2.046 -0.107 4.611
0.37 -0.066 0.882 1.176 -0.397 4.244
0.369 -0.063 0.884 -0.443 -0.298 3.855
0.368 -0.071 0.868 0.702 0.939 3.176
0.383 -0.067 0.879 0.244 2.137 2.435
0.401 -0.074 0.865 0.359 3.038 2.924
0.397 -0.072 0.865 -1.725 1.542 1.397
0.393 -0.073 0.878 -0.832 1.855 1.031
0.39 -0.079 0.885 -0.817 1.031 0.481
0.392 -0.061 0.874 -1.87 0.557 0.588
0.394 -0.068 0.88 -1.351 0.802 0.672
0.394 -0.062 0.875 -2.069 0.702 0.847
0.381 -0.05 0.88 -0.939 0.13 1.977
0.378 -0.051 0.884 -2.611 0.237 2.947
0.382 -0.048 0.869 -1.794 1.244 4.405
0.379 -0.042 0.862 -2.725 2.153 2.26
0.388 -0.056 0.864 -2.695 1.969 0.908
0.399 -0.07 0.884 -3.603 1.725 0.809
0.394 -0.06 0.875 -5.527 0.405 1.351
0.383 -0.061 0.871 -6.679 0.16 -0.069
0.375 -0.065 0.871 -7.473 -0.267 -1.992
0.373 -0.067 0.881 -9.618 -0.832 -3.191
0.36 -0.056 0.866 -10.45 -1.053 -4.16
0.368 -0.052 0.872 -10.336 -0.496 -3.565
0.394 -0.054 0.868 -10.237 0.519 -2.84
0.409 -0.05 0.868 -8.29 1.557 -0.427
0.414 -0.056 0.876 -7.344 1.962 0.221
0.414 -0.061 0.868 -7.985 0.443 1.0
0.395 -0.062 0.871 -11.504 -0.824 0.634
0.365 -0.065 0.876 -12.16 -0.924 -0.511
0.351 -0.072 0.875 -12.916 0.176 -0.626
0.356 -0.067 0.878 -13.26 0.893 -0.863
0.366 -0.07 0.871 -12.947 1.969 -3.115
0.375 -0.073 0.879 -12.275 1.695 -4.427
0.365 -0.075 0.884 -18.122 4.252 -12.244
0.394 -0.081 0.873 -14.626 1.382 -5.901
0.411 -0.076 0.866 -9.366 1.26 -0.527
0.397 -0.073 0.869 -7.908 1.397 0.786
0.393 -0.064 0.878 -6.489 2.588 2.092
0.403 -0.073 0.879 -10.573 3.504 1.489
0.372 -0.062 0.892 -14.565 3.481 -0.252
0.392 -0.07 0.837 -10.832 3.336 3.519
0.379 -0.075 0.879 -6.595 2.931 3.519
0.375 -0.078 0.877 -8.664 1.588 1.321
0.364 -0.067 0.871 -10.16 0.573 0.183
0.383 -0.072 0.872 -7.473 2.046 0.916
0.388 -0.076 0.878 -7.0 2.481 -0.275
0.396 -0.099 0.873 -27.069 6.443 -12.611
0.364 -0.112 0.894 -9.443 0.092 -1.733
0.403 -0.099 0.865 -4.489 1.0 2.939
0.385 -0.086 0.867 -4.458 0.649 5.336
0.384 -0.085 0.865 -1.511 1.878 6.489
0.373 -0.091 0.873 -0.939 1.328 5.878
0.374 -0.094 0.875 -1.336 0.969 3.832
0.373 -0.102 0.868 -0.427 1.718 3.237
0.392 -0.109 0.874 0.046 2.977 3.802
0.399 -0.113 0.87 -1.26 2.328 2.473
0.388 -0.106 0.872 -1.565 0.809 1.389
0.383 -0.105 0.879 -1.038 0.74 0.573
0.378 -0.097 0.892 -1.099 0.511 1.0
0.379 -0.099 0.868 -1.626 0.298 2.237
0.364 -0.079 0.87 -1.824 0.473 2.656
0.359 -0.079 0.868 -0.679 1.16 2.13
0.356 -0.088 0.88 -1.351 -0.427 3.252
0.365 -0.066 0.872 -0.321 2.985 2.977
0.381 -0.089 0.865 2.252 4.695 1.298
0.397 -0.101 0.879 0.779 2.656 2.435
0.411 -0.088 0.899 1.565 2.969 5.122
0.404 -0.102 0.885 0.878 0.779 5.695
0.378 -0.096 0.883 0.168 -0.389 4.878
0.355 -0.104 0.858 8.626 2.71 7.603
0.351 -0.071 0.876 0.191 0.061 2.763
0.355 -0.049 0.868 -0.489 0.802 2.26
0.369 -0.043 0.861 2.42 3.397 5.351
0.386 -0.064 0.864 0.985 1.481 6.229
0.387 -0.053 0.871 0.275 0.985 6.634
0.376 -0.063 0.868 -0.237 0.435 5.817
0.378 -0.077 0.868 2.42 0.916 6.382
0.384 -0.081 0.869 1.947 1.542 5.321
0.348 -0.076 0.868 5.092 0.931 7.046
0.414 -0.094 0.874 -0.42 -1.206 2.725
0.414 -0.085 0.881 -0.221 -3.969 2.191
0.403 -0.089 0.893 -2.405 -6.16 0.756
0.402 -0.085 0.879 -1.588 -6.817 2.397
0.378 -0.083 0.88 -1.145 -5.588 3.71
0.364 -0.066 0.876 -0.26 -5.015 5.344
0.356 -0.078 0.873 1.145 -3.794 5.153
0.363 -0.075 0.876 1.191 -2.145 6.74
0.377 -0.099 0.852 2.244 -1.664 4.542