0.178, -0.026, 0.91, -1.26, -1.328, -0.534
0.205, 0.007, 0.922, -1.519, -0.473, -0.695
0.208, 0.028, 0.933, -2.061, -0.137, 0.473
0.211, 0.031, 0.933, -2.588, 0.618, 2.351
0.213, 0.034, 0.93, -3.26, 1.847, 3.092
0.183, 0.016, 0.943, -2.641, 0.015, 4.641
0.165, -0.012, 0.939, -2.069, -1.107, 4.237
0.164, -0.026, 0.93, -2.58, -1.298, 2.16
0.174, -0.009, 0.928, -3.305, -0.847, -0.305
0.204, 0.009, 0.926, -4.733, 0.885, -2.092
0.229, 0.04, 0.919, -5.145, 1.214, -0.695
0.238, 0.042, 0.921, -4.901, 1.878, 2.229
0.226, 0.019, 0.915, -3.573, -0.321, 4.183
0.211, -0.006, 0.924, -2.519, -0.847, 5.626
0.19, -0.024, 0.903, -2.366, 0.588, 5.389
0.186, -0.042, 0.923, -2.656, 0.405, 2.893
0.188, -0.03, 0.908, -3.298, 1.16, 1.229
0.209, -0.011, 0.913, -3.183, 1.145, 0.588
0.208, -0.001, 0.898, -2.252, 1.038, 1.092
0.204, -0.009, 0.917, -0.618, 0.321, 1.786
0.184, -0.013, 0.936, -0.099, -0.695, 1.405
0.184, -0.009, 0.927, -0.954, 0.198, 0.313
0.197, -0.001, 0.921, -2.092, 1.115, -1.298
0.206, 0.009, 0.901, -2.023, 2.359, -1.328
0.221, 0.032, 0.91, -0.748, 1.176, 1.122
0.229, 0.033, 0.908, -0.611, 1.924, 4.214
0.196, 0.008, 0.922, 0.786, -1.649, 5.939
0.172, -0.012, 0.927, 0.351, -2.885, 4.969
0.177, -0.018, 0.942, -1.977, -0.458, 2.168
0.181, -0.009, 0.925, -4.023, 1.389, -1.359
0.21, 0.002, 0.908, -3.29, 0.908, -2.183
0.227, 0.029, 0.891, -2.053, 0.542, -1.176
0.228, 0.034, 0.92, -1.626, 1.374, 0.397
0.208, 0.03, 0.906, -1.641, 0.679, 1.756
0.214, 0.025, 0.918, -1.458, 0.511, 3.252
0.2, 0.019, 0.917, -1.328, 0.603, 4.198
0.192, 0.009, 0.933, -2.008, 0.397, 4.366
0.188, -0.006, 0.936, -3.313, 0.527, 3.053
0.188, -0.008, 0.92, -4.847, 2.137, 1.267
0.199, -0.01, 0.898, -4.366, 2.954, 1.282
0.204, 0.002, 0.903, -3.031, 1.496, 0.275
0.202, 0.001, 0.913, -3.397, 2.603, 1.076
0.201, -0.004, 0.914, -3.748, 2.496, 1.328
0.197, -0.017, 0.92, -3.076, 2.863, 1.496
0.191, -0.023, 0.914, -1.962, 1.588, 1.168
0.205, -0.011, 0.922, -1.412, 0.16, 0.55
0.207, -0.001, 0.905, -0.969, 1.389, 0.275
0.215, 0.018, 0.92, -0.58, 0.351, 0.763
0.214, 0.028, 0.925, -1.29, 1.16, 1.038
0.203, 0.019, 0.933, -1.969, 0.779, 1.985
0.202, 0.013, 0.931, -2.321, 0.634, 2.321
0.197, 0.015, 0.92, -3.092, 1.893, 2.504
0.178, -0.002, 0.928, -2.779, 0.702, 3.015
0.182, -0.02, 0.924, -2.359, 0.672, 2.809
0.186, -0.014, 0.923, -2.641, 1.435, 2.069
0.2, -0.008, 0.906, -3.336, 1.702, -0.053
0.214, -0.002, 0.901, -3.351, 1.351, -0.656
0.221, -0.0, 0.892, -1.992, 1.527, 0.023
0.213, 0.024, 0.916, -0.626, 1.183, 1.153
0.185, 0.03, 0.943, -0.84, 0.153, 2.656
0.187, 0.018, 0.946, -1.924, -0.046, 2.702
0.168, -0.006, 0.95, -3.145, -1.321, 1.969
0.172, -0.028, 0.945, -4.214, -2.336, -0.992
0.198, -0.014, 0.918, -4.924, 0.672, -2.893
0.209, 0.005, 0.908, -3.504, 0.725, -1.244
0.218, 0.014, 0.892, -0.267, -1.191, 0.931
0.209, 0.023, 0.934, 1.191, -1.168, 3.053
0.183, 0.003, 0.935, 1.389, -1.565, 2.855
0.177, 0.001, 0.941, -0.496, -3.252, 1.183
0.177, -0.004, 0.955, -2.252, -0.176, 0.84
0.193, 0.003, 0.946, -3.718, -0.794, -0.718
0.199, -0.01, 0.921, -3.618, 0.573, -0.16
0.193, -0.009, 0.913, -2.679, -0.214, 0.588
0.205, -0.002, 0.908, -1.221, -1.305, 1.031
0.192, -0.008, 0.92, -0.557, -0.008, 0.809
0.189, -0.013, 0.932, -0.611, -0.031, 0.687
0.185, -0.01, 0.929, -0.649, 0.206, 0.809
0.195, -0.009, 0.922, -0.328, 0.214, 1.061
0.208, 0.011, 0.913, 0.115, 0.573, 1.389
0.193, 0.009, 0.924, 0.71, -0.42, 2.328
0.186, 0.012, 0.926, 0.824, -1.573, 2.595
0.183, 0.007, 0.926, -0.458, -1.0, 1.015
0.198, 0.017, 0.941, -2.069, -0.519, -1.122
0.195, 0.022, 0.93, -2.947, 1.244, -0.672
0.194, 0.017, 0.942, -1.626, -1.534, 0.374
0.197, 0.027, 0.931, -1.542, -1.802, 0.809
0.194, 0.026, 0.939, -2.595, -1.809, 1.656
0.197, 0.014, 0.923, -3.634, -1.519, 1.099
0.2, 0.003, 0.913, -2.947, -1.275, 0.985
0.222, 0.001, 0.893, -2.382, -0.473, 1.122
0.222, 0.01, 0.892, -1.863, 0.756, 0.687
0.213, 0.017, 0.9, -1.015, 1.099, 1.71
0.206, 0.008, 0.917, -0.374, 0.382, 2.473
0.201, 0.029, 0.918, -1.26, 0.351, 1.916
0.21, 0.021, 0.917, -2.679, 1.397, 1.26
0.209, 0.032, 0.912, -3.26, 0.099, 1.305
0.224, 0.016, 0.903, -2.344, -1.092, 2.863
0.224, 0.018, 0.899, -1.328, -1.985, 2.931
0.217, 0.005, 0.907, -2.015, 0.0, 3.206
0.211, -0.005, 0.906, -2.26, 1.412, 2.244
0.203, -0.01, 0.886, -1.924, 1.977, 1.885
0.197, 0.008, 0.903, -1.809, 1.794, 0.557
0.212, 0.027, 0.909, -3.336, 1.366, -0.58
0.235, 0.035, 0.9, -4.13, 2.824, -0.26
0.234, 0.037, 0.887, -3.115, 4.267, 1.099
0.215, 0.033, 0.909, -1.015, 0.824, 3.573
0.198, 0.022, 0.921, -0.466, -1.939, 4.901
0.17, -0.001, 0.917, -1.702, -0.489, 3.122
0.159, -0.005, 0.912, -3.71, -2.42, -1.061
0.166, -0.014, 0.909, -6.878, -1.519, -5.122
0.187, -0.013, 0.876, -8.076, -1.992, -8.481
0.208, 0.006, 0.865, -9.237, -3.321, -11.817
0.182, 0.0, 0.871, -11.519, -2.038, -15.679
0.172, -0.009, 0.833, -13.122, -1.634, -19.214
0.101, -0.014, 0.835, -15.153, -4.893, -27.313
0.096, 0.001, 0.824, -19.74, -6.802, -35.863
0.114, 0.043, 0.776, -26.176, -11.588, -41.893
0.129, 0.046, 0.732, -31.366, -16.756, -42.763
0.195, -0.003, 0.591, -30.389, -20.176, -35.817
0.275, -0.024, 0.437, -21.71, -28.321, -20.969
0.314, -0.04, 0.28, -3.519, -36.305, 3.092
0.308, -0.066, 0.167, 18.687, -44.985, 34.718
0.196, -0.102, 0.056, 46.908, -65.634, 58.435
0.118, -0.078, 0.107, 66.611, -86.603, 84.748
-0.033, -0.091, 0.161, 77.458, -97.412, 92.695
-0.246, -0.129, 0.171, 75.595, -107.679, 85.366
-0.386, -0.176, 0.18, 57.176, -114.962, 68.099
-0.427, -0.254, 0.26, 22.405, -107.748, 32.527
-0.364, -0.215, 0.153, -6.74, -104.275, -3.947
-0.36, -0.287, 0.082, -23.275, -95.366, -42.412
-0.231, -0.303, -0.179, -17.756, -109.893, -51.939
-0.084, -0.284, -0.304, -10.084, -109.237, -60.076
0.027, -0.324, -0.332, -0.695, -104.221, -88.855
0.179, -0.29, -0.409, 9.389, -81.13, -91.954
0.221, -0.233, -0.339, 17.84, -63.153, -97.13
0.313, -0.202, -0.368, 26.695, -54.832, -109.13
0.294, -0.114, -0.276, 39.092, -39.252, -92.076
0.073, -0.079, -0.127, 59.053, -48.985, -78.275
0.307, -0.039, -0.162, 117.847, -30.389, -60.634
0.281, -0.202, -0.049, 185.45, -15.076, -74.794
0.612, -0.138, -0.24, 193.008, -29.992, -87.137
0.39, -0.023, -0.21, 170.092, -20.962, -35.275
-0.046, 0.137, 0.234, 77.718, -59.427, 36.321
0.769, -0.277, -0.044, -19.107, 9.061, -11.13
0.473, -0.498, -0.024, 36.374, 38.908, -43.565
0.221, -1.093, -0.138, -19.061, 10.328, -54.733
0.229, -1.006, -0.232, 40.603, 23.061, -119.885
0.246, -0.334, -0.304, 53.786, 37.756, -139.489
-0.127, -0.037, -0.109, -19.748, 11.672, -149.267
-0.065, -0.083, 0.17, 13.282, -21.29, -209.611
0.124, 0.834, 0.493, -107.267, 25.664, -236.679
0.114, 0.508, 0.408, -81.374, 12.588, -209.458
0.434, 0.466, 0.356, -75.229, 48.947, -147.42
0.331, 0.554, 0.314, -143.649, 131.107, -111.855
-0.207, 0.058, 0.18, -215.519, 204.13, -121.069
-0.312, -0.518, 0.554, -98.397, 46.046, -106.275
-0.297, -0.434, 0.577, 4.26, 51.84, -128.084
-0.226, 0.514, 1.378, 1.313, 48.885, -197.542
0.16, 0.9, 1.341, -218.008, 117.84, -129.237
0.158, 0.583, 1.369, -247.107, 200.855, -151.763
-0.329, 0.376, 1.291, -250.137, 191.588, -147.145
-0.485, 0.851, 1.166, -250.137, 250.13, -115.962
-0.751, -0.474, 0.062, -250.137, 93.237, -169.557
-0.673, -1.658, 1.712, -50.641, 79.443, -45.496
-0.719, 0.543, 2.0, 89.947, -87.061, -24.183
-0.373, 0.278, 1.759, 85.527, -143.473, -9.382
0.233, 0.728, 2.0, 91.359, -88.954, -12.725
0.252, 1.029, 1.924, -58.023, -8.214, 71.061
-0.661, 0.647, 1.713, -143.595, 18.29, 72.031
-0.55, 0.014, 2.0, -33.855, -26.153, 116.084
-0.131, 0.196, 2.0, 5.366, 61.58, -0.908
0.342, 0.654, 2.0, -44.992, 84.427, 29.87
0.467, 0.636, 2.0, -81.145, 33.74, 92.153
0.219, -0.195, 2.0, -88.244, -1.985, 132.458
-0.231, -0.714, 2.0, -22.992, -40.008, 133.87
-0.205, -1.027, 2.0, 78.878, -100.29, 73.435
-0.267, -0.057, 2.0, 53.695, -174.084, 67.618
0.628, -0.529, 2.0, 85.435, -82.809, 52.511
0.73, -0.354, 2.0, 55.206, -85.046, 55.885
1.129, -0.212, 2.0, 64.473, -20.137, 69.71
1.052, -0.02, 2.0, 76.099, 3.603, 88.427
0.826, 0.018, 2.0, 42.84, -10.168, 106.458
0.552, 0.582, 2.0, -66.466, -15.595, 94.443
0.429, -0.587, 1.619, -114.893, -47.756, 24.672
0.444, -0.639, 1.309, -34.878, -29.481, -36.237
0.239, -0.229, 1.459, -53.718, -34.412, -86.954
0.849, -0.357, 1.211, -100.397, -21.916, -56.397
0.755, -0.398, 1.282, 10.626, 31.366, -79.023
0.845, 0.011, 1.239, 13.458, 36.023, -27.924
0.478, 0.594, 1.742, -20.481, -6.053, 16.924
0.733, 0.15, 1.056, 13.038, 39.229, 5.687
0.612, 0.206, 1.038, 11.618, 5.916, 33.099
-0.104, 0.162, 1.313, -9.397, -47.496, -2.336
0.237, -0.096, 1.069, 32.389, -9.588, 14.84
0.444, -0.435, 0.695, 24.0, 8.908, 18.908
0.227, -0.219, 1.078, 12.183, 3.443, 25.198
0.293, -0.13, 1.048, 8.053, 5.42, 26.695
0.249, -0.086, 1.063, 7.511, 7.366, 29.435
0.184, -0.134, 0.99, 6.672, 1.328, 25.122
0.189, -0.184, 0.985, 9.061, 1.069, 15.374
0.163, -0.208, 1.003, 11.626, 1.321, 0.611
0.275, -0.335, 0.885, 26.359, 10.71, -7.985
0.221, -0.23, 1.011, 26.588, 23.015, -26.183
0.107, -0.25, 1.003, 30.855, 20.977, -23.565
0.061, -0.211, 1.02, 29.962, 32.511, -45.092
0.105, -0.272, 0.889, 34.595, 39.061, -54.748
0.045, -0.221, 0.926, 38.313, 46.305, -73.069
0.136, -0.291, 0.806, 33.733, 41.45, -78.649
0.042, 0.074, 0.94, 28.802, 25.053, -47.748
0.158, -0.028, 0.885, 22.893, 23.092, -35.802
0.139, -0.011, 0.861, 28.992, 9.634, -6.473
0.072, 0.09, 0.882, 38.137, 5.954, -0.916
0.108, 0.084, 0.891, 33.153, 9.389, 6.985
0.084, 0.051, 0.874, 29.702, 2.771, 7.466
0.092, 0.021, 0.868, 30.756, 1.565, 11.557
0.092, -0.023, 0.896, 31.969, -0.542, 6.298
0.13, -0.031, 0.926, 27.351, -3.115, 9.275
0.165, 0.024, 0.959, 20.481, -6.427, 18.382
0.143, 0.064, 0.964, 6.702, -13.282, 20.351
0.16, 0.063, 0.968, 4.916, -22.221, 24.344
0.626, 0.101, 0.762, 5.366, -27.344, 68.313
0.007, 0.192, 1.051, -14.076, -46.87, 24.809
0.083, 0.349, 1.045, -5.588, -46.206, 59.008
0.277, 0.04, 0.954, 3.084, -19.061, 6.901
0.114, 0.29, 1.098, -19.061, -49.466, 46.305
0.341, -0.04, 0.888, -5.595, -21.626, 19.443
0.195, 0.104, 0.927, -19.344, -32.084, 47.931
0.394, -0.188, 0.799, -9.916, -15.405, 35.092
0.236, 0.093, 0.952, -11.748, -3.153, 30.924
0.285, 0.052, 0.953, -26.427, -15.573, 54.588
0.311, 0.051, 0.975, -14.031, -5.023, 32.954
0.217, 0.129, 1.013, -34.206, -46.565, 81.901
0.204, -0.046, 0.928, -5.55, -10.321, 26.573
0.159, 0.038, 0.954, -18.817, -8.313, 18.13
0.168, -0.136, 0.879, -14.244, -12.557, 18.344
0.23, -0.003, 0.9, -19.115, -2.458, 7.527
0.241, -0.033, 0.891, -22.252, -2.573, 9.244
0.263, -0.006, 0.912, -20.046, 0.87, 13.794
0.252, 0.034, 0.924, -26.145, -7.45, 30.191
0.225, -0.052, 0.912, -16.046, -7.382, 26.458
0.236, -0.036, 0.922, -10.061, -4.313, 20.504
0.22, -0.018, 0.887, -19.55, -11.206, 27.374
0.167, -0.135, 0.855, -15.756, -16.702, 14.443
0.223, -0.044, 0.887, -16.824, -7.275, 16.771
0.222, -0.034, 0.877, -23.16, -5.931, 17.84
0.232, -0.075, 0.872, -19.634, 1.252, 17.336
0.215, -0.081, 0.888, -13.489, 6.992, 13.198
0.247, -0.07, 0.884, -9.191, 11.481, 10.588
0.225, -0.066, 0.896, -7.382, 13.855, 10.115
0.232, -0.014, 0.915, -10.664, 15.298, 9.748
0.246, -0.002, 0.891, -13.137, 12.534, 10.847
0.255, -0.004, 0.907, -13.466, 17.496, 9.893
0.241, -0.051, 0.872, -11.366, 23.374, 9.992
0.159, -0.064, 0.933, -6.191, 18.26, 7.649
0.245, -0.063, 0.918, -0.924, 16.435, 4.855
0.205, -0.071, 0.911, -1.725, 20.748, 6.466
0.207, -0.121, 0.92, -0.702, 20.069, 3.885
0.201, -0.115, 0.927, -0.458, 15.565, 1.198
0.207, -0.142, 0.881, 5.305, 22.366, 1.565
0.207, -0.117, 0.902, 5.206, 25.038, -1.069
0.201, -0.095, 0.918, 4.427, 22.595, -2.504
0.252, -0.078, 0.916, 6.221, 23.534, -4.687
0.241, -0.042, 0.972, 1.527, 18.023, -4.206
0.276, -0.057, 0.942, 2.214, 24.565, -1.115
0.14, -0.011, 0.965, -0.595, 11.504, -5.481
0.181, 0.009, 0.93, -0.069, 2.351, -8.0
0.182, 0.02, 0.915, 1.328, 0.771, -5.901
0.184, 0.017, 0.933, -0.16, 5.397, -3.71
0.226, -0.012, 0.909, -2.031, 7.443, 4.74
0.19, -0.028, 0.944, -3.237, 11.794, 10.71
0.162, -0.02, 0.954, -3.687, 6.214, 7.412
0.216, -0.015, 0.936, -3.13, 7.214, 11.107
0.237, -0.015, 0.92, -3.008, -4.672, 17.0
0.203, -0.002, 0.939, -3.863, -0.084, 15.084
0.21, -0.05, 0.948, -0.321, -1.695, 13.786
0.188, -0.079, 0.942, 2.008, -4.427, 7.588
0.183, -0.097, 0.95, -0.168, -7.603, 3.908
0.171, -0.097, 0.928, -2.29, -7.565, 2.718
0.165, -0.105, 0.916, -3.344, -6.29, 2.878
0.182, -0.065, 0.926, -4.733, -5.099, 2.221
0.177, -0.031, 0.915, -5.031, -4.008, 0.763
0.183, -0.022, 0.913, -4.298, -1.962, 2.687
0.191, -0.02, 0.923, -4.809, -1.214, 6.748
0.182, -0.044, 0.927, -3.115, -1.687, 8.496
0.197, -0.034, 0.915, -1.786, -2.099, 13.351
0.161, -0.046, 0.927, -1.565, -6.053, 19.45
0.215, -0.067, 0.927, -3.847, -3.954, 17.794
0.186, -0.073, 0.928, -4.168, -5.84, 17.252
0.192, -0.072, 0.906, -2.733, -9.504, 16.527
0.245, -0.09, 0.938, -3.511, -7.374, 10.13
0.211, -0.092, 0.92, -2.344, -8.137, 9.023
0.224, -0.07, 0.912, -0.595, -8.702, 10.45
0.214, -0.059, 0.917, -1.672, -5.832, 9.435
0.191, -0.057, 0.922, -1.527, -6.924, 5.542
0.203, -0.047, 0.933, 0.748, -8.771, 4.336
0.225, -0.048, 0.93, 2.244, -9.771, 5.542
0.222, -0.052, 0.928, -0.046, -5.573, 7.954
0.234, -0.052, 0.927, 2.847, -6.145, 6.679
0.207, -0.06, 0.934, 5.397, -5.641, 4.969
0.201, -0.042, 0.935, -0.725, -4.26, 3.069
0.192, -0.029, 0.91, 1.84, -3.992, 1.069
0.194, -0.004, 0.915, 2.076, -3.992, 2.55
0.221, 0.0, 0.927, 1.412, -2.473, 4.527
0.232, -0.0, 0.931, 1.725, -2.695, 7.969
0.24, -0.007, 0.911, 0.122, -0.458, 15.031
0.217, -0.052, 0.92, 0.359, -1.382, 18.45
0.221, -0.064, 0.905, -0.397, -0.015, 19.977
0.215, -0.115, 0.902, 4.29, 1.374, 15.702
0.194, -0.104, 0.896, 5.137, 4.031, 9.412
0.184, -0.105, 0.899, 9.053, 5.221, -0.015
0.183, 0.024, 0.919, 7.076, 2.641, 7.763
0.245, -0.0, 0.917, -1.313, 1.565, 5.84
0.226, -0.015, 0.922, -1.321, 2.115, 9.573
0.223, -0.039, 0.912, -0.504, 0.122, 10.641
0.256, -0.066, 0.888, 4.885, 3.947, 11.504
0.167, -0.05, 0.906, -4.137, 1.649, 10.695
0.187, -0.054, 0.886, -2.328, 1.237, 6.779
0.187, -0.067, 0.91, -3.435, 1.947, 3.359
0.203, -0.062, 0.911, -3.725, 3.55, 2.107
0.208, -0.062, 0.908, -2.84, 2.565, 2.588
0.216, -0.063, 0.918, -3.382, 3.511, 3.328
0.223, -0.073, 0.91, -3.534, 2.977, 0.718
0.226, -0.053, 0.92, -4.427, 2.382, 1.687
0.223, -0.056, 0.929, -4.977, 1.305, 4.443
0.219, -0.045, 0.909, -4.672, 3.557, 6.405
0.221, -0.054, 0.903, -5.145, 4.832, 9.053
0.218, -0.028, 0.897, -7.252, 5.771, 8.656
0.193, -0.049, 0.947, 0.901, 6.832, 19.977
0.168, -0.101, 0.928, -6.282, 2.191, 8.725
0.177, -0.084, 0.905, -3.16, 0.489, 2.351
0.155, -0.106, 0.897, -1.718, -0.885, -0.542
0.188, -0.08, 0.884, -0.931, -4.275, 0.221
0.205, -0.067, 0.917, -4.71, -0.481, -0.87
0.22, -0.044, 0.896, -6.389, 0.855, 3.985
0.197, -0.019, 0.875, -6.328, -2.786, 9.656
0.22, -0.034, 0.93, -7.511, 1.435, 5.244
0.219, -0.054, 0.906, -5.908, 1.664, -1.878
0.203, -0.019, 0.864, -3.008, -6.305, 7.55
0.204, -0.05, 0.917, -2.893, -6.534, -0.046
0.205, -0.071, 0.924, -3.298, -4.702, -2.176
0.217, -0.07, 0.913, -2.885, -4.221, -4.443
0.236, -0.055, 0.924, -2.237, -4.924, -7.115
0.261, -0.04, 0.925, -2.931, -4.221, -5.397
0.236, -0.03, 0.922, -5.153, -3.817, -4.924
0.249, -0.029, 0.934, -4.779, -0.145, -2.443
0.24, -0.04, 0.927, -4.74, -1.046, -0.092
0.228, -0.045, 0.928, -3.382, -0.313, 2.374
0.226, -0.051, 0.932, -2.679, -2.122, 2.962
0.231, -0.066, 0.912, -2.145, -1.695, 2.893
0.241, -0.107, 0.904, 0.527, -0.611, -1.405
0.198, -0.058, 0.954, 1.191, -3.443, -4.878
0.208, -0.066, 0.934, -4.053, -2.076, -5.481
0.243, -0.088, 0.922, -2.763, -5.649, -6.26
0.213, -0.061, 0.91, -4.481, -4.824, -6.847
0.222, -0.046, 0.911, -4.458, -2.473, -7.305
0.213, -0.041, 0.918, -5.397, -2.382, -6.763
0.207, -0.05, 0.92, -3.489, -1.832, -6.481
0.187, -0.044, 0.924, -4.695, -5.168, -10.122
0.203, -0.065, 0.922, -5.099, -2.473, -9.176
0.204, -0.059, 0.915, -6.992, -0.473, -5.756
0.183, -0.052, 0.9, -9.298, -1.023, -6.71
0.2, -0.042, 0.904, -8.458, 0.74, -6.069
0.214, -0.008, 0.909, -11.695, 0.053, -2.527
0.213, -0.09, 0.911, -6.183, 1.122, -0.672
0.23, -0.078, 0.916, -6.107, 2.031, 1.031
0.213, -0.077, 0.917, -5.267, 3.298, 1.183
0.201, -0.074, 0.917, -4.832, 1.748, -1.008
0.231, -0.062, 0.918, -4.176, 2.786, -1.069
0.241, -0.041, 0.922, -5.511, 3.618, 0.763
0.236, -0.02, 0.937, -6.092, 2.84, 1.901
0.246, -0.031, 0.942, -3.695, 2.389, 2.863
0.253, -0.024, 0.941, -2.45, 1.611, 3.008
0.25, -0.032, 0.934, -1.595, 0.519, 4.099
0.242, -0.054, 0.917, -0.969, 2.244, 4.718
0.222, -0.064, 0.916, -1.412, 2.298, 2.443
0.215, -0.067, 0.921, -1.969, 2.168, 0.748
0.238, -0.068, 0.921, -2.511, 2.794, 2.13
0.234, -0.057, 0.925, -2.969, 1.519, 2.802
0.25, -0.043, 0.934, -2.565, -0.71, 4.053
0.235, -0.033, 0.916, -2.718, -0.58, 3.191
0.23, -0.038, 0.913, -1.031, -0.427, 4.321
0.233, -0.056, 0.92, -0.405, -1.458, 6.229
0.218, -0.043, 0.923, -0.214, -1.969, 6.29
0.223, -0.048, 0.916, -0.107, -0.733, 7.275
0.215, -0.055, 0.923, -1.519, -0.931, 8.137
0.203, -0.045, 0.907, -2.427, -0.443, 9.534
0.207, -0.061, 0.907, -1.779, -0.16, 11.733
0.189, -0.072, 0.912, -1.634, -1.511, 7.885
0.21, -0.064, 0.9, 0.84, -2.115, 5.748
0.241, -0.056, 0.9, 4.374, -1.122, 7.802
0.221, -0.065, 0.907, 1.069, -1.939, 7.015
0.204, -0.058, 0.915, 3.29, -2.145, 6.641
0.214, -0.06, 0.917, 1.985, -1.511, 1.328
0.222, -0.061, 0.922, 1.168, -2.321, 3.176
0.241, -0.049, 0.916, 2.74, -1.603, 5.672
0.244, -0.049, 0.913, 3.466, -2.305, 7.947
0.217, -0.059, 0.915, 3.382, -2.206, 10.389
0.228, -0.064, 0.918, 0.611, -0.389, 8.611
0.229, -0.071, 0.916, 0.084, -0.702, 5.817
0.222, -0.072, 0.924, -0.328, -0.702, 4.191
0.237, -0.07, 0.915, 1.595, -0.687, 3.672
0.236, -0.049, 0.917, 1.87, -2.275, 4.092
0.269, -0.053, 0.932, 1.374, -2.969, 5.496
0.272, -0.042, 0.931, -0.122, -3.137, 6.763
0.241, -0.037, 0.917, -1.611, -3.679, 4.122
0.256, -0.075, 0.92, -1.313, -3.244, 2.489
0.236, -0.072, 0.906, -2.053, -2.008, 2.786
0.196, -0.07, 0.903, -1.328, -1.664, 1.672
0.211, -0.068, 0.904, -1.16, -0.931, 1.908
0.219, -0.056, 0.905, -1.13, -0.748, 2.42
0.237, -0.048, 0.903, -0.42, -0.969, 4.389
0.234, -0.024, 0.895, -0.786, -0.595, 3.802
0.248, -0.034, 0.926, 0.168, -0.084, 6.458
0.247, -0.046, 0.936, -2.267, -1.069, 7.137
0.248, -0.038, 0.918, -2.389, -0.466, 5.916
0.234, -0.051, 0.907, -1.962, 0.557, 6.366
0.218, -0.057, 0.903, -1.954, 1.351, 5.328
0.234, -0.061, 0.907, -0.779, 2.832, 5.824
0.23, -0.053, 0.92, -0.16, 2.275, 7.015
0.246, -0.055, 0.918, -0.046, 0.359, 5.931
0.213, -0.046, 0.935, -0.756, 2.359, 4.626
0.226, -0.066, 0.905, -2.313, 1.611, 0.779
0.225, -0.044, 0.905, -2.557, 2.069, -2.053
0.237, -0.032, 0.905, -3.137, 2.725, -2.542
0.222, -0.021, 0.9, -2.397, 2.458, -2.634
0.247, -0.008, 0.916, -1.977, 3.397, -0.244
0.245, -0.03, 0.921, -1.076, 1.481, 1.84
0.23, -0.047, 0.909, -0.977, 0.656, 1.962
0.243, -0.069, 0.919, -0.344, 0.565, 1.885
0.226, -0.072, 0.91, -1.282, 2.015, 1.237
0.218, -0.065, 0.896, -2.229, 3.046, 0.16
0.217, -0.057, 0.904, -3.069, 3.359, -3.069
0.24, -0.043, 0.912, -3.466, 2.115, -3.954
0.244, -0.029, 0.914, -3.557, 2.076, -2.855
