0.204 0.11 0.887 -3.084 2.947 2.137
0.25 0.142 0.844 -3.412 3.817 -0.519
0.213 0.134 0.879 -3.168 4.763 1.939
0.194 0.132 0.9 -1.786 7.214 4.137
0.168 0.123 0.924 -0.504 4.947 6.198
0.146 0.13 0.96 -2.305 3.511 6.573
0.156 0.104 0.939 -3.229 3.336 5.74
0.139 0.089 0.939 -5.702 0.076 0.16
0.133 0.066 0.921 -5.504 0.092 -3.443
0.162 0.065 0.874 -2.817 -1.046 -3.046
0.179 0.078 0.884 -0.725 -0.908 -4.26
0.176 0.085 0.894 1.664 0.824 -4.58
0.165 0.099 0.934 2.061 -1.069 -6.153
0.19 0.118 0.938 -0.305 3.802 -6.58
0.183 0.139 0.939 -4.473 4.046 -7.344
0.179 0.141 0.922 -5.626 6.427 -6.435
0.187 0.137 0.913 -5.863 5.282 -3.985
0.179 0.133 0.921 -4.191 3.878 -1.076
0.143 0.115 0.948 -2.847 1.702 1.687
0.177 0.107 0.935 -4.832 1.16 0.74
0.179 0.084 0.901 -6.45 1.603 -1.969
0.172 0.083 0.89 -6.328 3.076 -4.573
0.204 0.102 0.869 -4.58 3.229 -4.008
0.211 0.114 0.869 -1.687 6.313 -1.443
0.175 0.093 0.925 0.344 3.863 0.519
0.137 0.092 0.961 -1.214 1.481 -0.366
0.126 0.071 0.97 -4.427 2.244 -1.588
0.155 0.076 0.934 -7.847 4.0 -4.183
0.15 0.08 0.902 -8.42 2.985 -5.947
0.205 0.093 0.854 -5.023 5.145 -5.687
0.189 0.098 0.866 -0.908 3.481 -1.733
0.2 0.123 0.905 0.427 4.13 0.603
0.178 0.121 0.92 -0.29 4.702 0.061
0.153 0.116 0.931 -2.359 4.298 -1.328
0.149 0.101 0.928 -3.092 3.374 -0.573
0.153 0.091 0.894 -2.519 2.336 -0.29
0.17 0.098 0.894 -1.992 1.702 -0.305
0.155 0.107 0.914 -1.817 1.321 0.191
0.192 0.125 0.917 -2.466 2.71 -0.382
0.181 0.116 0.933 -3.771 3.435 -1.954
0.181 0.115 0.942 -4.511 5.0 -0.489
0.148 0.074 0.938 -3.038 4.107 1.969
0.148 0.074 0.926 -2.832 0.595 2.023
0.14 0.075 0.931 -3.771 -0.328 0.153
0.166 0.091 0.915 -4.45 1.206 -1.153
0.168 0.095 0.893 -2.55 0.321 -1.244
0.186 0.123 0.887 -2.008 0.718 -0.954
0.206 0.137 0.888 -1.473 2.214 0.771
0.197 0.126 0.902 -0.55 3.053 3.695
0.207 0.135 0.901 0.58 2.336 5.366
0.181 0.12 0.929 1.466 2.557 9.13
0.146 0.108 0.925 0.557 1.366 9.824
0.135 0.083 0.954 -1.71 -0.107 8.13
0.125 0.083 0.956 -4.817 -0.237 4.183
0.13 0.061 0.934 -6.221 -1.122 0.511
0.136 0.083 0.913 -4.855 -3.847 0.901
0.193 0.074 0.871 -2.229 -0.794 1.809
0.192 0.082 0.862 -0.481 1.412 1.962
0.162 0.083 0.89 0.901 2.115 2.679
0.154 0.095 0.937 -0.771 3.45 0.992
0.128 0.096 0.957 -2.008 2.855 -0.58
0.155 0.113 0.949 -4.496 0.748 -2.168
0.18 0.13 0.925 -7.008 1.878 -2.969
0.191 0.121 0.919 -5.794 0.916 0.038
0.194 0.12 0.911 -3.115 0.748 4.443
0.192 0.096 0.899 -0.672 0.405 8.115
0.17 0.085 0.931 -1.611 -1.168 7.26
0.152 0.057 0.923 -3.458 0.908 4.313
0.154 0.055 0.896 -3.809 0.626 0.832
0.147 0.053 0.889 -3.053 2.374 -2.771
0.158 0.078 0.876 -1.985 2.664 -3.878
0.147 0.085 0.898 -0.489 0.084 -4.443
0.173 0.109 0.919 -0.595 0.359 -4.649
0.183 0.125 0.934 -2.847 0.87 -3.969
0.198 0.119 0.902 -3.794 2.168 -3.649
0.169 0.104 0.892 -2.389 0.702 -2.893
0.187 0.1 0.898 -0.038 1.924 0.656
0.159 0.096 0.897 1.947 1.344 3.626
0.18 0.104 0.908 2.344 2.145 4.115
0.15 0.088 0.93 1.611 -0.237 -0.489
0.17 0.092 0.932 -1.092 1.901 -3.45
0.147 0.083 0.921 -3.176 1.763 -6.336
0.161 0.08 0.883 -2.985 1.893 -6.687
0.159 0.095 0.888 -1.878 1.008 -6.74
0.167 0.109 0.904 -1.344 0.42 -4.878
0.182 0.107 0.885 -1.588 0.74 -4.695
0.192 0.103 0.884 -0.565 0.588 -4.542
0.18 0.079 0.876 0.641 1.153 -4.046
0.189 0.074 0.88 1.031 1.626 -4.557
0.17 0.068 0.863 1.008 2.664 -6.55
0.173 0.071 0.869 0.733 3.221 -7.061
0.159 0.072 0.867 2.122 1.435 -8.481
0.163 0.082 0.856 2.275 0.931 -9.634
0.174 0.082 0.862 1.13 0.702 -10.733
0.156 0.062 0.87 -0.893 0.015 -11.916
0.127 0.004 0.861 -1.496 -2.206 -13.626
0.105 -0.04 0.854 -3.069 -10.176 -16.969
0.051 -0.106 0.844 -5.832 -18.038 -24.26
0.035 -0.124 0.779 -11.595 -27.298 -32.794
0.009 -0.156 0.715 -20.023 -35.565 -46.443
-0.096 -0.173 0.653 -31.0 -49.74 -69.748
-0.056 -0.18 0.472 -38.672 -48.794 -88.687
-0.294 -0.215 0.509 -38.908 -70.275 -109.557
0.01 -0.116 0.145 -38.634 -48.176 -117.427
-0.267 -0.121 0.221 -29.939 -64.641 -123.832
-0.196 -0.061 0.133 -17.656 -61.832 -128.069
-0.126 0.065 0.124 -15.763 -59.137 -138.221
-0.082 0.118 0.042 -1.435 -62.679 -135.55
-0.028 0.186 0.127 9.908 -68.366 -123.802
0.19 0.299 -0.031 14.443 -71.985 -109.206
0.147 0.284 -0.091 34.947 -72.832 -79.878
0.328 0.256 -0.312 51.153 -67.954 -48.427
0.343 0.163 -0.381 78.908 -70.405 -13.191
0.402 0.143 -0.389 108.947 -62.626 20.504
0.283 0.134 -0.262 127.466 -55.748 45.412
0.198 0.141 -0.146 135.092 -54.779 57.977
0.163 0.095 -0.002 130.328 -46.939 58.489
0.064 0.129 0.058 110.969 -43.45 50.13
-0.041 0.08 0.175 91.855 -39.885 32.557
-0.03 0.101 0.206 67.282 -34.489 22.053
-0.054 0.066 0.162 42.282 -16.023 10.802
-0.017 0.006 0.147 33.985 -26.824 -2.26
0.253 -0.01 0.068 21.947 -10.145 -4.275
0.334 -0.032 0.172 11.176 -6.786 -5.137
0.392 -0.034 0.197 -8.443 2.855 -6.924
0.338 -0.11 0.255 -24.366 12.412 -8.618
0.446 -0.093 0.162 -38.809 27.366 -19.901
0.444 -0.106 0.078 -47.244 46.634 -29.214
0.499 -0.149 0.072 -49.908 71.061 -38.542
0.531 -0.119 0.199 -54.878 94.855 -38.786
0.629 -0.056 0.388 -66.725 117.382 -34.771
0.688 -0.017 0.333 -74.305 144.664 -15.878
0.44 -0.086 0.37 -75.092 144.0 -18.458
0.142 -0.13 0.481 -69.427 142.504 -27.023
-0.035 -0.098 0.675 -66.947 122.817 -42.13
-0.186 -0.004 0.825 -78.595 114.115 -63.565
-0.136 0.146 0.926 -100.107 98.878 -75.206
-0.02 0.237 0.964 -127.038 112.137 -77.496
-0.106 0.173 0.877 -148.718 114.122 -87.573
-0.006 0.19 0.917 -166.26 107.87 -90.328
0.214 0.284 1.0 -181.58 116.092 -77.679
0.22 0.101 0.878 -179.366 119.282 -46.519
0.082 -0.305 0.68 -142.0 132.015 -9.931
-0.334 -0.672 0.761 -81.786 120.977 1.496
-0.629 -0.681 1.075 -35.969 115.115 -7.542
-0.809 -0.375 1.503 -19.55 80.878 -42.405
-0.523 0.143 1.701 -41.046 99.779 -56.466
-0.385 0.423 1.748 -76.84 140.137 -63.267
-0.603 0.689 1.857 -99.519 130.847 -60.405
-0.803 0.843 2.0 -110.855 97.366 3.58
-0.577 0.547 1.403 -83.542 67.664 62.832
-0.601 0.302 1.088 -7.679 24.16 123.649
-0.465 0.11 0.957 35.176 70.16 124.733
-0.556 0.306 1.443 45.954 88.481 105.359
-0.386 0.651 2.0 20.176 91.878 102.336
-0.436 0.819 2.0 -36.878 106.794 155.397
-0.492 0.545 2.0 -58.13 -0.076 152.351
-0.496 -0.212 1.893 -37.473 -52.847 140.893
-0.518 -0.758 1.433 -41.695 57.603 150.183
-0.684 -0.932 0.933 -8.183 40.878 123.656
-0.642 -1.135 0.944 45.824 112.557 73.718
-0.794 -0.643 1.802 82.275 59.527 56.588
-0.443 -0.007 1.996 73.237 -0.649 82.336
-0.367 0.162 1.906 66.84 -16.71 115.969
-0.342 0.187 1.903 46.076 3.267 107.641
-0.348 0.144 1.664 29.656 42.908 87.443
-0.448 0.099 1.516 34.641 67.099 53.206
-0.474 0.214 1.598 42.145 38.687 56.664
-0.292 0.414 1.782 46.183 10.618 71.076
-0.216 0.524 1.826 41.473 -8.466 98.481
0.159 0.446 1.631 19.656 31.183 100.466
-0.073 0.361 1.647 1.779 32.809 98.55
-0.223 0.188 1.567 6.405 57.557 79.344
-0.265 0.068 1.585 21.527 77.198 62.443
-0.339 0.023 1.415 38.115 61.542 56.969
-0.294 0.062 1.369 48.626 36.313 50.626
-0.232 0.165 1.429 46.977 19.008 50.763
-0.191 0.203 1.369 41.458 8.481 55.16
-0.199 0.248 1.27 33.611 6.191 52.718
-0.194 0.328 1.222 22.855 4.298 54.092
-0.194 0.37 1.103 17.679 5.137 55.13
-0.261 0.256 1.046 15.198 12.061 52.603
-0.334 0.202 1.02 12.16 13.885 45.282
-0.323 0.181 0.956 17.351 32.382 39.069
-0.399 0.235 1.043 15.893 30.725 29.649
-0.238 0.355 1.388 11.496 25.565 54.496
-0.316 0.171 0.71 19.069 10.786 40.55
-0.45 0.141 0.928 14.847 4.084 34.168
0.218 0.025 1.643 3.511 26.718 30.977
-0.207 0.208 0.665 4.573 22.466 27.763
-0.37 0.216 0.916 2.359 7.954 18.832
-0.282 0.154 0.709 5.534 1.702 21.176
-0.387 0.165 0.76 4.366 11.481 15.031
-0.433 0.112 0.645 12.947 9.405 13.252
-0.42 0.128 0.716 3.183 10.71 6.237
-0.398 0.129 0.721 5.992 5.099 3.366
-0.245 0.26 0.889 6.656 24.771 0.603
-0.192 0.144 0.734 7.481 6.702 1.0
-0.387 0.138 0.801 13.534 -11.351 -1.221
-0.519 0.36 0.988 16.603 -18.084 -0.977
-0.268 0.217 0.77 10.611 -4.458 4.557
-0.366 0.178 0.885 18.023 -19.977 3.29
-0.234 0.439 0.846 7.305 -16.0 -9.366
-0.341 0.228 0.848 -1.885 -2.908 -5.58
-0.282 0.269 0.842 -0.466 -5.611 -7.153
-0.276 0.236 0.819 -1.481 -8.656 -6.603
-0.287 0.221 0.784 -1.183 -10.771 -9.275
-0.312 0.174 0.749 -0.092 -8.382 -10.191
-0.324 0.17 0.716 5.641 -7.947 -11.344
-0.285 0.235 0.806 7.603 0.679 -31.176
-0.206 0.291 0.66 4.489 1.641 -22.588
-0.301 0.325 0.757 7.206 -13.252 -20.183
-0.249 0.36 0.771 5.527 -17.366 -11.985
-0.219 0.318 0.809 1.87 -19.542 -12.298
-0.276 0.279 0.891 -4.908 -16.115 -7.672
-0.24 0.095 0.731 -13.565 -26.0 -6.076
-0.368 0.25 1.002 -1.481 -42.695 0.618
-0.195 0.481 1.093 -27.733 -46.931 -6.122
-0.199 0.257 0.883 -19.237 -53.374 -2.305
-0.232 0.24 0.936 -5.466 -52.832 4.427
-0.251 0.249 0.929 -34.366 -72.679 10.359
-0.174 0.177 0.825 -4.908 -45.939 5.176
-0.088 0.42 1.143 -32.389 -47.137 -23.664
-0.153 0.086 0.682 -24.221 -48.298 -1.954
-0.243 0.154 0.875 -6.015 -53.527 -5.412
-0.201 0.222 0.81 -33.412 -50.489 4.023
-0.248 0.071 0.674 -8.954 -39.733 -1.702
-0.197 0.272 0.855 -5.122 -44.824 -6.015
-0.277 0.368 1.034 -35.763 -49.16 -13.145
-0.073 0.185 0.872 -8.969 -49.023 -15.374
-0.052 0.396 0.97 -31.756 -41.702 -16.939
-0.081 0.211 0.854 -34.229 -28.771 6.229
-0.231 0.175 0.895 -10.847 -32.893 6.71
-0.128 0.141 0.865 -27.328 -26.115 -1.679
-0.156 0.104 0.863 3.969 -15.107 -4.084
-0.106 0.197 0.884 -6.29 -20.26 -10.153
-0.032 0.078 0.768 -20.985 -32.099 -13.969
-0.181 0.14 0.938 3.557 -23.878 -6.649
-0.091 0.237 0.865 3.366 -26.198 -7.634
-0.316 0.331 1.063 -23.542 -48.496 -19.969
-0.044 0.161 0.872 3.87 -8.244 -4.847
0.001 0.26 0.842 -2.664 -1.466 -7.344
-0.105 0.208 0.878 -0.092 -1.84 -5.748
-0.095 0.22 0.875 2.374 0.702 -6.45
-0.098 0.19 0.882 5.0 0.244 -3.191
-0.141 0.157 0.879 9.084 -0.931 -9.214
-0.223 0.182 0.946 0.015 -2.321 -8.405
-0.104 0.152 0.835 17.779 5.252 -17.16
-0.151 0.337 1.004 1.885 5.115 -21.145
0.012 0.283 0.866 8.069 21.092 -12.244
-0.071 0.223 0.864 16.977 20.214 -11.847
-0.061 0.245 0.859 13.817 29.466 -5.847
-0.132 0.229 0.891 11.901 30.023 -2.756
-0.155 0.239 0.872 9.145 25.962 -8.084
-0.165 0.221 0.894 9.641 27.557 -12.557
-0.113 0.207 0.849 11.145 34.092 -15.878
-0.124 0.223 0.879 12.481 34.328 -16.817
-0.131 0.246 0.892 7.878 43.168 -12.244
-0.166 0.191 0.845 10.084 39.756 -11.58
-0.181 0.209 0.85 14.71 36.214 -14.344
-0.149 0.236 0.885 11.695 43.031 -9.756
-0.181 0.191 0.853 10.733 48.954 -9.313
-0.203 0.206 0.85 11.962 43.733 -11.137
-0.209 0.221 0.882 9.13 41.122 -5.626
-0.187 0.218 0.867 8.198 46.618 -2.382
-0.375 0.32 0.956 -1.359 16.71 21.252
-0.262 0.242 0.895 -1.595 4.412 5.947
-0.232 0.224 0.857 -1.344 6.076 12.145
-0.218 0.243 0.857 -0.099 2.641 11.313
-0.179 0.253 0.879 -2.656 10.198 13.42
-0.249 0.24 0.868 -2.847 5.481 12.176
-0.197 0.241 0.851 -1.595 8.611 13.168
-0.229 0.229 0.859 -0.412 5.55 12.153
-0.211 0.232 0.864 -1.29 7.183 13.053
-0.224 0.256 0.865 -3.298 8.618 13.275
-0.219 0.259 0.877 -2.649 6.397 13.405
-0.2 0.254 0.867 -2.221 3.695 15.489
-0.207 0.266 0.868 -3.504 4.45 17.573
-0.197 0.24 0.837 -3.634 8.16 17.565
-0.253 0.224 0.834 -3.771 3.237 16.359
-0.229 0.238 0.844 -2.885 4.84 16.58
-0.267 0.215 0.834 1.702 -9.992 20.748
-0.225 0.237 0.836 4.366 -13.534 23.771
-0.235 0.233 0.83 6.618 -21.992 24.115
-0.238 0.241 0.845 8.397 -37.939 24.985
-0.178 0.259 0.81 7.87 -37.588 23.672
-0.173 0.245 0.85 8.168 -37.977 24.42
-0.17 0.242 0.851 7.198 -34.351 24.366
-0.195 0.232 0.843 3.779 -13.382 24.519
-0.151 0.251 0.854 5.794 -20.145 19.015
-0.146 0.254 0.859 2.252 -12.0 19.595
-0.16 0.25 0.871 0.618 -13.496 17.084
-0.182 0.236 0.863 2.969 -14.244 17.809
-0.155 0.254 0.873 2.115 -9.863 17.397
-0.145 0.258 0.86 0.908 -14.198 12.069
-0.178 0.249 0.903 1.16 -17.252 15.687
-0.142 0.261 0.896 0.687 -17.542 14.267
-0.149 0.251 0.886 1.649 -17.137 17.366
-0.159 0.244 0.904 1.679 -16.237 15.519
-0.127 0.248 0.874 2.542 -14.954 10.664
-0.133 0.272 0.879 -2.084 -9.183 8.405
-0.135 0.275 0.877 -2.26 -6.634 6.519
-0.136 0.246 0.877 -0.519 -6.87 3.817
-0.121 0.261 0.851 -1.038 -3.489 3.069
-0.098 0.283 0.86 -0.763 -2.183 3.069
-0.104 0.282 0.844 -1.214 0.863 2.962
-0.127 0.284 0.829 -0.542 -1.183 0.473
-0.13 0.274 0.844 -0.863 0.206 1.115
-0.121 0.277 0.856 -0.504 -0.275 1.405
-0.142 0.267 0.853 -1.557 -1.45 1.351
-0.105 0.276 0.843 -1.58 1.374 -2.275
-0.131 0.27 0.863 -1.824 2.947 -3.466
-0.089 0.278 0.818 -3.008 13.847 -5.847
-0.146 0.276 0.872 -4.076 12.649 -8.191
-0.128 0.289 0.84 -3.359 15.985 -6.763
-0.147 0.287 0.844 -4.244 13.87 -8.214
-0.132 0.299 0.843 -3.053 16.344 -6.71
-0.138 0.294 0.861 -1.809 14.183 -6.252
-0.157 0.26 0.862 -0.87 10.359 -5.977
-0.14 0.266 0.875 -1.832 10.863 -7.305
-0.145 0.262 0.875 -2.847 14.153 -8.229
-0.137 0.258 0.855 -3.015 13.725 -10.412
-0.128 0.268 0.854 -5.527 16.84 -12.008
-0.14 0.278 0.84 -4.916 25.427 -12.374
-0.153 0.291 0.875 -5.863 28.763 -20.504
-0.205 0.392 0.898 -21.076 29.511 -26.252
-0.168 0.299 0.858 -6.733 33.557 -18.725
-0.135 0.247 0.833 -8.374 25.046 -14.115
-0.198 0.231 0.895 -8.168 19.74 -19.305
-0.191 0.24 0.882 -8.191 15.885 -12.634
-0.196 0.221 0.86 -6.779 14.947 -14.58
-0.211 0.222 0.874 -4.992 13.427 -13.321
-0.209 0.255 0.873 -3.756 6.656 -15.511
-0.188 0.273 0.849 -4.893 7.977 -15.198
-0.19 0.277 0.86 -4.466 5.969 -13.779
-0.203 0.27 0.849 -4.038 2.802 -11.573
-0.188 0.287 0.857 -3.573 2.847 -7.176
-0.194 0.274 0.86 -3.557 0.473 -3.13
-0.203 0.275 0.856 -3.969 -0.664 -0.008
-0.208 0.235 0.838 -3.985 -0.214 -0.908
-0.224 0.229 0.853 -3.664 -4.008 -1.733
-0.207 0.232 0.843 -1.779 -6.328 -2.466
-0.211 0.242 0.876 -2.664 -7.084 -3.282
-0.198 0.261 0.84 -1.16 -5.618 -0.969
-0.189 0.278 0.854 -0.748 -10.061 1.687
-0.176 0.287 0.839 -1.824 -7.992 2.565
-0.187 0.274 0.843 -0.733 -9.985 4.481
-0.178 0.279 0.844 -2.458 -10.84 5.832
-0.188 0.261 0.857 -3.0 -11.71 6.374
-0.208 0.213 0.854 -3.351 -13.458 6.748
-0.217 0.208 0.848 -2.275 -14.863 5.26
-0.226 0.205 0.828 0.282 -19.672 6.351
-0.187 0.242 0.836 0.611 -15.305 4.099
-0.176 0.26 0.844 -0.511 -11.817 3.985
-0.152 0.27 0.843 -2.015 -9.817 4.802
-0.162 0.29 0.841 -2.779 -10.962 5.901
-0.16 0.266 0.873 -1.336 -12.611 7.802
-0.164 0.261 0.845 -1.847 -11.29 8.649
-0.161 0.24 0.877 -1.023 -11.26 12.244
-0.147 0.221 0.833 -1.565 -5.405 6.634
-0.196 0.243 0.873 -2.305 -2.947 8.626
-0.164 0.265 0.835 -1.412 -5.031 4.557
-0.14 0.285 0.864 -0.359 -4.885 5.061
-0.15 0.267 0.839 0.176 -5.901 6.107
-0.126 0.285 0.852 0.031 -0.527 6.901
-0.146 0.281 0.865 -0.397 -0.282 7.023
-0.146 0.289 0.872 -2.214 0.29 7.611
-0.145 0.273 0.86 -2.031 2.183 7.687
-0.136 0.267 0.855 -2.412 4.038 7.0
-0.143 0.264 0.871 -1.931 3.214 7.802
-0.147 0.249 0.887 -1.733 4.687 8.977
-0.154 0.246 0.846 0.252 -0.145 5.206
-0.13 0.28 0.873 -0.557 2.198 4.969
-0.143 0.274 0.879 -1.519 5.763 5.817
-0.133 0.27 0.884 -1.595 7.473 7.198
-0.149 0.257 0.874 -1.16 10.023 8.061
-0.139 0.267 0.87 -1.893 13.137 9.0
-0.166 0.25 0.851 -0.351 10.13 9.153
-0.153 0.269 0.848 -0.122 8.26 6.893
-0.155 0.244 0.865 -0.336 8.55 7.947
-0.173 0.248 0.846 -0.519 7.664 6.092
-0.163 0.262 0.871 -1.031 8.115 5.107
-0.161 0.25 0.877 -0.687 8.901 5.099
-0.152 0.255 0.848 -0.679 11.191 6.344
-0.17 0.245 0.851 2.328 12.634 6.748
-0.159 0.268 0.845 2.756 9.916 6.542
-0.168 0.268 0.848 0.756 8.023 5.916
-0.178 0.257 0.859 2.702 8.237 6.908
-0.158 0.265 0.828 4.145 10.977 5.252
-0.174 0.259 0.849 0.611 6.626 7.023
-0.211 0.266 0.859 5.221 8.977 9.847
-0.185 0.297 0.855 4.397 8.588 10.191
-0.209 0.252 0.852 2.885 4.641 7.046
-0.184 0.27 0.853 1.779 4.573 7.076
-0.178 0.278 0.845 1.473 6.71 6.298
-0.192 0.292 0.854 2.573 7.893 7.145
-0.16 0.32 0.855 -0.069 8.519 8.756
-0.176 0.302 0.87 0.962 7.74 10.847
-0.185 0.297 0.858 -0.191 5.954 11.382
-0.192 0.301 0.871 -0.176 3.992 10.229