0.167 0.023 0.904 -1.504 1.878 -2.13
0.172 0.042 0.922 -0.527 1.122 0.847
0.171 0.048 0.922 -0.695 3.496 5.466
0.135 0.015 0.927 -1.496 3.321 4.573
0.126 0.038 0.953 -2.305 1.939 5.489
0.12 0.007 0.941 -3.954 1.748 2.809
0.125 -0.024 0.934 -5.382 2.71 0.664
0.125 -0.019 0.923 -6.588 2.298 1.42
0.113 -0.03 0.902 -5.58 3.137 -2.282
0.116 -0.014 0.901 -4.229 2.664 -2.885
0.127 -0.012 0.915 -4.176 2.756 -4.366
0.151 0.025 0.928 -4.603 3.038 -4.992
0.173 0.032 0.911 -4.099 2.954 -4.366
0.189 0.036 0.908 -2.122 2.656 0.618
0.14 0.011 0.933 -1.908 2.389 4.702
0.11 -0.006 0.954 -3.122 1.519 4.885
0.099 -0.028 0.945 -4.405 2.069 0.908
0.103 -0.032 0.925 -4.687 1.985 -0.893
0.121 -0.016 0.929 -5.282 3.824 -2.183
0.124 -0.005 0.929 -5.908 5.473 -4.26
0.139 0.003 0.917 -6.55 5.053 -3.832
0.161 0.009 0.913 -5.374 3.58 -3.099
0.149 0.016 0.909 -3.298 3.611 0.771
0.121 0.009 0.948 -1.809 1.267 3.084
0.087 -0.002 0.948 -1.779 -0.756 3.252
0.069 -0.019 0.975 -3.366 -2.855 1.802
0.096 -0.026 0.943 -5.305 -2.359 -1.649
0.135 0.004 0.929 -6.267 -1.649 -4.542
0.157 0.021 0.929 -5.756 0.618 -2.321
0.143 0.017 0.93 -3.832 0.038 2.0
0.129 0.009 0.935 -2.679 -2.412 5.321
0.135 -0.011 0.935 -2.42 -2.656 8.733
0.128 -0.022 0.922 -2.771 -2.397 6.031
0.11 -0.04 0.935 -3.473 -1.855 2.885
0.11 -0.03 0.935 -4.649 -1.702 -0.427
0.105 -0.027 0.936 -5.542 -0.916 -2.641
0.126 -0.009 0.934 -6.008 -0.939 -3.0
0.153 0.001 0.913 -6.847 -1.656 -3.321
0.175 0.004 0.883 -5.939 -0.015 -0.458
0.187 0.019 0.895 -4.817 0.214 1.435
0.171 0.01 0.913 -3.718 1.985 6.214
0.128 -0.017 0.939 -2.939 1.053 7.397
0.087 -0.042 0.952 -3.565 -1.802 5.588
0.086 -0.06 0.944 -5.695 -0.412 2.939
0.119 -0.059 0.899 -6.092 -1.13 0.313
0.149 -0.045 0.882 -4.992 -1.687 -2.679
0.154 -0.029 0.902 -3.763 -0.244 -2.237
0.15 -0.011 0.912 -4.061 1.13 -1.427
0.126 -0.023 0.92 -3.229 1.634 -1.084
0.129 -0.022 0.935 -3.435 0.931 -3.137
0.147 -0.013 0.924 -4.901 2.496 -4.611
0.154 -0.012 0.923 -6.313 5.145 -4.0
0.139 -0.008 0.917 -5.863 3.802 -3.626
0.158 -0.021 0.895 -3.878 2.74 -1.84
0.144 -0.021 0.888 -1.321 0.916 -1.221
0.152 -0.023 0.907 -0.756 0.71 -0.595
0.139 -0.02 0.927 -1.718 1.977 0.115
0.133 -0.021 0.925 -2.511 2.137 0.397
0.136 -0.026 0.914 -3.336 2.771 -1.099
0.151 -0.038 0.915 -3.84 2.649 -2.443
0.163 -0.027 0.886 -2.664 3.679 -4.443
0.151 -0.029 0.893 -0.924 4.855 -3.275
0.145 -0.022 0.892 0.618 3.824 -3.115
0.15 -0.006 0.901 1.023 3.534 -2.069
0.147 -0.008 0.914 0.519 3.42 -1.023
0.131 -0.017 0.913 -2.046 1.679 -2.275
0.123 -0.043 0.902 -4.74 3.382 -4.168
0.109 -0.065 0.869 -6.84 3.656 -7.511
0.101 -0.086 0.837 -7.015 0.282 -12.031
0.1 -0.088 0.796 -7.618 -1.031 -14.374
0.095 -0.114 0.757 -9.656 -2.137 -17.496
0.07 -0.158 0.726 -12.664 -4.084 -22.198
0.059 -0.193 0.693 -17.824 -4.855 -29.069
0.062 -0.225 0.622 -21.176 -5.672 -33.198
0.076 -0.223 0.517 -20.511 -10.466 -39.076
0.031 -0.228 0.431 -13.824 -16.221 -42.641
-0.05 -0.186 0.436 -7.565 -28.252 -53.496
-0.063 -0.083 0.422 -14.695 -34.229 -63.107
-0.14 -0.053 0.359 -20.84 -37.756 -65.26
-0.289 -0.033 0.414 -35.595 -46.901 -80.084
-0.271 0.036 0.363 -59.412 -43.275 -98.046
-0.148 0.065 0.131 -68.588 -42.794 -99.702
-0.008 0.096 -0.074 -59.55 -58.191 -88.672
0.181 0.116 -0.245 -34.954 -72.466 -61.817
0.3 0.144 -0.412 -0.237 -82.305 -22.573
0.337 0.154 -0.461 45.832 -98.099 20.626
0.332 0.167 -0.375 84.641 -110.557 63.458
0.184 0.205 -0.204 101.885 -120.198 92.443
-0.012 0.153 0.002 84.359 -122.809 98.252
-0.187 0.076 0.083 45.038 -112.092 76.786
-0.134 -0.083 0.074 -3.321 -92.45 64.916
0.083 -0.169 -0.154 -39.71 -65.176 33.229
0.17 -0.163 -0.319 -52.389 -61.786 2.588
0.344 -0.243 -0.375 -38.847 -58.664 2.45
0.404 -0.268 -0.383 -29.664 -67.985 -8.45
0.379 -0.318 -0.332 -18.71 -53.542 0.252
0.336 -0.293 -0.269 -6.038 -35.557 17.748
0.29 -0.267 -0.16 6.153 -22.351 25.626
0.191 -0.21 -0.017 2.786 0.26 30.344
0.207 -0.3 0.106 -18.916 7.626 39.092
0.346 -0.276 0.215 -56.84 36.74 8.74
0.472 -0.262 -0.029 -75.656 80.29 -6.031
0.489 -0.327 -0.26 -74.015 111.824 -5.679
0.505 -0.325 -0.457 -43.71 138.542 0.26
0.359 -0.226 -0.309 -9.824 156.305 -2.0
-0.249 -0.037 -0.111 -12.351 135.954 2.832
-0.058 0.323 0.784 95.794 36.511 22.229
0.087 0.361 1.122 -22.427 125.87 -53.695
-0.144 0.215 0.875 -139.71 196.092 -57.382
-0.026 -0.018 0.555 -168.504 181.198 -57.756
0.023 -0.289 0.487 -151.183 176.115 -47.794
-0.425 -0.505 0.324 -137.115 127.405 -68.565
-1.122 -1.194 0.004 -23.542 39.176 -24.153
-0.584 -1.116 0.86 -8.481 84.443 -67.053
-0.597 -0.8 1.199 55.191 92.626 -56.756
-0.215 -0.393 2.0 -0.29 83.527 -117.069
0.144 0.079 1.945 -11.641 43.908 -56.176
-0.143 0.056 1.576 37.641 8.244 4.244
-0.327 0.159 1.693 57.214 38.282 -45.565
-0.159 -0.169 1.425 106.588 18.038 -75.336
-0.174 -0.187 1.372 135.069 20.366 -94.565
-0.276 0.177 1.823 192.626 -79.374 -105.359
0.174 0.197 2.0 171.725 -161.145 -90.221
0.577 0.344 1.926 174.55 -83.229 3.397
0.279 0.323 1.786 129.092 65.634 32.084
0.052 0.479 1.962 107.519 123.908 31.008
0.138 0.609 2.0 -1.305 161.313 -27.656
-0.164 0.545 2.0 -19.641 116.84 1.664
-0.309 0.381 2.0 -15.878 29.26 -35.504
-0.064 0.332 2.0 53.527 -9.924 28.847
-0.208 0.303 2.0 74.58 -129.282 109.573
-0.157 0.264 2.0 -0.008 -237.908 71.29
0.144 0.397 2.0 -118.046 -188.885 50.374
0.29 0.077 2.0 -118.664 -123.229 87.756
0.348 0.122 1.92 -85.969 -50.695 54.313
0.262 -0.115 2.0 -32.664 -39.053 46.359
0.497 -0.288 2.0 6.863 -60.481 61.008
0.771 0.22 1.845 -36.076 -44.206 60.061
0.64 0.11 2.0 -38.863 -35.504 105.084
0.777 -0.462 2.0 -20.321 -53.13 36.702
1.093 -0.184 1.802 -15.008 -6.382 8.969
0.889 -0.15 1.639 -27.282 10.527 -3.183
0.667 0.11 2.0 -24.0 -33.893 -18.046
0.804 -0.327 1.567 -26.557 -50.626 -10.817
0.712 -0.245 1.251 -37.42 -6.779 -5.244
0.557 -0.222 0.809 5.427 27.305 -15.282
0.422 0.076 1.196 19.985 29.634 0.443
0.445 0.045 1.091 17.595 58.802 8.924
0.288 0.002 0.982 13.26 49.977 7.122
0.27 -0.015 0.915 13.435 32.099 16.84
0.103 0.063 1.171 -10.695 27.206 1.771
0.075 -0.115 1.042 -6.519 22.969 5.344
0.155 -0.141 0.956 15.618 19.809 -5.191
0.191 -0.155 1.062 24.084 15.855 -2.504
0.133 -0.092 1.032 5.58 7.435 -12.496
0.295 -0.233 0.667 2.107 31.527 -4.71
0.072 -0.107 1.036 1.183 15.733 9.626
0.053 -0.072 1.0 2.511 26.733 -10.977
0.161 -0.076 0.921 10.832 30.527 -15.557
0.132 0.027 0.949 17.901 9.16 -2.565
0.117 0.019 0.951 20.786 25.29 -5.763
0.104 -0.083 0.879 27.191 14.763 -3.008
0.247 -0.042 0.793 12.298 27.198 -21.16
0.097 -0.154 0.87 21.42 10.962 -9.702
0.06 -0.121 0.9 21.519 6.13 -10.908
0.16 0.016 0.919 30.603 -2.198 -4.58
0.118 -0.132 0.905 50.237 4.198 1.206
0.253 0.16 0.931 60.878 -9.687 -0.13
0.224 0.097 0.925 35.916 -2.282 10.595
0.233 0.059 0.934 37.313 -4.412 16.893
0.222 0.005 0.966 31.191 -5.908 19.832
0.119 -0.066 1.021 49.832 -41.771 39.511
0.235 -0.094 1.014 8.237 -10.13 -0.115
0.604 -0.088 0.479 8.023 -20.977 -8.916
0.341 0.007 0.816 1.0 -25.107 3.847
0.22 0.017 0.975 -9.626 -11.511 4.565
0.296 0.063 0.917 -9.687 -28.191 15.992
0.322 -0.02 0.801 -17.015 -4.076 8.229
0.289 0.023 0.943 -16.756 1.817 9.557
0.233 -0.003 0.926 -15.962 -3.412 11.137
0.221 -0.026 0.913 -18.13 -0.901 9.679
0.248 -0.047 0.932 -14.275 -0.237 6.229
0.219 -0.033 0.923 -19.603 -0.092 7.733
0.431 -0.125 0.671 -22.344 -42.542 27.214
0.176 -0.049 0.969 -12.58 -29.206 11.832
0.251 -0.065 0.903 -6.954 3.71 3.099
0.262 -0.094 0.872 -5.84 -3.626 2.046
0.268 0.012 0.879 -4.901 10.748 5.611
0.196 -0.011 0.814 -37.947 15.679 -3.977
0.16 -0.037 0.89 -14.992 7.473 8.969
0.201 0.001 0.902 -14.595 7.84 10.527
0.249 0.278 0.996 -56.847 19.771 1.069
0.224 -0.213 0.863 -35.718 16.947 10.924
0.241 -0.048 0.924 -19.702 11.305 18.924
0.177 -0.016 0.866 -40.962 16.534 13.122
0.137 -0.157 0.85 -28.115 14.809 9.42
0.222 -0.028 0.898 -14.481 9.473 15.977
0.234 0.17 0.994 -38.542 11.267 7.053
0.204 -0.122 0.909 -20.832 3.656 10.656
0.226 -0.184 0.923 -4.863 -3.542 5.595
0.208 -0.08 0.942 -6.427 -5.908 6.695
0.183 -0.052 0.901 -5.443 -4.359 6.519
0.16 -0.027 0.869 -5.947 -0.565 4.336
0.197 0.005 0.894 -3.931 0.87 2.618
0.231 0.073 0.92 -7.695 4.565 4.733
0.234 0.058 0.906 -7.977 5.962 5.481
0.218 0.011 0.907 -2.603 4.351 4.916
0.198 -0.056 0.926 1.901 4.595 7.069
0.19 -0.093 0.931 3.71 4.099 7.84
0.154 0.054 0.815 -2.336 -1.183 4.557
0.196 -0.083 0.908 3.985 4.718 11.29
0.192 -0.036 0.865 -0.13 2.29 14.809
0.152 -0.046 0.969 1.855 4.313 8.443
0.184 -0.095 0.963 1.748 1.389 0.908
0.212 -0.096 0.942 3.573 2.0 1.481
0.165 -0.099 0.92 1.237 3.061 3.076
0.178 -0.133 0.944 5.053 -0.481 -3.58
0.203 -0.077 0.915 0.618 2.725 5.763
0.17 -0.025 0.882 -3.443 -2.687 8.405
0.236 0.028 0.843 -0.237 -6.145 8.382
0.191 -0.027 0.924 1.809 -4.092 12.023
0.191 -0.004 0.889 1.908 -5.244 12.267
0.134 -0.077 0.954 6.405 -11.29 15.603
0.193 -0.053 0.906 -2.954 -10.855 18.618
0.187 -0.053 0.903 -6.046 -6.679 14.824
0.209 -0.031 0.912 -7.672 -3.863 7.397
0.237 -0.037 0.929 -8.565 0.55 5.115
0.231 0.022 0.939 -11.038 0.137 9.588
0.251 -0.01 0.939 -8.641 -0.794 9.733
0.198 -0.031 0.929 -9.137 -4.031 10.229
0.209 0.049 0.926 -9.26 -2.229 17.145
0.239 -0.068 0.92 -4.786 3.427 19.389
0.134 -0.072 0.945 -7.344 -0.015 4.55
0.209 -0.033 0.903 -8.26 5.229 9.221
0.181 -0.051 0.918 -4.641 2.26 7.802
0.214 -0.057 0.942 -3.282 -2.053 8.427
0.255 -0.15 0.901 0.664 0.237 14.641
0.19 -0.091 0.926 -2.611 -2.679 10.885
0.184 -0.081 0.932 -1.519 -2.237 10.893
0.184 -0.076 0.935 -6.466 -1.435 4.664
0.33 -0.066 0.845 -8.466 -2.824 4.771
0.22 -0.043 0.95 -7.504 -11.099 12.969
0.263 -0.055 0.916 -4.954 -8.847 15.305
0.212 -0.062 0.925 -3.26 -13.832 20.366
0.228 -0.048 0.885 -2.626 -9.542 18.588
0.183 -0.067 0.893 -1.679 -6.573 14.137
0.197 -0.055 0.879 2.023 -11.542 9.664
0.224 -0.056 0.917 2.939 -8.176 6.473
0.245 -0.054 0.913 3.16 -4.649 7.191
0.233 -0.027 0.922 0.679 -3.076 9.023
0.239 -0.053 0.929 2.824 -7.397 11.473
0.251 -0.059 0.94 2.382 -6.908 11.84
0.249 -0.055 0.915 2.046 -8.092 14.031
0.205 -0.074 0.907 6.595 -7.733 10.145
0.219 -0.073 0.9 5.969 -1.565 6.015
0.201 -0.083 0.919 9.55 -8.069 8.649
0.243 -0.037 0.872 6.137 0.908 4.687
0.205 -0.083 0.928 -0.282 5.168 4.237
0.214 -0.049 0.901 7.023 3.206 0.351
0.218 -0.036 0.898 -2.511 1.183 1.29
0.23 -0.053 0.903 6.305 3.321 -0.954
0.222 -0.039 0.908 6.282 0.481 2.076
0.217 -0.039 0.91 7.458 1.519 0.908
0.231 -0.029 0.918 7.221 -1.206 -0.443
0.23 -0.035 0.915 5.458 3.053 0.832
0.226 -0.037 0.909 -1.198 2.496 0.137
0.22 -0.052 0.911 -0.74 1.466 -1.267
0.271 -0.041 0.93 -4.389 2.13 5.954
0.246 -0.039 0.927 -6.382 6.855 11.321
0.195 -0.079 0.912 -4.885 7.29 5.221
0.199 -0.063 0.906 -3.626 5.763 1.489
0.223 -0.067 0.89 -5.962 7.519 -4.802
0.21 -0.021 0.888 -5.214 10.008 -6.076
0.234 -0.011 0.903 -4.473 8.45 -7.718
0.265 -0.035 0.909 -4.061 10.382 -5.466
0.216 -0.014 0.94 -6.359 0.16 0.275
0.24 -0.027 0.923 -6.863 8.573 -2.885
0.196 -0.051 0.919 -6.053 3.176 0.031
0.194 -0.076 0.905 -5.298 3.603 -1.344
0.174 -0.09 0.911 -4.71 -0.069 -1.389
0.19 -0.082 0.916 -4.679 1.191 -3.985
0.243 -0.066 0.937 -6.42 0.458 -0.092
0.248 -0.034 0.936 -9.496 4.664 0.282
0.249 -0.03 0.925 -9.618 5.344 1.504
0.222 -0.029 0.93 -10.977 3.282 3.435
0.214 -0.029 0.922 -9.588 2.618 4.122
0.194 -0.061 0.918 -7.397 1.771 3.74
0.184 -0.069 0.905 -6.595 -0.084 3.527
0.219 -0.082 0.907 -7.718 3.031 2.107
0.232 -0.088 0.923 -5.947 2.771 2.389
0.198 -0.108 0.94 -5.069 -0.832 0.992
0.216 -0.078 0.913 -6.557 -0.252 -0.366
0.197 -0.073 0.915 -5.527 -1.733 -3.626
0.211 -0.051 0.915 -3.603 -2.916 -3.282
0.218 -0.032 0.92 -4.275 -0.656 -0.481
0.223 -0.035 0.913 -3.305 2.191 2.252
0.227 -0.031 0.915 -2.069 2.656 4.443
0.232 -0.053 0.921 -1.053 3.244 6.282
0.215 -0.067 0.916 -2.13 2.511 5.74
0.227 -0.084 0.926 -0.786 1.29 3.87
0.238 -0.077 0.934 -0.588 0.496 5.389
0.23 -0.069 0.923 -0.779 0.435 4.534
0.234 -0.07 0.923 -2.458 5.252 3.061
0.194 -0.071 0.938 0.939 0.947 2.878
0.201 -0.057 0.923 2.237 -0.405 6.397
0.143 0.033 1.136 -24.427 -14.13 18.855
0.219 -0.205 0.889 1.969 -3.214 16.176
0.225 -0.083 0.923 -3.908 -4.565 10.565
0.171 -0.079 0.889 -3.634 -2.947 2.832
0.221 -0.041 0.901 -5.87 3.595 4.206
0.208 -0.067 0.909 -4.0 6.916 4.076
0.2 -0.063 0.895 -4.267 8.321 2.626
0.205 -0.058 0.906 -3.687 7.275 1.725
0.215 -0.047 0.901 -3.824 7.076 5.061
0.21 -0.047 0.907 -2.244 6.313 1.221
0.224 -0.083 0.922 -3.191 7.664 1.527
0.212 -0.05 0.907 -4.298 10.389 3.641
0.21 -0.055 0.91 -2.588 7.305 0.328
0.217 -0.071 0.924 0.29 6.672 4.489
0.226 -0.065 0.915 -1.084 6.573 5.947
0.229 -0.073 0.932 -2.046 6.87 7.321
0.219 -0.074 0.916 -3.718 6.55 6.58
0.209 -0.076 0.916 -3.0 3.733 5.13
0.211 -0.075 0.917 -3.489 3.328 2.611
0.204 -0.063 0.914 -3.847 0.702 1.962
0.21 -0.045 0.915 -2.908 -0.618 2.969
0.192 -0.042 0.897 -1.313 0.26 4.282
0.206 -0.031 0.908 -0.496 -0.053 3.771
0.199 -0.04 0.911 -0.947 -0.397 2.908
0.206 -0.058 0.935 -0.84 -0.733 2.481
0.225 -0.065 0.925 -2.42 0.267 10.71
0.199 -0.098 0.915 -1.435 -1.992 9.282
0.177 -0.134 0.909 1.122 -3.389 5.969
0.207 -0.069 0.909 -3.603 -0.031 10.115
0.196 -0.071 0.904 -2.916 2.153 6.542
0.208 -0.074 0.916 -4.45 5.084 8.786
0.183 -0.092 0.92 0.664 3.947 8.824
0.196 -0.083 0.906 0.702 0.328 7.244
0.17 -0.102 0.727 9.55 -3.435 12.969
0.141 -0.094 0.899 13.198 -3.275 7.786
0.188 -0.059 0.924 2.588 -3.229 4.985
0.23 -0.042 0.875 1.45 2.634 11.504
0.18 -0.057 0.955 5.427 -0.954 5.198
0.226 -0.047 0.94 2.748 0.145 4.878
0.196 -0.069 0.967 1.763 -4.832 6.015
0.209 -0.056 0.961 1.802 -14.901 11.145
0.247 -0.059 0.873 -1.809 -4.58 7.87
0.211 -0.04 0.926 -0.985 -5.458 9.939
0.22 -0.04 0.928 1.832 -6.809 11.053
0.221 -0.033 0.943 -0.267 -1.687 7.405
0.251 -0.038 0.921 -0.206 -1.252 2.153
0.217 -0.058 0.921 -0.687 -0.473 3.832
0.211 -0.079 0.928 1.344 -3.481 2.855
0.201 -0.081 0.93 1.618 -4.595 0.344
0.232 -0.078 0.901 0.046 -4.641 -2.359
0.232 -0.06 0.916 -1.382 -2.939 -1.542
0.208 -0.049 0.919 -3.534 0.168 0.756
0.232 -0.048 0.922 -1.031 0.573 2.542
0.218 -0.031 0.917 -0.038 1.985 5.176
0.204 -0.031 0.91 -3.0 5.031 8.107
0.196 -0.062 0.91 -2.26 3.351 7.397
0.187 -0.065 0.909 -3.687 2.634 6.748
0.168 -0.081 0.906 -4.84 3.534 2.046
0.199 -0.069 0.912 -4.29 3.679 -0.702
0.225 -0.05 0.923 -3.588 3.481 -0.313
0.232 -0.045 0.922 -4.382 4.672 2.305
0.226 -0.073 0.915 -3.053 1.611 3.939
0.227 -0.071 0.93 -3.344 2.084 6.115
0.216 -0.077 0.922 -5.779 1.328 5.092
0.217 -0.08 0.906 -4.656 1.359 4.649
0.207 -0.072 0.923 -5.511 3.076 3.794
0.23 -0.058 0.903 -3.481 2.939 0.611
0.217 -0.039 0.913 -4.702 2.992 2.58
0.208 -0.042 0.913 -1.336 1.817 -3.221
0.221 -0.018 0.905 -1.107 3.305 8.031
0.2 -0.061 0.921 0.977 2.084 6.87
0.213 -0.051 0.92 0.313 4.511 7.977
0.207 -0.067 0.92 -1.0 5.832 5.916
0.219 -0.074 0.936 -2.802 7.267 6.473
0.194 -0.089 0.936 -5.198 2.725 2.985
0.221 -0.088 0.927 -4.099 2.145 4.962
0.231 -0.064 0.904 -5.71 5.504 5.053
0.225 -0.04 0.932 -2.328 7.832 7.244
0.197 -0.067 0.901 -2.099 4.397 1.015
0.199 -0.06 0.917 0.221 1.779 4.267
0.209 -0.098 0.893 0.824 2.084 1.985
0.198 -0.063 0.94 2.412 3.519 10.237
0.184 -0.081 0.924 1.061 5.115 0.924
0.196 -0.066 0.922 2.511 4.962 1.076
0.195 -0.014 0.921 -2.679 4.84 6.023
0.18 -0.034 0.907 -3.924 3.084 2.847
0.208 -0.032 0.915 -3.466 4.718 2.061
0.223 -0.021 0.926 1.603 11.16 1.107
0.177 -0.072 0.912 -1.008 7.687 -2.084
0.179 -0.048 0.919 -1.626 4.809 1.802
0.163 -0.092 0.915 -4.649 2.626 3.687
0.181 -0.09 0.921 -4.725 2.947 2.679
0.19 -0.076 0.917 -5.756 4.916 3.641
0.191 -0.077 0.917 -5.74 4.443 1.809
0.209 -0.071 0.925 -5.649 2.954 1.237