0.09 0.048 0.931 -3.924 1.802 -0.924
0.098 0.049 0.935 -3.649 1.557 0.145
0.1 0.01 0.92 -3.611 2.382 -1.893
0.101 0.038 0.933 -3.076 1.191 1.595
0.112 0.048 0.937 -2.58 1.351 1.679
0.111 0.037 0.937 -2.191 1.672 1.725
0.117 0.038 0.923 -1.687 3.176 1.374
0.106 0.046 0.923 -1.397 3.878 1.412
0.097 0.064 0.902 -1.603 4.718 1.748
0.094 0.08 0.899 -1.74 4.275 2.611
0.092 0.081 0.892 -2.885 5.405 3.45
0.099 0.08 0.889 -4.603 4.542 3.947
0.112 0.058 0.901 -5.802 4.206 4.405
0.139 0.032 0.906 -5.969 4.931 4.931
0.141 0.024 0.911 -5.771 5.977 5.588
0.142 0.055 0.932 -5.603 9.053 6.229
0.164 0.016 0.911 -4.603 9.916 6.069
0.167 0.024 0.928 -4.809 9.878 5.557
0.156 0.041 0.924 -5.244 10.168 6.237
0.162 0.035 0.944 -6.496 9.298 6.244
0.179 0.024 0.963 -8.061 10.206 6.092
0.192 0.01 0.994 -9.282 8.595 5.511
0.212 -0.003 0.999 -9.076 8.305 4.718
0.207 0.0 1.029 -7.931 6.847 4.542
0.197 0.015 1.038 -6.656 5.137 4.969
0.197 0.044 1.038 -4.84 4.534 7.427
0.202 0.03 1.019 -3.985 3.893 8.947
0.21 0.024 0.997 -3.053 3.641 9.191
0.236 0.015 1.001 -4.611 2.771 8.137
0.244 0.017 0.969 -7.16 1.733 6.824
0.239 0.041 0.977 -12.313 1.023 2.168
0.232 0.015 0.988 -16.84 -8.298 0.863
0.23 -0.005 0.956 -19.42 -17.305 -0.969
0.236 -0.02 0.944 -20.672 -17.641 -2.42
0.224 -0.021 0.967 -19.87 -20.328 -3.611
0.245 -0.022 0.931 -17.412 -15.313 -4.687
0.217 0.011 0.944 -14.588 -11.015 -1.412
0.208 0.038 0.953 -14.641 -12.893 0.023
0.229 0.035 0.944 -15.084 -14.336 2.046
0.245 0.001 0.95 -16.221 -15.557 1.557
0.281 -0.051 0.947 -16.366 -18.13 -0.84
0.303 -0.076 0.949 -14.802 -17.55 -4.282
0.316 -0.075 0.924 -12.191 -13.573 -7.527
0.318 -0.079 0.907 -10.084 -5.824 -10.817
0.29 -0.047 0.93 -8.435 -1.84 -12.405
0.271 -0.027 0.939 -6.504 -0.588 -11.962
0.265 -0.026 0.932 -6.298 7.977 -12.466
0.233 0.001 0.972 -3.527 8.221 -8.282
0.218 0.024 0.957 -4.122 9.466 -8.359
0.206 0.053 0.976 -4.504 6.878 -7.931
0.234 0.041 0.942 -8.168 3.458 -8.214
0.249 0.031 0.924 -12.183 -2.366 -9.527
0.254 -0.012 0.935 -13.534 -9.649 -12.191
0.27 -0.108 0.933 -11.435 -9.015 -17.191
0.222 -0.099 0.982 -8.84 -11.298 -22.397
0.186 -0.054 0.973 -5.183 -11.817 -23.794
0.16 0.036 0.968 -3.641 -10.511 -22.122
0.154 0.047 0.93 -5.023 -12.145 -21.008
0.177 0.073 0.903 -8.58 -12.389 -19.221
0.179 0.09 0.844 -16.0 -20.366 -19.359
0.198 0.094 0.811 -29.763 -30.634 -22.771
0.25 0.06 0.734 -44.603 -44.397 -24.87
0.271 -0.008 0.792 -55.382 -54.229 -30.573
0.339 -0.125 0.821 -56.008 -52.511 -31.641
0.361 -0.171 0.86 -46.198 -45.397 -31.435
0.372 -0.193 0.83 -31.29 -28.58 -30.916
0.356 -0.187 0.834 -15.351 -3.931 -30.084
0.314 -0.14 0.82 -1.901 14.733 -26.901
0.229 -0.05 0.855 3.053 25.863 -23.038
0.174 0.036 0.873 1.924 27.71 -18.351
0.145 0.08 0.882 -5.855 21.229 -14.855
0.134 0.08 0.899 -15.16 8.122 -11.58
0.17 0.002 0.908 -22.916 -2.718 -9.824
0.204 -0.05 0.909 -23.931 -10.237 -8.489
0.257 -0.094 0.86 -28.076 -11.489 -9.527
0.256 -0.208 1.015 -19.809 -7.817 -10.992
0.25 -0.259 1.097 -2.649 -10.145 -13.214
0.239 -0.226 1.043 15.58 -2.366 -15.779
0.24 -0.147 0.961 21.282 4.87 -16.481
0.18 -0.064 0.906 17.183 6.366 -17.878
0.152 -0.003 0.875 1.847 -1.611 -20.435
0.129 0.07 0.802 -20.244 -9.725 -22.389
0.124 0.09 0.817 -46.397 -23.664 -23.962
0.111 0.011 0.922 -55.969 -34.519 -24.26
0.195 -0.153 0.963 -45.695 -27.595 -20.878
0.238 -0.199 1.023 -30.214 -13.176 -16.176
0.152 0.016 0.837 -25.458 -15.603 -13.878
0.203 -0.281 1.018 -0.962 4.374 -2.313
0.238 -0.109 0.832 -1.878 -13.947 -3.053
0.149 -0.101 0.808 -18.466 -7.45 -6.634
0.175 -0.137 0.822 -25.855 -8.824 -11.756
0.175 -0.156 0.81 -27.916 0.397 -12.641
0.154 -0.248 0.94 -12.656 12.855 -9.366
0.122 -0.268 0.988 11.122 27.908 -0.855
0.022 -0.197 1.018 24.099 36.16 2.58
-0.003 -0.162 1.063 29.771 36.618 6.924
-0.024 -0.089 1.013 21.725 25.122 11.0
0.003 -0.051 0.926 7.382 14.061 10.206
0.051 -0.095 0.915 0.031 13.275 10.237
0.092 -0.194 0.933 4.084 18.466 8.397
0.086 -0.178 0.885 13.405 32.527 8.351
0.055 -0.264 1.05 26.74 39.695 8.229
-0.016 -0.112 0.986 29.931 33.229 6.878
-0.057 -0.084 1.001 21.252 33.137 9.061
-0.145 -0.022 1.011 10.55 16.267 13.061
-0.137 -0.048 1.008 4.649 10.183 15.496
-0.069 -0.083 1.005 6.58 12.221 16.0
-0.036 -0.109 0.928 9.061 13.763 15.534
-0.01 -0.15 0.89 9.107 15.107 15.786
-0.034 -0.191 0.856 9.763 16.817 9.069
0.0 -0.198 0.869 8.71 27.611 -0.511
-0.016 -0.157 0.929 9.282 33.435 -10.618
-0.051 -0.1 0.906 10.244 42.176 -16.893
-0.11 -0.028 0.878 11.534 49.511 -17.16
-0.186 0.002 0.839 8.84 48.053 -13.832
-0.205 -0.03 0.932 8.977 45.954 -9.794
-0.041 -0.264 0.888 15.893 95.687 -8.13
-0.257 -0.197 1.058 19.756 59.969 -9.832
-0.177 -0.147 0.952 12.794 77.992 -22.107
0.1 -0.198 0.749 -7.809 103.71 -38.573
-0.181 -0.116 0.861 4.863 52.573 -37.527
-0.216 -0.021 0.74 -2.802 35.84 -38.802
-0.233 -0.003 0.861 -10.611 30.885 -46.412
-0.119 0.011 0.753 -11.664 30.84 -44.214
-0.236 0.083 0.886 -10.779 34.313 -40.481
-0.305 0.135 1.13 -1.237 29.153 -35.55
-0.302 0.106 1.264 -4.695 26.855 -32.679
-0.205 0.137 1.164 9.687 0.756 -26.015
-0.285 0.252 1.097 27.687 -14.626 -18.214
-0.306 0.31 1.052 29.962 -34.435 -6.244
-0.245 0.25 0.948 42.214 -62.84 10.405
-0.136 0.178 0.807 25.771 -40.26 18.679
-0.071 0.091 0.744 10.351 -16.969 20.786
-0.015 0.047 0.724 -4.595 6.878 15.298
-0.038 0.036 0.757 -21.321 8.939 11.412
-0.045 0.024 0.81 -34.489 -3.298 8.145
-0.03 -0.045 0.95 -33.786 -19.809 7.0
0.024 -0.125 0.951 -28.573 -29.084 6.344
0.03 -0.16 1.021 -19.58 -19.405 6.183
0.033 -0.165 1.006 -10.595 -6.87 5.046
0.048 -0.157 1.01 -4.985 0.344 1.985
0.048 -0.149 0.965 -4.092 -2.626 -2.137
0.025 -0.107 0.987 -3.939 -3.489 -2.534
0.014 -0.09 0.977 -3.458 -9.954 -2.885
0.05 -0.091 0.92 -0.962 -9.069 -0.374
0.05 -0.072 0.924 -3.511 -4.489 -2.366
0.024 -0.057 0.947 -3.603 -4.046 -3.168
0.047 -0.075 0.951 -0.695 -2.832 -3.336
0.021 -0.063 0.978 1.237 -4.71 -3.45
0.015 -0.05 0.983 3.328 -9.87 -3.206
0.034 -0.033 0.9 3.496 -9.0 -2.244
0.019 -0.011 0.914 1.718 -4.649 -1.748
0.019 0.007 0.902 -0.145 -6.244 0.908
0.035 0.003 0.867 -3.046 -3.168 2.779
0.024 -0.021 0.903 -6.794 -1.511 2.489
0.048 -0.057 0.901 -8.511 -2.763 1.626
0.068 -0.095 0.908 -7.237 -1.176 -0.168
-0.01 -0.042 1.019 -8.466 -3.435 -0.427
0.057 -0.111 0.956 -0.824 -7.092 -0.366
0.053 -0.074 0.937 7.313 -2.573 0.84
0.013 -0.031 0.951 9.336 -2.573 1.527
0.051 -0.039 0.886 6.885 -1.061 1.817
0.075 -0.059 0.876 3.947 -0.206 1.718
0.054 -0.045 0.899 1.672 -1.168 0.282
0.051 -0.041 0.893 -1.565 -1.954 -1.313
0.046 -0.023 0.9 -4.061 -1.916 -2.336
0.059 -0.013 0.911 -5.992 -1.374 -2.061
0.058 0.008 0.926 -8.275 -0.634 -1.466
0.025 0.008 0.976 -9.916 -5.473 0.145
0.023 0.004 0.966 -10.008 -5.916 1.069
-0.0 -0.017 1.017 -7.26 -6.885 2.901
0.022 -0.05 0.947 -1.359 -3.924 4.771
0.063 -0.078 0.934 2.656 -3.252 5.061
0.066 -0.055 0.883 0.977 -1.832 3.412
0.077 -0.068 0.885 -3.023 -0.252 1.26
0.088 -0.077 0.898 -5.252 -3.695 0.168
0.084 -0.072 0.915 -5.466 -1.916 -1.229
0.072 -0.074 0.938 -3.359 -1.191 -1.695
0.05 -0.067 0.964 -1.191 -2.443 -1.672
0.051 -0.062 0.957 2.29 -0.641 -2.603
0.04 -0.034 0.974 3.473 -1.885 -2.473
0.035 -0.004 0.95 2.534 -0.473 -1.817
0.023 0.01 0.952 1.481 -0.427 1.046
0.057 0.001 0.908 0.649 2.366 2.878
0.05 -0.001 0.926 -0.298 2.947 4.359
0.048 -0.008 0.909 -1.878 -0.992 5.359
0.074 -0.029 0.886 -4.947 1.13 4.405
0.095 -0.066 0.92 -4.809 2.809 3.542
0.078 -0.07 0.94 -4.756 -0.893 2.878
0.085 -0.046 0.927 -3.817 1.641 1.527
0.062 -0.017 0.931 -5.855 1.87 0.771
0.053 -0.004 0.933 -8.137 -2.557 1.26
0.053 -0.024 0.952 -9.275 -2.954 2.45
0.058 -0.033 0.966 -7.534 -3.71 3.55
0.053 -0.057 0.969 -5.794 -1.443 4.031
0.063 -0.056 0.976 -3.74 -3.641 4.031
0.069 -0.051 0.953 -2.435 0.832 3.397
0.078 -0.052 0.932 -2.672 3.496 2.855
0.059 -0.053 0.929 -1.672 0.229 2.145
0.075 -0.049 0.899 -2.748 -0.603 1.595
0.062 -0.052 0.903 -3.069 -1.672 1.779
0.071 -0.051 0.885 -4.725 0.802 0.664
0.078 -0.047 0.877 -8.176 3.046 -0.336
0.071 -0.058 0.885 -6.008 1.237 0.252
0.058 -0.04 0.9 -6.13 1.924 0.603
0.046 -0.022 0.931 -6.977 3.015 1.0
0.04 -0.034 0.951 -4.939 -3.832 1.473
0.031 -0.048 0.983 -3.344 -2.405 1.71
0.063 -0.052 0.949 -2.42 1.0 2.137
0.06 -0.04 0.941 0.183 -1.595 2.366
0.064 -0.038 0.933 -0.489 2.855 2.672
0.068 -0.04 0.93 -2.71 4.206 1.962
0.075 -0.038 0.908 -3.107 0.947 1.954
0.059 -0.034 0.926 -3.557 -0.71 2.725
0.066 -0.047 0.924 -4.771 -0.916 3.931
0.08 -0.074 0.912 -4.809 0.473 3.084
0.085 -0.077 0.927 -5.382 0.71 2.198
0.1 -0.082 0.928 -4.55 1.756 1.695
0.078 -0.069 0.939 -3.061 -0.221 1.237
0.061 -0.055 0.956 -3.939 2.443 0.458
0.071 -0.072 0.956 -1.954 -2.443 0.885
0.078 -0.079 0.963 -0.519 0.527 1.267
0.073 -0.081 0.948 2.397 -0.977 1.29
0.06 -0.056 0.917 2.031 0.802 0.626
0.06 -0.039 0.893 2.015 -0.145 0.542
0.064 -0.037 0.868 0.496 1.489 1.229
0.048 -0.041 0.878 -1.588 2.275 1.779
0.073 -0.064 0.885 -3.206 2.603 1.382
0.072 -0.077 0.913 -2.977 1.305 -0.038
0.061 -0.076 0.944 -1.412 3.031 -1.802
0.049 -0.069 0.949 0.733 1.679 -1.878
0.05 -0.07 0.93 4.023 2.504 -1.863
0.045 -0.058 0.926 5.977 1.71 -1.847
0.041 -0.042 0.908 6.038 2.336 -1.282
0.03 -0.024 0.897 4.656 4.74 -1.076
0.033 -0.019 0.913 1.786 5.405 -1.786
0.023 -0.016 0.92 0.145 4.908 -1.351
0.029 -0.017 0.945 0.046 4.634 0.298
0.026 -0.014 0.943 0.466 4.573 1.511
0.048 -0.031 0.938 -0.145 4.939 3.29
0.056 -0.046 0.952 -2.252 2.695 3.29
0.066 -0.055 0.961 -4.344 2.237 1.924
0.074 -0.054 0.965 -5.069 1.794 0.809
0.069 -0.048 0.953 -4.359 1.87 0.969
0.068 -0.038 0.945 -3.855 3.122 2.046
0.076 -0.046 0.955 -3.87 3.656 2.603
0.081 -0.061 0.932 -3.977 4.389 2.756
0.078 -0.068 0.93 -5.137 3.962 2.008
0.079 -0.082 0.945 -6.237 3.527 0.282
0.086 -0.075 0.954 -7.618 1.702 -1.13
0.081 -0.079 0.958 -7.649 0.328 -2.061
0.05 -0.047 0.971 -6.679 -0.336 -2.824
0.044 -0.03 0.964 -5.702 0.099 -2.756
0.049 -0.014 0.946 -4.718 1.305 -1.931
0.052 -0.012 0.945 -1.954 1.053 -0.397
0.057 -0.014 0.935 -2.137 2.313 0.595
0.042 -0.017 0.941 -3.947 1.412 0.718
0.037 -0.045 0.963 -5.977 1.107 -0.702
0.044 -0.051 0.976 -5.557 -0.267 -2.412
0.045 -0.057 0.991 -3.229 -0.359 -2.931
0.037 -0.042 0.983 -0.885 -0.489 -2.443
0.034 -0.03 0.97 1.519 -2.069 -0.656
0.042 -0.024 0.967 2.557 -1.733 0.794
0.049 -0.023 0.947 2.366 -0.542 1.107
0.045 -0.026 0.94 0.786 -0.924 0.26
0.047 -0.026 0.939 -0.206 -0.366 -0.405
0.042 -0.008 0.939 -0.328 -0.527 -0.229
0.032 0.005 0.943 -0.153 -2.038 1.489
0.053 -0.008 0.926 -0.061 -1.122 3.786
0.062 -0.008 0.924 -0.664 -0.344 4.351
0.075 -0.028 0.921 -2.076 -1.038 4.954
0.081 -0.044 0.939 -4.405 -0.672 4.092
0.09 -0.06 0.95 -4.832 -1.58 3.42
0.097 -0.072 0.939 -5.053 -2.282 2.656
0.094 -0.077 0.93 -4.695 -1.626 1.206
0.097 -0.077 0.899 -4.931 -2.473 1.084
0.074 -0.075 0.898 -6.405 -2.168 0.16
0.074 -0.078 0.922 -7.176 -1.855 -0.397
0.071 -0.079 0.927 -6.641 -1.298 -1.198
0.068 -0.081 0.924 -5.069 -0.748 -1.618
0.062 -0.069 0.936 -3.573 0.168 -2.267
0.061 -0.053 0.924 -2.374 -0.275 -2.107
0.054 -0.034 0.924 -2.206 0.191 -1.87
0.05 -0.033 0.91 -2.412 0.137 -1.336
0.046 -0.027 0.923 -1.954 1.115 -0.237
0.052 -0.042 0.911 -1.267 0.985 0.969
0.053 -0.053 0.93 -0.252 1.153 1.153
0.05 -0.046 0.942 -0.298 0.748 0.427
0.047 -0.03 0.935 -0.893 0.565 -0.122
0.046 -0.011 0.933 -2.176 -0.74 -0.092
0.057 -0.014 0.919 -2.748 -0.176 0.794
0.047 -0.015 0.919 -3.153 -0.58 1.992
0.065 -0.033 0.911 -3.656 0.053 2.313
0.065 -0.05 0.929 -3.611 -0.802 2.023
0.067 -0.047 0.924 -3.115 0.336 1.069
0.064 -0.037 0.928 -1.969 0.176 1.542
0.061 -0.024 0.913 -1.611 1.305 1.992
0.062 -0.023 0.914 -1.725 1.893 2.702
0.073 -0.028 0.908 -3.29 2.664 2.534
0.075 -0.038 0.916 -4.435 2.374 1.527
0.075 -0.06 0.944 -4.771 2.725 0.405
0.089 -0.056 0.959 -4.412 5.336 -0.389
0.068 -0.05 0.962 -3.038 1.664 -0.092
0.065 -0.044 0.948 -1.557 -0.008 0.099
0.052 -0.025 0.95 -0.298 0.389 0.802
0.054 -0.008 0.929 -1.008 -0.29 1.282
0.054 -0.009 0.921 -2.504 1.107 1.725
0.054 -0.016 0.937 -3.16 1.55 2.802
0.062 -0.027 0.946 -3.015 1.573 3.435
0.06 -0.052 0.947 -2.733 0.137 4.023
0.055 -0.061 0.949 -2.046 -0.573 4.863
0.066 -0.068 0.954 -2.092 -1.198 4.099
0.071 -0.079 0.944 -1.458 0.214 3.115
0.076 -0.084 0.935 -0.382 -0.176 2.695
0.069 -0.069 0.926 -0.389 0.183 1.511
0.066 -0.066 0.927 -1.115 0.374 0.481
0.069 -0.066 0.909 -1.664 -0.153 0.481
0.064 -0.062 0.925 -1.756 1.069 0.0
0.059 -0.058 0.938 -1.748 0.504 0.344
0.07 -0.061 0.942 -0.168 2.099 0.603
0.063 -0.052 0.934 0.718 1.237 0.962
0.057 -0.036 0.919 0.092 2.198 0.588
0.066 -0.021 0.916 -1.374 1.733 0.947
0.054 -0.026 0.927 -3.45 1.305 1.099
0.061 -0.043 0.939 -4.084 0.397 1.29
0.053 -0.047 0.951 -3.16 0.107 0.939
0.075 -0.052 0.911 -2.069 0.611 1.29
0.06 -0.045 0.934 -1.58 0.496 1.275
0.056 -0.036 0.926 -1.702 0.679 1.504
0.049 -0.035 0.909 -2.115 0.443 1.977
0.061 -0.043 0.914 -2.382 0.374 2.366
0.067 -0.048 0.906 -3.29 0.397 2.107
0.056 -0.046 0.93 -4.183 -0.29 1.924
0.059 -0.047 0.93 -4.061 0.359 1.672
0.052 -0.055 0.948 -2.885 0.481 1.802
0.077 -0.058 0.932 -2.267 3.359 1.374
0.065 -0.054 0.933 -1.26 0.099 1.58
0.07 -0.068 0.932 -1.496 1.511 0.901
0.074 -0.067 0.908 -2.802 1.893 1.084
0.06 -0.068 0.929 -2.626 1.191 0.664
0.075 -0.057 0.914 -3.069 3.053 0.176
0.065 -0.052 0.927 -2.733 3.031 -0.191
0.068 -0.051 0.933 -1.611 2.626 0.092
0.043 -0.041 0.944 -1.771 1.099 0.756
0.047 -0.034 0.944 -2.092 2.015 1.557
0.056 -0.037 0.94 -3.092 0.763 1.641
0.064 -0.054 0.948 -2.748 2.221 1.504
0.065 -0.054 0.936 -2.015 2.511 1.069
0.068 -0.055 0.936 -1.55 2.977 1.13
0.074 -0.056 0.933 -0.71 1.763 1.885
0.068 -0.056 0.947 -1.344 0.588 1.344
0.062 -0.061 0.947 -2.427 -0.519 0.931
0.067 -0.065 0.953 -2.573 -0.053 -0.237
0.062 -0.05 0.954 -2.084 -0.038 -0.504
0.057 -0.04 0.944 -2.397 0.382 -1.015
0.063 -0.032 0.933 -2.382 0.626 -0.679
0.062 -0.033 0.946 -2.473 -0.084 0.481
0.067 -0.035 0.935 -2.649 0.802 0.878
0.063 -0.025 0.934 -2.771 0.641 1.603
0.053 -0.037 0.951 -3.832 0.565 1.115
0.065 -0.055 0.955 -3.855 1.542 0.527
0.068 -0.063 0.97 -2.382 1.626 -0.038
0.072 -0.06 0.959 -1.16 2.084 -0.695
0.069 -0.04 0.945 0.176 2.29 -0.618
0.073 -0.035 0.927 0.679 1.969 0.336
0.061 -0.025 0.916 -0.511 1.702 0.779
0.061 -0.026 0.912 -2.489 1.557 0.786
0.068 -0.034 0.929 -3.595 0.321 1.237
0.053 -0.038 0.938 -2.832 0.046 1.511
0.068 -0.048 0.958 -1.504 -0.26 1.626
0.073 -0.049 0.962 -0.649 0.87 1.397
0.068 -0.042 0.95 -0.336 0.771 1.191
0.068 -0.033 0.939 -1.038 1.069 0.908
0.059 -0.03 0.933 -2.198 0.817 0.824
0.058 -0.028 0.93 -2.962 1.084 0.366
0.062 -0.039 0.933 -2.855 1.244 0.756
0.057 -0.037 0.95 -1.985 1.351 0.885
0.058 -0.039 0.944 -1.122 0.443 1.145
0.06 -0.035 0.938 -0.649 0.321 1.565
0.066 -0.039 0.913 -1.069 0.527 1.71
0.062 -0.033 0.905 -2.084 0.664 1.534
0.073 -0.048 0.898 -3.038 1.176 1.038
0.053 -0.039 0.917 -4.16 0.878 0.893
0.058 -0.045 0.93 -3.779 -0.13 1.168
0.056 -0.049 0.93 -2.916 -0.168 1.076
0.06 -0.052 0.938 -1.42 0.298 1.076
0.061 -0.052 0.928 -0.198 0.779 1.481
0.052 -0.031 0.916 -0.298 0.611 1.183
0.053 -0.028 0.908 -1.824 0.802 0.725
0.056 -0.036 0.922 -2.534 0.885 1.366
0.064 -0.038 0.924 -2.374 1.687 1.466
0.055 -0.045 0.932 -2.023 2.847 1.565
0.055 -0.045 0.949 -1.687 2.748 1.313
0.059 -0.049 0.929 -1.817 1.992 0.939
0.063 -0.052 0.934 -2.214 2.038 0.649
0.059 -0.054 0.931 -2.198 1.939 0.588
0.065 -0.049 0.944 -1.817 2.031 0.611
0.057 -0.049 0.935 -1.794 -1.16 0.496
0.068 -0.052 0.939 -1.779 1.542 0.382
0.058 -0.042 0.942 -1.656 0.321 0.626