0.137 0.012 0.96 -4.16 -17.267 -1.427
0.146 -0.026 0.963 -0.908 -42.649 0.969
0.166 0.041 0.839 -0.855 -3.168 -1.0
0.118 0.029 0.956 -2.046 1.496 0.084
0.129 0.041 0.912 -2.672 1.252 1.931
0.133 0.016 0.932 -4.374 3.557 0.947
0.138 0.008 0.944 -2.832 4.534 0.519
0.126 0.02 0.943 -1.969 4.16 0.924
0.113 0.031 0.934 -2.679 4.336 1.229
0.124 0.03 0.931 -4.305 3.855 1.611
0.133 0.017 0.935 -5.366 4.656 1.511
0.134 -0.005 0.954 -4.611 5.061 2.122
0.143 -0.003 0.964 -3.924 6.382 1.908
0.158 -0.009 0.944 -4.038 3.573 0.802
0.173 -0.002 0.947 -4.42 2.534 0.221
0.178 -0.014 0.948 -4.053 3.687 -0.275
0.209 -0.026 0.921 -3.618 4.977 -0.924
0.215 -0.016 0.948 -2.679 6.244 -0.748
0.218 -0.007 0.941 -1.618 7.786 -1.687
0.226 -0.013 0.947 0.244 7.824 -2.634
0.213 -0.018 0.973 2.26 6.115 -2.359
0.202 0.031 0.971 1.466 5.26 -0.466
0.241 0.01 0.962 -0.053 6.962 -0.015
0.271 -0.006 0.972 0.389 6.817 1.679
0.326 -0.016 0.96 2.42 14.351 2.0
0.306 -0.018 0.983 5.237 14.527 0.221
0.265 0.012 0.999 7.489 17.939 0.542
0.307 0.021 0.987 6.786 20.473 -0.779
0.37 0.022 0.913 4.015 21.023 -0.168
0.306 0.029 0.978 -1.13 9.282 -2.206
0.344 0.002 0.98 -7.107 1.519 -5.214
0.393 -0.037 0.965 -11.985 -7.557 -9.023
0.415 -0.093 0.978 -14.344 -14.092 -14.244
0.453 -0.131 0.975 -9.748 -12.183 -19.931
0.41 -0.077 0.974 -2.389 -6.802 -22.053
0.351 0.003 0.976 4.069 -0.405 -19.634
0.355 0.047 0.907 7.443 5.366 -15.099
0.337 0.072 0.904 6.176 9.763 -11.557
0.312 0.075 0.932 2.557 11.229 -9.809
0.324 0.059 0.93 -0.489 9.977 -11.206
0.333 0.04 0.951 -2.603 8.29 -13.427
0.293 0.03 0.974 -0.802 3.527 -17.122
0.284 0.002 0.975 4.511 4.534 -20.763
0.213 0.055 0.994 8.748 4.649 -21.405
0.187 0.091 0.976 8.244 3.191 -21.122
0.206 0.087 0.953 5.092 -2.534 -20.855
0.208 0.111 0.913 -2.206 -6.092 -23.725
0.195 0.121 0.911 -9.71 -12.954 -24.817
0.232 0.12 0.845 -15.527 -18.756 -25.511
0.254 0.102 0.839 -17.557 -20.725 -23.771
0.286 0.06 0.808 -16.382 -14.71 -22.527
0.282 0.01 0.847 -8.855 -5.924 -21.74
0.243 -0.028 0.888 2.176 7.977 -19.634
0.14 -0.015 0.967 10.16 13.649 -18.794
0.115 0.038 0.943 13.656 12.221 -16.969
0.075 0.088 0.934 9.26 4.725 -16.13
0.08 0.105 0.892 1.336 -4.977 -14.954
0.145 0.115 0.827 -10.069 -18.534 -19.176
0.192 0.054 0.8 -17.168 -24.893 -23.382
0.282 0.013 0.703 -17.313 -21.473 -26.954
0.33 -0.06 0.754 -19.244 -10.534 -32.641
0.352 -0.186 0.853 -6.695 9.557 -37.504
0.231 -0.124 0.888 8.924 28.87 -37.603
0.116 -0.004 0.919 15.786 37.351 -33.458
0.056 0.081 0.902 13.359 37.366 -31.985
-0.029 0.16 0.897 1.099 29.046 -33.092
-0.032 0.173 0.9 -13.649 16.221 -34.58
-0.053 0.138 0.963 -25.504 0.336 -35.008
0.029 0.03 0.992 -26.153 -4.725 -31.504
0.072 -0.024 0.99 -21.588 -1.26 -28.13
0.105 -0.072 0.946 -14.832 6.015 -27.908
0.125 -0.122 0.978 -5.038 16.115 -27.695
0.125 -0.098 0.94 1.664 22.939 -30.038
0.071 -0.026 0.922 0.252 25.786 -32.733
-0.004 0.013 0.938 -1.053 19.29 -34.237
-0.059 0.076 0.935 -5.473 12.855 -31.305
-0.112 0.167 0.933 -13.344 0.58 -23.458
-0.082 0.132 0.954 -16.565 -8.198 -14.29
0.026 0.0 0.96 -8.924 -1.313 -5.076
0.139 -0.052 0.893 0.863 13.924 -1.412
0.153 -0.089 0.901 6.122 26.305 -3.405
0.148 -0.083 0.891 8.473 36.16 -8.481
0.098 -0.001 0.858 -1.931 33.015 -14.725
-0.021 0.069 0.912 -20.183 20.267 -19.275
-0.095 0.086 0.965 -33.145 -2.992 -24.489
-0.018 -0.073 1.046 -41.901 -15.42 -25.519
0.062 -0.143 1.041 -29.168 -7.427 -24.321
0.056 -0.156 1.027 0.672 7.053 -10.962
0.05 -0.046 0.955 18.55 25.794 1.779
0.021 0.006 0.875 20.191 33.481 5.466
-0.031 0.044 0.873 9.168 24.725 2.359
-0.068 0.056 0.841 -10.649 7.817 -1.595
-0.013 0.005 0.818 -28.305 1.832 -8.817
-0.0 -0.092 0.917 -36.466 -2.496 -14.405
0.02 -0.145 0.932 -35.55 -0.412 -20.458
0.061 -0.199 0.987 -20.252 8.672 -21.305
0.048 -0.198 0.984 3.511 17.794 -20.069
-0.158 -0.135 1.139 23.847 -21.809 -47.427
0.086 -0.085 0.697 32.267 19.695 -6.863
-0.06 0.04 0.843 24.702 41.779 -4.389
-0.114 0.061 0.837 11.435 39.847 -6.282
-0.126 -0.001 0.966 1.832 37.061 -9.58
-0.052 -0.114 0.942 1.443 31.87 -11.786
-0.052 -0.162 0.91 5.244 35.275 -13.977
-0.08 -0.191 0.913 18.305 39.947 -14.45
-0.129 -0.195 0.891 33.565 51.198 -11.618
-0.208 -0.116 0.84 42.023 52.687 -7.038
-0.212 -0.044 0.765 40.939 56.916 -8.069
-0.306 0.054 0.744 30.779 49.802 -9.366
-0.332 0.096 0.698 15.015 36.198 -10.908
-0.313 0.053 0.701 0.511 28.802 -14.87
-0.225 -0.007 0.661 -8.87 25.695 -17.84
-0.151 -0.084 0.639 -17.824 26.405 -24.908
-0.134 -0.175 0.677 -19.649 33.595 -36.237
-0.233 -0.115 0.791 -18.221 39.626 -45.153
-0.394 0.008 0.908 -14.038 39.435 -43.55
-0.471 0.104 0.962 -9.26 35.634 -34.198
-0.395 0.056 0.966 -2.878 36.466 -26.275
-0.346 0.06 0.93 0.931 36.252 -17.237
-0.29 0.001 0.961 1.298 35.061 -18.29
-0.194 -0.02 0.89 0.0 31.954 -24.389
-0.281 0.075 0.862 -8.153 27.794 -33.267
-0.338 0.144 0.948 -13.931 30.832 -33.252
-0.438 0.221 1.045 -13.466 21.771 -26.031
-0.514 0.25 1.093 -15.069 15.908 -14.427
-0.436 0.166 1.141 -5.573 11.023 0.168
-0.385 0.124 1.084 4.42 7.924 12.321
-0.34 0.103 1.013 9.87 2.954 18.229
-0.288 0.09 0.937 8.015 0.344 18.458
-0.256 0.122 0.87 -0.504 -3.061 16.237
-0.258 0.136 0.873 -9.87 -3.298 15.45
-0.269 0.125 0.903 -14.534 -7.496 18.908
-0.263 0.078 0.881 -17.282 -9.809 23.221
-0.207 0.022 0.902 -19.359 -12.954 24.26
-0.147 -0.027 0.913 -21.511 -17.656 23.58
-0.107 -0.052 0.904 -26.42 -18.489 19.305
-0.092 -0.081 0.953 -29.336 -17.42 13.672
-0.108 -0.039 1.001 -28.191 -18.374 11.237
-0.115 -0.099 1.029 -22.557 -18.305 7.863
-0.133 -0.081 1.061 -12.641 -15.435 9.42
-0.156 -0.063 1.056 -3.985 -14.221 12.122
-0.119 -0.04 1.01 2.977 -11.458 14.069
-0.134 0.006 0.952 3.26 -9.466 15.725
-0.091 -0.014 0.895 1.092 -7.756 14.29
-0.085 0.0 0.896 -0.969 -9.076 14.618
-0.093 -0.005 0.896 -3.405 -11.382 14.519
-0.056 -0.02 0.897 -3.427 -10.641 14.458
-0.071 -0.036 0.908 -5.344 -10.198 11.977
-0.059 -0.053 0.924 -6.42 -11.015 9.0
-0.048 -0.058 0.895 -6.885 -9.58 5.382
-0.074 -0.033 0.919 -7.229 -10.847 3.725
-0.092 -0.013 0.924 -8.076 -16.679 4.313
-0.068 -0.012 0.904 -7.137 -15.557 6.053
-0.077 -0.02 0.926 -5.817 -16.366 9.87
-0.074 -0.033 0.936 -4.443 -16.679 10.435
-0.047 -0.047 0.923 -1.87 -16.542 10.145
0.014 -0.113 0.877 -0.13 -10.71 5.573
-0.08 -0.018 0.901 0.252 -13.656 5.519
-0.072 0.007 0.896 -4.687 -10.786 2.885
-0.088 -0.005 0.917 -4.969 -10.916 2.084
-0.066 -0.006 0.913 -3.977 -10.458 4.16
-0.036 -0.024 0.924 -2.122 -7.122 4.008
-0.039 -0.017 0.929 0.0 -6.321 3.908
-0.053 -0.01 0.922 -0.237 -5.771 3.779
-0.069 0.006 0.92 -1.053 -6.359 2.885
-0.087 0.029 0.922 -1.359 -6.863 4.084
-0.085 0.034 0.907 -2.87 -5.916 4.847
-0.079 0.029 0.911 -6.061 -6.595 4.87
-0.07 0.015 0.93 -8.069 -5.71 4.573
-0.045 -0.031 0.942 -7.55 -6.573 4.122
-0.011 -0.06 0.922 -5.58 -3.802 1.924
-0.025 -0.063 0.936 -3.519 -7.092 2.221
-0.038 -0.039 0.935 -2.183 -9.29 1.237
-0.031 -0.01 0.963 -4.427 -13.214 0.573
-0.051 0.018 0.938 -4.885 -15.015 1.504
-0.019 0.007 0.923 -3.023 -13.725 3.992
-0.067 0.017 0.949 -0.313 -12.702 7.221
-0.03 0.011 0.897 1.649 -8.794 8.435
-0.033 0.011 0.903 2.725 -6.405 9.962
-0.026 0.017 0.874 1.015 -5.046 9.809
-0.04 0.009 0.884 -1.328 -5.794 9.725
-0.03 0.015 0.885 -4.672 -4.878 7.321
-0.023 0.0 0.902 -6.588 -2.679 4.794
-0.027 -0.02 0.918 -7.282 -1.893 2.519
0.003 -0.039 0.944 -5.878 -2.45 2.031
-0.015 -0.039 0.965 -4.473 -2.489 1.282
-0.029 -0.038 0.975 -0.954 -1.901 1.115
-0.02 -0.033 0.951 1.977 -1.908 1.45
-0.028 -0.001 0.929 2.382 -0.496 0.87
-0.029 0.022 0.91 1.947 0.618 0.947
-0.028 0.019 0.9 -0.061 0.145 1.328
-0.033 0.022 0.902 -2.389 -0.84 1.71
-0.035 0.001 0.927 -3.534 -2.595 2.885
-0.018 -0.013 0.923 -2.733 -2.29 3.802
-0.011 -0.028 0.941 -1.076 -2.176 3.947
-0.007 -0.029 0.941 0.099 -1.802 3.74
-0.012 -0.026 0.937 -0.649 -1.74 2.595
-0.001 -0.029 0.925 -1.313 -0.351 1.634
-0.001 -0.02 0.92 -2.206 0.947 -0.031
-0.012 -0.01 0.945 -3.191 1.702 -0.664
-0.025 -0.003 0.966 -3.267 0.481 -0.679
-0.014 -0.017 0.968 -0.901 0.298 -0.794
-0.013 -0.008 0.966 1.435 2.603 -1.412
-0.035 0.014 0.956 2.733 1.855 -0.626
-0.027 0.042 0.905 0.267 0.443 -0.229
-0.01 0.055 0.887 -2.947 -0.855 0.832
-0.033 0.047 0.898 -5.099 1.115 1.405
-0.046 0.03 0.935 -6.053 -0.382 2.634
-0.033 0.007 0.966 -4.618 0.298 2.855
-0.019 -0.02 0.973 -1.137 -0.496 3.046
-0.023 -0.013 0.96 1.863 -0.924 2.939
-0.028 0.019 0.947 3.26 -0.58 2.466
-0.034 0.037 0.935 2.527 -0.298 3.053
-0.031 0.049 0.915 0.977 -1.221 3.809
-0.033 0.048 0.91 -0.122 -0.344 4.84
-0.04 0.038 0.924 -0.855 -1.275 5.275
-0.032 0.045 0.924 -1.382 -1.458 6.046
-0.023 0.045 0.923 -2.71 -2.511 6.817
-0.018 0.034 0.929 -3.954 -1.901 6.969
-0.016 0.015 0.935 -3.771 -1.893 7.611
-0.003 0.006 0.916 -3.122 -0.008 8.748
0.009 -0.009 0.922 -2.427 1.237 8.053
-0.001 -0.022 0.943 -2.145 0.496 6.87
0.017 -0.025 0.93 -1.779 -0.008 4.977
0.009 -0.029 0.936 -1.336 -0.931 3.756
0.006 -0.019 0.934 -0.771 -0.832 2.802
0.023 -0.008 0.908 0.046 0.122 2.183
0.013 0.004 0.896 -0.351 0.58 2.557
-0.001 0.016 0.89 -1.466 -0.214 2.084
0.0 0.01 0.883 -3.458 -0.588 1.405
0.004 0.004 0.896 -3.924 -0.275 1.641
-0.0 -0.014 0.894 -3.267 1.107 2.092
-0.013 -0.018 0.92 -2.985 1.771 1.382
-0.018 -0.021 0.923 -1.947 0.183 2.29
-0.006 -0.027 0.908 -0.756 -0.634 2.26
-0.011 -0.016 0.913 -0.153 0.611 1.45
-0.026 -0.023 0.918 -0.351 1.504 0.099
-0.051 -0.008 0.944 -0.099 1.328 -0.702
-0.062 -0.023 0.958 1.969 0.779 -0.786
-0.057 -0.024 0.959 5.824 2.618 -0.275
-0.048 -0.0 0.944 9.481 3.87 1.519
-0.05 0.034 0.933 8.519 4.26 3.046
-0.042 0.065 0.899 4.061 4.519 3.939
-0.028 0.057 0.916 -1.275 2.863 4.977
-0.015 0.039 0.927 -5.824 1.366 5.718
0.004 0.004 0.926 -7.809 0.298 5.962
0.0 -0.018 0.947 -8.237 -0.16 5.45
0.006 -0.025 0.953 -7.45 -0.366 4.321
0.01 -0.03 0.947 -5.885 -0.534 3.87
0.018 -0.024 0.933 -4.481 -0.42 4.0
0.004 -0.012 0.924 -4.237 -0.84 4.359
0.007 -0.021 0.919 -5.076 0.13 3.786
0.009 -0.014 0.919 -5.061 -0.031 3.466
0.015 -0.02 0.919 -4.763 0.45 3.359
0.014 -0.031 0.924 -4.962 0.733 2.519
0.008 -0.031 0.92 -4.763 1.863 1.687
-0.009 -0.018 0.93 -5.573 1.29 0.389
-0.013 -0.018 0.91 -5.115 2.069 -0.427
-0.018 -0.011 0.92 -4.282 2.542 -0.405
-0.033 -0.013 0.936 -4.038 2.427 -1.389
-0.034 -0.021 0.957 -3.664 1.328 -1.832
-0.03 -0.016 0.973 -2.191 1.511 -2.42
-0.042 -0.01 0.988 0.687 1.687 -1.198
-0.029 -0.003 0.976 2.084 2.244 -0.702
-0.032 0.016 0.973 2.099 2.397 -0.084
-0.04 0.015 0.98 1.29 1.573 0.557
-0.038 0.015 0.985 1.672 0.618 1.015
-0.042 0.02 0.975 1.397 -0.802 1.679
-0.03 0.021 0.957 0.87 -1.313 2.832
-0.016 0.019 0.938 0.053 -1.557 3.939
-0.004 0.015 0.931 -2.29 -1.313 3.649
-0.005 0.009 0.944 -5.618 -2.672 2.939
0.021 -0.012 0.944 -8.351 -3.557 1.092
0.023 -0.03 0.953 -9.588 -3.863 -0.366
0.019 -0.029 0.951 -9.183 -5.122 -1.282
0.027 -0.046 0.946 -6.221 -4.977 -0.58
0.037 -0.037 0.928 -2.473 -4.115 0.107
0.029 -0.019 0.898 -2.466 -1.969 -1.092
0.025 0.003 0.885 -4.145 -1.817 -1.603
0.01 0.014 0.881 -6.191 -1.885 -2.687
0.007 0.003 0.908 -6.763 -0.733 -2.466
-0.013 0.001 0.928 -5.565 -0.84 -2.351
-0.016 -0.003 0.933 -2.634 -0.427 -1.893
-0.013 0.008 0.905 -0.977 1.191 -2.069
-0.03 0.04 0.905 -0.924 0.817 -2.038
-0.032 0.048 0.889 -2.618 1.046 -1.779
-0.037 0.054 0.907 -3.702 -0.137 -1.053
-0.031 0.047 0.919 -3.763 -0.656 0.13
-0.045 0.045 0.945 -3.13 -0.672 1.763
-0.031 0.036 0.938 -2.672 -1.099 3.069
-0.032 0.025 0.944 -2.298 -1.282 3.443
-0.016 0.035 0.925 -2.26 -2.702 4.565
-0.029 0.032 0.909 -4.565 -3.168 4.977
-0.016 0.024 0.917 -6.74 -4.542 5.443
0.003 0.015 0.938 -8.626 -4.672 4.389
0.002 -0.005 0.942 -9.099 -5.626 3.878
0.01 -0.016 0.942 -9.023 -4.046 3.023
0.017 -0.015 0.932 -7.275 -3.092 3.176
0.016 -0.016 0.913 -5.511 -2.191 4.099
-0.0 -0.001 0.915 -5.092 -1.397 4.595
0.005 -0.004 0.903 -6.069 -0.786 4.321
0.014 -0.031 0.923 -5.878 -1.924 4.634
-0.0 -0.03 0.933 -6.527 -1.519 3.13
0.006 -0.04 0.942 -5.015 -0.42 2.221
0.001 -0.042 0.946 -3.748 0.405 0.947
0.0 -0.02 0.95 -2.504 0.977 -0.031
0.0 -0.007 0.935 -2.45 0.351 -0.13
-0.006 0.0 0.925 -3.397 0.084 -0.092
-0.006 0.005 0.925 -4.603 0.817 -0.733
0.006 0.006 0.946 -5.0 0.13 0.061
-0.004 0.008 0.951 -4.733 -0.435 0.641
-0.007 0.004 0.942 -3.794 -0.58 0.992
-0.009 0.002 0.942 -2.71 -0.557 2.427
-0.003 0.003 0.928 -1.656 -0.29 3.366
0.009 0.0 0.912 -1.42 0.565 3.924
0.01 -0.004 0.913 -1.878 0.519 4.092
0.012 -0.002 0.909 -3.298 -0.824 4.504
0.016 -0.013 0.937 -4.817 -1.328 3.885
0.01 -0.036 0.946 -5.282 -1.092 2.817
0.006 -0.042 0.961 -3.489 -1.282 2.473
0.019 -0.04 0.951 -1.656 -0.206 2.153
0.012 -0.032 0.943 0.176 0.336 2.389
0.014 -0.016 0.919 0.313 0.359 2.611
0.005 -0.003 0.906 -1.366 0.084 2.015
-0.002 -0.005 0.905 -4.16 0.305 1.725
-0.002 -0.024 0.945 -6.183 -0.786 0.557
0.01 -0.039 0.946 -5.824 -1.061 0.046
-0.001 -0.04 0.958 -4.145 -1.137 0.275
-0.005 -0.023 0.963 -3.023 -0.985 0.496
0.007 -0.025 0.951 -1.947 -0.427 1.031
0.011 -0.022 0.938 -1.832 -0.26 1.733
0.004 -0.012 0.953 -2.229 -0.786 1.565
0.021 -0.03 0.936 -2.481 -1.267 1.481
0.008 -0.023 0.95 -2.885 -0.45 0.832
0.022 -0.029 0.96 -1.565 0.504 0.878
0.017 -0.031 0.958 -0.962 0.565 0.336
0.015 -0.024 0.943 -0.427 0.847 0.008
0.011 -0.021 0.937 -0.45 0.084 0.221
0.006 -0.007 0.942 -0.473 0.008 0.275
0.018 -0.004 0.928 -1.115 0.084 0.183
0.012 -0.002 0.94 -1.71 -0.763 0.931
0.012 0.0 0.937 -1.824 -0.756 1.244
0.017 -0.0 0.925 -2.794 -2.084 1.786
0.013 -0.004 0.92 -3.916 -1.305 1.534
0.015 -0.016 0.909 -4.679 -1.489 1.427
0.021 -0.025 0.915 -5.076 -0.901 1.099
0.011 -0.031 0.931 -5.237 -0.954 0.557
0.016 -0.047 0.944 -4.321 -1.252 -0.092
0.014 -0.047 0.958 -2.107 -0.198 -1.046
0.013 -0.03 0.948 1.336 0.137 -0.641
0.012 -0.004 0.923 2.153 0.718 0.298
0.003 0.018 0.896 0.74 0.878 0.969
0.011 0.01 0.913 -2.031 0.305 0.756
0.015 -0.007 0.92 -3.244 0.954 0.366
0.014 -0.008 0.941 -2.885 1.13 0.122
0.017 -0.013 0.94 -1.74 1.153 0.511
0.001 -0.003 0.936 -1.405 0.244 0.244
0.01 -0.01 0.927 -1.16 -0.29 0.771
0.002 -0.002 0.918 -1.206 -0.489 0.863
0.014 -0.01 0.926 -1.863 0.084 0.405
0.009 -0.004 0.932 -2.107 0.687 0.092
0.007 -0.002 0.936 -1.71 0.458 -0.298
-0.001 0.006 0.946 -1.351 -0.588 0.122
0.006 0.003 0.936 -0.061 -0.473 1.061
0.018 0.02 0.912 0.313 0.221 2.221
0.004 0.025 0.912 -0.931 0.718 2.412
0.0 0.027 0.927 -3.023 0.641 2.603
0.005 0.012 0.938 -4.107 -0.366 2.771
0.008 -0.01 0.944 -3.519 -0.313 2.992
0.007 -0.018 0.956 -2.092 -0.298 2.947
0.02 -0.027 0.954 0.756 0.26 3.824
0.024 -0.022 0.924 1.359 0.183 3.595
0.019 -0.007 0.911 1.092 0.534 3.038
0.025 -0.009 0.906 0.214 0.977 2.191
0.025 -0.011 0.909 -0.679 1.443 1.893
0.024 -0.012 0.921 -0.878 0.992 2.351
0.023 -0.009 0.921 -1.229 0.74 2.29
0.025 -0.016 0.927 -0.718 0.489 2.939
0.02 -0.008 0.928 -0.702 0.611 2.802
0.015 -0.011 0.928 -1.664 0.076 2.595
0.018 -0.014 0.926 -2.672 0.076 2.031
0.017 -0.019 0.941 -2.198 0.573 1.588
0.013 -0.026 0.96 -0.74 0.809 1.603
0.011 -0.019 0.945 0.405 0.832 1.42
0.007 -0.017 0.932 0.695 0.641 1.641
0.008 0.006 0.934 0.229 1.191 1.573
0.006 0.011 0.93 -0.847 1.511 1.718
0.008 -0.001 0.932 -1.656 2.084 1.931
0.019 -0.006 0.941 -1.863 1.069 2.977
0.01 -0.005 0.941 -2.275 0.908 2.435
0.009 -0.016 0.962 -1.809 0.611 2.244
0.012 -0.02 0.961 -1.099 -0.237 2.939
0.015 -0.012 0.932 -0.809 -0.153 3.183
0.013 -0.018 0.942 -1.336 -0.924 2.298
0.026 -0.025 0.94 -1.786 -0.481 1.374
0.015 -0.023 0.955 -1.115 -2.031 1.634
0.008 -0.021 0.952 -0.504 -1.489 1.908
0.014 -0.003 0.933 -0.42 -0.603 1.794
0.02 -0.012 0.925 -0.55 -0.107 2.519
0.026 -0.012 0.925 -0.695 -0.221 2.412