0.121 0.101 0.928 -2.916 6.145 1.618
0.112 0.105 0.94 -3.748 4.71 0.74
0.105 0.117 0.936 -4.176 3.679 1.183
0.113 0.118 0.925 -3.45 2.641 2.634
0.119 0.114 0.915 -2.947 1.893 3.603
0.125 0.103 0.922 -2.29 2.977 3.145
0.123 0.1 0.932 -2.435 2.679 2.168
0.125 0.107 0.932 -3.069 2.214 0.649
0.124 0.098 0.924 -3.702 2.336 0.183
0.118 0.109 0.927 -4.244 2.321 0.107
0.123 0.111 0.916 -4.267 2.977 0.832
0.113 0.115 0.919 -4.626 2.832 1.298
0.122 0.102 0.944 -4.817 1.489 1.992
0.115 0.101 0.95 -3.504 0.359 2.611
0.114 0.092 0.95 -3.321 -0.641 2.061
0.12 0.093 0.945 -2.618 -1.313 2.13
0.131 0.095 0.932 -2.664 -1.031 1.58
0.128 0.092 0.919 -2.794 -0.298 0.87
0.116 0.107 0.924 -3.366 -0.29 0.534
0.121 0.108 0.919 -3.931 -1.176 0.145
0.129 0.108 0.912 -4.137 -1.55 0.634
0.129 0.109 0.901 -4.786 -0.756 0.496
0.126 0.102 0.901 -3.985 -0.519 0.893
0.128 0.094 0.899 -3.122 -0.168 0.725
0.128 0.094 0.917 -2.229 1.42 -0.252
0.12 0.1 0.922 -0.87 1.458 -0.374
0.111 0.106 0.912 -1.214 1.817 -0.878
0.106 0.102 0.919 -1.985 1.42 -0.939
0.098 0.109 0.911 -3.0 0.756 -0.45
0.103 0.111 0.91 -3.725 0.824 0.252
0.111 0.095 0.913 -4.008 1.435 0.618
0.112 0.094 0.924 -3.847 1.16 0.115
0.128 0.09 0.921 -3.458 0.573 0.115
0.132 0.089 0.902 -2.977 1.328 -0.534
0.143 0.085 0.913 -2.473 1.305 -0.771
0.144 0.094 0.899 -1.992 2.145 -0.817
0.138 0.096 0.908 -1.267 3.458 -0.061
0.132 0.101 0.92 -0.679 4.626 -0.435
0.121 0.1 0.948 -0.366 5.206 -1.191
0.109 0.106 0.94 -1.473 4.405 -1.588
0.099 0.117 0.942 -2.878 3.122 -1.42
0.093 0.114 0.925 -2.229 2.092 -0.168
0.109 0.12 0.923 -1.435 2.718 0.443
0.102 0.12 0.925 -0.771 3.275 0.519
0.111 0.119 0.919 -1.099 3.061 1.107
0.111 0.123 0.913 -1.779 2.206 1.267
0.115 0.11 0.899 -2.847 1.321 1.473
0.123 0.106 0.906 -2.954 0.702 1.458
0.107 0.101 0.911 -2.305 0.656 1.313
0.104 0.107 0.919 -2.137 0.809 0.969
0.111 0.109 0.895 -2.107 1.725 1.206
0.107 0.114 0.896 -1.786 2.206 2.237
0.102 0.114 0.915 -1.206 3.382 3.115
0.114 0.095 0.936 -0.466 3.565 3.351
0.111 0.091 0.943 -0.275 2.924 3.275
0.124 0.084 0.949 -0.198 1.817 2.435
0.116 0.09 0.948 -0.504 0.328 1.229
0.131 0.09 0.925 -0.534 0.763 -0.198
0.114 0.103 0.916 -0.71 0.679 -0.725
0.118 0.119 0.911 -0.573 0.809 -0.351
0.104 0.122 0.913 -1.008 1.183 1.13
0.105 0.116 0.915 -0.267 1.756 1.87
0.099 0.108 0.931 0.046 2.481 1.641
0.101 0.113 0.928 -0.305 2.679 1.076
0.107 0.099 0.933 -0.122 2.153 0.435
0.109 0.108 0.916 -0.466 2.473 -0.435
0.114 0.101 0.905 -0.748 1.87 -0.115
0.112 0.114 0.903 -0.679 1.809 0.702
0.104 0.117 0.903 -1.267 2.115 1.298
0.104 0.106 0.894 -1.061 2.794 2.611
0.125 0.098 0.914 -0.695 4.0 2.282
0.134 0.093 0.917 -0.397 4.237 1.84
0.128 0.095 0.93 0.588 4.038 2.183
0.129 0.095 0.933 0.527 3.794 1.916
0.141 0.096 0.92 0.588 3.16 1.58
0.142 0.106 0.902 0.916 3.359 1.092
0.138 0.122 0.916 1.748 4.733 1.069
0.132 0.146 0.911 1.74 5.198 1.916
0.13 0.159 0.923 0.542 4.977 2.954
0.153 0.158 0.937 0.008 3.611 5.13
0.182 0.129 0.951 -1.817 0.924 5.137
0.198 0.113 0.948 -1.809 -1.053 4.977
0.22 0.109 0.955 -1.038 -1.092 4.321
0.223 0.119 0.955 -0.542 -2.008 4.29
0.24 0.126 0.952 -0.649 -1.366 4.924
0.262 0.123 0.958 -1.595 -3.588 6.038
0.289 0.111 0.966 -2.969 -5.611 7.641
0.306 0.09 0.961 -3.687 -5.695 8.786
0.339 0.062 0.964 -3.931 -5.099 9.351
0.359 0.046 0.971 -2.817 -3.626 9.901
0.388 0.051 0.954 -1.366 -2.282 8.985
0.385 0.061 0.968 -2.695 -3.855 7.084
0.354 0.101 0.988 -7.267 -10.504 4.863
0.323 0.134 0.998 -14.42 -20.084 3.168
0.342 0.143 0.972 -21.87 -28.687 3.275
0.373 0.115 0.932 -25.466 -33.511 3.672
0.418 0.112 0.884 -26.557 -33.527 4.87
0.467 0.077 0.852 -27.046 -31.863 3.931
0.518 0.063 0.807 -24.267 -24.924 2.71
0.504 0.103 0.851 -21.969 -16.817 1.542
0.522 0.1 0.889 -17.557 -9.328 1.771
0.498 0.14 0.901 -15.176 -9.099 4.679
0.482 0.127 0.911 -18.107 -12.84 6.305
0.485 0.073 0.951 -19.74 -14.763 5.679
0.499 0.024 0.962 -18.221 -16.885 4.595
0.556 -0.025 0.933 -13.618 -13.344 0.519
0.578 -0.019 0.91 -5.45 -5.176 -4.321
0.562 0.008 0.899 3.992 6.015 -7.359
0.476 0.086 0.93 6.351 9.229 -8.282
0.336 0.225 1.066 -6.649 12.626 -15.115
0.285 0.205 1.089 -19.0 -16.664 -13.901
0.249 0.288 1.037 -25.588 -34.641 -11.725
0.26 0.29 0.991 -35.313 -50.298 -8.153
0.311 0.248 0.944 -41.985 -59.038 -2.344
0.393 0.185 0.887 -48.427 -62.58 0.389
0.439 0.118 0.9 -53.214 -59.679 -2.374
0.473 0.029 0.957 -45.824 -61.092 -6.275
0.494 -0.052 0.999 -28.855 -50.145 -11.443
0.452 -0.041 1.005 -7.267 -25.947 -13.031
0.416 0.015 0.969 19.275 -4.168 -6.053
0.353 0.111 0.913 28.679 6.473 -1.359
0.339 0.175 0.797 22.718 14.351 1.573
0.323 0.221 0.741 3.42 8.519 3.641
0.348 0.199 0.671 -25.573 -4.656 1.427
0.329 0.153 0.657 -49.137 -22.023 -3.702
0.398 0.01 0.718 -66.359 -30.382 -11.832
0.371 -0.049 0.803 -71.244 -35.443 -16.931
0.405 -0.22 0.89 -49.695 -22.649 -18.069
0.447 -0.28 0.859 -16.183 13.321 -16.481
0.366 -0.199 0.865 9.053 42.519 -15.718
0.344 -0.093 0.789 15.107 57.916 -18.038
0.247 0.055 0.715 -7.863 54.649 -19.924
0.229 0.092 0.663 -29.366 28.519 -18.969
0.176 0.109 0.662 -54.611 3.718 -15.84
0.123 0.043 0.709 -70.649 -15.046 -4.489
0.105 -0.047 0.696 -83.496 -43.656 12.153
0.203 -0.363 0.921 -56.412 -11.122 12.855
0.199 -0.509 1.045 -20.122 24.473 6.527
0.134 -0.539 1.269 36.115 79.954 -1.244
-0.026 -0.308 1.244 88.786 125.504 -2.603
-0.239 -0.066 1.173 108.115 137.092 3.824
-0.417 0.201 1.094 90.061 112.153 12.885
-0.439 0.287 0.967 44.519 74.374 17.702
-0.221 0.281 0.828 -13.237 27.664 18.908
-0.156 0.078 0.666 -47.573 -26.031 12.756
-0.033 -0.001 0.556 -77.206 -37.901 2.779
0.081 -0.175 0.594 -77.916 -30.13 -8.115
-0.021 -0.187 0.76 -50.618 -3.947 -6.832
-0.145 -0.09 0.905 -19.473 20.908 1.542
-0.247 0.025 0.883 0.336 49.565 14.908
-0.328 0.146 0.876 5.023 53.008 26.71
-0.386 0.197 0.829 -14.084 35.656 36.29
-0.408 0.104 0.804 -36.313 11.725 44.198
-0.253 -0.107 0.851 -43.718 -0.786 45.153
-0.14 -0.192 0.797 -47.489 22.389 24.534
-0.08 -0.346 0.882 -19.947 21.71 25.122
-0.104 -0.295 0.952 -9.084 23.443 16.626
-0.183 -0.25 0.93 4.71 21.649 14.405
-0.212 -0.159 0.818 8.771 27.809 6.466
-0.193 -0.11 0.78 -7.626 30.168 -7.992
-0.183 -0.085 0.81 -22.473 36.939 -20.779
-0.203 -0.089 0.954 -26.595 31.565 -24.878
-0.215 -0.115 1.054 -20.359 20.45 -25.672
-0.225 -0.079 1.158 -5.13 16.901 -27.153
-0.201 -0.034 1.204 14.733 12.427 -25.008
-0.121 -0.034 1.135 35.26 11.847 -21.412
-0.133 0.088 1.049 42.313 9.412 -16.641
-0.281 0.218 1.027 27.565 -4.107 -9.702
-0.238 0.175 1.075 14.046 -9.366 -5.885
-0.162 0.074 1.079 14.588 -13.595 -2.229
-0.115 0.034 1.1 26.069 -12.053 3.565
-0.064 0.078 1.109 31.16 -5.962 2.351
-0.103 0.111 1.037 29.901 -13.191 8.84
-0.122 0.12 1.052 22.076 -17.473 10.679
-0.048 0.068 1.016 11.748 -18.023 8.282
0.004 0.0 0.937 12.084 -13.427 4.542
0.0 0.001 0.927 14.359 -8.214 0.824
-0.004 0.031 0.873 15.29 -7.496 2.305
-0.006 0.043 0.812 13.55 -7.672 7.863
0.02 0.049 0.776 7.542 -4.298 10.878
0.065 0.024 0.77 0.145 0.328 10.282
0.09 -0.013 0.788 -5.947 6.382 6.939
0.07 -0.023 0.833 -11.084 6.336 4.74
0.031 -0.032 0.918 -13.366 4.908 4.008
0.015 -0.068 0.991 -8.817 1.191 5.336
0.059 -0.118 1.0 0.893 0.16 5.221
0.095 -0.137 0.963 12.557 -0.336 4.321
0.103 -0.119 0.885 19.015 0.977 2.069
0.1 -0.069 0.844 17.359 2.802 -0.168
0.112 -0.035 0.798 8.847 2.626 -2.74
0.092 0.013 0.821 1.237 1.275 -4.023
0.082 0.033 0.846 -4.038 0.389 -3.748
0.064 0.032 0.876 -6.58 4.672 -4.374
0.08 0.05 0.91 -4.71 4.641 -1.359
0.069 0.065 0.921 -6.511 5.412 0.649
0.091 0.047 0.932 -10.626 4.985 2.802
0.094 0.008 0.973 -11.634 2.359 4.351
0.089 -0.021 1.0 -10.405 3.092 3.58
0.112 -0.051 0.996 -7.008 1.053 2.458
0.11 -0.052 0.967 -2.16 2.198 1.527
0.103 -0.053 0.931 -1.26 0.893 -0.26
0.119 -0.021 0.875 -5.176 3.008 -2.763
0.116 0.006 0.877 -12.641 4.908 -5.328
0.131 -0.0 0.92 -16.0 3.74 -5.076
0.131 -0.004 0.949 -17.069 0.664 -4.183
0.142 -0.022 0.982 -14.382 -1.313 -3.527
0.11 -0.006 1.003 -9.084 -0.405 -1.252
0.09 0.011 0.985 -5.42 0.008 0.519
0.075 0.011 0.976 -3.305 1.42 1.985
0.07 -0.003 0.978 -0.58 2.313 3.214
0.076 -0.018 0.981 2.313 2.718 3.382
0.097 -0.037 0.952 3.977 1.168 2.473
0.089 -0.009 0.954 3.573 0.191 0.046
0.059 0.018 0.931 0.893 -1.901 -0.641
0.051 0.041 0.94 -1.771 -2.214 -1.412
0.06 0.041 0.95 -0.634 -1.275 -1.168
0.054 0.058 0.932 0.954 -2.176 1.603
0.039 0.089 0.959 1.298 -2.534 4.695
0.054 0.07 0.96 1.511 -3.122 8.847
0.072 0.057 0.94 0.198 -3.13 11.481
0.083 0.002 0.961 -0.229 -2.061 13.87
0.104 -0.018 0.944 -2.221 -3.031 13.847
0.125 -0.045 0.945 -3.702 -0.763 11.603
0.137 -0.049 0.972 -6.595 -2.557 9.656
0.158 -0.066 0.963 -7.542 -2.511 7.496
0.154 -0.083 0.978 -6.145 -3.954 6.122
0.146 -0.085 0.994 -3.0 -4.282 4.527
0.158 -0.1 0.955 1.588 -4.076 3.84
0.147 -0.083 0.909 4.023 -1.626 1.962
0.135 -0.052 0.877 2.664 0.817 -0.893
0.121 -0.025 0.878 -1.511 3.053 -2.221
0.109 0.006 0.909 -6.534 2.908 -2.71
0.097 0.008 0.948 -8.519 1.824 -2.168
0.099 0.004 0.979 -6.832 2.351 -2.038
0.075 0.017 1.006 -4.466 1.298 -2.206
0.08 0.025 1.011 -1.71 0.504 -2.313
0.076 0.022 0.995 0.198 1.641 -2.008
0.084 0.016 0.966 2.473 2.725 -1.374
0.079 0.028 0.942 2.55 2.588 -0.069
0.071 0.026 0.937 2.015 2.214 0.656
0.08 0.025 0.924 2.702 0.321 2.771
0.091 0.016 0.889 2.267 -1.573 4.198
0.086 0.022 0.87 0.389 -1.374 4.687
0.089 0.006 0.872 -3.863 -1.534 4.55
0.089 -0.017 0.885 -7.496 -2.305 3.336
0.111 -0.046 0.892 -7.84 -1.176 2.359
0.122 -0.055 0.908 -6.87 -0.115 1.061
0.122 -0.066 0.924 -4.992 0.107 0.42
0.124 -0.05 0.929 -3.076 0.061 -0.198
0.12 -0.051 0.935 -2.618 -0.511 -1.069
0.116 -0.036 0.934 -1.954 -1.336 -1.695
0.108 -0.022 0.918 -1.656 -1.427 -1.58
0.103 -0.009 0.911 -1.58 -0.435 -1.695
0.106 0.006 0.901 -2.74 0.031 -2.313
0.105 0.012 0.907 -4.237 0.748 -2.748
0.096 0.02 0.904 -5.443 -0.107 -2.137
0.086 0.031 0.921 -6.573 -0.13 -1.802
0.074 0.028 0.954 -6.817 -0.588 -0.359
0.071 0.021 0.973 -4.725 -1.099 1.374
0.104 -0.001 0.945 -1.718 -0.985 2.198
0.101 0.003 0.938 -0.954 -0.374 2.046
0.105 0.007 0.923 -1.183 0.099 2.053
0.099 -0.008 0.901 -2.046 -0.015 2.0
0.102 -0.012 0.876 -2.916 1.099 2.611
0.107 -0.018 0.886 -3.519 2.305 2.511
0.099 -0.015 0.902 -4.573 2.924 1.718
0.104 -0.016 0.908 -3.809 1.435 2.756
0.11 -0.035 0.913 -2.023 1.137 3.351
0.114 -0.035 0.907 -0.344 1.42 2.985
0.104 -0.033 0.933 0.321 0.473 2.664
0.106 -0.043 0.935 0.656 0.328 1.336
0.125 -0.038 0.945 0.374 0.107 -0.069
0.1 -0.021 0.956 0.168 0.061 -1.656
0.12 -0.008 0.951 1.206 1.847 -2.29
0.115 0.006 0.941 3.267 2.672 -1.687
0.106 0.03 0.917 4.214 2.924 -0.214
0.099 0.036 0.887 1.908 3.107 1.023
0.086 0.032 0.9 -0.992 1.977 2.344
0.103 0.012 0.903 -3.061 0.733 2.71
0.112 -0.009 0.929 -4.321 1.053 2.107
0.105 -0.023 0.957 -4.099 0.321 1.519
0.117 -0.033 0.964 -3.328 -0.695 0.031
0.12 -0.043 0.95 -1.0 -1.237 -0.176
0.112 -0.043 0.929 0.664 -0.206 -1.176
0.103 -0.026 0.919 1.626 1.221 -2.137
0.101 0.004 0.902 1.229 2.107 -2.122
0.097 0.022 0.906 -0.282 2.382 -1.305
0.091 0.028 0.924 -2.115 2.069 -0.45
0.073 0.037 0.955 -2.992 0.718 1.191
0.087 0.011 0.967 -1.374 0.321 2.405
0.096 -0.013 0.957 0.71 0.863 2.733
0.104 -0.023 0.95 1.45 1.947 2.076
0.111 -0.025 0.926 1.076 2.634 1.046
0.111 -0.028 0.921 0.221 1.916 1.107
0.104 -0.014 0.929 -0.664 1.718 1.053
0.105 -0.018 0.922 -1.031 1.099 0.985
0.112 -0.019 0.924 -1.0 0.489 0.878
0.105 -0.023 0.917 -1.359 -0.924 1.183
0.097 -0.018 0.931 -2.206 -1.122 0.611
0.109 -0.014 0.942 -2.275 -1.137 -0.031
0.102 -0.019 0.941 -1.702 0.275 -0.969
0.1 -0.005 0.951 -0.55 0.71 -1.305
0.103 0.007 0.943 0.42 1.672 -1.55
0.101 0.011 0.931 0.519 1.435 -0.74
0.097 0.021 0.916 -0.885 1.855 -0.366
0.091 0.011 0.918 -2.206 0.649 0.29
0.091 0.019 0.927 -3.206 -1.466 0.382
0.099 0.006 0.948 -3.061 -1.275 0.16
0.092 0.007 0.956 -1.542 -1.626 0.817
0.09 0.007 0.949 0.206 -1.191 1.458
0.097 0.006 0.947 1.557 -1.183 2.145
0.112 0.009 0.928 2.046 0.046 1.885
0.101 0.003 0.93 1.435 -0.672 1.977
0.111 0.0 0.907 1.481 0.267 1.55
0.115 0.016 0.907 0.756 1.534 0.595
0.113 0.016 0.898 -1.053 2.496 0.13
0.103 0.028 0.912 -3.542 3.168 -0.351
0.099 0.029 0.924 -5.695 1.763 0.069
0.106 0.007 0.932 -4.55 0.802 1.573
0.104 0.007 0.937 -2.977 0.74 1.794
0.106 0.018 0.951 -2.366 0.137 2.26
0.091 0.025 0.937 -2.954 -0.191 2.351
0.106 0.017 0.924 -3.725 -0.053 2.901
0.093 0.007 0.947 -4.374 0.298 2.641
0.101 -0.016 0.941 -3.26 1.122 2.313
0.108 -0.016 0.938 -2.053 1.947 1.26
0.111 -0.012 0.923 -0.824 1.634 1.573
0.11 -0.004 0.921 -0.298 0.763 1.649
0.101 0.003 0.937 -1.458 1.099 1.099
0.103 0.015 0.93 -2.725 -0.229 1.298
0.104 0.0 0.929 -3.244 0.015 1.092
0.108 -0.008 0.927 -3.046 0.893 0.595
0.107 -0.005 0.927 -3.565 1.229 -0.481
0.115 -0.003 0.936 -4.023 1.756 -0.885
0.103 0.0 0.936 -3.916 1.328 -0.802
0.099 -0.007 0.941 -2.504 1.168 0.489
0.108 -0.008 0.944 -1.069 1.641 0.695
0.094 0.005 0.946 -0.756 0.481 0.756
0.103 0.001 0.94 -1.153 0.321 0.748
0.104 -0.004 0.94 -1.176 -0.344 0.504
0.096 -0.003 0.946 -1.924 -1.595 0.015
0.102 -0.001 0.93 -0.763 -1.863 0.557
0.104 0.01 0.923 -0.473 -1.947 0.397
0.11 0.018 0.9 -0.427 -0.847 0.756
0.092 0.027 0.909 -2.427 -0.26 1.137
0.097 0.025 0.903 -4.298 1.053 1.191
0.103 0.003 0.922 -5.015 1.595 1.237
0.102 -0.003 0.945 -3.55 1.229 1.481
0.099 0.01 0.937 -1.71 2.366 1.092
0.101 0.018 0.939 -0.641 1.137 1.321
0.098 0.001 0.93 -0.16 1.038 1.58
0.104 -0.004 0.936 0.435 0.962 1.542
0.107 -0.008 0.921 0.313 0.878 1.16
0.107 -0.002 0.913 -0.29 1.336 0.695
0.104 0.007 0.914 -1.122 1.397 0.481
0.098 0.018 0.903 -2.725 0.344 0.702
0.103 0.011 0.919 -3.374 0.206 0.779
0.105 0.008 0.919 -2.939 0.405 1.16
0.102 0.007 0.92 -2.076 0.458 1.42
0.11 0.014 0.918 -1.664 0.611 2.221
0.097 0.019 0.92 -2.366 0.855 2.13
0.108 0.009 0.938 -3.458 0.611 1.794
0.108 -0.015 0.936 -2.916 0.435 1.321
0.111 -0.008 0.939 -2.031 0.672 0.71
0.106 0.005 0.936 -1.786 0.435 0.466
0.107 0.009 0.93 -1.71 0.908 0.397
0.1 0.011 0.911 -1.756 1.511 0.534
0.1 0.015 0.91 -2.924 2.748 0.214
0.098 0.013 0.924 -3.389 1.626 1.45
0.105 0.001 0.915 -2.481 1.985 1.74
0.111 0.003 0.924 -1.275 0.885 2.466
0.108 0.016 0.915 -2.519 1.359 2.374
0.098 0.019 0.929 -4.046 0.893 2.053
0.102 0.001 0.943 -3.695 0.122 2.244
0.103 0.0 0.958 -2.74 -0.466 1.809
0.112 -0.01 0.965 -1.382 -0.061 1.145
0.12 -0.006 0.951 0.756 0.321 1.008
0.109 0.004 0.948 0.992 1.16 0.71
0.107 0.01 0.909 0.168 1.595 1.779
0.105 0.021 0.922 -2.267 1.893 1.679
0.102 0.014 0.927 -3.656 1.153 1.45
0.101 -0.0 0.937 -3.13 0.603 1.931
0.107 -0.008 0.958 -1.473 0.313 2.153
0.104 -0.002 0.954 0.145 0.786 1.565
0.101 -0.003 0.928 0.55 0.779 1.305
0.106 0.004 0.921 0.611 1.481 1.244
0.099 0.006 0.902 -0.809 0.855 1.733
0.093 0.007 0.909 -2.16 1.008 1.771
0.094 -0.004 0.908 -3.557 -1.351 2.229
0.099 -0.013 0.922 -4.038 -0.702 1.221
0.094 -0.014 0.941 -3.527 -0.092 0.412
0.096 -0.012 0.948 -2.847 -0.481 -0.046
0.098 -0.003 0.96 -0.748 -0.244 0.405
0.098 0.003 0.942 0.244 0.771 0.649
0.099 0.007 0.93 -0.153 1.344 0.519
0.091 0.009 0.938 -1.534 1.718 0.58
0.102 0.004 0.952 -2.214 0.115 1.359
0.107 -0.011 0.943 -0.74 -0.099 1.252
0.104 -0.012 0.936 0.305 0.534 1.42
0.101 -0.009 0.923 0.168 -0.198 1.511