-0.001 -0.031 0.908 -1.939 -0.725 2.298
0.016 -0.024 0.913 -1.779 0.015 2.924
0.019 -0.026 0.893 -1.069 1.168 3.336
0.012 -0.021 0.914 -0.878 1.221 3.748
0.009 -0.023 0.919 -1.038 1.252 4.412
-0.005 -0.025 0.948 -1.832 1.733 3.649
0.003 -0.036 0.948 -1.115 0.534 4.427
0.007 -0.03 0.935 -1.313 0.45 4.382
0.015 -0.032 0.937 -1.687 -0.351 4.305
0.017 -0.036 0.931 -2.076 -0.489 4.275
0.026 -0.033 0.933 -2.16 -0.885 3.954
0.036 -0.048 0.929 -2.74 -0.748 3.58
0.052 -0.057 0.942 -2.756 -0.71 2.817
0.066 -0.06 0.927 -2.214 -0.611 3.244
0.076 -0.058 0.926 -2.038 0.183 2.389
0.076 -0.047 0.932 -1.466 1.076 2.221
0.079 -0.038 0.932 -1.382 1.122 1.702
0.054 -0.021 0.927 -1.863 1.198 2.29
0.047 -0.011 0.941 -0.977 0.626 4.038
0.043 -0.001 0.905 -2.092 -1.504 7.16
0.047 0.005 0.942 -2.573 -1.466 8.832
0.048 0.002 0.945 -4.305 -3.527 10.71
0.065 -0.005 0.959 -6.069 -4.695 11.107
0.084 -0.01 0.952 -7.611 -5.405 11.061
0.115 -0.02 0.95 -7.672 -5.809 12.168
0.15 -0.034 0.919 -6.481 -3.969 13.214
0.176 -0.043 0.896 -5.901 -0.176 13.885
0.161 -0.056 0.898 -4.45 2.122 13.908
0.136 -0.033 0.909 -5.779 -0.947 14.725
0.11 0.008 0.87 -9.176 -6.489 15.832
0.086 -0.016 0.891 -10.702 -9.504 15.893
0.12 -0.0 0.88 -9.924 -8.931 20.221
0.134 -0.03 0.893 -8.977 -4.489 23.267
0.142 -0.039 0.915 -9.015 1.977 23.962
0.152 -0.055 0.955 -7.443 8.893 24.542
0.161 -0.058 0.976 -7.679 10.198 24.794
0.178 -0.07 0.989 -12.206 7.756 21.885
0.193 -0.1 1.025 -15.901 -0.351 16.756
0.183 -0.119 1.019 -18.847 -9.809 11.687
0.177 -0.097 1.008 -19.824 -16.733 9.275
0.198 -0.049 0.996 -18.42 -18.931 11.817
0.201 -0.09 0.976 -14.687 -15.809 15.458
0.216 -0.091 0.971 -11.084 -8.824 18.939
0.198 -0.114 0.996 -8.13 -4.435 19.924
0.156 -0.075 1.054 -8.313 -5.939 22.359
0.154 -0.088 1.086 -9.809 -12.344 21.092
0.142 -0.119 1.126 -16.0 -30.267 11.656
0.146 -0.133 1.114 -24.298 -51.229 3.16
0.189 -0.138 1.07 -27.985 -68.641 -3.267
0.248 -0.184 1.015 -25.863 -76.779 -7.183
0.292 -0.196 0.985 -17.168 -72.16 -2.702
0.303 -0.182 0.988 -4.107 -57.931 3.351
0.31 -0.133 0.986 6.252 -41.191 7.015
0.306 -0.092 0.971 11.557 -28.702 6.695
0.285 -0.064 1.002 14.656 -20.176 8.26
0.25 -0.03 1.034 13.74 -18.321 7.511
0.214 -0.024 1.06 7.939 -22.878 2.725
0.202 -0.017 1.045 0.649 -36.725 0.641
0.172 -0.033 1.034 -9.244 -57.344 -5.198
0.166 -0.063 1.046 -14.374 -73.519 -10.405
0.234 -0.155 1.001 -6.328 -75.496 -11.779
0.283 -0.185 0.941 7.45 -61.145 -9.786
0.357 -0.128 0.847 16.107 -42.985 -10.672
0.376 -0.089 0.84 15.817 -32.313 -14.29
0.33 -0.016 0.838 12.985 -24.359 -18.214
0.322 0.062 0.818 5.985 -24.382 -19.076
0.301 0.031 0.757 -4.511 -26.954 -19.771
0.323 0.025 0.717 -14.008 -29.412 -17.947
0.263 -0.013 0.79 -23.107 -33.595 -19.351
0.283 -0.142 0.887 -15.031 -34.344 -17.351
0.304 -0.231 0.933 7.496 -22.779 -12.595
0.324 -0.206 0.889 26.947 -7.458 -7.679
0.285 -0.091 0.857 37.092 1.534 -1.252
0.268 -0.073 0.778 34.0 8.008 -1.214
0.183 0.011 0.812 10.412 7.122 -5.496
0.115 0.073 0.831 -18.534 -4.214 -13.672
0.146 0.053 0.831 -43.992 -18.076 -21.481
0.219 -0.012 0.818 -54.252 -27.588 -22.893
0.221 -0.115 0.879 -47.282 -27.924 -21.977
0.26 -0.232 0.909 -20.916 -8.687 -16.076
0.213 -0.225 0.943 8.321 10.947 -6.168
0.16 -0.181 0.971 23.435 20.275 -2.008
0.13 -0.107 0.946 25.878 21.725 0.893
0.043 -0.002 0.958 11.718 12.55 1.649
0.02 0.088 0.93 -11.443 -3.87 -0.756
0.043 0.112 0.89 -33.847 -16.092 -2.809
0.145 0.025 0.822 -47.092 -22.092 -1.878
0.233 -0.091 0.82 -51.084 -19.58 -0.191
0.114 -0.079 0.824 -40.237 -19.756 0.87
0.271 -0.34 0.916 -33.015 5.382 1.756
0.242 -0.224 0.912 -18.718 9.84 5.168
0.24 -0.273 0.862 -6.0 23.176 3.206
0.182 -0.237 0.874 6.237 38.099 4.458
0.125 -0.159 0.913 10.046 39.878 6.489
0.073 -0.08 0.923 8.947 34.458 12.443
0.036 -0.051 0.909 4.336 28.855 14.863
0.048 -0.114 0.943 -3.496 18.45 17.221
0.098 -0.156 0.933 -6.809 9.748 16.458
0.207 -0.215 0.892 -4.023 14.015 11.634
0.169 -0.219 0.893 6.092 14.962 5.878
0.165 -0.195 0.917 21.015 23.458 3.947
0.078 -0.066 0.927 24.511 23.565 4.779
0.075 -0.023 0.871 20.26 20.374 7.84
0.016 -0.002 0.872 8.626 10.313 5.817
0.065 -0.052 0.884 -0.748 2.366 8.527
0.067 -0.036 0.812 -5.656 1.939 7.977
0.152 -0.203 0.842 -5.603 6.649 7.397
0.101 -0.187 0.845 8.908 10.336 9.916
0.181 -0.206 0.812 22.771 19.412 9.901
0.157 -0.146 0.83 39.893 36.771 10.405
0.081 -0.017 0.771 37.427 45.099 6.45
-0.0 0.046 0.82 21.725 39.366 5.046
0.026 0.099 0.755 -0.321 31.496 2.939
-0.031 0.031 0.831 -15.992 23.588 -1.275
-0.02 -0.043 0.868 -22.771 20.595 1.183
0.021 -0.097 0.831 -21.328 27.58 1.115
0.032 -0.156 0.866 -18.939 36.382 0.412
0.051 -0.232 1.074 1.198 103.481 21.733
-0.053 -0.062 0.891 -20.817 96.763 6.351
-0.105 -0.287 1.024 14.718 95.069 36.588
-0.202 -0.249 0.902 6.351 76.771 15.779
-0.148 -0.204 0.99 3.802 63.992 4.779
-0.267 -0.11 1.257 14.26 49.168 0.527
-0.211 -0.035 0.957 7.252 44.939 -15.015
-0.276 -0.158 1.074 4.046 39.985 -20.519
-0.345 0.11 0.977 8.84 40.008 -13.076
-0.404 0.244 1.015 10.58 31.702 -3.763
-0.295 0.357 0.963 17.817 33.672 13.099
-0.378 0.337 1.011 15.13 29.092 20.588
-0.325 0.247 1.07 3.397 19.901 24.786
-0.271 0.056 1.152 -5.924 9.069 20.763
-0.232 -0.026 1.17 -17.366 8.603 9.931
-0.171 -0.13 1.24 -20.763 5.344 -3.282
-0.145 -0.193 1.225 -8.695 2.779 -10.969
-0.136 -0.152 1.147 3.069 1.473 -13.672
-0.099 -0.105 1.059 11.947 1.115 -10.809
-0.089 -0.071 0.977 17.824 -8.015 -6.122
-0.083 0.002 0.879 17.366 -4.282 -5.214
-0.075 0.057 0.809 12.748 -1.595 -5.977
-0.054 0.073 0.754 4.748 1.992 -3.786
-0.033 0.054 0.775 -2.275 2.466 -0.634
0.04 0.004 0.758 -8.611 6.023 2.26
0.053 -0.049 0.817 -10.153 10.901 3.885
0.029 -0.062 0.89 -13.924 11.855 3.282
0.015 -0.115 0.954 -14.389 11.351 0.275
0.035 -0.161 0.976 -5.832 14.359 -1.733
0.035 -0.142 0.989 4.252 18.87 -1.565
0.006 -0.075 0.981 7.137 14.74 -2.359
-0.007 -0.02 0.981 4.466 10.305 -4.099
-0.014 -0.001 0.967 0.954 2.863 -3.832
-0.017 -0.001 0.995 -0.87 -1.893 -2.344
-0.01 -0.009 0.936 -1.695 -5.672 -1.931
0.015 -0.01 0.905 -1.16 -2.466 -2.595
-0.01 0.01 0.894 -3.435 -3.985 -5.015
-0.012 0.01 0.882 -7.519 -6.282 -7.702
0.033 -0.013 0.843 -11.008 -4.229 -11.359
0.047 -0.046 0.832 -12.092 -1.023 -9.344
0.041 -0.049 0.835 -13.176 3.443 -8.641
0.009 -0.055 0.857 -12.824 6.412 -6.893
-0.009 -0.068 0.881 -10.939 8.542 -5.145
-0.012 -0.074 0.873 -5.802 13.252 0.0
-0.01 -0.089 0.904 -3.916 12.672 0.832
0.01 -0.105 0.916 -6.237 9.885 -1.26
0.005 -0.112 0.907 -6.359 7.992 0.298
-0.006 -0.116 0.926 -5.26 8.733 0.023
-0.011 -0.086 0.923 -5.405 7.969 0.015
-0.032 -0.077 0.94 -5.42 5.901 -0.015
-0.018 -0.075 0.955 -5.221 4.679 -0.267
-0.016 -0.094 0.955 -4.084 3.595 -0.519
-0.003 -0.088 0.959 -4.023 1.824 -0.878
-0.03 -0.067 0.963 -6.489 -1.573 -1.458
-0.019 -0.095 0.953 -7.511 -2.023 -2.076
-0.024 -0.108 0.948 -4.985 0.443 -0.611
-0.023 -0.119 0.955 -1.969 2.29 0.198
-0.013 -0.104 0.942 0.565 2.611 0.855
-0.035 -0.071 0.981 -1.191 0.099 -1.092
-0.038 -0.071 0.981 -1.252 -2.168 -1.504
-0.037 -0.065 0.945 0.13 0.076 -0.267
-0.039 -0.057 0.93 -0.191 0.328 0.092
-0.035 -0.057 0.917 -3.122 -0.611 0.221
-0.02 -0.081 0.933 -4.031 -0.038 -0.496
-0.008 -0.095 0.906 -3.198 0.595 -1.511
-0.002 -0.087 0.911 -3.435 0.977 -2.45
0.002 -0.091 0.913 -5.0 1.115 -3.74
-0.006 -0.1 0.924 -6.397 -1.061 -4.183
0.007 -0.098 0.921 -7.511 -0.45 -4.985
-0.012 -0.1 0.94 -7.756 -0.855 -4.374
-0.002 -0.112 0.936 -5.412 0.489 -3.626
0.001 -0.125 0.931 -2.603 2.924 -3.656
-0.009 -0.126 0.951 -0.473 3.092 -1.176
-0.007 -0.119 0.964 0.183 1.649 -0.916
0.001 -0.1 0.961 -0.397 0.336 -1.687
-0.004 -0.095 0.938 0.382 -1.763 -2.206
0.0 -0.084 0.914 0.985 -0.733 -1.847
0.015 -0.06 0.882 -2.45 -0.565 -1.687
0.015 -0.057 0.87 -6.588 -1.397 -2.435
0.009 -0.053 0.896 -8.55 -0.969 -1.718
-0.001 -0.084 0.931 -7.878 -0.466 -1.847
-0.007 -0.111 0.971 -5.603 -2.519 -1.939
-0.007 -0.129 0.992 -1.084 -3.931 -2.695
0.036 -0.107 0.913 0.489 -2.611 -4.374
0.022 -0.083 0.9 2.183 -1.573 -3.969
0.009 -0.029 0.9 0.939 0.802 -5.397
-0.024 0.002 0.915 -1.496 1.687 -5.176
-0.041 0.007 0.938 -3.939 -0.237 -4.519
-0.022 0.004 0.908 -5.885 1.916 -3.733
-0.038 -0.011 0.934 -3.809 0.695 -1.87
-0.027 -0.026 0.919 -3.939 1.695 -1.412
-0.013 -0.041 0.927 -2.679 1.458 0.237
-0.001 -0.059 0.913 -2.931 1.26 1.13
-0.014 -0.063 0.926 -3.405 0.489 1.87
-0.016 -0.076 0.931 -3.885 -1.244 1.634
-0.005 -0.091 0.925 -4.542 0.0 -0.427
0.001 -0.078 0.921 -3.481 0.855 -1.115
-0.017 -0.063 0.93 -3.779 -0.244 -2.282
0.001 -0.052 0.905 -2.412 3.16 -2.099
-0.02 -0.039 0.944 -4.252 1.634 -2.16
-0.014 -0.044 0.951 -2.885 1.55 -0.382
-0.01 -0.059 0.951 -1.565 0.771 1.168
-0.017 -0.072 0.965 -0.702 0.458 1.74
-0.011 -0.064 0.947 -0.649 -1.061 0.947
-0.001 -0.057 0.932 -1.282 -1.519 1.855
-0.007 -0.045 0.928 -2.718 -1.901 1.985
-0.0 -0.069 0.917 -4.55 -1.053 2.313
0.005 -0.088 0.923 -5.183 -1.107 1.985
-0.002 -0.115 0.929 -4.687 -1.244 1.351
-0.009 -0.11 0.934 -3.855 1.244 0.557
-0.005 -0.098 0.92 -3.16 1.924 0.099
-0.003 -0.085 0.934 -2.817 0.511 0.55
-0.005 -0.07 0.923 -3.435 -0.313 1.427
-0.017 -0.06 0.911 -4.366 1.382 1.221
-0.014 -0.072 0.927 -4.435 1.221 2.191
-0.013 -0.063 0.918 -4.733 1.618 2.244
-0.003 -0.072 0.918 -5.573 1.725 1.954
-0.01 -0.09 0.932 -4.962 0.198 2.855
-0.0 -0.108 0.947 -3.695 -0.481 2.55
-0.006 -0.1 0.963 -1.573 -1.038 2.397
0.001 -0.112 0.945 -0.382 -0.504 1.313
0.01 -0.093 0.917 -0.702 1.084 0.031
0.012 -0.081 0.913 -1.84 1.672 -0.221
-0.006 -0.061 0.908 -3.481 1.847 -0.374
-0.014 -0.081 0.93 -3.855 0.573 1.29
-0.013 -0.096 0.927 -2.641 -2.13 2.58
-0.01 -0.1 0.917 -3.275 0.13 1.191
-0.002 -0.093 0.917 -3.153 1.244 0.565
-0.001 -0.081 0.912 -3.107 1.153 -0.214
-0.011 -0.062 0.925 -4.115 0.916 -0.748
-0.014 -0.067 0.921 -3.74 0.534 -0.13
-0.021 -0.084 0.943 -1.817 -0.595 1.397
-0.017 -0.092 0.926 -1.191 -0.527 0.939
-0.015 -0.093 0.912 -0.626 1.74 -0.588
0.004 -0.1 0.91 -0.412 2.84 -0.29
-0.001 -0.028 0.872 -2.389 0.214 -0.87
-0.022 -0.022 0.877 -3.412 18.359 -1.908
-0.042 -0.014 0.937 -6.366 -0.519 3.344
0.031 -0.058 0.885 -10.397 -0.244 1.366
-0.029 -0.07 1.031 -10.656 1.855 0.679
-0.011 -0.093 0.966 -6.145 0.511 1.969
-0.038 -0.093 1.039 -4.046 0.122 1.55
-0.017 -0.098 0.984 -1.565 0.908 2.519
-0.026 -0.094 0.977 0.832 -1.985 3.214
-0.003 -0.085 0.926 3.542 -0.779 4.672
-0.0 -0.078 0.903 1.817 0.489 3.55
0.01 -0.063 0.906 0.076 -1.763 3.435
0.013 -0.064 0.889 -3.053 -1.382 4.046
0.015 -0.066 0.907 -6.847 0.725 3.427
0.003 -0.094 0.957 -7.595 -0.611 2.985
0.006 -0.111 0.929 -6.885 -1.221 2.748
-0.011 -0.116 0.948 -5.855 -1.275 1.351
-0.011 -0.114 0.944 -3.855 -0.405 1.221
-0.007 -0.11 0.917 -2.412 0.099 0.519
-0.011 -0.089 0.914 -2.351 0.458 -0.023
-0.022 -0.096 0.901 -2.702 0.809 -0.244
-0.01 -0.084 0.892 -2.954 0.55 0.687
-0.026 -0.086 0.917 -3.42 1.237 0.565
-0.02 -0.077 0.933 -3.992 0.153 0.863
-0.016 -0.081 0.94 -4.206 0.656 0.511
-0.016 -0.082 0.941 -3.489 1.206 0.176
-0.019 -0.091 0.958 -2.824 1.565 0.679
0.01 -0.115 0.949 -1.42 -1.481 0.382
-0.003 -0.1 0.954 -1.374 0.382 -0.176
0.0 -0.077 0.921 -1.641 0.206 0.275
-0.012 -0.067 0.924 -3.0 -1.084 0.183
0.002 -0.07 0.93 -4.519 0.618 0.58
0.018 -0.092 0.922 -4.412 1.092 0.809
0.011 -0.091 0.924 -3.924 0.313 1.55
0.026 -0.086 0.912 -4.053 -0.802 1.389
0.015 -0.073 0.902 -4.26 0.092 1.802
0.007 -0.075 0.91 -5.809 0.885 1.832
0.008 -0.083 0.917 -5.977 0.046 1.779
0.004 -0.1 0.943 -4.908 0.382 2.954
0.023 -0.114 0.908 -1.809 -0.473 2.84
0.001 -0.11 0.933 -1.107 0.672 1.504
-0.01 -0.094 0.912 -0.611 1.924 1.176
-0.007 -0.073 0.922 -1.84 0.832 0.473
-0.014 -0.096 0.947 -0.076 -1.069 0.664
-0.019 -0.071 0.951 -0.534 3.359 -0.137
-0.016 -0.043 0.933 0.519 2.206 0.534
-0.033 -0.046 0.937 -1.092 1.015 1.282
-0.032 -0.039 0.937 -2.145 0.504 2.847
-0.021 -0.08 0.956 -4.282 -0.863 2.443
-0.022 -0.087 0.96 -4.321 -0.519 2.672
-0.018 -0.109 0.974 -5.359 -1.656 2.504
0.002 -0.117 0.971 -4.962 0.511 1.26
-0.016 -0.13 0.985 -1.458 -1.206 2.198
-0.017 -0.117 0.952 -1.321 -2.16 1.695
-0.018 -0.094 0.94 -0.977 -1.313 1.26
-0.019 -0.076 0.902 -2.664 -2.076 1.901
-0.02 -0.087 0.907 -5.45 0.634 2.122
-0.018 -0.102 0.934 -4.985 -0.176 1.16
-0.018 -0.114 0.967 -4.13 -0.771 0.702
0.016 -0.12 0.937 -0.695 -0.656 0.58
-0.007 -0.106 0.951 1.076 -1.252 1.26
0.01 -0.089 0.893 -0.908 -0.611 0.275
-0.009 -0.084 0.902 -1.756 -0.336 0.794
0.004 -0.079 0.893 -4.344 -0.443 0.252
0.002 -0.097 0.905 -3.748 0.092 0.916
0.024 -0.098 0.935 -2.611 1.618 1.389
0.011 -0.107 0.921 -1.252 2.397 2.244
0.01 -0.098 0.93 -1.832 -1.557 2.702
0.017 -0.115 0.915 -2.855 -0.275 2.405
0.024 -0.131 0.925 -2.435 1.504 1.26
0.014 -0.122 0.918 -1.809 2.298 -0.168
0.006 -0.109 0.923 -0.878 3.405 -1.099
-0.001 -0.084 0.91 -1.695 3.573 -2.13
-0.011 -0.067 0.923 -3.023 4.153 -2.145
-0.013 -0.064 0.908 -3.687 4.763 -1.443
-0.004 -0.078 0.923 -3.573 3.954 -0.305
-0.027 -0.083 0.959 -2.977 2.145 0.038
-0.032 -0.086 0.965 -2.489 -0.603 0.832
-0.02 -0.096 0.955 -1.374 -1.458 1.74
-0.008 -0.096 0.952 -0.015 -0.046 1.931
-0.009 -0.094 0.945 0.168 -0.863 1.267
0.01 -0.092 0.931 -0.794 -0.847 0.901
-0.002 -0.091 0.928 -2.328 -1.252 -0.168
-0.002 -0.094 0.931 -2.603 -0.397 0.099
0.002 -0.088 0.929 -2.802 -0.336 0.176
-0.006 -0.087 0.931 -2.817 -0.55 0.069
-0.007 -0.086 0.943 -2.55 0.015 0.198
-0.005 -0.089 0.943 -0.916 1.382 0.176
-0.005 -0.097 0.924 -1.115 1.053 -0.206
0.002 -0.086 0.919 -1.221 0.809 0.359
0.003 -0.088 0.902 -2.023 0.252 0.244
0.006 -0.079 0.91 -3.13 1.695 -0.023
-0.001 -0.073 0.924 -4.191 2.084 -0.237
0.002 -0.085 0.931 -5.359 0.725 -0.313
0.008 -0.102 0.939 -5.13 0.771 -0.115
0.006 -0.109 0.95 -4.405 -0.023 -0.092
0.007 -0.103 0.939 -3.74 0.046 -0.389
0.005 -0.099 0.935 -3.061 -0.191 -0.412
-0.007 -0.092 0.936 -2.641 0.061 -0.58
-0.009 -0.082 0.93 -2.985 0.763 -1.092
-0.006 -0.077 0.934 -2.466 0.878 -0.16
-0.006 -0.079 0.933 -1.725 1.29 0.45
-0.002 -0.083 0.924 -1.573 2.458 0.504
-0.005 -0.081 0.93 -2.87 1.824 -0.26
-0.004 -0.077 0.921 -4.656 0.237 -0.863
-0.001 -0.07 0.933 -4.351 0.794 -0.153
-0.005 -0.082 0.942 -4.641 0.802 0.115
0.005 -0.091 0.944 -3.504 -0.58 1.344
0.004 -0.096 0.938 -3.435 -0.641 1.13
-0.004 -0.09 0.938 -3.557 0.565 0.595
-0.001 -0.09 0.937 -2.695 0.832 0.664
-0.005 -0.091 0.937 -2.366 0.992 0.092
0.018 -0.095 0.919 -2.878 1.573 0.046
0.012 -0.086 0.919 -3.076 1.748 0.29
0.007 -0.084 0.92 -2.84 1.038 0.878
-0.008 -0.087 0.931 -2.221 1.015 1.397
-0.015 -0.088 0.942 -2.0 -0.137 1.84
-0.007 -0.092 0.931 -1.412 -0.901 2.031
0.001 -0.091 0.918 -1.267 -0.443 1.939
-0.004 -0.088 0.914 -1.588 -0.382 1.641
-0.002 -0.078 0.914 -3.229 0.702 1.099
0.005 -0.079 0.927 -4.954 0.069 0.55
-0.004 -0.094 0.936 -4.473 0.107 0.725
0.011 -0.094 0.931 -2.786 -1.351 1.71
-0.002 -0.1 0.943 -2.885 -0.725 1.351
0.011 -0.102 0.917 -2.885 -1.55 1.183
-0.003 -0.09 0.909 -3.687 -0.855 0.359
0.005 -0.099 0.919 -2.595 -0.183 1.489
-0.008 -0.103 0.927 -2.176 0.237 1.649
-0.002 -0.1 0.934 -1.656 0.427 0.947
-0.015 -0.099 0.956 -1.74 2.321 0.359
-0.004 -0.101 0.945 0.275 1.878 1.015
-0.016 -0.08 0.939 0.137 2.183 1.656
-0.008 -0.085 0.922 -1.702 0.992 1.382
-0.007 -0.107 0.932 -1.687 0.13 1.939
-0.006 -0.099 0.927 -2.489 0.908 0.985
-0.012 -0.11 0.942 -2.817 1.672 1.023
0.0 -0.114 0.939 -2.023 0.313 0.664
-0.005 -0.113 0.928 -1.992 0.374 0.298
0.0 -0.134 0.948 -0.931 0.931 0.275
0.005 -0.136 0.941 -1.603 0.588 -1.145
-0.012 -0.121 0.941 0.0 -0.603 -1.473
-0.011 -0.117 0.94 0.824 -0.069 -1.595
-0.006 -0.086 0.924 1.611 1.29 -0.771
-0.006 -0.082 0.923 3.015 0.435 1.313
0.002 -0.079 0.897 1.542 1.359 1.702
-0.008 -0.075 0.904 0.221 1.496 1.427
-0.004 -0.087 0.909 -1.321 1.87 0.321