0.126, 0.17, 0.924, -0.29, -0.084, 6.038
0.129, 0.157, 0.921, -0.42, -0.061, 5.985
0.131, 0.162, 0.915, -0.344, 0.687, 6.069
0.138, 0.156, 0.89, -0.397, 2.55, 6.115
0.151, 0.156, 0.903, -0.015, 2.229, 7.0
0.146, 0.162, 0.917, 0.0, 2.275, 6.992
0.162, 0.163, 0.904, 0.267, 2.511, 7.115
0.152, 0.163, 0.906, 0.328, 2.588, 6.847
0.15, 0.168, 0.921, -0.137, 2.168, 6.45
0.135, 0.173, 0.929, -0.733, 1.832, 6.649
0.13, 0.165, 0.93, -1.252, 1.275, 7.069
0.127, 0.159, 0.915, -1.679, 2.092, 7.427
0.137, 0.163, 0.92, -1.855, 2.763, 8.008
0.145, 0.161, 0.92, -1.763, 2.962, 7.832
0.142, 0.156, 0.924, -1.924, 4.588, 7.595
0.145, 0.151, 0.924, -1.992, 4.305, 7.733
0.142, 0.161, 0.909, -2.26, 3.443, 7.695
0.134, 0.172, 0.92, -3.779, 1.718, 8.191
0.135, 0.169, 0.907, -4.817, 0.847, 8.878
0.135, 0.166, 0.913, -6.55, 1.382, 8.496
0.14, 0.159, 0.909, -7.74, 0.26, 7.786
0.149, 0.142, 0.909, -8.74, 1.756, 8.679
0.146, 0.151, 0.913, -10.908, -1.763, 6.656
0.152, 0.135, 0.889, -11.84, -2.664, 5.595
0.141, 0.146, 0.91, -12.977, -3.229, 4.916
0.134, 0.149, 0.906, -13.481, -5.916, 6.13
0.183, 0.127, 0.926, -13.763, -3.588, 5.519
0.17, 0.127, 0.917, -14.252, -6.58, 5.672
0.152, 0.122, 0.937, -15.344, -5.924, 4.817
0.218, 0.127, 0.891, -16.061, -5.481, 4.725
0.156, 0.116, 0.927, -16.382, -8.878, 4.153
0.16, 0.11, 0.913, -17.0, -8.267, 4.115
0.158, 0.115, 0.918, -17.45, -7.847, 4.511
0.167, 0.107, 0.92, -17.534, -7.107, 4.176
0.181, 0.095, 0.922, -18.038, -6.733, 4.076
0.187, 0.094, 0.919, -18.313, -5.206, 3.435
0.195, 0.095, 0.918, -18.076, -6.511, 3.214
0.189, 0.101, 0.927, -18.244, -7.611, 2.87
0.184, 0.107, 0.924, -18.0, -6.382, 2.985
0.172, 0.105, 0.927, -17.473, -7.0, 3.122
0.236, 0.096, 0.873, -17.0, -4.191, 3.344
0.167, 0.104, 0.907, -15.702, -5.977, 4.313
0.16, 0.105, 0.917, -14.985, -5.237, 4.954
0.165, 0.098, 0.91, -14.008, -3.878, 5.153
0.175, 0.096, 0.92, -13.13, -3.443, 5.198
0.173, 0.089, 0.921, -12.13, -3.053, 5.473
0.186, 0.089, 0.897, -11.87, -2.748, 5.58
0.18, 0.082, 0.914, -11.053, -3.076, 5.786
0.196, 0.075, 0.907, -10.443, -1.55, 5.763
0.197, 0.074, 0.918, -9.992, -1.092, 5.74
0.205, 0.077, 0.913, -9.321, -0.107, 5.557
0.199, 0.072, 0.918, -8.855, 0.725, 4.916
0.189, 0.08, 0.928, -7.954, 0.74, 5.046
0.177, 0.072, 0.945, -7.015, -0.611, 4.695
0.179, 0.066, 0.941, -5.885, -0.748, 4.214
0.181, 0.075, 0.944, -4.534, -1.168, 4.206
0.181, 0.072, 0.922, -4.29, -0.176, 3.634
0.18, 0.078, 0.93, -4.42, 0.473, 3.061
0.189, 0.077, 0.923, -4.695, 1.092, 2.763
0.181, 0.088, 0.923, -5.153, 0.443, 2.076
0.19, 0.087, 0.917, -4.595, 0.603, 2.221
0.195, 0.089, 0.908, -4.496, -0.588, 2.336
0.187, 0.099, 0.909, -4.466, -0.939, 2.382
0.185, 0.1, 0.908, -5.145, -0.985, 2.389
0.189, 0.096, 0.907, -5.939, -1.282, 2.405
0.19, 0.089, 0.902, -6.679, -0.916, 2.992
0.196, 0.078, 0.906, -6.786, 0.588, 3.679
0.188, 0.071, 0.914, -6.885, 0.427, 3.687
0.203, 0.069, 0.897, -7.076, 0.641, 3.588
0.213, 0.058, 0.895, -7.534, 0.87, 2.763
0.194, 0.059, 0.915, -8.298, 0.397, 2.366
0.2, 0.058, 0.906, -9.0, 0.115, 1.954
0.187, 0.061, 0.919, -9.344, -0.275, 1.656
0.207, 0.055, 0.91, -9.13, 0.473, 1.374
0.204, 0.042, 0.918, -8.443, 0.206, 1.595
0.201, 0.047, 0.912, -7.321, 0.527, 1.511
0.197, 0.058, 0.922, -7.229, 1.122, 0.748
0.186, 0.063, 0.916, -7.374, -0.298, 0.649
0.189, 0.065, 0.909, -8.031, 0.282, 0.115
0.188, 0.067, 0.912, -8.366, 0.427, 0.901
0.183, 0.062, 0.906, -8.176, 1.405, 0.389
0.186, 0.055, 0.914, -8.26, 3.069, 0.168
0.181, 0.047, 0.921, -7.557, 2.893, 0.313
0.189, 0.048, 0.916, -6.656, 2.634, 0.0
0.184, 0.053, 0.916, -6.664, 2.229, 0.122
0.182, 0.061, 0.919, -6.603, 1.496, 0.122
0.179, 0.066, 0.923, -6.29, 1.511, -0.214
0.183, 0.062, 0.911, -5.557, 1.527, 0.183
0.172, 0.066, 0.919, -4.809, 1.466, 0.55
0.176, 0.065, 0.924, -4.641, 2.328, 0.931
0.172, 0.057, 0.936, -4.55, 1.534, 1.176
0.172, 0.06, 0.925, -4.099, 2.878, 1.076
0.186, 0.05, 0.918, -3.786, 3.076, 0.908
0.185, 0.049, 0.928, -3.527, 3.321, 0.145
0.198, 0.049, 0.921, -2.595, 3.336, 0.229
0.198, 0.048, 0.919, -1.672, 3.344, 0.336
0.194, 0.06, 0.93, -1.092, 3.58, 0.481
0.19, 0.059, 0.921, -0.389, 3.687, 0.901
0.179, 0.063, 0.933, -0.626, 3.84, 0.969
0.184, 0.061, 0.928, -0.733, 3.611, 1.076
0.174, 0.05, 0.951, -0.389, 1.763, 1.13
0.179, 0.044, 0.937, 0.229, 1.221, 0.771
0.19, 0.044, 0.938, 0.718, 1.954, 0.137
0.187, 0.051, 0.933, 0.641, 1.885, 0.389
0.188, 0.055, 0.923, 1.0, 1.573, 0.634
0.179, 0.067, 0.918, 0.832, 1.802, 1.084
0.176, 0.068, 0.917, 0.45, 2.725, 1.611
0.183, 0.063, 0.918, 0.076, 3.115, 1.939
0.187, 0.064, 0.923, -0.435, 2.504, 1.992
0.177, 0.069, 0.917, -1.725, 1.931, 1.84
0.176, 0.061, 0.946, -0.588, 0.947, 2.405
0.188, 0.064, 0.924, -0.679, -0.351, 1.931
0.186, 0.068, 0.925, -0.832, -0.069, 1.718
0.196, 0.07, 0.912, -1.031, 0.458, 1.137
0.209, 0.068, 0.897, -1.298, 0.565, 1.092
0.203, 0.079, 0.901, -1.58, 2.282, 1.664
0.202, 0.074, 0.904, -2.107, 2.031, 2.443
0.197, 0.076, 0.901, -1.817, 2.443, 3.397
0.209, 0.071, 0.905, -1.695, 2.359, 4.282
0.208, 0.08, 0.902, -2.618, 2.267, 4.679
0.231, 0.075, 0.889, -3.305, 2.145, 5.183
0.229, 0.078, 0.92, -5.634, -1.87, 5.618
0.283, 0.041, 0.904, -5.771, -1.374, 5.679
0.332, 0.011, 0.95, -6.794, 0.069, 4.023
0.38, -0.012, 0.96, -6.008, 1.794, 1.344
0.381, 0.0, 1.002, -3.557, 1.183, 0.061
0.399, 0.011, 1.01, -2.244, 1.26, 2.191
0.406, 0.019, 1.043, -3.664, -5.603, 0.954
0.5, 0.009, 1.057, -3.817, -8.466, 0.298
0.615, 0.003, 1.033, -3.008, -6.664, -2.634
0.715, 0.01, 1.021, 0.145, -1.916, -4.214
0.795, 0.076, 0.951, 3.595, 1.58, 1.786
0.739, 0.092, 0.917, 4.435, -4.107, 4.221
0.771, 0.083, 0.893, 3.855, -1.817, 8.389
0.872, 0.047, 0.75, -1.214, -3.153, 8.45
0.876, 0.044, 0.75, -10.26, -4.26, 3.466
0.97, 0.037, 0.735, -17.947, -1.359, 2.191
0.922, 0.037, 0.8, -22.542, -13.809, -7.214
0.89, 0.04, 0.807, -21.863, -17.168, -7.802
0.829, 0.064, 0.844, -20.351, -20.435, -5.931
0.855, 0.078, 0.795, -21.969, -20.962, -7.305
0.809, 0.065, 0.828, -27.412, -19.107, -9.504
0.899, 0.037, 0.779, -31.389, -19.145, -16.42
0.906, 0.043, 0.699, -39.412, -19.962, -24.099
0.87, 0.021, 0.7, -45.282, -20.183, -28.595
0.844, 0.004, 0.697, -44.969, -15.962, -30.885
0.726, 0.019, 0.783, -37.427, -16.786, -27.389
0.647, 0.008, 0.803, -25.595, -13.031, -19.908
0.495, -0.019, 0.899, -7.878, -16.374, -11.374
0.466, -0.066, 0.875, 8.313, -16.855, -4.534
0.399, -0.005, 0.833, 11.863, -24.947, -3.718
0.333, 0.119, 0.715, 6.221, -47.679, -0.206
0.144, 0.135, 0.879, -3.718, -117.191, 13.244
0.325, 0.246, 0.412, -19.031, -86.779, 29.061
0.086, 0.251, 0.678, -25.321, -76.74, 42.71
0.215, 0.063, 0.677, -32.443, -63.443, 56.412
0.258, -0.19, 0.811, -34.496, -31.473, 54.496
0.233, -0.347, 0.933, -32.107, -3.695, 42.802
0.127, -0.376, 0.893, -15.687, 24.947, 22.137
0.125, -0.211, 0.931, -71.046, 11.092, 15.748
-0.141, -0.238, 0.95, -36.221, 29.13, 4.687
-0.138, -0.22, 0.953, -49.267, 50.084, 12.794
-0.226, -0.341, 0.972, -48.992, 64.359, 3.366
-0.424, -0.423, 1.232, -46.985, 82.626, -20.588
-0.259, -0.595, 1.368, -46.58, 108.534, -45.084
-0.146, -0.693, 1.262, -3.435, 122.29, -66.802
-0.244, -0.448, 1.087, 25.29, 135.221, -78.214
-0.582, -0.058, 0.892, 40.13, 128.489, -67.008
-0.948, 0.213, 0.897, 33.779, 111.74, -53.229
-0.925, 0.218, 1.076, 38.618, 103.573, -32.481
-0.674, 0.127, 0.976, 63.412, 100.359, -16.626
-0.653, 0.251, 0.798, 68.26, 104.023, -14.534
-0.547, 0.371, 0.707, 49.87, 103.359, -10.046
-0.43, 0.308, 0.695, 18.779, 95.725, -16.954
-0.484, 0.299, 0.899, -22.252, 66.496, -24.053
-0.325, 0.036, 1.01, -10.198, 83.595, -19.16
-0.182, 0.079, 1.027, -32.26, 113.733, -10.802
-0.42, 0.068, 0.909, -27.13, 67.908, -1.023
-0.403, 0.013, 1.093, -23.458, 87.802, 7.328
-0.212, -0.077, 1.165, -24.16, 90.863, 1.282
-0.042, -0.129, 1.06, -19.977, 76.374, -2.214
-0.23, -0.119, 1.147, -16.061, 33.542, -6.939
-0.328, -0.052, 1.179, -7.206, 2.794, -5.405
-0.271, 0.024, 1.094, -2.374, 2.504, -1.023
-0.272, 0.06, 1.011, 3.0, -4.252, 2.58
-0.178, -0.004, 0.979, 12.809, -11.374, 5.687
-0.15, 0.035, 0.85, 10.763, -0.656, 5.595
-0.155, 0.02, 0.843, 10.092, 5.275, 8.588
-0.129, 0.006, 0.791, 9.344, 0.863, 9.115
-0.028, 0.012, 0.773, 3.794, 6.458, 4.191
-0.066, 0.033, 0.8, -7.244, 5.176, 0.511
-0.12, -0.01, 0.91, -12.824, -0.107, -2.473
-0.069, -0.079, 0.906, -12.519, -4.748, -3.962
-0.058, -0.111, 0.956, -8.542, -4.496, -5.038
-0.084, -0.141, 0.952, -0.183, -5.443, -5.893
-0.106, -0.102, 0.912, 7.687, -2.305, -4.42
-0.106, -0.017, 0.923, 9.26, -0.87, -4.611
-0.01, 0.004, 0.836, 4.031, 9.008, -3.748
0.016, -0.03, 0.932, -3.557, 7.687, -6.702
0.049, -0.1, 0.965, -3.267, 7.542, -7.046
-0.07, -0.091, 1.038, -1.527, 2.992, -8.099
-0.056, -0.068, 0.953, -1.344, -1.023, -10.122
-0.056, -0.059, 0.939, 0.588, -5.405, -8.748
-0.07, -0.027, 0.924, 1.145, -7.221, -6.008
-0.044, -0.038, 0.993, 2.305, -3.58, -2.603
-0.034, -0.054, 1.016, 7.176, -7.954, -0.916
-0.005, -0.036, 1.003, 11.771, -7.557, 0.802
-0.03, 0.012, 0.956, 12.229, -11.802, 2.771
-0.03, 0.019, 0.96, 8.137, -12.992, 3.74
-0.048, 0.03, 0.934, 4.145, -27.191, 3.695
-0.052, 0.036, 0.967, -1.855, -17.595, 0.939
-0.035, 0.058, 0.984, -8.252, -18.015, -1.084
-0.049, 0.042, 1.009, -11.557, -17.489, -1.137
0.003, 0.001, 0.967, -10.58, -15.672, -1.473
-0.004, -0.021, 0.965, -8.305, -15.344, 0.29
0.031, -0.034, 0.911, -7.55, -11.947, 1.901
-0.007, -0.035, 0.945, -5.183, -11.244, 2.389
0.026, -0.026, 0.91, -2.16, -9.305, 3.427
0.022, -0.009, 0.9, -0.183, -7.023, 3.824
0.015, -0.005, 0.938, -0.122, -7.87, 4.099
0.029, -0.013, 0.933, -0.672, -3.74, 2.954
0.067, -0.023, 0.918, -1.015, -0.351, 2.153
0.024, -0.022, 0.926, -0.031, -3.267, 1.16
0.023, -0.035, 0.939, -0.664, -3.656, -0.664
0.036, 0.003, 0.899, -1.893, -5.397, -0.053
-0.013, 0.034, 0.927, -4.954, -9.626, 1.221
0.005, 0.03, 0.921, -6.885, -11.397, 1.924
0.034, -0.016, 0.894, -7.076, -10.84, 2.389
0.039, -0.033, 0.888, -6.748, -6.26, 1.55
0.044, -0.049, 0.902, -5.939, -3.527, 1.0
0.061, -0.081, 0.883, -3.863, 0.702, 0.87
0.07, -0.104, 0.901, 0.344, 1.641, 1.519
0.065, -0.076, 0.886, 1.313, 3.626, 1.382
0.055, -0.076, 0.886, 0.198, 2.244, 0.298
0.026, -0.049, 0.93, -2.557, 4.115, -2.038
0.021, -0.039, 0.958, -2.931, 1.107, -2.916
0.029, -0.04, 0.984, -2.466, 2.794, -4.0
0.003, -0.044, 1.004, -0.031, -2.473, -3.695
0.013, -0.016, 0.975, 1.244, -3.603, -3.13
0.021, 0.012, 0.951, 2.618, -3.504, -2.107
0.012, 0.02, 0.947, 2.321, -4.084, -0.634
0.015, 0.023, 0.929, 1.107, -2.748, 0.527
0.025, -0.002, 0.918, 1.351, -4.511, 2.947
0.03, -0.029, 0.921, 3.42, -3.832, 3.679
0.04, -0.06, 0.905, 5.496, -2.527, 4.122
0.058, -0.06, 0.893, 6.221, -1.328, 3.275
0.069, -0.052, 0.884, 5.023, 2.832, 0.145
0.053, -0.015, 0.884, 1.939, 5.527, -2.13
0.045, 0.004, 0.916, -0.924, 7.191, -4.519
0.029, 0.032, 0.947, -1.817, 6.206, -4.733
0.021, 0.035, 0.979, -2.252, 4.641, -3.527
0.021, 0.031, 0.973, -2.74, 4.924, -3.511
0.029, 0.022, 0.972, -3.58, -0.176, -3.794
0.032, -0.005, 0.966, -3.595, 2.336, -2.939
0.033, -0.004, 0.972, -0.977, 0.908, -2.573
0.03, -0.014, 0.954, 3.351, 1.504, -0.878
0.044, -0.001, 0.934, 5.351, 2.71, -0.855
0.04, 0.01, 0.925, 6.687, 3.763, -0.168
0.012, 0.033, 0.925, 4.87, 2.939, 1.122
0.019, 0.052, 0.903, 2.29, 4.183, 1.023
0.027, 0.057, 0.903, -1.885, 5.061, 0.908
0.0, 0.051, 0.923, -3.397, 2.473, 1.084
0.018, 0.037, 0.934, -4.107, 1.626, 1.489
0.025, 0.023, 0.941, -3.038, 0.832, 2.29
0.038, -0.001, 0.935, -0.87, 1.901, 2.573
0.047, -0.003, 0.924, -1.641, 3.267, 2.344
0.037, -0.002, 0.915, -1.679, 2.183, 1.382
0.026, 0.002, 0.92, -2.427, 2.565, 2.015
0.024, 0.001, 0.922, -2.595, 1.817, 2.336
0.029, -0.007, 0.948, -0.443, -0.115, 2.855
0.047, -0.01, 0.936, -1.252, 0.511, 1.962
0.044, -0.006, 0.96, -2.885, -0.328, 1.29
0.03, -0.018, 0.947, -3.351, -1.405, 1.344
0.02, -0.015, 0.935, -2.992, -1.947, 1.779
0.02, -0.008, 0.935, -3.672, -1.924, 1.42
0.038, -0.007, 0.914, -4.786, -1.244, 0.664
0.023, -0.018, 0.931, -3.771, 0.26, 0.725
0.036, -0.019, 0.91, -2.603, 2.58, 1.29
0.026, -0.011, 0.926, -3.176, 3.382, 0.847
0.038, -0.028, 0.93, -3.863, 4.145, -0.405
0.041, -0.033, 0.932, -3.595, 3.802, -1.298
0.033, -0.029, 0.938, -3.046, 5.443, -2.092
0.022, -0.006, 0.926, -2.626, 4.756, -1.313
0.024, 0.001, 0.912, -1.977, 6.901, -0.275
0.024, 0.015, 0.91, -2.458, 7.786, 0.656
0.021, 0.008, 0.91, -4.771, 9.084, 1.443
0.013, 0.005, 0.955, -6.573, 7.405, 1.519
0.028, -0.009, 0.963, -6.672, 6.466, 1.641
0.014, -0.019, 0.983, -4.397, 6.122, 1.542
0.026, -0.023, 0.95, -1.153, 4.809, 1.405
0.025, -0.03, 0.942, 0.817, 3.298, 1.397
0.026, -0.018, 0.932, 0.061, 0.748, 0.511
0.005, -0.001, 0.929, -1.565, -2.359, -0.122
0.008, 0.006, 0.93, -3.084, -4.282, -0.198
0.022, 0.016, 0.935, -3.42, -2.84, -0.542
0.009, 0.01, 0.946, -2.435, -4.229, 0.191
0.016, 0.014, 0.946, -1.229, -2.389, 0.504
0.016, 0.024, 0.954, -1.046, -3.977, 0.939
0.02, 0.03, 0.942, -1.58, -6.45, 2.748
0.029, 0.005, 0.938, -1.58, -5.16, 2.443
0.03, 0.001, 0.938, -1.405, -5.344, 2.511
0.02, -0.003, 0.942, -1.382, -3.397, 1.313
0.025, -0.004, 0.929, -1.542, -2.74, 1.305
0.033, -0.005, 0.911, -1.557, -0.321, 0.916
0.031, -0.008, 0.917, -1.641, 1.466, 0.71
0.028, -0.018, 0.923, -0.817, 1.718, 1.351
0.04, -0.018, 0.922, -0.443, 0.0, 1.718
0.027, -0.013, 0.915, -1.16, 0.664, 1.267
0.038, 0.003, 0.922, -1.878, 0.214, 1.107
0.028, -0.004, 0.925, -2.954, 2.0, 0.603
0.016, 0.0, 0.951, -2.588, -0.763, 1.237
0.04, -0.011, 0.935, -2.534, 2.702, 1.573
0.03, -0.017, 0.94, -1.206, 3.0, 2.336
0.04, -0.025, 0.945, -0.809, 3.962, 2.023
0.047, -0.028, 0.915, -1.061, 3.076, 1.336
0.03, -0.026, 0.915, -2.29, 3.473, 0.634
0.032, -0.019, 0.899, -3.237, 1.771, 0.534
0.032, -0.005, 0.906, -4.137, 2.237, -0.351
0.022, 0.003, 0.923, -5.053, 2.824, -1.0
0.027, 0.002, 0.919, -5.672, 1.565, -1.008
0.028, -0.007, 0.962, -5.382, 1.794, -0.893
0.021, -0.006, 0.981, -4.611, 1.611, -0.344
-0.0, -0.003, 0.974, -3.069, -0.168, 0.092
0.01, 0.003, 0.949, -2.023, 1.489, 0.42
0.019, 0.011, 0.934, -1.122, 2.916, 0.153
0.023, 0.001, 0.926, -1.687, 3.992, -0.061
0.021, 0.019, 0.928, -2.962, 3.489, -0.374
0.027, 0.016, 0.925, -4.443, 3.214, -0.206
0.005, 0.006, 0.941, -4.916, 2.336, 0.191
0.016, 0.0, 0.952, -4.115, 2.031, 1.008
0.028, -0.026, 0.974, -2.29, 1.939, 0.885
0.034, -0.023, 0.953, -1.382, 2.733, 0.206
0.028, -0.018, 0.944, -1.145, 1.26, -0.305
0.031, 0.001, 0.937, -0.962, 0.252, -0.038
0.025, 0.008, 0.939, -0.061, -0.748, 0.527
0.024, 0.018, 0.938, -0.13, -1.336, 1.359
0.034, 0.012, 0.925, -1.351, -1.137, 1.504
0.041, 0.01, 0.927, -2.405, -0.672, 1.29
0.025, 0.011, 0.936, -3.679, -0.511, 0.786
0.026, 0.005, 0.936, -3.794, -0.641, 0.855
0.023, -0.001, 0.944, -3.099, -1.107, 1.344
0.029, -0.008, 0.944, -1.664, -0.969, 1.802
0.024, -0.022, 0.923, -1.748, -1.626, 2.405
0.032, -0.029, 0.904, -3.824, 0.481, 0.939
0.027, -0.034, 0.921, -4.863, 3.748, -0.954
0.021, -0.022, 0.935, -3.855, 4.313, -1.656
0.017, -0.006, 0.938, -2.198, 4.496, -1.481
0.013, 0.006, 0.935, -0.55, 3.015, 0.214
0.004, 0.017, 0.94, -0.87, 1.786, 1.656
0.024, 0.009, 0.914, -1.84, 1.672, 2.069
0.013, 0.014, 0.938, -3.267, 1.534, 2.053
0.025, 0.002, 0.935, -3.786, 1.855, 1.779
0.016, 0.002, 0.95, -3.588, 1.702, 1.74
0.022, 0.002, 0.94, -1.84, 1.359, 2.344
0.017, 0.007, 0.948, -1.366, 0.947, 3.031
0.036, -0.007, 0.925, -1.389, 0.305, 3.603
0.038, -0.011, 0.934, -0.855, 0.916, 3.344
0.045, -0.016, 0.915, -0.847, 0.87, 3.908
0.035, -0.017, 0.91, -1.42, 0.779, 3.351
0.032, -0.017, 0.902, -2.244, 1.55, 3.542
0.052, -0.034, 0.902, -2.595, 1.847, 2.885
0.046, -0.034, 0.91, -3.412, 3.794, 1.87
0.043, -0.03, 0.904, -4.908, 2.366, 1.214
0.044, -0.025, 0.893, -6.282, 2.626, 0.786
0.044, -0.039, 0.907, -6.794, 3.427, 0.229
0.04, -0.056, 0.926, -6.344, 4.206, 0.061
0.037, -0.051, 0.94, -3.885, 3.885, -0.313
0.028, -0.036, 0.924, -2.214, 3.847, -0.504
0.005, -0.012, 0.926, -2.008, 2.817, -0.374
0.014, -0.007, 0.915, -2.305, 3.344, -0.771
0.008, 0.001, 0.934, -3.122, 3.656, -0.947
0.001, 0.004, 0.942, -3.305, 3.076, -1.313
-0.001, 0.007, 0.952, -3.832, 2.168, -1.198
-0.009, 0.016, 0.967, -2.344, 1.916, -0.672
-0.004, 0.003, 0.97, -0.008, 0.168, 0.191
-0.003, 0.015, 0.956, 1.031, 1.153, 0.863
0.005, 0.015, 0.925, 0.855, 1.29, 1.55
0.002, 0.021, 0.935, -0.145, -0.214, 1.481
0.022, 0.008, 0.928, -2.267, 2.634, 0.855
0.023, 0.004, 0.951, -2.916, 1.786, 0.557
0.014, 0.01, 0.955, -2.901, 1.824, -0.015
0.011, 0.012, 0.965, -2.061, 1.687, 0.641
0.024, 0.015, 0.952, -0.443, 1.191, 2.275
0.025, 0.014, 0.938, -0.313, -0.435, 3.183
0.019, 0.015, 0.927, -1.779, 0.015, 3.649
0.017, 0.0, 0.931, -3.817, -0.893, 4.237
0.032, -0.018, 0.93, -4.947, -1.725, 3.885
0.039, -0.039, 0.931, -4.977, -0.878, 2.84
0.044, -0.051, 0.941, -4.076, -0.267, 1.626
0.038, -0.044, 0.918, -3.382, -0.282, 0.29
0.035, -0.039, 0.912, -2.771, -1.053, -0.649
0.023, -0.015, 0.889, -3.542, -0.435, -0.702
0.013, -0.007, 0.919, -4.55, 0.336, -1.397
0.016, -0.007, 0.909, -4.786, 1.351, -1.275
0.007, 0.005, 0.927, -4.229, 1.832, -0.962
0.003, 0.02, 0.941, -4.527, 2.092, 0.183
-0.01, 0.024, 0.968, -4.45, 0.893, 1.305
0.002, 0.01, 0.979, -3.519, 0.893, 2.84
0.006, -0.004, 0.984, -2.55, 0.42, 3.26
0.021, -0.021, 0.96, -1.832, -0.084, 3.053
0.01, -0.029, 0.965, -2.252, -0.168, 2.45
0.031, -0.031, 0.935, -3.168, -1.015, 2.328
0.037, -0.024, 0.919, -4.412, -2.237, 1.695
0.058, -0.021, 0.893, -4.802, 0.656, 0.634
0.011, -0.009, 0.942, -6.229, -0.084, 1.397
0.011, -0.013, 0.943, -7.855, -0.664, 1.099
0.028, -0.031, 0.938, -8.71, -0.115, 0.458
0.031, -0.047, 0.966, -7.702, -1.145, 0.962
0.033, -0.056, 0.943, -6.214, -1.824, 0.298
0.018, -0.042, 0.954, -4.954, -2.397, 1.191
0.042, -0.042, 0.936, -4.504, -1.26, 0.901
0.024, -0.047, 0.937, -3.489, -2.023, 0.359
0.044, -0.038, 0.905, -4.756, -0.267, -1.374
0.008, -0.047, 0.954, -3.824, -1.763, -2.244
0.03, -0.037, 0.927, -2.924, -2.023, -3.527
-0.006, -0.013, 0.941, -1.504, -2.412, -3.038
0.03, 0.015, 0.901, -2.443, -0.664, -2.969
-0.012, 0.024, 0.923, -2.84, -2.626, -1.145
-0.003, 0.016, 0.909, -4.092, -3.145, -0.595
0.019, 0.01, 0.915, -4.962, -2.153, 0.153
0.036, -0.003, 0.918, -3.0, -1.473, 1.229
0.039, -0.009, 0.909, -1.832, -1.947, 1.573
0.047, -0.0, 0.893, -2.015, -1.069, 1.229
0.036, 0.002, 0.906, -1.634, -0.427, 1.397
0.048, 0.005, 0.895, -3.046, 0.366, 0.977
0.038, -0.003, 0.906, -3.275, 1.878, 1.244
0.039, -0.016, 0.922, -3.794, 1.725, 1.069
0.027, -0.023, 0.94, -3.916, 0.16, 0.893
0.048, -0.026, 0.918, -3.397, 0.969, 0.634
0.061, -0.034, 0.911, -2.832, 0.947, 0.702
0.025, -0.013, 0.927, -2.626, -0.565, 1.672
0.035, -0.025, 0.91, -3.298, 0.649, 1.313
0.023, -0.012, 0.921, -4.58, 0.687, 1.359
0.033, -0.03, 0.935, -3.382, 1.29, 0.985
0.04, -0.043, 0.937, -0.588, 2.221, 0.908
0.019, -0.019, 0.935, 0.122, 1.542, 0.954
0.036, -0.019, 0.925, -0.779, 2.641, 0.466
0.03, -0.013, 0.917, -0.817, 1.351, 0.679
0.038, -0.024, 0.928, -1.435, 3.443, 0.443
0.078, -0.024, 0.894, -3.252, 5.115, -0.656
0.003, -0.004, 0.95, -0.481, 3.038, 0.328
0.022, 0.004, 0.903, -1.878, 3.649, 0.504
0.011, 0.011, 0.928, -2.885, 2.58, 2.282
0.033, -0.004, 0.923, -2.863, 3.618, 2.336
0.021, -0.018, 0.928, -3.763, 1.771, 2.237
0.041, -0.052, 0.94, -4.313, 2.344, 0.656
0.043, -0.041, 0.946, -1.695, 3.321, 0.038
0.013, -0.015, 0.924, -2.137, 1.046, -0.229
-0.0, -0.007, 0.916, -1.641, 1.748, 0.046
0.007, -0.014, 0.937, -0.29, 5.389, 0.977
-0.002, 0.008, 0.933, -2.168, 4.313, 1.405
0.027, 0.002, 0.927, -4.267, 3.282, 1.901
0.022, -0.016, 0.958, -3.466, 3.176, 2.725
0.044, -0.034, 0.952, -3.771, 3.893, 1.977
0.03, -0.029, 0.987, -2.931, 0.687, 2.656
0.032, -0.035, 0.967, -0.473, -1.412, 2.687
0.036, -0.037, 0.972, 0.962, -0.466, 2.626
0.037, -0.026, 0.946, 1.191, -0.351, 2.641
0.033, -0.015, 0.942, -0.794, -1.42, 2.603
0.034, -0.018, 0.939, -2.626, -1.534, 1.992
0.025, -0.009, 0.934, -3.336, -0.855, 2.481
0.023, -0.018, 0.942, -2.718, -1.718, 2.656
0.024, -0.018, 0.965, -2.702, 0.26, 2.595
0.083, -0.003, 0.926, -2.863, 0.58, 2.298
0.027, -0.01, 0.964, -2.824, -0.405, 2.275
0.035, -0.033, 0.948, -2.962, -0.282, 1.893
0.028, -0.038, 0.944, -1.832, -1.023, 1.656
0.031, -0.019, 0.924, -1.573, -1.534, 1.206
0.034, -0.02, 0.917, -1.756, -1.015, 1.275
0.024, -0.013, 0.912, -2.359, 0.771, 0.878
0.023, -0.008, 0.92, -3.435, -0.16, 1.901
0.025, -0.011, 0.917, -4.611, 0.008, 1.794
0.018, -0.027, 0.94, -5.061, -0.313, 1.565
0.019, -0.034, 0.958, -4.221, -0.275, 1.817
0.023, -0.032, 0.946, -3.336, -0.015, 1.282
0.042, -0.032, 0.933, -3.786, 0.183, 0.679
0.029, -0.032, 0.947, -2.687, 0.122, 1.107
0.025, -0.035, 0.926, -2.718, -1.954, 1.26
0.03, -0.033, 0.928, -2.229, -1.992, 1.802
0.04, -0.041, 0.912, -2.58, -0.13, 0.908
0.036, -0.028, 0.916, -3.71, -0.267, 0.473
0.036, -0.031, 0.928, -4.832, -0.748, -0.29
0.044, -0.05, 0.936, -3.885, -1.008, -0.84
0.043, -0.034, 0.939, -3.679, 0.832, -0.969
0.033, -0.024, 0.952, -3.015, -0.916, -0.313
0.041, -0.029, 0.95, -2.611, -0.443, -0.282
0.042, -0.024, 0.945, -2.611, -0.206, -0.069
0.033, -0.023, 0.952, -2.672, 0.763, -0.221
0.033, -0.032, 0.939, -2.29, 1.527, -0.611
0.049, -0.014, 0.917, -2.191, 2.756, -0.901
0.031, -0.01, 0.924, -2.344, 1.702, -0.817
0.021, 0.002, 0.933, -3.427, 0.74, -1.061
0.019, -0.002, 0.954, -3.137, -0.527, -0.366
0.024, 0.002, 0.948, -2.679, 0.267, -0.313
0.024, 0.012, 0.956, -1.893, -0.359, 0.595
0.011, 0.012, 0.952, -1.282, -1.038, 1.748
0.011, 0.008, 0.94, -1.137, -2.145, 2.382
0.006, 0.006, 0.953, -0.725, -1.275, 3.084
0.022, -0.006, 0.931, -0.305, -0.733, 3.321
0.013, -0.001, 0.936, -0.412, -2.038, 2.534
