0.069 0.052 0.938 -2.687 2.328 3.603
0.068 0.05 0.959 -2.969 2.405 2.359
0.075 0.042 0.954 -2.901 1.656 1.527
0.071 0.043 0.955 -3.756 0.069 0.321
0.08 0.044 0.963 -5.176 -1.076 -0.809
0.084 0.045 0.944 -5.542 -2.084 -1.183
0.08 0.043 0.947 -5.74 -3.015 -1.45
0.095 0.039 0.929 -4.641 -2.191 -1.305
0.09 0.05 0.917 -3.71 -1.191 -0.779
0.086 0.057 0.909 -3.252 0.412 -0.183
0.081 0.059 0.905 -3.58 1.573 0.084
0.069 0.057 0.936 -3.847 1.634 0.481
0.067 0.053 0.938 -3.847 1.74 -0.389
0.074 0.049 0.938 -3.908 1.885 -0.603
0.073 0.056 0.934 -4.176 1.473 -1.351
0.076 0.066 0.937 -3.947 1.015 -1.092
0.059 0.073 0.922 -4.374 -0.267 -1.183
0.06 0.066 0.915 -3.42 1.023 0.061
0.07 0.067 0.929 -2.832 1.725 1.313
0.057 0.068 0.927 -2.496 2.244 2.0
0.061 0.057 0.938 -2.611 1.824 1.832
0.053 0.067 0.938 -3.336 0.618 1.809
0.06 0.063 0.926 -4.336 -0.359 1.58
0.072 0.059 0.917 -4.504 -0.107 1.489
0.077 0.051 0.907 -4.26 0.496 1.458
0.09 0.048 0.898 -3.466 0.74 2.527
0.09 0.04 0.904 -2.725 0.939 2.351
0.084 0.035 0.938 -2.763 0.908 1.496
0.077 0.034 0.938 -2.366 0.053 0.817
0.066 0.045 0.945 -2.046 -0.16 0.824
0.061 0.051 0.944 -1.374 0.267 1.672
0.054 0.057 0.942 -1.481 -0.641 2.527
0.065 0.079 0.933 -1.405 -0.878 3.603
0.07 0.059 0.927 -3.046 -1.718 2.351
0.081 0.06 0.91 -3.076 -1.802 2.504
0.083 0.062 0.9 -3.374 -1.55 2.634
0.087 0.056 0.895 -2.901 0.496 3.366
0.087 0.051 0.902 -2.954 2.664 2.519
0.075 0.041 0.934 -2.382 3.962 2.901
0.061 0.05 0.939 -2.504 3.435 1.702
0.063 0.054 0.948 -3.191 2.519 0.931
0.064 0.053 0.938 -3.351 0.168 1.458
0.069 0.052 0.934 -3.122 -0.069 1.511
0.069 0.063 0.938 -3.313 0.588 1.656
0.077 0.056 0.937 -3.832 0.336 1.168
0.069 0.048 0.941 -3.496 0.45 0.702
0.078 0.038 0.94 -2.947 -0.58 0.725
0.082 0.036 0.928 -2.809 -1.985 0.519
0.076 0.042 0.922 -2.466 -2.046 0.725
0.074 0.051 0.935 -2.267 -1.374 0.84
0.067 0.048 0.928 -2.214 -0.573 0.855
0.075 0.048 0.92 -2.023 0.015 0.885
0.077 0.052 0.923 -1.718 0.053 1.573
0.078 0.05 0.923 -1.618 0.069 1.481
0.079 0.054 0.911 -1.87 0.565 1.565
0.085 0.056 0.91 -2.092 0.214 1.992
0.08 0.055 0.909 -2.229 0.84 1.527
0.082 0.046 0.928 -1.733 1.298 1.74
0.076 0.054 0.926 -1.649 1.969 1.802
0.069 0.048 0.921 -1.893 1.626 2.115
0.072 0.05 0.93 -2.237 0.527 2.099
0.068 0.057 0.915 -2.611 0.649 1.863
0.081 0.051 0.915 -2.214 1.344 1.023
0.082 0.052 0.919 -2.267 2.321 1.908
0.077 0.055 0.921 -2.695 2.603 1.771
0.089 0.056 0.933 -2.244 3.229 2.092
0.08 0.051 0.941 -1.603 3.328 2.076
0.083 0.049 0.943 -1.252 2.779 2.214
0.07 0.048 0.943 -1.351 1.405 2.664
0.07 0.057 0.932 -1.466 -0.29 2.221
0.083 0.056 0.918 -1.672 -0.527 2.603
0.076 0.047 0.923 -1.649 0.038 2.817
0.083 0.038 0.929 -1.153 1.038 2.458
0.089 0.041 0.925 -1.176 2.397 1.985
0.086 0.043 0.928 -1.527 1.779 1.16
0.08 0.062 0.917 -1.763 1.443 0.382
0.082 0.059 0.925 -1.779 1.145 1.015
0.082 0.062 0.916 -1.115 1.0 1.214
0.09 0.066 0.907 -0.878 1.153 1.565
0.092 0.064 0.91 -0.74 1.115 1.916
0.095 0.064 0.908 -1.336 0.527 2.0
0.097 0.06 0.909 -1.42 0.649 2.55
0.108 0.046 0.914 -2.244 0.382 2.557
0.128 0.03 0.92 -1.863 -0.29 2.55
0.139 0.025 0.92 -1.885 0.786 2.313
0.164 0.03 0.911 -1.672 2.229 0.992
0.168 0.042 0.926 -2.038 3.267 -0.656
0.183 0.058 0.921 -2.824 2.824 -1.443
0.175 0.064 0.938 -3.588 0.351 -1.115
0.172 0.061 0.953 -3.45 -4.779 1.885
0.195 0.045 0.976 -6.115 -9.282 3.954
0.247 0.009 0.98 -8.878 -11.603 3.29
0.307 -0.013 0.993 -10.664 -13.695 1.015
0.369 -0.025 0.983 -10.687 -14.496 -2.321
0.386 -0.005 0.983 -8.382 -13.214 -5.031
0.361 0.021 0.977 -6.496 -11.053 -5.565
0.319 0.049 1.002 -7.924 -12.679 -4.824
0.291 0.064 1.027 -12.191 -19.901 -4.664
0.298 0.052 1.035 -17.702 -30.168 -4.458
0.344 0.002 1.004 -24.435 -36.832 -7.435
0.391 -0.04 1.005 -25.84 -40.122 -10.679
0.402 -0.03 0.989 -23.695 -42.611 -12.008
0.404 0.011 0.977 -22.748 -44.076 -11.878
0.397 0.04 0.955 -23.611 -40.794 -12.069
0.38 0.05 0.962 -24.794 -38.336 -10.618
0.387 0.065 0.932 -28.191 -40.45 -9.061
0.416 0.069 0.893 -33.802 -44.282 -8.008
0.436 0.091 0.875 -38.87 -49.206 -7.527
0.481 0.079 0.842 -43.359 -52.214 -7.405
0.522 0.047 0.828 -44.0 -53.229 -7.214
0.535 -0.023 0.849 -40.542 -47.832 -4.74
0.498 -0.039 0.935 -34.908 -39.969 -3.901
0.465 -0.107 1.048 -21.214 -26.763 -6.176
0.444 -0.082 1.063 -7.366 -15.282 -3.603
0.412 -0.027 1.05 1.458 -8.267 -3.092
0.387 0.054 1.003 3.863 -11.076 -1.267
0.409 0.115 0.914 -3.618 -18.168 -2.557
0.399 0.166 0.849 -19.107 -32.168 -4.55
0.39 0.178 0.853 -40.885 -56.496 -7.137
0.45 0.096 0.787 -56.137 -76.053 -6.817
0.469 -0.018 0.841 -57.603 -77.802 -5.473
0.535 -0.213 0.976 -38.618 -63.649 -5.786
0.484 -0.241 1.046 -10.786 -39.328 -7.252
0.466 -0.172 1.116 15.672 -7.931 -5.45
0.407 -0.057 1.108 31.962 3.664 -2.786
0.375 0.055 0.996 29.229 -2.824 -2.29
0.385 0.153 0.862 10.832 -22.84 -6.496
0.382 0.195 0.761 -25.321 -52.107 -15.031
0.452 0.133 0.665 -49.962 -74.87 -15.076
0.503 0.057 0.612 -64.992 -82.695 -13.244
0.57 -0.091 0.616 -59.71 -64.405 -12.214
0.593 -0.164 0.613 -37.786 -24.901 -10.71
0.456 -0.21 0.91 -15.214 8.656 -11.542
0.412 -0.173 1.003 6.588 25.298 -10.74
0.314 -0.044 0.914 10.878 22.84 -10.672
0.26 0.09 0.773 -8.832 4.939 -9.656
0.279 0.104 0.635 -45.115 -22.687 -11.695
0.325 0.005 0.598 -68.733 -39.786 -13.733
0.443 -0.177 0.556 -71.573 -33.13 -13.122
0.364 -0.093 0.579 -52.809 -9.45 -0.145
0.321 -0.369 0.943 -13.58 69.863 8.466
0.165 -0.213 1.038 49.779 85.985 27.939
-0.014 -0.194 1.048 67.511 105.939 23.992
-0.208 -0.006 1.163 57.0 102.885 16.244
-0.187 0.002 1.167 31.198 61.496 11.802
-0.186 0.036 1.059 -0.13 26.496 5.947
-0.1 0.046 0.941 -27.733 -0.534 3.084
0.026 -0.05 0.876 -37.725 -4.351 4.16
0.157 -0.176 0.855 -28.87 13.214 8.885
0.124 -0.182 0.903 -2.634 39.214 15.282
-0.028 0.009 0.946 16.107 61.107 25.504
-0.088 0.029 0.882 26.061 65.344 39.305
-0.128 0.105 0.849 17.603 58.817 52.344
-0.115 0.019 0.934 -7.947 36.0 60.45
-0.074 -0.152 0.886 -26.321 7.855 54.649
0.065 -0.288 0.801 -41.229 2.885 36.611
0.088 -0.397 0.776 -39.282 6.718 21.702
0.117 -0.426 0.826 -19.924 33.328 12.168
0.031 -0.379 0.888 4.985 50.229 8.58
-0.066 -0.273 0.946 27.282 63.13 8.901
-0.206 -0.161 1.027 41.046 58.969 16.206
-0.235 -0.092 0.913 43.656 47.817 24.267
-0.133 -0.145 0.855 35.427 39.542 22.366
-0.02 -0.198 0.759 20.008 36.809 12.786
-0.012 -0.22 0.727 1.282 31.481 -3.397
0.012 -0.199 0.751 -20.351 26.725 -19.977
-0.064 -0.232 0.809 -36.45 19.206 -34.183
-0.115 -0.196 0.932 -37.237 14.344 -36.748
-0.266 -0.131 1.062 -34.863 6.893 -33.481
-0.275 -0.093 1.173 -26.679 0.802 -28.573
-0.089 -0.102 1.067 -17.29 4.939 -15.565
-0.012 -0.139 0.995 -12.58 15.008 -9.443
0.081 -0.199 0.903 -9.893 29.626 -10.702
0.052 -0.16 0.918 -20.405 35.885 -17.664
-0.027 -0.143 1.041 -30.023 30.076 -24.588
-0.065 -0.126 1.087 -34.687 18.237 -28.45
-0.044 -0.128 1.114 -33.076 12.947 -29.74
-0.043 -0.08 1.17 -27.496 11.015 -29.198
-0.064 -0.073 1.137 -7.344 3.427 -23.756
-0.058 0.014 1.079 0.298 10.443 -20.053
-0.126 0.082 1.006 6.328 8.802 -7.397
-0.137 0.104 1.034 6.26 23.885 -0.595
-0.04 0.051 0.95 -0.84 12.641 1.573
-0.019 0.01 0.928 -2.275 9.267 0.321
-0.014 0.0 0.895 -5.29 7.87 1.191
-0.04 -0.019 0.924 -7.031 5.191 3.275
-0.061 0.03 0.926 -9.26 1.504 8.084
-0.132 0.039 1.013 -12.237 -3.076 14.702
-0.074 -0.035 0.99 -10.031 2.832 16.634
-0.03 -0.088 0.971 -5.321 1.664 18.679
-0.031 -0.104 0.934 -0.435 0.115 18.489
0.01 -0.163 0.913 6.076 -2.573 18.595
0.065 -0.179 0.844 11.176 -1.397 17.58
0.038 -0.172 0.81 9.145 -1.26 13.817
0.092 -0.182 0.818 4.847 3.275 13.137
0.122 -0.18 0.81 -1.817 1.962 6.099
0.099 -0.181 0.901 -5.649 3.42 3.702
0.079 -0.18 0.918 -8.443 0.16 -2.015
0.049 -0.145 0.934 -10.863 -1.954 -3.603
0.079 -0.15 0.913 -9.504 -2.389 -4.069
0.088 -0.157 0.916 -6.901 -1.443 -0.87
0.092 -0.19 0.9 -3.336 -1.237 2.863
0.121 -0.209 0.884 -2.053 -0.26 3.634
0.138 -0.226 0.871 -3.015 -1.855 2.221
0.14 -0.224 0.875 -5.534 -0.847 -3.008
0.14 -0.203 0.878 -5.885 -1.969 -4.511
0.137 -0.167 0.893 -8.42 -1.901 -5.244
0.123 -0.152 0.907 -9.71 -1.893 -3.916
0.124 -0.155 0.938 -9.954 -2.107 -2.771
0.127 -0.154 0.944 -8.237 -2.321 -2.366
0.118 -0.151 0.964 -5.168 -1.87 -0.74
0.118 -0.143 0.967 -2.122 -0.176 1.351
0.13 -0.147 0.957 -1.366 0.878 1.252
0.118 -0.138 0.965 -2.313 0.42 0.13
0.112 -0.145 0.955 -3.71 -0.023 -1.435
0.136 -0.141 0.931 -4.908 1.489 -3.962
0.102 -0.104 0.936 -7.221 0.237 -3.321
0.071 -0.094 0.973 -9.878 -1.168 -3.458
0.075 -0.109 0.99 -7.397 -1.328 -1.687
0.083 -0.123 0.973 -3.908 -1.802 -0.374
0.088 -0.121 0.969 -0.115 -1.038 -1.115
0.103 -0.116 0.935 1.298 -1.221 -0.542
0.09 -0.098 0.901 0.542 -2.16 1.573
0.081 -0.079 0.915 -2.595 -2.344 2.748
0.093 -0.095 0.931 -5.313 -3.214 2.901
0.126 -0.147 0.95 -4.038 0.115 3.466
0.122 -0.161 0.957 -0.626 -0.183 5.573
0.127 -0.161 0.955 0.611 -1.473 5.489
0.139 -0.162 0.932 -0.618 -1.504 4.473
0.137 -0.153 0.919 -3.137 -2.458 3.191
0.123 -0.15 0.94 -6.481 -3.954 1.74
0.127 -0.169 0.951 -7.099 -3.573 0.382
0.135 -0.18 0.94 -3.588 -2.611 0.527
0.144 -0.178 0.92 0.626 -2.168 1.351
0.123 -0.172 0.897 2.374 -1.847 1.557
0.135 -0.178 0.882 1.397 -0.634 0.496
0.14 -0.169 0.861 0.771 -0.214 -0.214
0.129 -0.15 0.851 -1.618 0.511 -0.191
0.125 -0.14 0.867 -4.519 1.87 -0.71
0.133 -0.154 0.884 -6.466 1.725 -1.031
0.117 -0.144 0.92 -6.901 -0.053 -1.153
0.104 -0.135 0.951 -4.542 -0.824 -1.122
0.089 -0.126 0.958 -1.252 -2.015 0.969
0.087 -0.126 0.946 0.84 -0.466 1.198
0.097 -0.144 0.927 2.969 0.931 1.267
0.102 -0.136 0.909 3.947 1.847 1.076
0.102 -0.127 0.896 3.076 1.756 -0.031
0.108 -0.119 0.893 1.885 0.412 1.145
0.122 -0.126 0.886 0.038 -0.107 2.588
0.116 -0.129 0.878 -2.053 -0.13 3.252
0.107 -0.139 0.88 -3.252 -1.092 3.42
0.121 -0.147 0.903 -3.733 -1.794 3.458
0.119 -0.158 0.897 -3.687 -1.809 3.397
0.132 -0.169 0.917 -3.305 -0.206 2.076
0.135 -0.171 0.917 -2.725 0.504 0.634
0.133 -0.169 0.924 -0.832 0.74 -1.076
0.134 -0.156 0.919 1.908 1.695 -1.214
0.127 -0.139 0.922 4.786 1.656 -0.74
0.127 -0.129 0.898 6.748 3.046 -0.366
0.109 -0.107 0.897 6.405 3.985 -0.435
0.104 -0.094 0.883 3.29 3.985 -0.344
0.102 -0.08 0.878 0.191 3.588 -0.115
0.091 -0.069 0.911 -3.832 2.626 0.015
0.103 -0.086 0.921 -5.382 2.084 0.924
0.1 -0.12 0.947 -4.435 2.069 1.969
0.104 -0.137 0.972 -2.237 0.641 1.817
0.113 -0.136 0.973 -0.008 -0.412 1.145
0.125 -0.122 0.938 2.366 1.176 0.962
0.112 -0.106 0.926 1.977 1.771 1.534
0.116 -0.094 0.919 0.16 2.191 2.42
0.122 -0.104 0.927 -2.931 1.802 2.893
0.122 -0.105 0.929 -4.252 1.618 3.664
0.113 -0.114 0.941 -4.809 0.214 4.489
0.114 -0.125 0.958 -3.931 -0.748 5.191
0.127 -0.158 0.966 -1.13 -0.748 5.695
0.132 -0.162 0.961 0.794 -0.412 5.725
0.131 -0.159 0.956 1.847 0.229 4.626
0.137 -0.166 0.941 1.305 0.931 3.359
0.124 -0.147 0.925 -0.427 1.695 2.344
0.117 -0.154 0.923 -1.74 1.473 1.817
0.121 -0.138 0.908 -2.603 1.321 1.0
0.117 -0.123 0.918 -3.405 1.053 0.901
0.11 -0.099 0.927 -5.87 -0.939 1.107
0.111 -0.114 0.936 -6.305 -0.191 1.13
0.13 -0.148 0.957 -4.802 -0.137 1.366
0.13 -0.163 0.965 -2.939 -0.855 0.863
0.13 -0.169 0.953 -1.13 -0.206 -0.214
0.128 -0.152 0.935 0.206 0.305 0.16
0.109 -0.133 0.929 -0.939 0.031 -0.405
0.112 -0.133 0.91 -2.374 -0.305 -0.458
0.115 -0.127 0.918 -3.931 -0.618 -0.328
0.123 -0.125 0.915 -4.84 -1.58 0.603
0.105 -0.125 0.914 -6.649 -0.992 0.275
0.118 -0.133 0.927 -7.802 -2.122 -0.412
0.123 -0.14 0.941 -6.389 -2.168 -0.359
0.117 -0.147 0.952 -5.061 -1.198 -0.71
0.117 -0.156 0.96 -3.298 -0.031 -0.901
0.13 -0.161 0.948 -0.298 0.183 -0.359
0.132 -0.137 0.928 1.389 0.55 0.603
0.128 -0.125 0.908 -0.397 1.069 0.305
0.123 -0.116 0.911 -3.115 1.313 -0.84
0.108 -0.118 0.912 -4.786 -0.046 -1.008
0.108 -0.127 0.934 -5.0 0.191 -0.977
0.119 -0.14 0.944 -3.298 -0.221 0.221
0.123 -0.146 0.952 -1.885 -0.969 0.397
0.123 -0.14 0.947 -0.198 -1.221 -0.031
0.122 -0.129 0.926 -0.298 -2.382 0.092
0.122 -0.121 0.911 -1.595 -2.443 0.053
0.112 -0.117 0.928 -1.603 -1.466 0.336
0.12 -0.12 0.922 -0.511 -0.366 1.275
0.12 -0.122 0.92 0.435 0.282 1.466
0.126 -0.12 0.915 0.763 1.015 1.573
0.115 -0.098 0.9 -0.229 0.015 1.947
0.12 -0.098 0.91 -2.344 -0.733 2.122
0.12 -0.114 0.908 -3.427 -0.328 2.191
0.121 -0.126 0.927 -3.244 0.168 2.267
0.125 -0.13 0.946 -3.031 -1.229 2.229
0.131 -0.151 0.938 -1.947 -0.847 1.473
0.132 -0.138 0.923 -0.588 -0.748 1.046
0.139 -0.135 0.9 -0.427 -0.733 0.458
0.122 -0.128 0.893 -2.046 -1.069 0.26
0.121 -0.117 0.892 -4.321 -0.298 0.603
0.129 -0.136 0.899 -5.237 -0.267 1.061
0.127 -0.146 0.924 -4.695 -0.443 0.496
0.123 -0.144 0.942 -2.901 -0.733 0.008
0.125 -0.139 0.93 -0.733 -1.718 0.267
0.117 -0.144 0.924 1.878 -1.725 1.351
0.134 -0.139 0.919 1.55 -1.275 1.008
0.127 -0.133 0.892 1.244 -0.695 0.863
0.129 -0.13 0.897 0.687 -0.687 1.206
0.125 -0.119 0.909 -0.282 -1.031 1.573
0.118 -0.12 0.91 -2.145 0.832 0.626
0.118 -0.124 0.912 -3.115 0.84 0.504
0.125 -0.131 0.919 -2.496 0.756 0.397
0.127 -0.134 0.905 -2.847 0.557 0.313
0.116 -0.122 0.901 -3.015 0.588 0.55
0.128 -0.12 0.915 -2.58 0.458 1.374
0.125 -0.124 0.911 -2.55 0.405 1.824
0.133 -0.14 0.911 -2.473 1.298 1.649
0.126 -0.149 0.93 -2.748 0.71 1.359
0.135 -0.158 0.929 -1.84 0.29 1.015
0.139 -0.148 0.939 -0.885 0.244 0.832
0.137 -0.155 0.927 -0.511 0.748 0.221
0.138 -0.142 0.934 -0.511 0.908 0.061
0.136 -0.135 0.936 -0.267 0.977 -0.282
0.131 -0.126 0.929 0.038 0.695 -0.412
0.124 -0.117 0.931 -0.954 0.74 -0.26
0.133 -0.114 0.932 -1.344 1.588 -0.573
0.135 -0.126 0.936 -1.153 1.389 -0.382
0.125 -0.115 0.925 -1.626 1.206 -0.29
0.116 -0.112 0.927 -2.252 0.84 0.061
0.128 -0.127 0.928 -2.084 0.649 1.229
0.132 -0.133 0.922 -1.885 0.611 1.55
0.131 -0.143 0.934 -1.13 0.87 1.168
0.141 -0.151 0.917 0.076 0.557 1.099
0.142 -0.138 0.911 0.466 1.153 0.573
0.129 -0.117 0.915 -0.069 1.473 -0.382
0.125 -0.102 0.916 -0.977 1.145 -0.153
0.122 -0.101 0.929 -2.275 0.74 -0.061
0.12 -0.104 0.93 -3.076 -0.069 0.817
0.127 -0.107 0.933 -2.832 -0.557 1.344
0.12 -0.109 0.945 -2.092 -0.191 1.634
0.118 -0.116 0.944 -0.939 -0.969 2.244
0.141 -0.125 0.935 0.145 -0.053 2.542
0.136 -0.128 0.939 0.435 -0.344 2.267
0.133 -0.13 0.922 0.481 -0.214 1.71
0.137 -0.123 0.921 -0.336 0.099 1.344
0.124 -0.119 0.917 -1.038 -0.29 1.351
0.134 -0.12 0.924 -1.061 -0.489 2.244
0.128 -0.122 0.92 -2.046 -1.405 2.298
0.128 -0.126 0.932 -2.137 -1.29 2.313
0.131 -0.14 0.933 -1.962 -1.649 1.863
0.135 -0.133 0.934 -1.183 -0.382 1.351
0.135 -0.121 0.93 -0.641 -0.168 0.931
0.129 -0.115 0.924 -1.198 0.702 1.26
0.132 -0.128 0.919 -0.962 0.977 1.221
0.137 -0.121 0.919 -0.756 0.275 1.954
0.133 -0.127 0.919 -1.252 -0.504 2.053
0.131 -0.138 0.916 -1.412 -0.183 1.473
0.126 -0.126 0.918 -2.023 -0.099 1.099
0.125 -0.118 0.929 -2.351 0.008 0.817
0.139 -0.127 0.929 -1.794 0.29 0.931
0.133 -0.123 0.927 -1.305 0.092 1.031
0.133 -0.127 0.938 -1.038 -0.542 1.359
0.135 -0.127 0.938 -0.885 -1.198 1.351
0.136 -0.126 0.922 -1.672 -0.58 0.687
0.131 -0.127 0.933 -1.756 -0.969 0.412
0.128 -0.12 0.92 -1.374 -1.115 1.031
0.124 -0.126 0.906 -1.748 -0.992 1.16
0.13 -0.126 0.898 -2.511 -0.542 1.183
0.139 -0.13 0.892 -3.26 0.679 0.58
0.144 -0.132 0.903 -3.282 0.908 1.076
0.136 -0.129 0.913 -3.298 1.344 1.244
0.136 -0.133 0.937 -3.351 1.038 0.962
0.134 -0.142 0.946 -2.221 1.191 0.443
0.126 -0.132 0.968 -0.74 0.252 -0.29
0.121 -0.129 0.952 0.641 0.168 -0.534
0.131 -0.109 0.929 0.649 -0.191 -0.183
0.132 -0.112 0.921 0.344 -0.496 0.176
0.141 -0.104 0.924 0.16 -1.214 1.244