0.045, 0.026, 0.903, 3.008, -5.099, 1.489
0.041, 0.024, 0.917, 2.252, -6.435, 3.389
0.027, 0.044, 0.947, 1.947, -8.939, 6.557
0.052, -0.011, 0.918, -0.061, -9.832, 5.924
0.08, -0.036, 0.931, -0.916, -10.153, 4.221
0.092, -0.034, 0.922, -1.496, -8.313, 3.382
0.108, -0.044, 0.926, -0.412, -4.023, 1.214
0.114, -0.053, 0.95, 1.42, -1.366, -0.557
0.1, -0.049, 0.95, 2.924, 0.252, -1.183
0.063, -0.043, 0.965, 6.366, -0.336, -0.87
0.064, -0.008, 0.977, 7.183, -1.595, 1.74
0.057, 0.018, 0.976, 5.885, -7.824, 3.389
0.07, 0.023, 0.963, 4.313, -12.29, 4.969
0.082, 0.029, 0.932, 2.069, -13.206, 5.779
0.086, 0.023, 0.931, -0.962, -11.076, 6.809
0.103, 0.041, 0.912, -3.603, -6.977, 5.489
0.095, 0.031, 0.915, -6.092, -5.656, 5.305
0.114, 0.001, 0.925, -5.214, -3.634, 4.435
0.104, 0.031, 0.923, -3.809, -1.137, 4.656
0.098, 0.052, 0.916, -4.0, -0.061, 4.13
0.059, 0.061, 0.925, -6.13, -1.076, 2.832
0.04, 0.05, 0.94, -7.496, -2.771, 3.71
0.048, 0.058, 0.941, -7.824, -3.511, 3.527
0.056, 0.045, 0.931, -5.595, -2.893, 4.397
0.061, 0.027, 0.91, -3.634, -1.756, 0.756
0.057, 0.028, 0.919, -2.153, -2.603, 3.611
0.067, 0.049, 0.901, -3.542, -3.664, 6.557
0.088, 0.048, 0.897, -3.931, -2.298, 9.122
0.073, -0.001, 0.899, -2.786, -0.847, 6.45
0.082, 0.026, 0.911, -1.74, -1.374, 9.878
0.077, 0.007, 0.901, -2.229, -1.542, 5.321
0.057, 0.025, 0.899, -4.565, -5.458, 8.183
0.076, 0.05, 0.912, -5.931, -8.718, 10.771
0.081, 0.029, 0.938, -9.275, -8.603, 9.855
0.092, -0.016, 0.947, -7.214, -6.565, 9.183
0.105, -0.028, 0.956, -4.321, -5.252, 8.847
0.107, -0.017, 0.946, -2.031, -1.069, 7.252
0.099, -0.021, 0.949, 0.573, 1.641, 5.885
0.082, 0.002, 0.929, 0.809, 1.87, 4.962
0.094, 0.013, 0.934, -0.55, 0.008, 4.687
0.084, 0.022, 0.939, -2.855, -2.252, 4.053
0.091, 0.006, 0.947, -4.229, -3.473, 2.855
0.093, -0.016, 0.948, -4.603, -3.962, 1.13
0.109, -0.021, 0.926, -4.29, -4.076, -0.267
0.103, -0.006, 0.923, -4.366, -3.336, -1.649
0.1, 0.014, 0.905, -4.084, -3.947, -1.496
0.095, -0.006, 0.922, -2.321, -3.992, 0.122
0.11, -0.006, 0.909, 0.557, -3.282, 2.069
0.117, -0.006, 0.923, 2.008, -2.695, 3.221
0.112, 0.006, 0.914, 1.435, -2.221, 3.405
0.128, 0.005, 0.901, -0.282, -1.214, 3.244
0.116, 0.007, 0.895, -1.328, -0.511, 2.992
0.117, -0.001, 0.902, -2.244, -0.687, 2.58
0.125, -0.016, 0.912, -1.511, -0.038, 3.16
0.117, -0.019, 0.914, -1.031, 0.015, 3.145
0.11, -0.024, 0.926, -0.702, 0.076, 2.015
0.112, -0.015, 0.933, -1.885, -0.275, 0.29
0.106, -0.017, 0.937, -2.366, -0.641, 0.344
0.103, -0.008, 0.943, -3.954, -1.405, 0.015
0.118, -0.013, 0.933, -4.328, -2.824, 0.137
0.116, -0.008, 0.934, -4.0, -2.107, 0.794
0.102, 0.011, 0.929, -2.634, 0.168, 1.71
0.1, 0.019, 0.924, -2.252, 1.214, 3.305
0.099, 0.013, 0.94, -2.504, 2.053, 4.053
0.103, 0.011, 0.941, -3.038, 2.588, 3.87
0.103, -0.011, 0.948, -2.481, 1.855, 3.275
0.105, -0.014, 0.951, -2.305, 0.634, 2.809
0.107, -0.013, 0.941, -2.206, 0.267, 2.45
0.107, -0.01, 0.938, -2.702, 0.015, 1.282
0.108, -0.012, 0.945, -2.908, -1.198, 0.595
0.106, -0.013, 0.941, -2.763, -2.16, 0.26
0.117, -0.007, 0.932, -3.053, -2.496, 0.145
0.11, 0.003, 0.925, -4.336, -3.458, -0.763
0.118, -0.002, 0.902, -4.313, -2.176, -0.458
0.125, -0.01, 0.908, -3.55, 0.634, 0.13
0.118, -0.012, 0.933, -2.908, 1.557, 1.672
0.124, -0.033, 0.937, -1.198, 1.962, 1.771
0.109, -0.029, 0.933, -0.45, 3.229, 0.229
0.103, -0.011, 0.946, -0.298, 2.496, -1.313
0.101, 0.001, 0.938, -1.443, 1.26, -2.336
0.096, 0.026, 0.934, -3.16, -0.237, -2.214
0.1, 0.025, 0.912, -4.092, -1.008, -1.344
0.105, 0.014, 0.922, -4.366, -1.092, -0.221
0.117, 0.002, 0.929, -3.275, 0.053, 0.405
0.126, -0.019, 0.937, -2.252, 0.527, 0.496
0.127, -0.027, 0.933, -1.458, 0.687, 0.084
0.12, -0.018, 0.949, -1.359, -0.069, -1.481
0.108, -0.009, 0.938, -1.321, -0.107, -2.252
0.115, 0.0, 0.937, -1.756, -0.489, -2.679
0.111, 0.001, 0.935, -2.061, 0.183, -2.252
0.119, -0.005, 0.937, -1.198, 0.275, -1.855
0.121, -0.012, 0.926, -0.595, -0.176, -2.405
0.125, -0.006, 0.914, -1.389, -0.359, -1.466
0.12, -0.004, 0.923, -1.878, -1.55, -1.305
0.123, -0.001, 0.925, -1.511, -1.0, -0.718
0.122, -0.002, 0.927, -1.931, -1.618, -0.733
0.114, -0.006, 0.928, -2.031, -1.618, -1.252
0.119, 0.012, 0.922, -1.786, -1.321, -0.641
0.107, 0.002, 0.932, -2.015, -1.786, -0.908
0.127, -0.006, 0.936, -1.809, 0.069, -1.046
0.141, -0.025, 0.939, -0.344, 1.397, -0.176
0.142, -0.026, 0.934, 0.153, 2.122, -0.916
0.151, -0.019, 0.933, 2.099, 3.962, -1.382
0.154, 0.002, 0.933, 2.969, 3.847, -1.557
0.143, 0.004, 0.945, 3.847, 2.527, -0.298
0.173, 0.084, 0.951, 5.794, 2.13, 2.504
0.153, 0.021, 0.939, 5.031, 1.198, 1.931
0.174, 0.037, 0.953, 3.076, -1.29, 1.733
0.185, -0.013, 0.951, 2.702, -3.45, 1.939
0.221, 0.04, 0.976, 2.595, -5.183, 3.191
0.208, -0.032, 0.981, 3.901, -4.664, 0.519
0.207, -0.003, 0.987, 1.359, -4.924, 0.046
0.227, 0.002, 0.988, -0.252, -5.916, -0.015
0.256, -0.012, 0.983, -0.71, -9.069, 0.977
0.287, -0.02, 0.985, -0.55, -11.977, 2.718
0.285, -0.034, 1.007, -1.84, -15.168, 0.786
0.313, -0.018, 1.01, -2.947, -15.137, 2.969
0.325, -0.044, 1.005, -0.962, -15.71, 2.305
0.358, -0.056, 1.01, 2.756, -12.947, 4.176
0.368, -0.066, 1.009, 6.26, -10.366, 3.214
0.369, -0.013, 0.992, 6.771, -9.45, 3.092
0.331, 0.02, 0.994, 4.435, -12.756, -1.176
0.33, 0.108, 0.996, -7.687, -20.336, 3.282
0.358, 0.093, 0.969, -13.924, -28.947, 2.908
0.37, 0.042, 0.951, -24.313, -38.985, 5.214
0.427, 0.004, 0.905, -28.115, -43.168, 3.42
0.437, -0.024, 0.89, -27.573, -41.519, 2.214
0.451, -0.005, 0.872, -19.771, -32.412, 1.931
0.444, 0.061, 0.865, -14.328, -19.26, 7.427
0.388, 0.084, 0.902, -11.557, -11.321, 9.275
0.361, 0.167, 0.948, -13.084, -13.817, 10.519
0.34, 0.104, 0.954, -22.565, -23.229, 12.328
0.375, 0.076, 0.933, -31.038, -33.328, 10.237
0.45, 0.094, 0.885, -35.817, -39.992, 9.977
0.541, -0.043, 0.789, -32.84, -38.725, 4.924
0.565, -0.036, 0.726, -32.115, -30.611, 3.137
0.59, -0.054, 0.713, -29.435, -22.084, 0.305
0.555, -0.029, 0.778, -25.947, -12.977, -2.473
0.433, 0.027, 0.892, -26.504, -9.702, -2.931
0.37, 0.078, 0.939, -27.954, -11.763, 0.496
0.376, 0.133, 0.915, -31.008, -14.611, 4.595
0.377, 0.044, 0.889, -27.588, -13.366, 5.878
0.419, -0.001, 0.881, -21.977, -9.679, 9.878
0.469, -0.052, 0.852, -21.748, -7.305, 10.115
0.506, -0.129, 0.886, -22.099, -9.244, 3.687
0.522, -0.233, 0.91, -16.672, -16.634, -6.916
0.49, -0.239, 0.904, -11.42, -12.748, -20.198
0.367, -0.101, 0.976, -11.275, -10.183, -27.603
0.27, 0.086, 1.018, -16.29, -15.634, -23.817
0.203, 0.155, 1.019, -26.802, -26.435, -14.634
0.25, 0.109, 0.978, -24.382, -27.977, -3.916
0.295, 0.055, 0.954, -20.817, -33.664, 1.527
0.376, -0.021, 0.896, -21.603, -34.817, 4.023
0.426, -0.079, 0.838, -21.443, -34.557, 1.687
0.478, -0.092, 0.795, -24.412, -33.939, -3.092
0.518, -0.187, 0.676, -19.595, -27.702, -7.802
0.593, -0.284, 0.596, -12.771, -13.718, -12.695
0.579, -0.328, 0.621, -5.397, 7.26, -17.87
0.495, -0.283, 0.689, 4.504, 24.779, -20.695
0.405, -0.172, 0.713, 5.977, 37.863, -21.817
0.289, -0.029, 0.778, -6.015, 34.214, -21.099
0.26, -0.044, 0.88, -13.718, 24.527, -22.618
0.263, -0.067, 0.946, -14.809, 15.802, -22.687
0.246, -0.061, 0.928, -9.122, 12.588, -22.977
0.242, -0.057, 0.861, -6.687, 13.229, -16.0
0.197, 0.041, 0.821, -14.122, 1.16, -19.221
0.298, -0.241, 0.817, -3.58, 12.626, -17.336
0.205, -0.24, 0.814, 3.26, 19.679, -15.359
0.216, -0.227, 0.857, 9.954, 41.641, -15.573
0.015, -0.054, 0.86, 14.145, 49.885, -16.282
-0.091, 0.054, 0.964, -0.26, 45.26, -6.557
-0.231, 0.058, 1.156, -3.046, 35.275, 1.618
-0.209, 0.014, 1.211, -15.603, 20.137, 7.282
-0.126, 0.005, 1.14, -11.527, 15.427, 20.053
-0.018, -0.049, 0.949, -6.443, 12.237, 30.351
0.054, -0.078, 0.822, -1.748, 16.427, 34.443
-0.002, -0.142, 0.812, 2.412, 14.008, 39.733
-0.088, -0.105, 0.817, -0.298, 19.145, 45.008
-0.144, -0.159, 0.845, -2.931, 26.183, 42.412
-0.104, -0.179, 0.816, -3.626, 34.87, 34.183
-0.138, -0.198, 0.803, -1.771, 43.649, 30.26
-0.15, -0.198, 0.814, -1.565, 36.954, 24.855
-0.026, -0.225, 0.752, 4.42, 47.023, 26.481
-0.061, -0.263, 0.721, 11.71, 51.298, 20.557
-0.045, -0.321, 0.784, 19.031, 58.641, 11.115
-0.072, -0.303, 0.785, 24.511, 64.397, 2.618
-0.224, -0.173, 0.812, 20.664, 58.656, 0.061
-0.305, -0.08, 0.861, 4.321, 55.458, -9.061
-0.323, -0.014, 0.958, -8.092, 54.779, -17.069
-0.333, 0.021, 0.985, -11.046, 45.84, -16.382
-0.309, -0.021, 1.004, -7.901, 43.481, -14.649
-0.221, -0.042, 0.94, -1.328, 39.481, -8.496
-0.138, -0.044, 0.839, -2.87, 41.16, -10.588
-0.181, 0.011, 0.788, -15.87, 40.962, -13.969
-0.279, 0.036, 0.92, -31.977, 32.87, -14.809
-0.348, -0.004, 1.007, -35.969, 26.511, -11.748
-0.289, -0.071, 1.126, -30.145, 24.985, -7.031
-0.17, -0.1, 1.142, -15.702, 22.153, -0.74
-0.132, -0.082, 1.039, -8.176, 18.916, 5.878
-0.164, -0.029, 1.069, -17.038, 13.985, 6.191
-0.13, -0.043, 1.083, -29.137, 7.412, 6.397
-0.113, -0.068, 1.096, -38.771, 3.137, 5.603
-0.092, -0.121, 1.134, -35.023, 3.183, 8.183
-0.09, -0.152, 1.151, -23.183, -1.885, 16.71
-0.025, -0.19, 1.143, -13.588, -3.519, 16.374
0.032, -0.216, 1.084, -3.282, -6.122, 16.244
0.024, -0.202, 1.02, -1.153, -7.542, 13.595
-0.005, -0.155, 0.999, -6.794, -5.542, 8.076
-0.027, -0.131, 1.004, -12.588, -5.969, 4.069
-0.009, -0.127, 0.976, -14.649, -2.947, 1.137
0.01, -0.102, 0.95, -11.786, -2.16, 2.115
-0.02, -0.079, 0.936, -7.191, -6.718, 7.786
-0.016, -0.076, 0.925, -2.191, -11.122, 13.435
0.017, -0.111, 0.896, 1.26, -10.374, 15.641
0.031, -0.166, 0.923, 5.725, -9.221, 14.397
0.042, -0.179, 0.917, 10.198, -6.42, 10.298
0.065, -0.172, 0.883, 12.618, -3.802, 7.137
0.062, -0.141, 0.837, 11.015, -1.45, 3.031
0.019, -0.101, 0.876, 7.977, -2.443, 1.863
0.019, -0.088, 0.858, 5.366, -1.962, 1.122
0.03, -0.092, 0.86, 4.748, 0.527, 0.618
0.032, -0.112, 0.884, 6.832, 1.733, 2.298
0.044, -0.127, 0.907, 8.939, 0.504, 1.42
0.055, -0.148, 0.908, 11.87, -1.183, 0.809
0.08, -0.142, 0.845, 13.618, 0.687, -1.031
0.102, -0.119, 0.779, 12.221, 1.557, -1.542
0.067, -0.072, 0.753, 6.702, 2.565, -1.252
0.049, -0.045, 0.768, 0.26, 5.13, -1.092
0.032, -0.07, 0.842, -2.618, 4.679, 0.588
0.023, -0.099, 0.902, -1.145, 3.824, 2.634
0.044, -0.13, 0.928, 3.305, 5.031, 4.405
0.059, -0.152, 0.886, 4.588, 6.328, 4.573
0.066, -0.171, 0.878, 2.183, 7.389, 4.641
0.059, -0.173, 0.881, -2.023, 6.435, 2.832
0.063, -0.156, 0.921, -4.748, 7.786, 0.13
0.065, -0.152, 0.949, -5.26, 8.832, -1.359
0.053, -0.146, 0.979, -2.298, 8.74, -0.313
0.07, -0.157, 0.997, 3.244, 7.863, 1.366
0.056, -0.142, 0.975, 7.382, 6.321, 2.183
0.054, -0.136, 0.935, 7.74, 7.229, 0.656
0.046, -0.115, 0.953, 7.0, 8.153, 0.221
0.046, -0.1, 0.923, 2.985, 9.939, -1.405
0.029, -0.079, 0.949, -2.168, 7.977, -2.183
0.036, -0.09, 0.957, -4.244, 5.137, 0.137
0.056, -0.102, 0.965, -1.847, 3.924, 4.427
0.046, -0.1, 0.985, -0.267, 3.588, 5.275
0.04, -0.119, 0.988, 0.595, 2.557, 6.099
0.047, -0.124, 0.985, 1.58, 0.786, 6.023
0.057, -0.129, 0.986, 2.771, 1.504, 5.176
0.07, -0.124, 0.977, 4.328, 0.26, 5.168
0.072, -0.105, 0.983, 2.985, -0.519, 3.588
0.059, -0.1, 0.946, -1.038, -2.26, 2.031
0.065, -0.109, 0.93, -5.008, -1.908, 1.618
0.055, -0.121, 0.94, -6.824, -0.229, 0.511
0.068, -0.132, 0.934, -5.023, 0.794, 0.298
0.067, -0.114, 0.923, -3.809, 1.374, 0.573
0.049, -0.115, 0.953, -3.076, 1.458, 1.031
0.067, -0.121, 0.948, -2.176, 0.985, 2.71
0.071, -0.134, 0.948, -1.435, 0.473, 2.344
0.064, -0.127, 0.915, -1.527, 0.679, 0.588
0.063, -0.138, 0.905, -1.611, 1.313, 0.466
0.062, -0.109, 0.895, -1.237, 1.939, -0.069
0.045, -0.101, 0.921, -1.794, 1.214, 0.0
0.031, -0.089, 0.927, -1.901, 1.237, 0.336
-0.005, -0.094, 0.947, -1.229, 0.756, 1.924
0.002, -0.111, 0.968, 0.748, 0.176, 3.328
0.019, -0.106, 0.954, 2.947, 0.58, 2.977
0.031, -0.1, 0.95, 4.053, 0.908, 2.374
0.029, -0.066, 0.947, 2.832, 1.237, 1.29
0.025, -0.041, 0.927, 0.053, 0.695, 1.351
0.035, -0.057, 0.927, -2.466, -0.099, 1.954
0.046, -0.074, 0.947, -2.748, -0.092, 3.015
0.052, -0.09, 0.942, -1.031, -0.336, 4.435
0.049, -0.108, 0.933, -0.786, -0.176, 5.191
0.065, -0.116, 0.929, -0.588, 1.229, 4.756
0.061, -0.105, 0.911, -1.313, -0.061, 4.382
0.06, -0.11, 0.905, -2.824, -1.565, 3.786
0.078, -0.113, 0.891, -4.626, -2.42, 2.748
0.082, -0.119, 0.874, -5.046, -2.031, 2.076
0.064, -0.11, 0.871, -5.092, -0.031, 1.901
0.065, -0.102, 0.88, -5.733, 1.679, 1.672
0.082, -0.126, 0.891, -7.084, 2.321, 1.183
0.082, -0.145, 0.903, -6.214, 3.183, -0.382
0.054, -0.139, 0.928, -4.573, 2.344, -1.305
0.06, -0.129, 0.957, -2.565, -0.153, -1.504
0.056, -0.133, 0.935, -0.397, 0.237, -2.328
0.044, -0.114, 0.92, 0.519, 0.626, -2.702
0.026, -0.086, 0.912, 0.573, 2.221, -2.565
0.037, -0.076, 0.917, -0.13, 2.786, -2.305
0.032, -0.078, 0.916, -1.382, 2.084, -1.206
0.032, -0.071, 0.923, -2.672, 1.641, -0.855
0.029, -0.085, 0.954, -4.282, 0.511, -0.198
0.042, -0.109, 0.957, -4.183, -0.145, 0.374
0.041, -0.125, 0.969, -2.275, -1.115, 0.855
0.043, -0.121, 0.973, -0.084, -1.061, 1.107
0.049, -0.127, 0.976, 0.931, -1.863, 1.229
0.062, -0.129, 0.958, 0.771, -1.992, 0.656
0.073, -0.11, 0.933, -0.565, -1.626, 0.527
0.073, -0.092, 0.922, -3.924, -2.534, 0.321
0.066, -0.094, 0.924, -6.45, -2.511, 0.122
0.061, -0.117, 0.926, -7.565, -1.725, -0.473
0.063, -0.128, 0.939, -6.214, -1.16, -2.221
0.062, -0.158, 0.952, -2.855, 0.618, -3.099
0.076, -0.158, 0.934, 0.412, 1.55, -2.992
0.084, -0.147, 0.946, 2.489, 0.595, -1.985
0.067, -0.118, 0.94, 2.504, 0.458, -2.695
0.07, -0.099, 0.918, 1.198, 0.275, -2.916
0.061, -0.09, 0.915, -0.221, 0.282, -3.214
0.045, -0.072, 0.919, -1.351, 0.099, -2.649
0.047, -0.071, 0.906, -2.863, -0.305, -1.382
0.057, -0.08, 0.907, -3.427, 0.534, -0.626
0.053, -0.09, 0.921, -3.076, 0.985, -0.756
0.056, -0.099, 0.939, -2.313, 1.198, -0.198
0.064, -0.106, 0.939, -0.985, 1.198, -0.618
0.06, -0.09, 0.925, 0.092, 0.588, 0.099
0.061, -0.074, 0.906, -0.282, 0.84, 0.305
0.048, -0.053, 0.907, -3.443, 0.122, 0.015
0.044, -0.06, 0.915, -5.496, -0.802, 0.015
0.05, -0.064, 0.934, -5.664, -1.496, 0.084
0.048, -0.081, 0.938, -3.557, -1.16, 1.496
0.045, -0.082, 0.946, -2.137, -0.366, 2.053
0.045, -0.076, 0.934, -2.137, -0.137, 1.786
0.054, -0.091, 0.911, -2.588, 0.046, 2.16
0.053, -0.095, 0.905, -3.122, 0.42, 2.221
0.057, -0.1, 0.897, -4.099, 0.275, 2.099
0.062, -0.103, 0.891, -5.603, -0.252, 1.977
0.056, -0.106, 0.93, -5.893, -0.802, 1.282
0.058, -0.115, 0.956, -4.267, -0.924, 1.443
0.064, -0.128, 0.961, -2.031, -0.824, 1.29
0.062, -0.118, 0.963, 0.221, -0.183, 0.702
0.062, -0.11, 0.953, 0.718, 0.115, -0.099
0.057, -0.088, 0.948, 0.008, 0.672, -1.107
0.061, -0.084, 0.947, -0.328, 1.687, -1.397
0.069, -0.086, 0.93, 0.061, 1.389, -0.786
0.063, -0.079, 0.928, -1.305, 1.573, -0.702
0.067, -0.09, 0.934, -1.702, 0.74, 0.847
0.072, -0.107, 0.944, -1.046, 0.038, 1.008
0.063, -0.105, 0.951, -0.13, -0.298, 0.725
0.072, -0.113, 0.955, 0.71, 0.13, 0.427
0.062, -0.1, 0.953, 1.42, -0.313, 0.237
0.063, -0.1, 0.944, 2.282, 0.473, 0.13
0.055, -0.082, 0.952, 2.366, 0.229, 0.053
0.053, -0.077, 0.955, 2.557, -0.481, 0.672
0.057, -0.093, 0.952, 4.0, -0.313, 1.305
0.057, -0.093, 0.937, 5.0, -0.687, 2.26
0.044, -0.073, 0.931, 2.656, -1.145, 2.275
0.066, -0.067, 0.897, 0.519, -0.885, 2.405
0.074, -0.069, 0.895, -2.229, -0.649, 1.901
0.065, -0.071, 0.904, -5.29, -0.405, 1.733
0.066, -0.09, 0.911, -5.061, -1.122, 3.221
0.067, -0.105, 0.92, -3.527, -0.954, 3.496
0.067, -0.116, 0.943, -1.855, -0.733, 2.931
0.07, -0.13, 0.95, -0.099, 0.046, 1.779
0.073, -0.126, 0.939, 1.641, 0.221, 0.962
0.065, -0.089, 0.926, 1.305, -0.206, 0.183
0.054, -0.061, 0.915, -0.496, -0.351, 0.328
0.054, -0.055, 0.908, -3.069, -0.099, 0.878
0.051, -0.058, 0.912, -4.427, -0.221, 2.603
0.049, -0.073, 0.927, -5.13, -0.206, 2.588
0.07, -0.099, 0.922, -4.992, 0.229, 2.542
0.064, -0.114, 0.926, -4.878, -0.687, 2.076
0.063, -0.104, 0.932, -4.336, -0.565, 0.962
0.066, -0.109, 0.938, -3.344, -0.099, 0.794
0.061, -0.103, 0.944, -1.603, -0.031, 1.267
0.07, -0.096, 0.952, -0.252, 0.435, 1.244
0.06, -0.081, 0.944, 0.481, 0.443, 1.466
0.059, -0.073, 0.929, 0.427, 0.092, 2.252
0.07, -0.081, 0.919, -0.779, 0.023, 2.542
0.056, -0.086, 0.926, -2.252, 0.015, 2.473
0.062, -0.094, 0.944, -2.481, -0.046, 2.137
0.062, -0.111, 0.95, -2.718, -0.687, 1.962
0.064, -0.112, 0.955, -1.397, -0.885, 1.565
0.076, -0.113, 0.948, 0.084, -1.679, 1.481
0.066, -0.094, 0.933, 0.389, -2.504, 1.412
0.075, -0.078, 0.924, -0.473, -2.16, 1.908
0.071, -0.07, 0.904, -1.924, -1.275, 2.366
0.07, -0.066, 0.909, -3.313, -0.527, 2.595
0.063, -0.08, 0.933, -4.71, -0.206, 2.176
0.072, -0.095, 0.958, -4.176, -0.046, 1.885
0.067, -0.111, 0.959, -2.626, -0.496, 2.084
0.073, -0.111, 0.958, -0.534, -0.221, 1.847
0.064, -0.1, 0.948, 0.504, -0.626, 2.153
0.059, -0.095, 0.941, 1.351, -1.221, 2.489
0.066, -0.092, 0.937, 1.298, -1.763, 2.84
0.062, -0.073, 0.924, -0.092, -2.366, 2.595
0.069, -0.066, 0.901, -2.069, -2.634, 2.58
0.069, -0.07, 0.906, -3.748, -2.282, 3.542
0.072, -0.086, 0.912, -5.137, -2.061, 3.183
0.078, -0.101, 0.91, -5.389, -0.863, 2.687
0.078, -0.11, 0.923, -3.977, -0.702, 2.641
0.079, -0.112, 0.929, -2.214, -0.947, 2.344
0.08, -0.098, 0.934, -2.313, -0.725, 1.756
0.082, -0.095, 0.93, -1.168, -1.168, 2.29
0.08, -0.09, 0.932, -1.458, -1.275, 2.702
0.075, -0.089, 0.94, -2.26, -1.382, 2.55
0.075, -0.083, 0.929, -3.031, -0.595, 2.16
0.07, -0.097, 0.925, -2.786, -0.672, 2.328
0.076, -0.103, 0.907, -2.855, -0.198, 1.962
0.076, -0.096, 0.908, -2.908, 0.649, 2.084
0.072, -0.096, 0.911, -3.962, -0.069, 1.649
0.064, -0.091, 0.931, -3.611, -0.206, 1.527
0.07, -0.089, 0.951, -2.061, 0.115, 1.534
0.075, -0.091, 0.947, -0.588, -0.221, 1.931
0.078, -0.09, 0.925, -0.534, -0.656, 1.931
0.076, -0.083, 0.931, -1.626, -0.557, 1.305
0.079, -0.091, 0.927, -2.206, -0.443, 0.855
0.076, -0.098, 0.929, -1.649, 0.511, 1.405
0.071, -0.077, 0.935, -1.84, 0.511, 1.092
0.079, -0.086, 0.925, -1.282, -0.382, 2.015
0.074, -0.084, 0.94, -1.115, -0.55, 2.107
0.074, -0.087, 0.946, -1.58, -0.908, 2.412
0.073, -0.083, 0.942, -2.107, -0.351, 1.908
0.071, -0.091, 0.947, -1.855, 0.122, 1.618
0.074, -0.091, 0.943, -1.244, 0.282, 1.588
0.086, -0.087, 0.933, -1.298, 0.802, 1.55
0.073, -0.08, 0.923, -1.153, -0.153, 2.687
0.072, -0.079, 0.928, -1.55, -0.053, 3.229
0.07, -0.082, 0.929, -1.718, -0.595, 4.0
0.068, -0.084, 0.929, -2.435, -0.939, 4.107
0.075, -0.094, 0.927, -3.626, -0.779, 3.702
0.083, -0.113, 0.927, -3.969, -2.092, 2.748
0.083, -0.117, 0.93, -3.214, -1.687, 1.405
0.084, -0.109, 0.925, -1.656, -0.282, 0.931
0.078, -0.099, 0.924, -1.618, 0.298, 1.023
0.087, -0.096, 0.905, -1.267, 0.374, 2.13
0.084, -0.1, 0.903, -1.985, 0.733, 2.611
0.085, -0.093, 0.906, -2.588, -0.107, 2.878
0.076, -0.105, 0.916, -3.71, -0.252, 2.489
0.097, -0.11, 0.905, -3.542, 0.725, 1.672
0.087, -0.11, 0.925, -2.939, 1.618, 1.275
0.081, -0.105, 0.929, -2.977, 1.527, 0.618
0.076, -0.105, 0.935, -2.969, 0.634, 0.916
0.077, -0.104, 0.933, -3.168, 0.481, 0.565
0.08, -0.106, 0.94, -2.351, 0.802, 0.305
0.086, -0.111, 0.935, -1.275, 1.511, -0.412
0.084, -0.104, 0.934, -0.863, 2.389, -1.267
0.078, -0.083, 0.925, -0.84, 2.229, -0.779
0.075, -0.077, 0.92, -1.779, 1.374, -0.26
0.076, -0.073, 0.917, -3.206, 1.221, -0.206
0.073, -0.091, 0.932, -3.985, 1.626, -0.214
0.08, -0.092, 0.928, -3.389, 1.611, 0.511
0.083, -0.1, 0.938, -2.382, 0.985, 1.137
0.08, -0.094, 0.941, -1.939, 0.282, 0.985
0.069, -0.102, 0.949, -1.244, 0.115, 0.656
0.07, -0.101, 0.961, -0.74, 0.137, 0.206
0.084, -0.1, 0.942, -0.023, 0.756, 0.321
0.072, -0.09, 0.94, -0.015, 0.634, 0.443
0.071, -0.082, 0.929, -1.321, 0.832, 0.137
0.071, -0.093, 0.931, -1.458, 0.763, 0.198
0.083, -0.083, 0.924, -0.656, 0.344, 1.435
0.081, -0.086, 0.924, -1.038, 0.725, 1.55
0.079, -0.085, 0.93, -1.634, 0.466, 1.519
0.079, -0.097, 0.924, -2.313, 1.069, 0.939
0.082, -0.1, 0.925, -1.824, 1.397, 0.718
0.076, -0.101, 0.935, -1.481, 1.473, 0.107
0.079, -0.108, 0.947, -0.664, 1.221, -0.275
0.089, -0.112, 0.944, 1.656, 0.748, -0.16
0.078, -0.103, 0.937, 3.733, 0.947, 0.29
0.088, -0.095, 0.917, 4.198, 1.176, 0.603
0.078, -0.072, 0.908, 2.206, 0.794, 0.649
0.065, -0.073, 0.906, -0.458, 0.145, 0.542
0.064, -0.083, 0.909, -2.176, 0.458, 0.168
0.079, -0.1, 0.942, -1.748, 0.847, -0.053
0.075, -0.098, 0.943, 0.023, 0.198, 0.053
0.07, -0.09, 0.954, 1.427, 0.069, -0.359
0.068, -0.091, 0.931, 2.565, 0.076, -0.16
0.074, -0.086, 0.939, 2.351, 0.374, 0.206
