0.17 0.051 0.942 -3.611 0.885 3.29
0.173 0.046 0.94 -2.786 0.985 3.55
0.159 0.042 0.948 -2.473 0.969 3.107
0.172 0.049 0.927 -1.481 1.008 3.481
0.183 0.054 0.926 -2.092 1.374 2.656
0.189 0.064 0.926 -2.008 0.924 2.557
0.195 0.058 0.919 -2.321 1.786 2.504
0.196 0.055 0.928 -2.435 0.962 1.687
0.186 0.055 0.93 -2.626 0.695 0.87
0.185 0.046 0.925 -2.298 0.756 0.626
0.175 0.052 0.919 -2.084 1.534 1.313
0.184 0.047 0.924 -2.031 2.107 1.832
0.181 0.063 0.92 -1.901 2.618 1.969
0.177 0.068 0.915 -2.153 2.71 2.29
0.187 0.076 0.908 -2.794 2.107 1.832
0.179 0.073 0.904 -3.725 1.733 2.29
0.181 0.068 0.903 -4.687 1.275 2.366
0.188 0.058 0.913 -5.191 0.779 2.435
0.198 0.047 0.917 -4.786 1.069 1.565
0.193 0.044 0.907 -4.947 1.626 1.115
0.183 0.05 0.92 -4.504 2.206 0.87
0.187 0.056 0.92 -3.756 2.55 1.855
0.182 0.061 0.923 -4.16 2.794 1.87
0.172 0.061 0.917 -4.42 3.229 1.786
0.172 0.064 0.914 -5.076 3.672 2.718
0.175 0.066 0.92 -5.695 3.832 3.198
0.168 0.057 0.926 -5.954 2.55 3.198
0.185 0.046 0.932 -5.458 1.664 3.191
0.186 0.048 0.927 -5.0 1.71 2.817
0.183 0.045 0.933 -4.183 1.794 2.954
0.18 0.055 0.922 -3.763 2.16 3.351
0.178 0.052 0.929 -3.527 2.313 3.916
0.175 0.052 0.922 -3.412 2.427 3.183
0.156 0.048 0.935 -3.16 2.641 2.679
0.174 0.052 0.918 -3.618 1.817 2.55
0.171 0.063 0.924 -3.939 2.275 2.84
0.182 0.057 0.916 -4.786 2.771 2.344
0.178 0.054 0.932 -4.351 2.29 1.603
0.178 0.052 0.926 -3.29 3.015 -0.252
0.174 0.055 0.928 -3.74 1.588 0.649
0.188 0.057 0.914 -3.481 1.214 -0.267
0.169 0.054 0.924 -3.588 0.794 -0.473
0.167 0.051 0.932 -3.397 0.885 0.221
0.167 0.051 0.948 -2.802 1.046 1.092
0.173 0.052 0.932 -2.015 1.695 2.084
0.181 0.061 0.918 -2.115 2.42 1.901
0.192 0.061 0.92 -1.985 2.29 1.802
0.198 0.049 0.905 -2.023 2.466 1.321
0.2 0.068 0.915 -2.038 2.053 1.275
0.216 0.067 0.915 -2.603 2.015 1.092
0.231 0.061 0.923 -3.16 2.595 1.237
0.262 0.059 0.927 -4.107 1.802 1.198
0.306 0.043 0.946 -5.008 0.786 1.29
0.351 0.027 0.966 -6.168 -1.221 0.611
0.418 0.011 1.021 -4.58 -1.573 0.939
0.494 0.005 1.052 -2.527 -0.756 -0.115
0.514 0.02 1.076 -0.718 2.176 -0.176
0.549 0.052 1.085 0.267 9.344 1.252
0.521 0.054 1.21 -1.992 -6.16 3.687
0.614 0.047 1.218 -2.382 -18.26 5.718
0.684 0.022 1.184 -2.321 -25.084 5.519
0.844 -0.023 1.2 2.237 -33.511 7.931
0.98 -0.02 1.119 10.229 -38.046 8.015
1.111 -0.01 0.995 17.107 -34.458 6.206
1.165 0.052 0.919 22.511 -28.168 2.298
1.159 0.125 0.84 23.725 -22.58 -2.832
1.129 0.235 0.791 18.557 -18.885 -10.099
1.086 0.292 0.772 12.954 -23.023 -15.496
1.059 0.308 0.748 6.336 -29.382 -21.534
0.99 0.325 0.745 -0.901 -35.695 -26.198
0.991 0.29 0.739 -4.573 -34.947 -31.221
0.995 0.265 0.75 -7.115 -34.962 -38.771
1.009 0.236 0.769 -4.718 -24.855 -45.313
0.962 0.16 0.802 3.802 -8.206 -42.656
0.902 0.134 0.857 15.947 13.267 -35.603
0.817 0.154 0.872 27.679 28.618 -26.221
0.764 0.208 0.858 31.099 34.908 -25.023
0.659 0.255 0.837 27.145 39.023 -29.0
0.469 0.304 0.817 16.412 33.397 -37.084
0.361 0.286 0.862 5.901 20.16 -41.611
0.238 0.279 0.805 -9.13 7.069 -44.519
0.28 0.222 0.79 -19.656 14.122 -38.733
0.102 0.151 0.848 -23.542 31.702 -19.443
-0.069 0.089 0.935 -19.153 62.183 4.489
-0.15 0.073 0.911 -17.817 87.374 20.985
-0.31 -0.039 1.032 -24.008 96.802 12.45
-0.079 -0.087 0.96 -26.992 100.176 -2.168
-0.13 -0.161 0.906 -38.855 76.55 -33.672
-0.156 -0.177 0.948 -48.893 56.214 -60.733
-0.305 -0.133 0.901 -48.832 47.176 -59.069
-0.209 -0.191 0.802 -36.084 66.458 -43.481
-0.308 -0.199 0.718 -22.84 87.534 -22.611
-0.411 -0.239 0.613 -14.313 90.374 -10.344
-0.475 -0.24 0.524 -21.977 104.496 -12.977
-0.461 -0.253 0.529 -21.069 99.763 -24.191
-0.485 -0.222 0.343 -37.84 88.076 -43.16
-0.626 -0.044 0.322 -66.725 62.786 -65.496
-0.618 -0.101 0.285 -85.069 40.42 -77.939
-0.66 -0.265 0.445 -91.985 32.511 -78.405
-0.753 -0.387 0.619 -86.122 30.168 -67.641
-0.672 -0.468 0.816 -68.687 52.382 -52.008
-0.662 -0.516 0.913 -55.992 44.092 -41.443
-0.606 -0.536 1.013 -54.557 53.534 -48.168
-0.58 -0.483 1.025 -40.336 36.74 -54.405
-0.693 -0.41 1.125 -28.168 24.641 -55.137
-0.793 -0.293 1.187 -9.412 10.519 -40.763
-0.718 -0.26 1.313 22.229 24.16 -24.267
-0.641 0.032 1.241 48.336 23.267 -5.496
-0.839 0.549 0.991 36.847 -2.092 19.931
-0.801 0.881 0.635 -9.802 -21.992 22.954
-0.657 0.759 0.449 -46.198 -56.252 14.939
-0.366 0.364 0.547 -83.763 -57.061 -1.176
-0.319 -0.145 1.096 -79.542 -62.748 6.076
-0.114 -0.314 1.134 -59.168 -57.313 15.863
-0.116 -0.424 1.125 -29.366 -57.275 25.664
0.03 -0.406 0.936 -20.557 -45.137 25.275
0.055 -0.234 0.783 -21.015 -36.527 17.664
0.035 -0.025 0.73 -19.107 -36.328 19.298
0.057 -0.061 0.634 -14.924 -42.679 29.252
0.01 -0.054 0.724 -20.55 -40.298 26.649
-0.144 -0.105 0.867 -25.305 -45.565 24.145
-0.06 -0.438 1.032 -27.45 -24.695 23.328
0.002 -0.306 1.125 -9.061 -28.626 19.641
-0.063 -0.356 1.083 4.26 -25.023 20.42
0.072 -0.229 0.934 12.809 -12.977 17.061
-0.011 -0.138 0.832 14.023 -12.969 14.969
0.006 -0.042 0.817 10.389 -5.176 11.74
0.053 -0.022 0.813 1.443 1.527 7.405
0.065 -0.088 0.908 -3.176 4.908 7.229
0.016 -0.154 1.04 -2.534 3.824 7.641
0.076 -0.188 0.989 2.038 -1.565 10.29
0.074 -0.163 0.995 0.649 -0.679 6.031
0.039 -0.159 1.022 -0.237 -6.496 4.244
0.112 -0.167 0.953 0.282 -10.366 0.969
-0.007 -0.071 0.936 -3.275 -15.74 0.985
0.015 -0.106 0.941 -0.656 -16.702 2.901
0.054 -0.141 1.007 3.397 -6.809 3.626
0.028 -0.13 1.004 9.099 -2.305 4.298
0.031 -0.096 0.991 10.45 5.107 3.191
0.053 -0.115 0.969 10.366 8.55 1.802
0.094 -0.101 0.896 9.611 13.038 -2.16
0.027 -0.013 0.872 4.847 9.817 -3.489
0.024 0.039 0.849 0.038 7.573 -1.351
0.003 0.012 0.882 -4.305 4.267 2.183
0.05 -0.041 0.906 -5.679 3.405 5.588
0.052 -0.084 0.943 -5.977 3.244 6.71
0.064 -0.12 0.926 -5.916 2.26 5.656
0.075 -0.129 0.918 -4.496 4.374 2.634
0.073 -0.137 0.917 -2.748 6.725 0.053
0.061 -0.141 0.96 -0.992 8.565 -2.55
0.049 -0.13 0.962 0.458 8.275 -3.305
0.037 -0.083 0.956 0.809 11.672 -4.511
0.011 -0.043 0.928 -0.13 10.634 -2.466
-0.015 -0.013 0.953 -1.359 8.679 -1.344
-0.029 -0.027 0.912 -1.794 6.992 1.176
-0.044 0.013 0.935 -8.954 6.687 0.473
0.013 -0.077 0.919 -8.656 3.206 3.298
0.055 -0.124 0.949 -7.344 0.321 4.412
0.063 -0.129 0.931 -6.198 -1.321 4.656
0.086 -0.128 0.876 -6.565 -2.336 4.107
0.067 -0.115 0.883 -9.649 -4.183 2.008
0.054 -0.124 0.922 -10.176 -6.183 1.725
0.033 -0.13 0.979 -9.397 -6.595 1.13
0.032 -0.146 1.02 -4.756 -5.321 1.679
0.013 -0.122 1.049 0.985 -5.244 2.977
0.025 -0.085 1.0 4.603 -3.618 6.252
0.033 -0.041 0.956 4.687 -2.87 6.458
0.032 -0.036 0.946 1.412 -4.588 7.008
0.036 -0.044 0.958 -1.779 -6.389 6.817
0.062 -0.068 0.948 -4.794 -9.504 4.786
0.049 -0.075 0.949 -4.397 -12.298 5.115
0.068 -0.099 0.922 -3.511 -13.237 5.939
0.054 -0.089 0.932 -4.237 -17.061 6.13
0.078 -0.102 0.91 -3.924 -15.053 5.817
0.053 -0.11 0.938 -5.092 -18.641 5.603
0.06 -0.112 0.968 -5.176 -16.504 5.649
0.065 -0.111 0.924 -0.817 -16.962 6.176
0.095 -0.1 0.901 0.267 -13.031 5.786
0.087 -0.084 0.907 -1.252 -9.664 5.153
0.076 -0.062 0.869 -5.198 -10.481 3.221
0.072 -0.063 0.849 -9.504 -6.863 1.107
0.093 -0.077 0.868 -11.374 -5.672 0.771
0.081 -0.098 0.911 -11.595 -3.779 0.412
0.092 -0.129 0.915 -10.519 -1.641 0.71
0.09 -0.177 0.968 -7.496 0.985 0.122
0.096 -0.208 0.968 -3.779 2.58 -0.748
0.089 -0.192 0.996 0.084 2.809 -2.153
0.098 -0.18 0.969 3.885 5.397 -3.534
0.076 -0.15 0.983 6.13 7.687 -5.252
0.073 -0.119 0.974 7.221 10.557 -6.718
0.081 -0.102 0.946 6.015 11.992 -8.504
0.064 -0.068 0.941 3.198 7.55 -8.015
0.06 -0.058 0.926 1.267 6.427 -6.511
0.065 -0.062 0.921 -1.725 5.053 -6.336
0.067 -0.089 0.932 -2.534 3.237 -5.29
0.079 -0.095 0.936 -3.176 1.595 -4.267
0.074 -0.097 0.935 -3.229 1.573 -2.878
0.07 -0.114 0.946 -2.84 1.229 -1.649
0.065 -0.112 0.939 -2.183 -0.145 -1.099
0.066 -0.111 0.935 -1.405 -0.443 -0.427
0.063 -0.098 0.93 -1.557 -1.046 -0.214
0.076 -0.111 0.926 -0.511 1.031 -0.038
0.058 -0.102 0.928 0.282 1.878 0.137
0.074 -0.103 0.921 0.466 3.099 0.58
0.076 -0.098 0.922 -0.366 3.26 -0.16
0.058 -0.087 0.913 -2.473 2.603 -0.87
0.062 -0.074 0.898 -4.87 1.71 -1.489
0.051 -0.089 0.914 -6.031 0.519 -1.542
0.056 -0.105 0.94 -5.115 0.023 -0.634
0.065 -0.124 0.941 -4.023 0.122 0.267
0.072 -0.12 0.946 -3.313 -1.557 0.176
0.065 -0.111 0.949 -2.137 -1.756 -0.061
0.062 -0.094 0.94 -1.679 -1.267 0.038
0.055 -0.066 0.938 -2.16 -0.748 0.443
0.049 -0.057 0.937 -3.183 -1.221 1.061
0.046 -0.065 0.934 -3.145 0.176 1.824
0.074 -0.086 0.909 -3.115 2.603 1.573
0.08 -0.093 0.931 -3.015 3.687 0.359
0.08 -0.107 0.929 -1.947 4.847 0.321
0.072 -0.117 0.952 -0.908 3.878 0.817
0.068 -0.12 0.941 0.359 2.733 1.244
0.077 -0.099 0.938 0.443 1.794 1.198
0.065 -0.092 0.933 -0.008 1.74 0.977
0.053 -0.095 0.956 -0.84 1.16 0.756
0.068 -0.092 0.937 -1.26 1.725 0.656
0.07 -0.097 0.951 -0.954 2.427 0.344
0.08 -0.091 0.938 -0.458 1.992 1.168
0.079 -0.085 0.919 -0.931 3.809 1.282
0.072 -0.091 0.935 -1.214 3.084 1.84
0.092 -0.106 0.918 -1.863 3.229 1.023
0.084 -0.12 0.931 -1.687 4.107 -0.046
0.078 -0.12 0.917 -1.42 2.351 -1.076
0.075 -0.101 0.913 -1.969 1.496 -0.947
0.081 -0.087 0.895 -2.137 0.763 -0.221
0.064 -0.072 0.897 -4.336 0.611 -0.626
0.077 -0.094 0.889 -5.305 1.191 -0.298
0.092 -0.118 0.892 -6.008 1.008 -0.595
0.096 -0.121 0.902 -5.412 3.206 -1.374
0.093 -0.126 0.908 -4.84 4.511 -1.84
0.082 -0.112 0.899 -4.16 3.534 -2.046
0.071 -0.116 0.908 -3.252 3.145 -1.733
0.063 -0.133 0.926 -1.344 2.893 -0.748
0.083 -0.137 0.921 -0.023 2.328 -0.481
0.073 -0.123 0.903 0.649 4.42 -1.489
0.065 -0.105 0.915 0.542 5.023 -1.969
0.055 -0.097 0.925 0.16 6.229 -2.275
0.049 -0.089 0.945 0.412 7.031 -1.672
0.056 -0.082 0.943 0.382 5.649 -0.076
0.041 -0.083 0.951 0.023 4.328 -0.115
0.059 -0.091 0.951 -1.107 2.847 0.115
0.061 -0.087 0.953 -2.076 1.206 -0.664
0.065 -0.084 0.948 -2.74 -0.008 -0.557
0.065 -0.08 0.941 -3.718 -0.565 -1.405
0.066 -0.084 0.926 -4.328 -1.305 -0.885
0.047 -0.086 0.928 -4.924 -0.099 -0.786
0.064 -0.098 0.927 -4.328 1.198 -0.229
0.075 -0.1 0.932 -3.634 0.885 0.13
0.069 -0.104 0.95 -2.252 1.725 0.748
0.075 -0.107 0.934 -1.771 1.122 0.42
0.066 -0.095 0.938 -1.534 1.481 -0.29
0.052 -0.086 0.934 -1.183 3.031 -0.13
0.036 -0.07 0.945 -1.252 3.588 -0.168
0.042 -0.079 0.939 -1.435 4.664 0.237
0.047 -0.066 0.945 -0.954 4.931 0.527
0.041 -0.076 0.953 -0.802 5.458 0.611
0.04 -0.075 0.943 -1.336 5.908 0.214
0.021 -0.065 0.954 -1.527 4.534 0.42
0.045 -0.085 0.947 -0.87 3.977 1.565
0.035 -0.078 0.947 -0.962 2.351 1.344
0.044 -0.082 0.955 -0.679 0.901 1.748
0.053 -0.098 0.934 -0.542 0.725 2.313
0.048 -0.085 0.936 -0.397 0.687 2.504
0.055 -0.085 0.94 -0.305 -0.473 2.763
0.052 -0.083 0.939 -1.427 -1.13 2.58
0.058 -0.081 0.932 -2.824 -1.412 2.206
0.063 -0.087 0.936 -3.511 -1.42 1.931
0.074 -0.108 0.942 -2.855 -2.107 2.664
0.062 -0.11 0.938 -2.527 -1.847 2.565
0.068 -0.113 0.936 -1.504 -0.55 2.061
0.079 -0.107 0.925 -1.13 0.092 1.473
0.073 -0.102 0.93 -1.29 0.931 0.466
0.073 -0.097 0.907 -0.458 1.55 1.191
0.066 -0.089 0.914 -1.023 1.137 1.099
0.076 -0.084 0.915 -2.145 0.626 0.718
0.075 -0.085 0.918 -3.794 -0.061 -0.389
0.065 -0.097 0.919 -4.069 -1.168 -0.099
0.06 -0.099 0.927 -3.198 -0.588 0.832
0.062 -0.107 0.931 -2.115 -1.145 1.046
0.074 -0.106 0.919 -1.221 -0.893 1.13
0.062 -0.085 0.912 -2.382 -1.786 0.626
0.059 -0.091 0.915 -3.351 -2.282 0.473
0.053 -0.09 0.919 -4.466 -2.71 -0.305
0.061 -0.105 0.94 -2.985 -0.351 0.42
0.075 -0.105 0.93 -1.641 1.374 0.519
0.064 -0.11 0.936 -0.756 3.046 0.473
0.073 -0.098 0.928 -0.863 2.802 0.496
0.059 -0.086 0.916 -1.947 2.466 0.267
0.059 -0.079 0.908 -2.496 1.229 0.771
0.053 -0.087 0.934 -3.0 1.13 1.267
0.059 -0.1 0.927 -2.55 1.443 1.931
0.052 -0.091 0.929 -3.168 0.748 1.557
0.054 -0.098 0.937 -3.183 -0.076 1.366
0.063 -0.107 0.922 -3.382 -0.588 0.756
0.059 -0.094 0.922 -3.321 -0.458 0.924
0.071 -0.104 0.918 -2.71 -0.695 1.115
0.072 -0.107 0.928 -1.924 0.237 1.176
0.065 -0.11 0.928 -0.168 1.55 1.115
0.081 -0.099 0.911 -0.038 1.947 1.275
0.058 -0.083 0.901 -1.748 1.023 0.618
0.062 -0.098 0.914 -2.824 1.45 0.107
0.069 -0.108 0.912 -2.962 0.908 -0.183
0.064 -0.104 0.929 -1.603 2.916 -0.511
0.064 -0.089 0.914 -1.29 3.916 -0.916
0.046 -0.078 0.926 -2.489 2.252 -0.664
0.06 -0.088 0.93 -3.664 2.29 -0.58
0.053 -0.088 0.937 -4.794 -0.16 -1.45
0.041 -0.094 0.947 -3.931 0.145 -0.924
0.058 -0.095 0.938 -3.557 1.397 -0.763
0.058 -0.097 0.943 -3.046 1.603 -0.954
0.062 -0.096 0.93 -3.336 1.878 -0.656
0.061 -0.092 0.928 -3.389 1.634 -0.191
0.069 -0.088 0.927 -3.275 1.832 0.084
0.053 -0.089 0.945 -3.053 0.977 0.847
0.058 -0.092 0.937 -3.405 0.702 0.565
0.055 -0.097 0.948 -3.771 -0.13 0.221
0.062 -0.1 0.945 -3.275 0.649 0.031
0.053 -0.101 0.948 -2.435 1.16 0.008
0.063 -0.102 0.943 -1.824 -0.237 0.504
0.059 -0.1 0.951 -1.634 -1.153 0.55
0.064 -0.101 0.952 -1.435 -1.55 0.435
0.053 -0.104 0.938 -0.977 -1.229 0.053
0.064 -0.086 0.933 -0.435 -0.733 -0.076
0.05 -0.067 0.917 -1.092 -0.389 0.397
0.059 -0.068 0.904 -2.206 0.382 1.298
0.052 -0.078 0.914 -3.435 0.977 1.466
0.064 -0.093 0.934 -3.901 0.58 1.168
0.072 -0.116 0.935 -3.412 1.656 0.771
0.067 -0.109 0.939 -1.504 1.969 1.122
0.051 -0.107 0.951 -0.115 2.565 1.87
0.066 -0.09 0.929 -0.008 0.305 1.382
0.051 -0.072 0.926 -1.015 0.427 1.237
0.053 -0.056 0.911 -1.947 -1.053 2.359
0.052 -0.054 0.902 -3.756 -0.191 2.969
0.055 -0.068 0.917 -5.565 -0.435 2.649
0.053 -0.079 0.914 -6.511 0.183 2.336
0.06 -0.098 0.932 -6.137 -1.008 2.565
0.073 -0.115 0.928 -5.015 -0.229 2.458
0.088 -0.126 0.929 -3.405 1.473 2.015
0.081 -0.13 0.918 -2.313 2.099 1.298
0.086 -0.116 0.904 -1.458 2.55 1.206
0.069 -0.103 0.913 -1.626 2.802 0.603
0.064 -0.094 0.915 -2.16 2.092 1.046
0.063 -0.094 0.92 -3.023 1.214 1.168
0.046 -0.091 0.927 -3.687 0.855 1.015
0.067 -0.105 0.933 -3.305 1.565 1.191
0.063 -0.125 0.938 -2.282 1.916 1.099
0.057 -0.115 0.941 -1.626 3.359 0.947
0.057 -0.099 0.935 -1.626 2.863 0.206
0.066 -0.106 0.927 -1.595 4.374 0.473
0.06 -0.101 0.941 -1.481 4.473 0.382
0.063 -0.108 0.936 -1.359 4.58 0.13
0.057 -0.098 0.931 -2.527 2.985 -0.328
0.062 -0.094 0.927 -2.885 2.183 -0.718
0.049 -0.091 0.925 -3.29 2.29 -0.687
0.049 -0.085 0.928 -4.122 2.275 -0.947
0.04 -0.09 0.95 -3.985 1.863 -0.137
0.042 -0.1 0.96 -2.908 2.824 0.504
0.039 -0.094 0.957 -2.511 1.42 0.756
0.048 -0.091 0.939 -2.29 1.702 1.176
0.047 -0.086 0.941 -3.191 1.748 1.221
0.042 -0.091 0.938 -3.595 1.237 0.649
0.05 -0.099 0.937 -2.885 1.344 1.443
0.054 -0.097 0.949 -3.214 1.481 0.916
0.043 -0.095 0.947 -3.679 0.511 0.649
0.058 -0.094 0.941 -3.366 0.725 0.847
0.057 -0.097 0.945 -3.168 0.137 0.718
0.046 -0.1 0.941 -2.412 0.061 1.137
0.061 -0.108 0.941 -1.954 0.29 0.885
0.04 -0.095 0.936 -2.313 0.053 0.313
0.05 -0.096 0.938 -2.298 1.0 0.351
0.057 -0.096 0.921 -2.931 1.435 -0.13
0.049 -0.096 0.931 -3.13 1.55 0.221
0.05 -0.097 0.928 -2.809 2.908 0.267
0.052 -0.104 0.95 -2.481 3.26 0.206
0.046 -0.101 0.948 -1.466 2.809 0.252
0.042 -0.106 0.956 0.153 2.519 0.733
0.042 -0.092 0.956 1.191 2.366 1.718
0.048 -0.094 0.938 1.282 1.092 2.336
0.053 -0.094 0.932 1.122 1.038 2.916
0.04 -0.083 0.932 0.115 -0.061 2.794
0.055 -0.076 0.928 -1.511 0.115 2.336
0.043 -0.079 0.933 -2.344 -0.42 2.305
0.05 -0.091 0.948 -2.183 -0.321 2.733
0.053 -0.105 0.952 -1.244 -0.618 3.511
0.047 -0.104 0.959 -0.229 -0.977 3.58
0.048 -0.108 0.966 0.878 -0.634 3.206
0.041 -0.103 0.962 1.214 -0.145 2.565
0.051 -0.087 0.938 0.916 -0.145 2.55
0.062 -0.079 0.912 -0.58 -0.046 2.229
0.063 -0.077 0.928 -1.87 -0.351 2.756