0.03 0.003 0.895 0.061 3.931 -0.344
0.026 0.011 0.903 0.939 1.725 -0.458
0.027 0.023 0.904 -0.198 0.099 -0.137
0.034 0.008 0.923 -1.275 2.718 -0.328
0.037 0.006 0.921 -2.42 6.13 -0.786
0.04 0.002 0.913 -3.069 8.954 -0.725
0.007 -0.003 0.918 -2.107 8.267 -0.977
0.016 0.001 0.896 -1.565 2.901 -1.664
0.029 0.018 0.919 -1.046 2.069 -1.58
0.023 0.007 0.932 -0.962 3.336 -1.069
0.032 0.009 0.935 -1.58 6.168 -0.031
0.021 0.006 0.927 -1.824 5.832 -1.038
0.007 0.006 0.937 -0.435 3.71 -0.672
0.014 0.001 0.925 0.237 2.947 1.489
0.001 0.02 0.942 -1.053 2.87 1.756
-0.0 0.011 0.937 -2.58 4.198 1.359
-0.0 0.001 0.938 -3.687 6.168 0.16
-0.001 -0.002 0.941 -4.687 8.16 -0.893
-0.001 -0.017 0.925 -4.42 9.137 -0.924
-0.004 -0.008 0.924 -4.496 8.885 -1.885
-0.041 -0.025 0.965 -4.427 8.832 -0.901
0.005 -0.017 0.917 -3.275 4.359 0.176
0.008 -0.01 0.937 -2.893 4.29 1.603
-0.001 -0.005 0.94 -3.695 3.924 2.351
-0.003 -0.021 0.937 -3.374 2.466 2.794
-0.017 -0.026 0.937 -2.71 0.71 2.595
-0.025 -0.026 0.95 -2.382 2.771 1.489
0.005 -0.019 0.94 -2.412 3.267 2.053
0.0 -0.014 0.934 -2.176 4.466 2.916
0.012 -0.018 0.945 -1.916 4.496 4.573
0.004 -0.013 0.961 -2.397 4.366 4.786
-0.0 -0.018 0.954 -3.351 5.473 3.435
0.033 -0.006 0.906 -3.84 3.542 4.313
-0.021 -0.018 0.95 -2.374 2.885 2.626
0.001 -0.015 0.937 -1.733 2.71 2.481
0.012 -0.025 0.941 -1.855 3.611 3.519
0.014 -0.014 0.952 -2.092 3.473 3.542
-0.005 -0.021 0.948 -2.374 3.969 3.115
0.012 0.007 0.942 -3.611 3.542 3.901
-0.006 -0.016 0.942 -3.565 3.427 1.733
0.003 -0.024 0.924 -2.656 2.969 2.366
0.005 -0.026 0.929 -2.115 2.603 2.45
-0.008 -0.028 0.93 -1.771 2.084 2.267
-0.004 -0.037 0.918 -1.397 2.328 2.0
-0.015 -0.033 0.91 -0.374 1.443 1.55
0.004 -0.026 0.903 0.786 0.534 1.344
0.001 -0.009 0.918 0.29 1.282 1.855
0.006 -0.0 0.932 -1.015 2.206 1.412
0.007 -0.01 0.925 -1.527 2.351 1.321
0.017 -0.006 0.907 -1.626 3.702 1.84
0.001 -0.008 0.925 -1.145 4.916 2.634
0.052 0.022 0.906 -1.275 6.527 4.794
-0.022 -0.023 0.951 -1.366 5.374 1.832
0.013 -0.002 0.939 -1.053 4.397 3.031
0.007 -0.006 0.935 -1.748 4.374 3.985
-0.0 -0.023 0.929 -1.015 3.504 4.321
0.001 -0.026 0.925 -0.565 1.763 4.168
-0.01 -0.007 0.951 -1.649 2.969 4.939
-0.015 -0.011 0.943 -2.847 1.122 2.733
0.006 -0.013 0.949 -3.435 3.565 3.328
-0.015 -0.041 0.931 -2.908 2.794 3.313
-0.018 -0.033 0.937 -3.221 2.076 2.26
-0.025 -0.022 0.931 -3.847 2.115 1.756
-0.023 -0.042 0.929 -3.55 2.504 1.29
-0.014 -0.041 0.936 -2.351 0.191 1.405
-0.013 -0.015 0.94 -2.412 -0.893 0.748
-0.001 -0.007 0.931 -2.824 -0.756 1.427
0.059 0.023 0.909 -3.527 -0.985 4.473
-0.034 -0.03 0.943 -3.344 -1.664 3.756
-0.019 -0.024 0.931 -2.71 0.305 2.924
-0.017 -0.028 0.937 -3.626 1.252 1.504
-0.017 -0.021 0.934 -4.527 2.076 -0.076
-0.011 -0.023 0.921 -4.595 1.687 -0.885
-0.004 -0.031 0.915 -3.496 0.206 -0.58
-0.007 -0.028 0.924 -2.664 -1.214 -0.168
-0.004 -0.027 0.922 -2.885 -1.794 -0.397
0.008 -0.02 0.92 -2.87 -1.611 -0.176
0.007 -0.022 0.909 -2.809 -1.099 0.053
-0.001 -0.022 0.913 -2.008 -0.58 -0.099
0.003 -0.014 0.935 -1.962 -1.58 -0.924
0.022 -0.011 0.932 -2.107 -0.931 0.458
0.006 -0.019 0.937 -1.557 -1.427 1.321
0.0 -0.017 0.929 -1.214 -2.489 1.885
-0.002 -0.007 0.93 -1.427 -3.046 1.16
-0.001 0.011 0.951 -2.626 -2.511 0.229
0.014 0.019 0.938 -4.176 -0.565 -0.45
0.014 0.009 0.917 -5.214 1.748 -0.71
0.003 -0.018 0.92 -5.313 2.748 -0.55
-0.001 -0.033 0.911 -4.0 2.634 0.351
-0.001 -0.034 0.914 -2.74 1.687 1.466
0.0 -0.025 0.91 -2.55 0.878 1.237
0.004 -0.015 0.916 -2.664 1.687 1.16
0.0 -0.016 0.919 -2.824 0.939 0.878
0.002 -0.024 0.928 -2.863 0.527 0.832
0.001 -0.037 0.914 -2.298 0.588 0.939
0.004 -0.032 0.927 -1.664 0.573 0.42
-0.011 -0.033 0.931 -1.87 1.359 0.244
-0.005 -0.021 0.921 -2.038 1.962 -0.527
-0.01 -0.02 0.918 -2.099 2.885 -0.809
-0.008 -0.02 0.926 -2.26 3.595 -0.786
-0.011 -0.021 0.935 -2.038 3.053 -1.069
-0.005 -0.026 0.931 -1.725 1.588 -0.794
0.003 -0.022 0.944 -0.969 0.107 0.435
0.008 -0.01 0.934 -1.55 1.366 1.015
0.015 -0.008 0.916 -2.031 2.137 1.489
0.003 -0.011 0.935 -2.863 2.107 0.015
-0.02 -0.03 0.944 -3.046 2.252 -0.779
-0.001 -0.031 0.927 -2.328 2.305 0.053
-0.025 -0.031 0.943 -1.702 1.122 0.824
-0.011 -0.028 0.926 -1.282 1.878 1.221
-0.009 -0.027 0.934 -1.237 1.015 1.557
-0.001 -0.021 0.941 -1.252 1.405 1.702
0.001 -0.02 0.933 -0.641 0.916 2.267
-0.01 -0.022 0.938 -0.534 1.092 2.863
-0.008 -0.024 0.938 -0.641 0.985 2.618
-0.008 -0.019 0.936 -1.374 2.244 2.115
-0.003 -0.007 0.95 -2.557 3.015 1.519
-0.02 -0.021 0.924 -3.183 2.916 0.87
-0.017 -0.025 0.934 -3.351 2.87 -0.366
-0.021 -0.028 0.929 -2.695 1.649 -0.588
-0.019 -0.034 0.928 -1.733 1.244 -0.626
-0.003 -0.02 0.939 -1.069 0.557 0.244
0.001 -0.019 0.935 -0.046 0.176 1.344
0.0 -0.017 0.927 -0.321 0.382 1.916
-0.009 -0.016 0.953 -0.458 0.779 2.099
-0.012 -0.017 0.955 -1.252 0.969 1.687
-0.005 -0.01 0.943 -2.275 2.008 0.672
-0.017 -0.021 0.934 -1.092 1.122 0.198
-0.01 -0.018 0.924 -0.649 0.099 0.435
-0.003 -0.003 0.931 -0.786 -0.382 0.305
0.006 -0.006 0.929 -0.427 -1.176 1.748
0.019 0.004 0.903 -1.397 -0.511 4.176
-0.005 -0.013 0.933 -1.061 -0.328 2.794
-0.016 -0.032 0.929 -0.924 -0.641 2.252
-0.005 -0.02 0.912 -0.939 0.145 1.771
-0.001 -0.012 0.911 -1.252 0.618 1.038
0.004 -0.009 0.908 -1.588 2.015 0.847
-0.0 -0.009 0.925 -1.702 1.763 1.191
0.001 -0.016 0.909 -1.863 2.031 1.901
0.011 -0.021 0.918 -1.13 2.267 1.878
0.002 -0.022 0.909 -0.473 1.588 2.359
-0.005 -0.012 0.903 0.305 0.511 2.947
-0.001 0.0 0.911 -0.053 1.252 2.802
-0.052 -0.034 0.943 -1.45 0.252 1.817
-0.003 -0.01 0.933 -1.901 3.725 -0.038
0.017 -0.005 0.907 -2.359 3.565 0.237
0.011 -0.012 0.908 -1.298 3.397 1.718
-0.01 -0.01 0.924 -0.802 1.809 2.565
-0.01 -0.016 0.922 -0.847 1.855 2.725
-0.003 -0.014 0.926 -1.13 2.916 2.16
-0.005 -0.011 0.934 -2.031 4.511 0.939
-0.01 0.006 0.939 -3.412 4.626 0.656
-0.015 -0.008 0.937 -4.168 4.382 1.107
-0.019 -0.015 0.918 -2.916 2.282 2.351
-0.016 -0.013 0.913 -1.863 1.191 3.511
-0.016 0.004 0.94 -2.534 1.16 3.198
-0.0 -0.004 0.931 -3.366 1.023 2.656
-0.016 -0.025 0.932 -2.611 1.298 3.229
-0.028 -0.024 0.938 -1.977 -0.038 3.412
-0.019 -0.01 0.935 -1.374 -1.031 3.718
-0.022 -0.018 0.936 -0.924 -1.321 4.038
-0.003 -0.015 0.921 -0.679 -0.992 4.29
-0.005 -0.011 0.934 -1.397 -0.298 3.885
-0.046 -0.042 0.969 -3.42 2.679 2.649
-0.004 -0.012 0.919 -3.328 2.702 1.206
-0.013 -0.009 0.941 -3.076 1.702 0.565
0.003 -0.01 0.918 -2.71 1.321 1.687
-0.001 -0.014 0.918 -1.885 1.321 2.802
-0.012 -0.013 0.916 -1.679 1.412 2.939
-0.01 -0.008 0.93 -1.748 1.634 2.229
-0.016 -0.017 0.927 -1.763 1.809 2.168
-0.013 -0.022 0.934 -1.511 2.191 1.672
-0.024 -0.015 0.949 -2.206 2.954 1.328
-0.032 -0.015 0.944 -2.359 3.038 0.985
-0.034 -0.006 0.955 -2.321 1.847 0.588
-0.01 0.004 0.936 -2.237 1.656 0.794
-0.006 0.011 0.939 -2.122 1.878 1.511
-0.008 0.002 0.939 -2.366 2.153 1.931
-0.013 -0.005 0.936 -1.954 1.099 2.0
-0.012 -0.005 0.936 -2.45 0.71 1.443
-0.007 -0.016 0.924 -2.29 1.168 1.55
-0.005 -0.006 0.929 -2.573 0.855 0.809
-0.003 0.005 0.931 -3.481 1.634 0.786
0.002 -0.006 0.928 -3.931 1.466 1.595
-0.01 -0.022 0.929 -3.557 0.237 1.954
-0.02 -0.013 0.917 -2.84 -0.092 2.634
-0.02 -0.018 0.929 -2.458 -0.168 2.878
-0.011 -0.019 0.923 -2.527 0.031 2.496
-0.022 -0.014 0.925 -3.038 1.023 1.939
-0.018 -0.019 0.93 -3.443 2.076 0.786
-0.027 -0.017 0.928 -3.939 1.603 -0.198
-0.032 -0.015 0.92 -4.466 2.122 -0.466
-0.027 -0.016 0.896 -4.244 2.878 -0.985
-0.02 -0.008 0.903 -3.771 2.214 -1.542
-0.003 -0.009 0.906 -4.16 3.412 -1.634
-0.009 -0.007 0.917 -5.107 3.489 -1.802
-0.01 -0.021 0.932 -6.092 5.153 -2.252
-0.014 -0.048 0.912 -4.435 3.519 -2.038
-0.025 -0.051 0.917 -2.748 2.16 -1.595
-0.033 -0.043 0.937 -2.344 0.412 -1.649
-0.012 -0.017 0.942 -1.87 1.534 -0.855
-0.038 -0.018 0.933 -1.527 0.718 -0.687
-0.029 0.0 0.934 -2.069 1.695 -1.321
-0.033 0.02 0.917 -3.26 2.046 -2.26
-0.038 0.045 0.929 -5.099 3.374 -3.954
-0.056 0.053 0.916 -6.55 4.267 -5.977
-0.083 0.096 0.916 -7.969 5.527 -8.084
-0.135 0.169 0.956 -9.084 4.527 -9.244
-0.169 0.266 0.946 -9.939 2.817 -8.321
-0.231 0.341 0.955 -7.649 -1.924 -8.252
-0.291 0.497 1.01 -5.489 -7.565 -9.58
-0.327 0.641 1.052 -5.038 -14.267 -11.427
-0.36 0.789 1.105 -8.42 -19.969 -12.634
-0.363 0.872 1.076 -13.336 -20.221 -9.847
-0.38 0.906 1.047 -18.176 -19.153 -2.282
-0.418 0.875 1.0 -21.427 -20.954 1.397
-0.456 0.873 0.981 -25.069 -26.382 0.115
-0.403 0.803 0.912 -28.008 -27.099 -3.908
-0.374 0.771 0.941 -30.916 -26.13 -10.267
-0.375 0.754 0.981 -34.214 -20.863 -8.573
-0.399 0.698 1.024 -34.74 -21.26 -1.611
-0.372 0.647 1.021 -33.092 -26.122 6.069
-0.373 0.574 1.025 -30.405 -30.557 14.145
-0.392 0.518 0.998 -26.679 -37.885 19.176
-0.375 0.45 0.99 -24.244 -44.679 23.366
-0.383 0.358 0.928 -16.26 -52.13 27.023
-0.4 0.265 0.872 -5.626 -64.939 22.122
-0.356 0.224 0.918 6.748 -81.527 16.947
-0.165 0.385 1.015 6.511 -84.137 14.382
-0.023 0.508 1.13 -11.687 -68.618 16.542
0.072 0.54 1.211 -35.122 -44.58 27.779
0.005 0.36 1.093 -52.664 -26.458 43.924
-0.04 0.18 1.058 -55.534 -24.641 61.053
-0.05 -0.041 0.892 -46.756 -24.733 80.863
-0.129 -0.279 0.808 -31.824 -38.954 96.046
-0.062 -0.388 0.766 -16.725 -45.779 107.84
-0.196 -0.599 0.689 6.214 -58.939 108.252
-0.16 -0.644 0.681 24.87 -73.702 101.969
-0.079 -0.625 0.707 34.58 -78.794 88.328
0.072 -0.599 0.751 29.901 -72.115 74.099
0.239 -0.578 0.752 19.511 -53.489 68.656
0.448 -0.617 0.691 4.191 -23.58 59.496
0.404 -0.79 0.652 -1.069 -7.939 57.611
0.428 -0.882 0.626 4.252 -9.756 57.298
0.423 -0.929 0.572 16.885 -14.13 62.954
0.395 -0.928 0.568 25.977 -17.656 59.947
0.424 -0.948 0.507 32.855 -15.42 45.649
0.373 -0.963 0.485 36.298 -9.84 23.672
0.418 -0.881 0.502 39.565 2.221 2.221
0.394 -0.781 0.646 49.168 5.969 -17.809
0.503 -0.64 0.726 57.13 7.473 -19.863
0.567 -0.424 0.877 60.145 8.679 -6.015
0.668 -0.28 0.882 54.489 10.679 5.481
0.726 -0.287 0.726 60.588 21.771 31.13
0.667 -0.28 0.701 70.153 35.115 61.176
0.542 -0.315 0.755 68.069 45.076 67.679
0.372 -0.38 0.776 74.511 48.405 70.641
0.214 -0.421 0.845 72.389 58.298 59.405
0.048 -0.429 0.975 66.626 60.137 34.412
0.037 -0.369 1.005 62.16 55.481 10.0
0.014 -0.285 1.071 55.16 48.275 -11.985
0.061 -0.175 1.097 55.489 33.947 -24.053
0.177 -0.051 1.073 58.55 15.718 -19.26
0.257 0.108 1.187 50.534 4.908 -11.252
0.362 0.212 1.152 33.565 0.702 1.733
0.361 0.212 1.129 9.618 -1.366 13.611
0.368 0.108 0.988 -7.779 4.336 19.16
0.339 -0.029 0.834 -13.504 17.893 23.214
0.265 -0.131 0.795 -4.779 26.771 25.099
0.194 -0.147 0.863 5.145 29.076 27.534
0.092 -0.103 0.971 10.076 28.924 30.031
0.074 -0.057 1.067 8.008 21.42 27.031
0.02 -0.017 1.156 -0.809 13.832 23.267
0.033 -0.059 1.134 -10.473 6.473 18.435
0.064 -0.048 1.124 -19.267 1.26 14.023
0.107 -0.118 1.004 -20.641 -2.771 11.947
0.126 -0.116 0.974 -20.496 -5.817 11.45
0.153 -0.112 0.909 -16.107 -6.321 13.466
0.168 -0.085 0.924 -13.214 -2.573 12.634
0.159 -0.032 0.931 -9.137 -1.748 16.137
0.166 -0.068 0.927 -8.634 2.534 14.809
0.154 -0.058 0.951 -11.489 3.794 16.954
0.135 -0.071 0.952 -14.435 7.595 15.366
0.112 -0.092 0.937 -14.901 4.557 13.511
0.106 -0.097 0.982 -16.496 0.244 12.282
0.096 -0.084 0.97 -15.954 -6.191 10.679
0.137 -0.088 0.958 -16.466 -5.679 6.931
0.112 -0.075 0.952 -19.794 -7.534 3.771
0.102 -0.08 0.921 -18.87 -6.87 1.954
0.1 -0.122 0.88 -15.198 -8.267 -1.305
0.129 -0.11 0.882 -11.298 -9.29 -3.282
0.125 -0.08 0.91 -8.344 -10.534 -3.153
0.155 -0.052 0.931 -6.603 -11.557 -2.756
0.164 -0.031 0.926 -7.053 -10.763 -2.466
0.192 -0.01 0.91 -8.954 -9.084 -3.504
0.198 0.009 0.89 -10.45 -6.893 -3.534
0.182 -0.008 0.882 -10.397 -6.458 -2.664
0.169 -0.003 0.888 -5.145 -8.267 1.221
0.172 -0.01 0.904 -2.069 -7.969 -0.122
0.141 0.01 0.915 -2.84 -10.473 1.214
0.133 -0.001 0.903 -2.053 -6.221 -3.908
0.106 0.032 0.953 -2.405 -8.26 -6.321
0.113 0.036 0.972 -2.092 -10.008 -8.252
0.141 0.057 0.988 -4.618 -13.053 -7.489
0.144 0.067 1.006 -5.954 -12.58 -6.053
0.147 0.097 1.033 -10.29 -12.008 -6.16
0.191 0.082 0.979 -14.878 -10.29 -4.855
0.154 0.09 1.012 -17.344 -13.557 -0.176
0.188 0.046 0.952 -18.969 -9.603 -1.824
0.165 0.013 0.933 -17.557 -8.069 -0.649
0.142 -0.02 0.941 -15.992 -7.153 -1.45
0.16 -0.055 0.906 -14.725 -6.588 -4.26
0.162 -0.042 0.902 -13.031 -3.229 -6.664
0.132 -0.031 0.941 -12.115 -2.427 -8.573
0.16 -0.05 0.888 -10.328 0.046 -11.099
0.145 -0.019 0.922 -7.832 -1.748 -9.977
0.168 -0.021 0.909 -5.847 4.092 -12.702
0.148 -0.001 0.939 -3.969 4.092 -12.573
0.158 0.028 0.935 -3.145 2.542 -11.885
0.163 0.035 0.957 -5.748 3.29 -13.656
0.152 0.018 0.937 -7.206 4.534 -15.427
0.138 -0.0 0.922 -7.031 4.863 -14.603
0.134 -0.003 0.892 -6.107 4.962 -14.863
0.128 -0.011 0.872 -3.023 7.855 -15.656
0.136 0.001 0.902 -1.015 9.55 -16.962
0.129 0.04 0.932 -1.481 9.221 -16.878
0.123 0.051 0.941 -1.626 9.42 -17.702
0.112 0.057 0.957 -2.649 7.092 -15.573
0.136 0.058 0.942 -4.099 4.847 -13.58
0.148 0.062 0.926 -4.763 4.702 -10.695
0.139 0.037 0.938 -5.069 5.038 -7.771
0.135 0.019 0.939 -5.611 6.198 -6.489
0.119 0.005 0.931 -5.298 7.763 -5.756
0.107 -0.002 0.94 -4.84 5.809 -7.664
0.121 -0.005 0.938 -3.947 5.45 -8.992
0.099 0.013 0.941 -3.794 3.634 -8.878
0.103 -0.004 0.932 -3.168 2.573 -9.916
0.116 0.01 0.917 -2.718 2.137 -7.748
0.127 0.021 0.939 -2.137 2.427 -6.931
0.128 0.017 0.907 -2.885 3.496 -8.55
0.146 0.016 0.891 -3.58 3.985 -8.725
0.161 0.034 0.888 -2.779 5.015 -7.053
0.143 0.036 0.917 -2.595 5.588 -3.954
0.161 0.029 0.843 -0.046 4.29 -1.221
0.131 0.007 0.892 2.45 2.389 -0.084
0.122 0.03 0.937 2.359 1.672 0.87
0.127 0.03 0.934 0.855 2.908 -0.947
0.115 0.029 0.928 -0.916 2.221 0.053
0.117 0.012 0.919 -2.336 1.603 -0.542
0.144 0.002 0.88 -1.153 2.221 -0.496
0.156 0.011 0.892 0.0 1.924 0.58
0.156 0.034 0.895 0.489 3.443 2.687
0.147 0.038 0.909 0.366 2.069 4.038
0.15 0.03 0.914 0.336 1.985 6.252
0.13 0.028 0.919 0.412 0.313 7.763
0.124 0.027 0.956 -0.099 -0.328 7.802
0.105 0.015 0.932 -0.71 -0.962 9.412
0.123 0.006 0.918 -1.87 -0.076 7.595
0.11 0.017 0.943 -3.214 -0.847 6.542
0.131 -0.006 0.893 -1.115 1.313 5.344
0.128 0.032 0.928 -2.122 -1.45 7.244
0.135 0.032 0.926 -0.305 1.008 7.763
0.141 0.019 0.896 0.458 -0.885 9.679
0.145 0.003 0.914 0.328 -1.023 9.626
0.108 0.01 0.959 -0.389 -1.733 10.069
0.109 -0.017 0.937 -1.985 -1.038 7.931
0.11 -0.007 0.934 -3.023 -1.16 5.557
0.116 0.009 0.936 -2.542 -1.42 4.588
0.13 0.01 0.942 -3.656 -1.595 3.573
0.148 0.029 0.927 -2.908 -0.061 4.527
0.125 0.014 0.926 -2.366 -2.595 4.679
0.147 0.005 0.913 -0.221 -0.87 5.756
0.138 0.011 0.926 -0.053 -0.977 6.305
0.127 0.015 0.947 -0.336 0.084 5.389
0.125 0.024 0.94 -1.962 0.557 2.855
0.13 0.013 0.94 -2.939 -0.817 2.496
0.137 0.02 0.928 -4.366 -0.649 2.252
0.136 0.012 0.921 -4.58 -0.405 1.45
0.164 0.002 0.896 -4.252 0.595 2.046
0.162 0.001 0.88 -2.405 1.252 2.328
0.155 -0.006 0.907 -1.137 4.397 1.992
0.156 0.008 0.912 -0.855 4.412 2.634
0.151 0.014 0.927 -0.977 4.618 3.412
0.137 0.008 0.92 -1.519 6.298 3.55
0.121 -0.009 0.91 -1.939 4.954 2.084
0.123 0.012 0.94 -3.015 4.916 1.069
0.133 0.01 0.929 -2.756 4.947 0.084
0.14 0.011 0.903 -4.511 5.336 -2.481
0.144 0.008 0.909 -4.313 4.687 -1.954
0.153 0.022 0.918 -4.481 5.473 -1.817
0.151 0.014 0.91 -4.252 5.992 -0.748
0.141 0.017 0.923 -4.733 6.466 -0.229
0.14 0.009 0.907 -4.359 5.893 -0.107
0.13 -0.0 0.917 -3.794 4.664 0.672
0.113 -0.01 0.934 -3.74 5.26 -0.16
0.105 -0.006 0.922 -4.031 6.076 -1.198
0.106 -0.001 0.932 -4.328 6.076 -2.092
0.113 0.006 0.951 -4.275 5.244 -2.473
0.098 -0.003 0.953 -4.58 4.588 -3.336
0.098 0.0 0.948 -5.206 4.916 -3.321