0.034, 0.064, 0.934, 3.985, -7.305, 5.702
0.033, 0.077, 0.955, 2.382, -5.878, 4.023
0.025, 0.083, 0.952, 0.641, -4.626, 2.298
0.008, 0.101, 0.958, -1.412, -5.794, 0.931
0.046, 0.111, 0.93, -4.863, -5.802, -1.893
0.063, 0.085, 0.91, -6.038, -3.87, -0.405
0.074, 0.029, 0.898, -4.954, -4.336, 2.191
0.077, 0.013, 0.911, -4.702, -3.267, 2.527
0.052, 0.007, 0.926, -6.031, 0.275, 0.198
0.051, 0.017, 0.92, -6.733, 2.359, -2.618
0.046, 0.053, 0.934, -6.939, 3.397, -4.565
0.041, 0.056, 0.926, -6.626, 2.092, -4.557
0.028, 0.048, 0.934, -6.038, 1.244, -2.718
0.021, 0.044, 0.929, -7.076, 1.053, -2.137
0.014, 0.061, 0.922, -8.0, 3.053, -1.893
0.021, 0.057, 0.904, -8.748, 4.351, -3.573
0.021, 0.053, 0.896, -7.786, 3.756, -2.168
0.093, 0.027, 0.849, -6.115, 4.0, -1.053
0.076, 0.01, 0.875, -4.0, 2.366, 2.672
0.072, -0.019, 0.865, -1.641, 2.679, 2.137
0.047, -0.011, 0.898, 0.26, 1.802, 0.191
0.044, 0.025, 0.912, 1.282, -0.092, -1.359
0.052, 0.062, 0.93, 1.115, 0.107, -3.573
0.07, 0.101, 0.931, -0.969, 0.405, -2.221
0.103, 0.104, 0.933, -4.13, 1.481, 0.672
0.105, 0.036, 0.893, -5.817, 5.115, 2.092
0.064, 0.042, 0.919, -5.748, 5.26, 1.107
0.068, 0.056, 0.934, -5.221, 5.26, 1.931
0.038, 0.041, 0.945, -2.382, 4.374, 2.916
0.052, 0.056, 0.954, -0.809, 2.198, 5.198
0.023, 0.04, 0.971, -0.656, 0.878, 3.756
0.037, 0.041, 0.947, -2.603, 5.687, 1.847
0.014, 0.013, 0.95, -3.916, 6.137, 0.031
-0.004, 0.038, 0.965, -4.939, 5.534, -1.809
-0.038, 0.047, 0.983, -3.595, 2.031, -2.962
0.011, 0.041, 0.934, -1.145, 0.015, -5.863
0.019, 0.084, 0.936, -1.649, -6.336, -0.618
0.008, 0.043, 0.915, -0.947, -6.198, 0.817
0.004, 0.036, 0.904, 0.023, -8.947, 2.794
0.009, 0.03, 0.931, 0.046, -3.779, 1.542
0.025, 0.026, 0.931, -2.763, -2.145, 1.122
0.03, 0.025, 0.905, -3.756, 0.534, 1.137
0.02, 0.019, 0.913, -3.481, 1.053, -1.038
0.046, 0.027, 0.898, -2.313, 0.023, -1.534
0.037, 0.026, 0.897, -1.023, -0.145, 0.672
0.063, 0.05, 0.914, -0.588, -0.626, 2.015
0.061, 0.02, 0.903, -0.458, 1.786, 3.076
0.035, 0.03, 0.945, -1.298, 1.13, 1.847
0.044, 0.062, 0.948, -3.962, 4.053, -0.565
0.023, 0.048, 0.934, -4.977, 4.885, -0.511
0.041, 0.042, 0.924, -3.878, 2.038, 2.107
0.066, 0.033, 0.909, -3.252, 1.748, 4.176
0.036, -0.009, 0.924, -3.305, 1.649, 2.489
-0.003, -0.003, 0.937, -4.74, 1.382, -2.618
0.003, 0.031, 0.943, -5.26, 1.427, -5.832
-0.014, 0.042, 0.956, -4.565, -0.954, -3.649
0.006, 0.043, 0.932, -2.053, -3.55, -0.42
0.006, 0.027, 0.893, 0.115, -3.176, 0.26
-0.008, 0.037, 0.926, 1.26, -4.496, 2.198
0.029, 0.045, 0.883, 0.824, -6.863, 6.115
0.034, -0.004, 0.886, 3.954, -3.962, 4.382
0.032, -0.014, 0.884, 5.725, -6.252, 5.122
0.065, 0.018, 0.897, 5.534, -5.115, 2.405
0.064, 0.031, 0.888, 4.863, -2.405, 0.45
0.068, 0.071, 0.908, 4.015, -0.863, 1.023
0.098, 0.084, 0.904, 2.954, 0.282, 0.42
0.066, 0.073, 0.963, 2.008, -2.0, 2.237
0.093, 0.049, 0.914, 2.168, 2.183, 2.733
0.063, 0.052, 0.934, 1.061, 2.099, 1.16
0.058, 0.078, 0.938, -1.107, 4.786, -1.588
0.051, 0.108, 0.94, -3.649, 5.977, -2.305
0.075, 0.117, 0.948, -4.26, 4.191, -1.366
0.116, 0.102, 0.908, -4.481, 6.916, 4.198
0.058, 0.044, 0.932, -4.351, 6.565, 7.496
0.044, 0.038, 0.923, -4.832, 6.893, 6.954
0.005, 0.03, 0.944, -4.115, 5.557, 5.901
-0.014, 0.051, 0.97, -3.29, 4.069, 4.504
0.004, 0.057, 0.954, -2.298, 4.046, 1.847
0.008, 0.063, 0.942, -3.061, 1.0, 2.748
-0.006, 0.085, 0.975, -4.519, -2.855, 2.962
0.02, 0.029, 0.942, -3.336, 0.634, 0.519
0.017, 0.043, 0.952, -3.458, -2.153, 1.588
0.022, 0.051, 0.964, -3.076, -1.099, 0.939
0.006, 0.079, 0.965, -4.076, -2.374, 2.603
0.02, 0.065, 0.949, -3.275, -2.176, 1.13
0.016, 0.051, 0.945, -2.55, -4.618, 5.786
0.032, 0.024, 0.923, -1.099, -3.725, 5.328
0.058, 0.019, 0.884, -1.695, -1.29, 8.069
0.009, 0.022, 0.924, -1.565, -0.573, 7.718
0.03, 0.026, 0.917, -0.863, -1.878, 4.374
0.043, 0.041, 0.907, -0.641, -2.557, 2.466
0.063, 0.045, 0.916, -1.878, -1.282, 3.351
0.047, 0.03, 0.918, -1.374, 0.076, 2.481
0.02, 0.054, 0.945, -2.664, -0.382, 1.267
0.039, 0.069, 0.934, -2.947, 0.557, -0.786
0.033, 0.077, 0.941, -3.969, -0.282, -0.252
0.055, 0.053, 0.92, -2.916, -0.985, 1.969
0.057, 0.022, 0.896, -0.603, -0.794, 4.229
0.027, 0.012, 0.935, -0.16, -4.366, 4.534
0.039, 0.013, 0.908, 1.382, -3.649, 0.42
0.021, 0.056, 0.927, 0.244, -1.779, -1.992
0.014, 0.078, 0.934, -0.267, -4.153, -2.305
0.045, 0.098, 0.92, -0.893, -3.718, -2.672
0.068, 0.086, 0.876, -0.55, -1.26, 0.618
0.011, 0.101, 0.874, 0.87, -5.221, -0.183
0.03, 0.128, 0.913, 0.832, -4.504, -4.802
-0.01, 0.151, 0.894, 1.534, -4.115, -6.893
-0.031, 0.197, 0.902, 6.794, -10.252, -9.473
-0.087, 0.305, 0.908, 7.359, -18.489, -8.076
-0.105, 0.405, 0.952, 8.924, -20.16, -15.573
-0.115, 0.5, 0.947, 11.809, -28.885, -17.519
-0.12, 0.622, 0.983, 16.718, -34.901, -14.397
-0.096, 0.739, 0.982, 20.458, -42.374, -9.267
-0.11, 0.808, 0.973, 21.168, -44.389, 1.145
-0.142, 0.849, 0.951, 18.489, -43.275, 8.061
-0.154, 0.851, 0.937, 11.595, -39.595, 7.076
-0.206, 0.864, 0.919, 1.977, -44.466, 1.053
-0.174, 0.827, 0.885, -9.496, -37.992, -10.672
-0.2, 0.833, 0.885, -14.74, -36.084, -13.863
-0.19, 0.779, 0.84, -11.389, -36.008, -15.618
-0.246, 0.74, 0.848, -1.87, -47.588, -12.954
-0.071, 0.777, 0.823, 8.198, -52.573, -6.496
0.044, 0.757, 0.775, 18.008, -50.351, 9.344
-0.032, 0.763, 0.858, 23.756, -46.061, 19.412
-0.075, 0.776, 0.916, 20.397, -36.489, 22.855
-0.186, 0.704, 0.944, 18.214, -35.084, 26.305
-0.333, 0.592, 0.921, 22.13, -35.802, 20.878
-0.374, 0.558, 0.993, 26.695, -39.603, 5.069
-0.359, 0.548, 0.97, 26.092, -41.176, -11.771
-0.167, 0.542, 0.921, 27.855, -46.634, -26.0
0.001, 0.719, 0.88, 30.092, -51.473, -11.359
0.077, 0.765, 0.791, 44.435, -46.908, 18.519
0.075, 0.849, 0.824, 57.565, -39.191, 44.901
-0.155, 0.768, 0.935, 65.969, -35.832, 65.16
-0.326, 0.626, 0.992, 73.687, -31.641, 77.351
-0.354, 0.556, 1.036, 75.42, -35.71, 83.038
-0.442, 0.358, 1.062, 76.748, -30.466, 65.275
-0.451, 0.2, 1.008, 74.397, -28.878, 37.824
-0.27, 0.217, 0.987, 71.053, -20.191, 7.305
-0.16, 0.415, 0.966, 71.969, -19.29, 0.863
0.014, 0.67, 0.996, 70.786, -18.527, 16.496
0.174, 0.822, 0.965, 65.595, -12.557, 46.588
0.092, 0.674, 0.947, 56.313, -1.977, 82.863
-0.064, 0.171, 0.893, 60.466, 4.733, 102.092
-0.173, -0.12, 0.998, 69.275, 10.29, 103.58
-0.263, -0.406, 1.092, 73.183, 6.412, 87.046
-0.136, -0.411, 1.184, 67.725, 5.137, 58.328
0.051, -0.225, 1.252, 42.649, 7.16, 31.481
0.185, -0.09, 1.265, 9.221, 8.725, 17.878
0.295, -0.102, 1.155, -16.718, 10.084, 11.672
0.43, -0.315, 0.939, -22.015, 4.519, 13.13
0.605, -0.363, 0.812, -10.267, -7.565, 25.069
0.816, -0.416, 0.631, 7.74, -6.176, 44.649
0.769, -0.487, 0.622, 15.977, 5.305, 52.748
0.673, -0.514, 0.767, 11.107, 25.313, 36.901
0.66, -0.56, 0.635, 2.389, 40.802, 18.969
0.633, -0.602, 0.492, 3.076, 64.443, -5.42
0.686, -0.409, 0.615, 3.595, 81.137, -30.389
0.712, -0.079, 0.786, 1.198, 80.115, -32.267
0.845, 0.156, 0.836, 1.496, 79.282, -30.573
0.849, 0.177, 0.798, -9.58, 73.42, 4.939
0.732, -0.002, 0.77, -5.763, 80.214, 40.55
0.531, -0.249, 0.825, -3.924, 84.718, 46.679
0.391, -0.384, 0.92, -4.282, 83.847, 44.832
0.367, -0.441, 0.889, -1.893, 78.603, 28.809
0.375, -0.461, 0.952, -1.092, 75.382, 17.0
0.432, -0.27, 0.941, 5.489, 71.191, 13.794
0.521, 0.055, 1.005, 1.511, 75.176, 19.382
0.458, 0.126, 0.992, -4.176, 78.321, 41.153
0.255, -0.151, 0.965, -3.527, 78.863, 51.771
0.229, -0.441, 1.013, 2.405, 87.275, 59.87
0.075, -0.593, 1.064, 5.885, 35.748, 47.916
0.13, -0.557, 1.208, -3.267, 34.756, 21.427
0.303, -0.328, 1.104, -3.893, 51.817, -0.053
0.26, -0.081, 1.168, -10.298, 51.824, 2.794
0.247, -0.024, 1.169, -12.13, 47.374, 13.237
0.215, -0.081, 1.104, -7.756, 38.519, 32.985
0.189, -0.142, 1.112, -0.611, 25.985, 47.962
0.15, -0.204, 1.02, -2.16, 23.145, 41.008
0.119, -0.174, 1.09, -8.107, 20.863, 19.374
0.101, -0.109, 1.07, -12.763, 4.13, 5.099
0.152, -0.076, 1.02, -12.069, -5.244, -7.153
0.231, 0.026, 1.0, -13.496, -3.427, -10.611
0.168, 0.004, 0.939, -8.145, -9.916, -3.817
0.243, 0.129, 0.954, -3.45, -21.71, 7.824
0.296, 0.294, 0.974, -7.214, -24.855, 27.679
0.206, 0.269, 1.039, -14.321, -49.481, 43.214
0.179, -0.113, 0.813, -11.641, -52.893, 25.489
0.044, -0.025, 0.988, -11.382, -53.366, 6.29
0.17, -0.089, 0.765, -5.183, -38.275, -7.817
0.305, 0.079, 0.754, -7.588, -13.863, -13.45
0.235, 0.214, 0.874, -8.634, -10.336, -10.542
0.238, 0.275, 0.926, -11.481, -16.779, -7.71
0.265, 0.326, 0.909, -13.405, -19.45, 3.374
0.241, 0.289, 0.901, -13.756, -23.153, 16.183
0.18, 0.183, 0.89, -11.267, -21.802, 22.397
0.147, 0.095, 0.886, -10.817, -16.481, 20.519
0.125, 0.067, 0.915, -9.954, -9.573, 13.924
0.132, 0.06, 0.946, -9.908, -8.817, 5.908
0.185, 0.134, 0.872, -9.305, -5.885, 0.977
0.225, 0.194, 0.839, -7.275, -4.229, 2.374
0.239, 0.317, 0.892, -8.603, 0.916, 2.107
0.235, 0.286, 0.896, -11.198, -0.702, 8.565
0.206, 0.177, 0.813, -7.771, 3.779, 8.985
0.164, 0.151, 0.837, -2.794, 11.565, 6.626
0.132, 0.144, 0.9, -1.641, 16.863, 1.695
0.09, 0.159, 0.943, -2.779, 16.618, -4.679
0.093, 0.197, 0.939, -3.527, 16.427, -11.115
0.103, 0.251, 0.954, -5.824, 15.664, -14.893
0.087, 0.281, 0.971, -8.466, 8.382, -11.374
0.083, 0.225, 0.953, -9.702, 5.092, -12.687
0.091, 0.193, 0.922, -8.611, 7.573, -14.786
0.11, 0.216, 0.901, -5.855, 10.748, -15.542
0.127, 0.214, 0.886, -4.069, 10.893, -13.649
0.143, 0.177, 0.852, -0.908, 14.481, -13.802
0.142, 0.186, 0.857, 0.443, 16.366, -15.298
0.124, 0.186, 0.877, 1.557, 30.519, -25.374
0.142, 0.233, 0.882, -2.618, 33.29, -31.45
0.126, 0.304, 0.91, -3.076, 35.916, -29.237
0.079, 0.328, 0.921, -5.198, 29.924, -16.725
0.042, 0.249, 0.911, -5.053, 27.649, -12.076
0.011, 0.236, 0.941, -3.374, 20.687, -7.885
-0.008, 0.247, 0.974, -4.802, 13.718, -9.053
-0.017, 0.231, 0.97, -7.015, 8.305, -10.557
0.016, 0.246, 0.953, -8.718, 1.603, -11.878
0.071, 0.241, 0.909, -9.237, -0.496, -11.565
0.1, 0.241, 0.845, -7.183, -0.221, -10.069
0.136, 0.218, 0.804, -3.817, 1.824, -5.023
0.116, 0.202, 0.809, 0.435, 4.695, -0.725
0.088, 0.24, 0.882, 1.282, 6.718, 2.458
0.075, 0.237, 0.904, 1.008, 5.107, 2.405
0.086, 0.229, 0.865, 1.244, 5.702, 3.137
0.094, 0.246, 0.844, 1.672, 3.206, 5.603
0.101, 0.252, 0.864, 0.87, 2.458, 7.924
0.069, 0.278, 0.907, -1.214, 0.412, 9.893
0.05, 0.31, 0.95, -5.672, -3.771, 11.87
0.04, 0.284, 0.947, -9.443, -10.718, 15.153
0.052, 0.195, 0.89, -11.45, -16.115, 15.321
0.154, 0.129, 0.758, -12.107, -11.763, 13.344
0.145, 0.207, 0.824, -7.031, -18.924, 17.565
0.121, 0.205, 0.878, -5.115, -23.366, 21.214
0.099, 0.204, 0.895, -5.015, -28.092, 18.992
0.124, 0.201, 0.921, -6.031, -27.115, 17.053
0.135, 0.187, 0.908, -6.664, -26.924, 15.534
0.162, 0.173, 0.85, -6.176, -25.206, 11.656
0.17, 0.188, 0.819, -5.458, -21.672, 9.756
0.205, 0.187, 0.792, -3.221, -14.733, 9.069
0.182, 0.207, 0.815, -0.672, -12.878, 11.588
0.197, 0.219, 0.833, 0.298, -9.649, 14.916
0.163, 0.184, 0.864, 2.351, -4.458, 12.962
0.139, 0.212, 0.913, 3.947, -8.015, 17.374
0.171, 0.237, 0.883, 3.611, -1.153, 12.107
0.157, 0.262, 0.899, 1.74, -5.168, 17.595
0.144, 0.244, 0.923, 1.786, -4.847, 19.176
0.104, 0.182, 0.945, 2.237, -3.634, 13.45
0.103, 0.173, 0.935, 2.244, -4.695, 9.756
0.115, 0.214, 0.956, 1.092, -4.0, 4.511
0.15, 0.246, 0.937, -1.031, -2.603, 1.366
0.157, 0.245, 0.882, -1.382, -2.55, 1.565
0.176, 0.25, 0.888, -0.74, -1.542, 2.58
0.174, 0.209, 0.852, 0.053, 1.206, 5.244
0.149, 0.185, 0.87, 2.74, 3.344, 5.191
0.14, 0.193, 0.88, 3.031, 4.954, 4.389
0.125, 0.209, 0.914, 3.901, 5.038, 2.695
0.133, 0.232, 0.907, 2.031, 5.313, 1.427
0.144, 0.256, 0.908, 0.206, 6.992, 1.015
0.146, 0.266, 0.894, -1.015, 5.061, 1.611
0.149, 0.222, 0.875, -0.221, 4.931, 3.763
0.138, 0.224, 0.877, -0.252, 7.443, 3.763
0.137, 0.211, 0.872, 0.473, 10.427, 5.046
0.146, 0.222, 0.865, 1.13, 13.885, 5.893
0.172, 0.216, 0.837, 2.458, 17.435, 6.435
0.144, 0.218, 0.879, 2.634, 19.061, 5.198
0.155, 0.234, 0.891, 0.29, 19.198, 3.504
0.134, 0.223, 0.888, -0.718, 19.672, 2.267
0.122, 0.211, 0.884, -0.969, 22.695, 1.74
0.104, 0.221, 0.881, 0.107, 22.924, 2.023
0.1, 0.258, 0.922, -1.29, 18.168, 3.573
0.066, 0.244, 0.933, -4.405, 13.137, 2.252
0.079, 0.229, 0.925, -6.924, 9.634, 1.366
0.107, 0.195, 0.9, -7.473, 7.153, -0.679
0.108, 0.183, 0.901, -7.359, 6.45, -1.427
0.119, 0.19, 0.88, -5.878, 4.84, -1.397
0.111, 0.196, 0.892, -3.74, 2.229, -0.344
0.123, 0.239, 0.907, -4.305, 2.305, 0.168
0.112, 0.216, 0.894, -3.687, 3.313, -0.015
0.102, 0.252, 0.908, -4.855, 2.374, -0.695
0.113, 0.258, 0.91, -6.649, -0.359, -0.282
0.117, 0.241, 0.903, -7.847, -0.695, 0.71
0.107, 0.219, 0.879, -8.901, -0.832, 1.191
0.129, 0.155, 0.841, -6.832, 0.473, 0.687
0.163, 0.195, 0.827, -4.481, 3.71, 0.45
0.163, 0.222, 0.839, -3.855, 7.45, 1.473
0.131, 0.212, 0.887, -4.504, 9.031, 1.908
0.124, 0.208, 0.897, -5.366, 10.069, 1.26
0.107, 0.196, 0.903, -5.763, 10.008, 0.718
0.105, 0.213, 0.908, -6.519, 6.435, -0.626
0.113, 0.189, 0.881, -5.824, 5.313, -0.771
0.12, 0.187, 0.872, -3.847, 5.58, 0.092
0.089, 0.192, 0.908, -3.206, 6.16, -0.962
0.094, 0.219, 0.93, -4.336, 5.954, -1.565
0.083, 0.233, 0.931, -5.71, 4.527, -1.908
0.086, 0.258, 0.946, -7.344, 3.046, -2.069
0.085, 0.269, 0.94, -9.221, 1.588, -0.626
0.101, 0.232, 0.9, -9.977, -0.374, 1.603
0.105, 0.17, 0.869, -8.153, 0.183, 2.046
0.119, 0.167, 0.842, -5.763, 1.374, 0.626
0.122, 0.21, 0.892, -5.191, 2.718, 0.893
0.118, 0.222, 0.9, -6.237, 3.885, 0.122
0.099, 0.247, 0.92, -7.191, 2.122, -0.076
0.127, 0.234, 0.888, -8.962, 3.336, 0.763
0.12, 0.198, 0.856, -7.015, 4.237, 1.786
0.104, 0.142, 0.864, -3.84, 5.374, 2.809
0.102, 0.144, 0.895, -2.298, 6.489, 1.466
0.097, 0.145, 0.898, -1.168, 6.672, 0.069
0.109, 0.173, 0.905, -0.557, 7.412, -1.817
0.104, 0.206, 0.894, -1.153, 8.221, -3.878
0.116, 0.261, 0.899, -1.771, 9.0, -2.038
0.107, 0.277, 0.898, -2.954, 8.252, -0.122
0.078, 0.26, 0.914, -3.153, 8.389, 3.618
0.057, 0.198, 0.927, -2.611, 5.275, 4.878
0.065, 0.188, 0.926, -1.45, 2.58, 4.237
0.083, 0.197, 0.931, -1.198, 0.16, 3.832
0.119, 0.209, 0.888, -0.656, 2.221, 4.779
0.102, 0.214, 0.898, -1.267, 2.412, 5.634
0.09, 0.184, 0.875, -2.038, 3.748, 4.206
0.1, 0.203, 0.899, -1.008, 3.954, 3.466
0.098, 0.217, 0.905, -1.298, 4.305, 5.489
0.088, 0.219, 0.913, -1.382, 2.58, 7.542
0.082, 0.202, 0.923, -1.359, 0.664, 7.802
0.088, 0.198, 0.899, -1.702, 0.779, 7.29
0.104, 0.174, 0.865, -1.168, 0.221, 5.427
0.124, 0.205, 0.857, -0.313, 2.206, 5.038
0.115, 0.211, 0.86, 0.519, 4.145, 6.977
0.107, 0.209, 0.888, 0.908, 5.389, 7.855
0.089, 0.218, 0.921, 0.176, 4.115, 8.344
0.081, 0.231, 0.95, -1.435, 1.656, 10.443
0.07, 0.194, 0.934, -1.634, -0.802, 10.26
0.061, 0.199, 0.932, -1.748, -3.473, 10.046
0.084, 0.23, 0.933, -3.527, -5.076, 9.74
0.096, 0.209, 0.891, -3.336, -4.435, 10.885
0.075, 0.2, 0.905, -2.626, -4.786, 11.214
0.055, 0.164, 0.92, -3.55, -6.008, 8.71
0.084, 0.164, 0.902, -3.527, -5.473, 5.282
0.11, 0.2, 0.892, -3.84, -5.336, 3.382
0.134, 0.214, 0.859, -3.511, -4.641, 4.122
0.145, 0.229, 0.857, -2.824, -2.947, 6.351
0.136, 0.221, 0.867, -1.588, 0.13, 8.458
0.108, 0.225, 0.903, -0.908, 0.0, 10.351
0.076, 0.199, 0.93, -1.45, -1.046, 10.443
0.067, 0.182, 0.944, -1.45, -1.679, 8.901
0.072, 0.166, 0.939, -2.359, -2.481, 5.26
0.107, 0.186, 0.926, -3.458, -1.977, 2.763
0.118, 0.199, 0.893, -2.939, -0.443, 2.679
0.13, 0.227, 0.892, -2.557, 1.519, 2.809
0.11, 0.26, 0.886, -3.71, 0.573, 3.71
0.112, 0.25, 0.909, -3.58, 1.0, 7.053
0.102, 0.208, 0.902, -3.725, 0.794, 7.153
0.098, 0.15, 0.885, -2.603, 0.702, 5.939
0.117, 0.14, 0.879, -1.382, 1.466, 2.725
0.134, 0.142, 0.864, -0.374, 3.893, 1.084
0.127, 0.195, 0.886, 0.053, 5.176, 1.924
0.125, 0.211, 0.883, 0.13, 7.473, 4.382
0.099, 0.222, 0.896, 0.069, 7.405, 4.618
0.089, 0.225, 0.911, -1.542, 6.435, 3.679
0.094, 0.188, 0.905, -1.511, 6.008, 2.626
0.091, 0.159, 0.886, -1.656, 5.611, -0.084
0.128, 0.169, 0.858, -0.771, 8.191, -3.374
0.141, 0.219, 0.861, -0.015, 9.29, -3.099
0.136, 0.241, 0.882, -1.16, 11.221, -2.145
0.106, 0.234, 0.888, -2.244, 12.595, -1.504
0.096, 0.233, 0.901, -2.756, 13.099, 0.008
0.067, 0.2, 0.924, -3.603, 11.282, -0.008
0.08, 0.192, 0.927, -3.374, 9.16, -1.412
0.071, 0.176, 0.92, -2.87, 8.229, -1.504
0.063, 0.187, 0.91, -2.893, 8.076, -2.176
0.067, 0.191, 0.917, -3.137, 7.466, -2.656
0.08, 0.21, 0.916, -4.092, 7.519, -4.71
0.076, 0.226, 0.916, -4.031, 6.405, -3.626
0.079, 0.213, 0.914, -4.466, 5.435, -2.908
0.09, 0.22, 0.889, -5.031, 5.649, -3.321
0.087, 0.242, 0.909, -5.779, 4.496, -1.382
0.071, 0.211, 0.887, -5.893, 2.954, -0.42
0.064, 0.186, 0.882, -5.321, 2.603, -1.527
0.071, 0.189, 0.882, -4.786, 2.252, -1.763
0.085, 0.202, 0.896, -4.672, 1.931, -2.931
0.078, 0.197, 0.891, -4.588, 2.55, -2.435
0.089, 0.199, 0.891, -4.26, 2.954, -3.031
0.103, 0.211, 0.888, -3.893, 3.802, -1.924
0.09, 0.236, 0.895, -3.321, 3.985, 0.069
0.098, 0.245, 0.903, -4.267, 3.359, 2.084
0.077, 0.24, 0.929, -4.885, 2.42, 3.397
0.075, 0.229, 0.929, -5.374, 1.153, 5.763
0.056, 0.206, 0.925, -5.756, 0.221, 7.359
0.05, 0.15, 0.915, -4.725, 0.351, 6.511
0.065, 0.158, 0.906, -3.534, 0.076, 4.824
0.08, 0.168, 0.888, -2.939, 0.084, 3.924
0.1, 0.173, 0.864, -2.122, 0.031, 1.275
0.095, 0.186, 0.866, -1.076, 0.389, 1.076
0.098, 0.208, 0.898, -0.618, 1.305, 2.435
0.068, 0.217, 0.931, -1.366, 0.489, 4.053
0.08, 0.231, 0.941, -3.023, 0.122, 4.611
0.067, 0.227, 0.914, -3.374, -3.015, 4.901
0.076, 0.221, 0.922, -4.16, -4.321, 6.405
0.071, 0.19, 0.919, -5.153, -4.985, 6.321
0.06, 0.164, 0.895, -4.489, -4.962, 3.947
0.084, 0.146, 0.891, -4.885, -5.969, 2.481
0.115, 0.155, 0.839, -4.0, -2.656, -0.282
0.135, 0.178, 0.836, -2.023, 0.313, 0.0
0.124, 0.181, 0.858, -0.092, 2.435, 2.42
0.103, 0.163, 0.857, 1.336, 3.069, 2.565
0.072, 0.191, 0.905, 1.618, 2.969, 1.679
0.078, 0.217, 0.899, 1.29, 2.504, 1.214
0.071, 0.23, 0.913, 0.924, 1.863, 1.924
0.061, 0.252, 0.93, -0.336, 0.412, 3.244
0.052, 0.255, 0.94, -1.389, -0.611, 4.305
0.048, 0.245, 0.951, -3.237, -0.351, 4.542
0.049, 0.216, 0.922, -5.046, -2.664, 3.885
0.083, 0.214, 0.872, -4.511, -2.725, 3.069
