0.008 -0.179 0.922 -2.962 4.053 1.527
0.012 -0.193 0.913 -1.756 3.237 2.298
0.013 -0.203 0.908 -0.595 2.641 2.519
-0.006 -0.199 0.925 -0.366 3.038 2.023
-0.007 -0.196 0.927 -1.229 3.763 -0.427
-0.001 -0.19 0.911 -1.55 5.695 -1.351
0.002 -0.189 0.919 -0.901 6.504 -1.42
0.005 -0.181 0.914 0.26 4.282 -1.397
0.0 -0.164 0.94 0.29 2.389 -0.756
0.019 -0.162 0.945 -0.878 1.695 -0.038
0.022 -0.166 0.917 -0.74 0.511 0.168
0.02 -0.163 0.926 -0.305 -0.107 0.725
0.014 -0.159 0.925 -0.74 0.282 0.046
0.011 -0.172 0.918 -0.397 0.878 -0.206
0.012 -0.172 0.913 -1.015 1.382 0.122
0.038 -0.169 0.911 -0.588 2.443 1.13
0.037 -0.162 0.937 -1.244 3.489 1.878
0.025 -0.163 0.927 -2.183 5.206 2.183
0.022 -0.158 0.942 -3.122 3.74 2.16
0.042 -0.151 0.903 -3.786 5.901 2.733
0.001 -0.172 0.912 -2.885 3.313 3.275
0.007 -0.181 0.906 -1.878 0.351 2.847
0.026 -0.191 0.924 -1.542 1.809 3.176
0.002 -0.183 0.933 -1.977 1.847 1.55
0.008 -0.172 0.944 -3.084 2.977 1.145
-0.022 -0.19 0.946 -3.313 3.756 1.008
-0.014 -0.187 0.938 -3.252 3.702 1.198
-0.014 -0.186 0.933 -2.656 2.595 0.672
-0.008 -0.183 0.93 -1.802 1.244 0.588
0.001 -0.185 0.91 -0.565 0.672 0.771
-0.005 -0.176 0.942 -1.641 0.153 0.977
0.0 -0.182 0.919 -1.405 -0.855 1.046
0.019 -0.173 0.92 -1.076 -0.099 1.191
0.019 -0.166 0.915 -1.099 0.145 0.42
0.028 -0.165 0.93 -1.672 2.588 0.046
0.035 -0.167 0.931 -2.099 2.786 0.534
0.032 -0.176 0.922 -1.71 1.786 0.13
0.011 -0.169 0.923 -1.023 1.733 0.473
0.01 -0.152 0.927 -1.321 1.412 1.344
-0.001 -0.157 0.936 -1.954 0.519 1.183
-0.001 -0.154 0.932 -1.962 -1.183 1.405
0.015 -0.167 0.918 -1.153 -2.42 1.771
0.004 -0.17 0.915 -0.229 -3.55 1.534
0.014 -0.16 0.922 -0.679 -2.015 1.336
0.01 -0.164 0.915 -1.389 0.145 1.344
0.02 -0.164 0.906 -1.237 0.802 0.725
0.034 -0.154 0.92 -1.275 2.168 0.45
0.032 -0.165 0.911 -1.153 2.855 0.618
0.011 -0.169 0.919 -0.794 3.061 -0.336
0.009 -0.181 0.918 -0.908 2.611 -0.534
0.016 -0.166 0.929 0.168 1.061 -0.076
0.014 -0.157 0.934 0.359 0.084 0.878
0.007 -0.148 0.94 -1.145 0.061 0.519
0.01 -0.154 0.929 -1.855 -0.031 1.588
0.013 -0.153 0.924 -2.076 0.969 1.595
-0.018 -0.162 0.939 -2.053 0.443 1.252
0.016 -0.155 0.933 -2.71 -0.26 0.832
0.026 -0.15 0.917 -3.588 1.168 1.115
0.02 -0.148 0.931 -4.802 2.275 1.527
0.008 -0.166 0.92 -3.344 1.641 2.42
-0.007 -0.18 0.899 -1.748 0.038 2.336
-0.001 -0.177 0.893 0.031 -0.214 2.84
0.006 -0.169 0.902 0.511 -1.351 1.962
0.029 -0.17 0.913 0.053 -0.55 2.0
0.026 -0.182 0.926 -0.977 1.061 1.588
0.008 -0.189 0.945 -2.084 2.305 0.473
0.003 -0.186 0.939 -3.107 3.779 -0.473
0.0 -0.188 0.937 -2.611 1.916 -1.725
0.013 -0.169 0.913 -1.855 2.641 -0.466
0.013 -0.178 0.913 -1.305 1.924 1.389
0.001 -0.191 0.909 0.122 0.496 1.473
-0.002 -0.174 0.933 0.176 -1.435 1.893
0.003 -0.168 0.927 0.008 -0.42 1.985
-0.001 -0.167 0.923 -0.275 -0.084 1.534
0.005 -0.156 0.929 -0.573 -0.076 1.305
0.001 -0.166 0.929 -0.817 -0.55 0.939
0.012 -0.165 0.921 -1.252 -0.061 0.321
0.006 -0.173 0.917 -1.305 -0.046 -0.71
0.009 -0.168 0.916 -0.992 1.023 -1.55
0.005 -0.155 0.931 -0.397 -0.412 -1.168
0.012 -0.155 0.929 -0.145 -0.573 -0.176
0.032 -0.139 0.944 -0.756 -0.695 0.061
0.034 -0.144 0.942 -2.962 0.878 0.519
0.02 -0.157 0.93 -2.939 1.359 0.71
0.003 -0.16 0.919 -2.55 0.145 0.832
0.01 -0.164 0.92 -2.053 -0.466 0.382
0.011 -0.159 0.911 -1.748 -1.389 0.198
0.024 -0.158 0.922 -1.427 -1.87 0.214
0.028 -0.15 0.917 -1.267 -1.679 1.206
0.02 -0.15 0.92 -1.725 -1.122 1.107
0.014 -0.147 0.927 -2.939 -0.374 1.725
0.018 -0.135 0.937 -3.824 1.069 1.008
0.023 -0.155 0.909 -3.374 1.771 2.267
0.019 -0.167 0.914 -2.29 -0.153 2.924
0.01 -0.175 0.911 -1.191 0.16 2.924
-0.002 -0.167 0.925 -1.84 -0.351 2.008
0.01 -0.153 0.93 -2.718 -0.069 1.305
0.013 -0.153 0.922 -2.588 -0.87 2.336
0.028 -0.161 0.918 -2.229 -0.893 2.687
0.013 -0.155 0.93 -2.695 -0.527 2.45
0.027 -0.157 0.93 -3.611 1.496 1.885
0.017 -0.165 0.93 -4.298 2.366 1.947
0.016 -0.166 0.914 -2.901 1.221 2.313
0.025 -0.159 0.902 -0.763 -0.901 4.069
0.021 -0.172 0.91 0.168 -2.824 4.267
0.026 -0.173 0.908 0.336 -1.779 3.412
0.021 -0.163 0.922 -0.695 0.221 1.977
0.016 -0.152 0.934 -1.733 0.183 1.672
0.024 -0.143 0.939 -3.588 1.786 2.145
0.021 -0.159 0.924 -4.374 2.878 3.0
0.016 -0.172 0.915 -3.595 3.13 3.481
0.012 -0.168 0.916 -3.122 3.824 3.351
0.019 -0.164 0.912 -3.244 2.626 2.664
0.015 -0.161 0.913 -2.405 2.084 2.496
0.016 -0.167 0.902 -1.397 0.221 2.336
0.012 -0.179 0.914 -0.656 -0.076 2.763
0.007 -0.172 0.921 -0.618 -0.282 2.382
0.009 -0.163 0.922 -1.366 0.779 1.695
0.022 -0.166 0.917 -1.947 1.534 1.267
0.01 -0.162 0.926 -2.107 2.084 1.565
0.005 -0.159 0.916 -1.359 -0.481 1.527
0.013 -0.164 0.903 -0.718 -1.015 1.656
0.02 -0.156 0.92 -0.786 0.191 1.504
0.014 -0.151 0.937 -2.527 2.802 1.115
0.013 -0.152 0.943 -3.931 4.366 -0.13
0.025 -0.155 0.936 -3.794 3.473 0.076
0.008 -0.165 0.935 -2.733 2.275 0.855
0.008 -0.165 0.922 -2.046 0.237 0.87
0.014 -0.163 0.914 -0.939 -0.382 1.344
0.016 -0.159 0.922 -1.229 0.321 1.305
0.018 -0.15 0.923 -1.267 0.313 1.107
0.023 -0.146 0.932 -1.534 0.939 1.748
0.021 -0.145 0.927 -1.901 0.756 2.008
0.014 -0.144 0.924 -2.008 1.557 1.748
0.009 -0.15 0.938 -2.481 0.947 1.702
0.015 -0.147 0.932 -3.237 1.008 1.527
0.025 -0.156 0.917 -3.534 1.954 0.916
0.01 -0.149 0.926 -3.809 2.313 0.756
0.011 -0.141 0.929 -4.405 1.733 0.992
0.011 -0.123 0.935 -5.023 1.87 1.321
0.007 -0.118 0.936 -5.267 1.275 2.947
-0.003 -0.108 0.929 -4.397 1.305 4.092
-0.033 -0.088 0.927 -3.427 0.046 4.725
-0.031 -0.025 0.958 -1.916 -3.038 5.168
-0.06 0.038 0.994 -0.58 -6.992 7.038
-0.076 0.091 1.008 3.489 -11.985 8.603
-0.136 0.191 1.065 4.718 -15.779 9.534
-0.184 0.292 1.105 7.511 -20.679 10.489
-0.244 0.408 1.158 8.992 -29.031 9.275
-0.258 0.533 1.212 8.71 -32.71 4.901
-0.328 0.624 1.252 1.313 -26.916 -2.954
-0.298 0.637 1.2 -4.015 -26.573 -8.847
-0.27 0.63 1.196 -9.557 -24.397 -12.344
-0.228 0.643 1.141 -11.244 -29.885 -10.519
-0.179 0.645 1.105 -12.382 -27.603 -6.672
-0.268 0.631 1.131 -17.176 -26.344 -11.053
-0.367 0.635 1.178 -21.649 -25.939 -14.695
-0.409 0.628 1.26 -29.069 -25.893 -19.435
-0.43 0.614 1.269 -31.206 -35.489 -17.527
-0.435 0.57 1.273 -27.16 -57.725 -14.282
-0.273 0.559 1.107 -19.061 -70.855 -1.802
-0.3 0.453 1.087 -10.511 -75.863 7.42
-0.301 0.415 1.083 -12.985 -76.42 5.313
-0.21 0.406 1.026 -24.298 -52.962 -1.74
-0.202 0.392 1.018 -34.466 -28.061 -12.595
-0.158 0.386 1.03 -32.397 -23.321 -13.687
-0.08 0.352 1.007 -21.229 -32.511 -4.511
-0.1 0.292 0.971 -3.046 -54.336 7.748
-0.122 0.17 0.949 11.641 -69.962 11.336
0.013 0.142 0.892 15.191 -64.511 19.924
-0.052 0.092 0.936 14.832 -53.031 29.473
-0.006 -0.021 0.984 1.725 -23.847 30.687
-0.056 -0.216 0.927 -5.427 2.13 26.328
-0.208 -0.448 0.859 -1.237 2.053 30.885
-0.113 -0.593 0.718 7.145 -2.71 32.153
0.01 -0.698 0.626 21.786 -19.565 40.908
0.268 -0.647 0.7 37.366 -42.313 79.626
0.55 -0.663 0.653 47.496 -57.427 105.168
0.657 -0.78 0.486 53.214 -54.084 131.504
0.57 -0.857 0.423 54.802 -31.802 143.664
0.397 -0.912 0.484 52.031 -12.16 139.908
0.212 -1.076 0.589 47.641 4.756 122.336
0.128 -1.229 0.537 47.496 15.031 101.649
0.084 -1.304 0.553 50.771 9.786 73.611
0.334 -1.214 0.531 55.168 16.382 53.603
0.425 -1.102 0.589 61.496 20.947 45.16
0.576 -0.879 0.69 65.336 26.244 50.275
0.598 -0.789 0.645 69.588 32.435 44.198
0.529 -0.738 0.673 69.481 31.763 41.71
0.458 -0.596 0.802 66.275 26.435 46.84
0.348 -0.659 0.859 63.962 10.893 28.916
0.412 -0.674 0.808 63.511 19.817 30.053
0.456 -0.562 0.749 69.267 49.87 31.595
0.341 -0.425 0.903 62.695 56.031 37.443
0.398 -0.25 0.902 59.695 43.817 40.053
0.457 -0.088 0.921 51.962 45.466 36.573
0.403 -0.04 0.833 42.557 46.977 36.855
0.329 -0.049 0.832 33.55 43.13 29.496
0.328 -0.036 0.767 27.046 52.443 27.931
0.21 -0.104 0.793 28.122 55.74 31.687
0.157 -0.116 0.803 22.183 56.198 24.588
0.127 -0.1 0.916 14.924 64.649 16.244
0.113 0.041 1.046 7.992 48.122 19.634
0.126 0.045 1.062 1.969 34.191 12.389
0.185 0.106 1.051 -7.809 32.519 20.366
0.208 0.157 1.015 -14.664 30.069 35.618
0.118 0.05 0.99 -16.336 28.733 49.687
-0.018 -0.063 0.979 -18.519 23.908 54.809
-0.153 -0.214 0.983 -20.626 18.176 46.679
-0.228 -0.315 0.949 -22.176 13.626 31.275
-0.182 -0.308 0.963 -25.153 14.076 19.992
-0.071 -0.232 1.005 -24.206 4.282 12.504
-0.003 -0.138 1.067 -25.626 4.618 17.244
0.053 -0.084 1.069 -27.244 0.252 23.55
0.083 -0.08 1.007 -30.153 0.221 29.504
0.032 -0.113 0.987 -29.588 2.221 36.031
-0.048 -0.204 0.963 -27.42 -0.405 36.435
-0.097 -0.247 0.965 -26.267 -6.336 29.779
-0.101 -0.244 1.01 -26.145 -10.084 24.885
-0.075 -0.251 1.008 -28.374 -9.87 18.519
-0.078 -0.28 0.991 -29.84 -11.176 10.885
-0.023 -0.25 0.994 -31.389 -13.023 4.489
0.027 -0.222 0.979 -28.076 -13.519 5.992
0.051 -0.18 0.962 -27.0 -17.206 6.42
0.093 -0.157 0.974 -23.695 -22.206 7.344
0.111 -0.142 0.981 -23.519 -24.947 7.328
0.103 -0.148 0.961 -21.817 -26.603 8.565
0.08 -0.176 0.951 -17.733 -30.076 9.084
0.051 -0.208 0.941 -15.939 -31.718 4.977
0.051 -0.214 0.948 -15.427 -29.985 0.786
0.014 -0.21 1.001 -14.0 -36.824 -2.901
0.127 -0.155 0.917 -12.115 -39.359 -5.313
0.168 -0.102 0.947 -13.664 -32.26 -5.534
0.167 -0.08 1.051 -13.038 -42.092 -4.374
0.257 -0.05 0.939 -12.412 -47.336 -1.176
0.226 -0.094 0.93 -15.031 -38.183 2.565
0.229 -0.113 0.918 -16.176 -34.885 5.931
0.216 -0.143 0.923 -12.298 -39.824 7.84
0.192 -0.161 0.974 -16.634 -37.405 5.16
0.153 -0.209 0.929 -15.55 -36.939 -2.282
0.197 -0.194 0.856 -14.969 -27.031 -4.092
0.229 -0.191 0.864 -13.313 -18.13 -7.023
0.254 -0.159 0.867 -11.008 -14.802 -5.527
0.265 -0.128 0.892 -9.382 -9.397 -1.702
0.268 -0.131 0.902 -8.061 -6.992 3.061
0.256 -0.134 0.875 -5.511 -5.137 5.267
0.225 -0.154 0.912 -6.115 -4.969 3.107
0.196 -0.183 0.899 -6.947 0.13 0.473
0.148 -0.228 0.874 -5.435 4.74 -4.137
0.156 -0.224 0.87 -2.16 5.45 -8.595
0.173 -0.202 0.867 0.664 10.16 -11.588
0.17 -0.151 0.886 2.969 12.115 -11.771
0.214 -0.093 0.906 5.389 10.466 -9.099
0.238 -0.052 0.919 6.496 11.076 -4.176
0.229 -0.028 0.939 8.069 12.313 0.733
0.19 -0.069 0.955 9.168 8.382 4.191
0.117 -0.096 0.969 6.832 9.55 2.557
0.082 -0.129 0.958 5.809 5.389 -2.412
0.08 -0.133 0.981 -0.061 5.153 -7.198
0.121 -0.108 0.933 -1.374 7.702 -9.992
0.131 -0.083 0.934 -3.939 12.069 -8.939
0.176 -0.041 0.9 -3.763 10.16 -7.603
0.162 -0.047 0.919 -4.511 8.366 -6.542
0.176 -0.039 0.897 -4.443 9.214 -4.672
0.175 -0.062 0.885 -3.382 11.847 -3.229
0.122 -0.078 0.912 -0.664 10.359 -1.336
0.097 -0.084 0.927 0.489 8.107 2.176
0.097 -0.098 0.956 -2.168 11.977 1.0
0.058 -0.104 0.962 -3.046 3.947 -3.252
0.088 -0.111 0.929 -5.046 3.038 -3.748
0.084 -0.122 0.941 -7.038 16.137 -6.084
0.112 -0.097 0.898 -5.412 6.282 -5.779
0.16 -0.097 0.879 -3.504 7.924 -3.023
0.122 -0.083 0.906 -2.947 5.198 -4.473
0.134 -0.078 0.928 -3.565 4.221 -2.137
0.147 -0.074 0.944 -4.13 7.443 -0.069
0.135 -0.095 0.915 -4.107 5.87 -1.664
0.105 -0.124 0.919 -4.191 2.794 -1.992
0.108 -0.138 0.896 -3.115 2.656 -2.351
0.141 -0.129 0.89 -2.29 4.298 -1.786
0.141 -0.111 0.905 -0.511 3.687 -0.359
0.153 -0.089 0.93 -0.16 0.985 1.412
0.154 -0.07 0.952 -2.824 1.267 2.687
0.138 -0.073 0.954 -5.267 0.221 3.687
0.109 -0.111 0.944 -7.168 -0.603 2.58
0.102 -0.136 0.923 -6.977 -1.885 0.305
0.115 -0.147 0.89 -5.832 -2.252 -2.229
0.14 -0.147 0.861 -2.725 -1.55 -2.649
0.158 -0.131 0.884 -1.275 -2.221 -3.527
0.172 -0.092 0.896 0.298 -0.954 -1.061
0.153 -0.088 0.93 1.588 -1.13 2.168
0.165 -0.064 0.944 0.412 -2.573 2.649
0.152 -0.06 0.97 -1.282 -2.71 4.519
0.132 -0.094 0.963 -2.099 -3.855 5.076
0.115 -0.11 0.962 -2.84 -4.809 4.397
0.091 -0.133 0.966 -3.832 -8.183 2.893
0.109 -0.124 0.947 -4.443 -5.191 -0.382
0.142 -0.109 0.914 -4.626 -3.55 -0.26
0.165 -0.089 0.915 -2.931 -2.71 -0.374
0.152 -0.074 0.92 -2.244 -4.641 0.389
0.17 -0.064 0.931 -2.832 -2.145 1.466
0.166 -0.078 0.945 -3.427 1.695 3.511
0.146 -0.084 0.952 -4.038 0.328 4.725
0.156 -0.071 0.955 -4.466 -1.359 4.29
0.162 -0.073 0.955 -5.847 0.733 5.389
0.141 -0.098 0.949 -6.649 -1.443 5.634
0.143 -0.114 0.921 -6.603 -1.389 4.718
0.132 -0.129 0.907 -5.405 -0.832 4.618
0.126 -0.142 0.903 -4.328 -1.252 3.008
0.142 -0.135 0.912 -3.115 0.0 3.542
0.154 -0.134 0.922 -3.214 0.008 2.328
0.159 -0.116 0.929 -3.0 1.397 3.427
0.152 -0.125 0.939 -2.924 -0.282 3.466
0.148 -0.1 0.944 -4.611 1.076 4.237
0.156 -0.092 0.952 -6.87 1.756 4.573
0.155 -0.096 0.938 -8.893 1.023 3.954
0.155 -0.112 0.911 -8.763 2.855 4.496
0.155 -0.139 0.891 -6.802 2.718 3.771
0.145 -0.15 0.878 -4.405 2.87 3.328
0.136 -0.155 0.9 -2.878 3.183 1.687
0.132 -0.15 0.919 -3.214 4.069 1.046
0.152 -0.129 0.929 -3.519 4.878 2.115
0.142 -0.121 0.936 -3.145 3.42 2.275
0.149 -0.103 0.944 -3.992 3.962 3.313
0.14 -0.115 0.94 -4.855 3.473 3.389
0.129 -0.119 0.959 -5.45 2.466 2.641
0.134 -0.126 0.928 -5.947 4.214 2.168
0.126 -0.146 0.91 -4.74 4.214 0.588
0.13 -0.141 0.91 -3.397 4.023 -0.153
0.12 -0.129 0.923 -2.244 4.427 0.206
0.12 -0.135 0.941 -1.099 2.702 0.107
0.088 -0.14 0.964 -1.031 -0.107 -0.031
0.115 -0.121 0.957 -3.71 0.321 -0.802
0.131 -0.115 0.926 -5.878 1.939 -0.511
0.134 -0.107 0.926 -5.702 1.962 -0.183
0.126 -0.113 0.941 -5.405 4.107 0.496
0.131 -0.126 0.903 -4.863 4.489 0.092
0.112 -0.141 0.9 -2.42 1.672 -0.282
0.132 -0.134 0.895 -1.321 1.802 -2.153
0.134 -0.122 0.909 -0.573 3.061 -1.084
0.105 -0.116 0.933 -1.008 0.664 -2.328
0.118 -0.104 0.927 -2.481 -0.443 -2.641
0.142 -0.092 0.94 -4.878 0.374 -3.031
0.138 -0.099 0.926 -6.031 0.015 -2.374
0.14 -0.102 0.915 -6.863 -0.359 -2.092
0.133 -0.139 0.881 -6.947 0.595 -2.198
0.123 -0.162 0.889 -6.13 1.046 -2.366
0.135 -0.143 0.88 -4.802 1.725 -2.153
0.149 -0.139 0.89 -3.0 0.908 -0.649
0.144 -0.12 0.887 -2.168 2.176 0.557
0.132 -0.118 0.916 -1.832 0.496 0.924
0.129 -0.108 0.941 -3.542 -0.076 0.588
0.137 -0.104 0.944 -6.13 1.626 0.107
0.129 -0.123 0.931 -6.427 1.924 0.008
0.121 -0.142 0.906 -6.817 1.947 -1.794
0.147 -0.138 0.879 -6.336 4.504 -1.336
0.125 -0.148 0.891 -3.29 3.0 0.305
0.127 -0.125 0.921 -2.221 1.229 -0.519
0.148 -0.118 0.932 -2.031 1.947 -0.344
0.136 -0.106 0.952 -3.023 1.321 -0.924
0.131 -0.105 0.954 -3.115 1.061 -0.42
0.135 -0.119 0.952 -3.779 0.748 0.489
0.122 -0.13 0.946 -4.282 1.824 0.893
0.12 -0.139 0.927 -3.565 2.824 1.702
0.104 -0.141 0.949 -2.534 0.885 1.336
0.115 -0.133 0.952 -2.656 0.626 0.901
0.13 -0.12 0.953 -3.519 1.977 1.221
0.128 -0.118 0.948 -3.985 0.229 -0.084
0.146 -0.111 0.948 -3.794 1.931 0.473
0.155 -0.112 0.933 -3.809 0.069 1.0
0.146 -0.122 0.92 -3.382 -0.26 2.908
0.134 -0.137 0.921 -3.435 0.13 1.26
0.129 -0.14 0.918 -3.351 0.084 1.0
0.138 -0.143 0.913 -2.962 2.031 0.519
0.131 -0.145 0.925 -3.008 2.427 0.298
0.133 -0.131 0.938 -2.344 0.748 -0.489
0.136 -0.123 0.922 -3.794 1.756 -1.702
0.149 -0.125 0.917 -3.374 2.565 -0.496
0.149 -0.125 0.905 -2.687 1.679 -0.756
0.159 -0.123 0.903 -2.252 3.779 0.168
0.143 -0.124 0.902 -1.901 4.832 1.366
0.143 -0.123 0.908 -1.458 3.641 2.855
0.141 -0.122 0.92 -1.786 3.427 3.16
0.126 -0.133 0.911 -3.252 4.076 2.275
0.138 -0.131 0.896 -4.084 1.573 -0.145
0.163 -0.139 0.883 -4.412 2.863 -0.885
0.153 -0.134 0.881 -3.794 5.305 -0.26
0.145 -0.143 0.888 -1.992 4.847 0.939
0.128 -0.148 0.895 -0.489 4.099 1.664
0.127 -0.144 0.925 -0.328 3.679 2.618
0.125 -0.13 0.929 -0.313 3.053 1.542
0.131 -0.13 0.937 -1.267 2.901 0.542
0.131 -0.126 0.937 -2.069 2.069 -0.267
0.128 -0.126 0.946 -2.779 2.817 1.511
0.112 -0.138 0.963 -3.947 1.153 1.511
0.106 -0.147 0.956 -3.947 0.534 1.924
0.1 -0.146 0.971 -3.603 -1.382 2.053
0.105 -0.152 0.974 -3.496 -1.084 2.74
0.083 -0.166 0.969 -3.183 -1.046 2.092
0.073 -0.179 0.982 -2.916 -4.389 0.687