0.001 -0.131 0.951 -2.405 3.71 0.092
-0.027 -0.14 0.947 -1.336 -0.031 -0.679
-0.006 -0.132 0.938 -2.13 -0.908 -2.122
-0.009 -0.168 0.928 0.771 0.359 -4.176
-0.062 -0.249 0.936 4.885 -3.244 -19.214
0.013 -0.121 0.889 9.214 -3.511 -13.702
-0.06 -0.13 0.958 6.863 -17.786 -14.092
-0.229 -0.166 1.015 10.885 -47.962 -4.634
-0.219 -0.131 1.02 7.664 -37.412 0.847
0.049 -0.015 0.923 5.725 -9.046 5.206
0.046 -0.102 0.925 4.038 -3.153 -1.168
0.032 -0.128 0.916 3.893 -0.031 -5.214
0.008 -0.159 0.906 6.595 -1.145 -6.779
0.015 -0.133 0.915 10.221 -3.45 -5.496
0.068 -0.096 0.893 12.076 -5.305 -3.702
-0.011 -0.125 0.964 10.389 -2.145 -4.557
0.02 -0.103 0.944 7.466 -1.031 -6.221
-0.013 -0.13 0.967 7.336 -2.092 -6.832
0.017 -0.074 0.931 3.229 3.206 -7.641
-0.03 -0.159 0.911 6.725 -1.878 -5.786
-0.004 -0.051 0.91 9.183 -8.023 -6.328
-0.006 -0.079 0.931 14.954 -10.351 -11.763
0.034 -0.068 0.966 10.679 -8.008 -8.298
0.041 -0.061 0.965 9.58 -6.695 -11.305
0.048 -0.139 0.964 9.275 4.221 -4.687
0.067 -0.135 0.921 8.206 3.092 -3.847
0.024 -0.091 0.934 4.298 1.824 -3.534
-0.002 -0.085 0.937 3.641 3.359 -3.565
0.009 -0.093 0.924 0.748 2.794 -5.405
0.031 -0.078 0.944 -2.206 6.695 -9.298
0.037 -0.068 0.967 -6.809 10.046 -11.473
0.04 -0.068 0.965 -10.008 13.046 -9.389
0.024 -0.101 0.925 -9.198 9.122 -9.168
0.025 -0.093 0.928 -7.954 9.076 -5.756
0.019 -0.096 0.929 -6.511 6.374 -2.885
0.032 -0.08 0.931 -4.763 5.015 0.389
0.013 -0.088 0.956 -4.969 2.26 -0.29
0.02 -0.099 0.929 -5.008 1.313 0.267
-0.013 -0.112 0.941 -5.015 1.321 0.748
0.006 -0.116 0.915 -2.779 -0.427 -1.855
0.01 -0.095 0.919 -2.305 0.595 -1.626
0.011 -0.088 0.931 -2.809 -0.969 -2.695
0.043 -0.075 0.916 -3.229 1.969 -1.634
0.042 -0.072 0.934 -5.298 2.817 -2.817
0.035 -0.103 0.904 -4.725 3.511 -3.008
0.003 -0.122 0.906 -3.519 4.313 -2.809
0.015 -0.113 0.9 -2.809 2.832 -2.267
0.019 -0.113 0.905 -2.267 2.809 -1.496
0.019 -0.099 0.936 -3.321 2.031 -1.023
0.048 -0.089 0.939 -5.107 4.794 -0.046
0.018 -0.098 0.94 -6.137 6.092 0.58
0.006 -0.12 0.921 -5.405 5.901 1.122
-0.009 -0.119 0.917 -3.763 4.656 1.344
-0.014 -0.122 0.924 -1.802 2.282 0.26
-0.001 -0.078 0.943 -1.794 0.664 0.534
0.005 -0.093 0.944 -3.153 0.389 0.29
0.005 -0.105 0.939 -4.405 1.389 -1.168
-0.0 -0.105 0.945 -5.053 2.901 -2.252
0.005 -0.118 0.917 -5.664 4.275 -2.122
-0.007 -0.122 0.907 -4.084 2.282 -2.0
0.016 -0.121 0.911 -2.443 1.664 -0.275
0.001 -0.129 0.908 0.023 -0.763 1.702
0.013 -0.123 0.917 1.489 -0.885 2.168
-0.004 -0.124 0.926 1.397 -1.183 1.824
0.013 -0.11 0.929 0.389 0.092 1.565
0.007 -0.103 0.937 -0.481 0.71 2.046
0.017 -0.102 0.91 0.099 0.832 2.366
0.018 -0.1 0.915 0.863 1.542 3.0
-0.004 -0.116 0.913 0.924 1.221 4.107
0.018 -0.115 0.91 1.55 0.565 3.015
0.012 -0.114 0.912 2.244 0.198 0.611
0.016 -0.104 0.935 1.885 1.42 0.29
-0.001 -0.088 0.95 1.069 0.473 -0.305
-0.001 -0.092 0.936 1.618 -1.244 0.298
0.036 -0.073 0.922 2.153 0.382 1.557
0.0 -0.085 0.936 2.038 -0.198 2.206
-0.007 -0.08 0.932 1.931 0.221 2.336
-0.005 -0.063 0.933 1.031 0.679 1.42
-0.019 -0.043 0.937 -0.878 1.519 0.542
-0.038 -0.036 0.928 -0.382 0.534 0.519
-0.031 -0.013 0.917 1.298 -0.863 -0.962
-0.027 0.017 0.895 2.702 1.214 -2.099
-0.116 0.05 0.909 6.29 -1.008 -4.206
-0.085 0.135 0.901 10.405 -1.107 -9.947
-0.211 0.184 0.953 15.122 -4.489 -11.656
-0.188 0.334 0.982 20.641 -9.42 -17.824
-0.151 0.432 0.918 21.962 1.473 -20.756
-0.319 0.558 1.083 28.756 -15.962 -19.641
-0.155 0.75 0.973 33.924 -29.931 -17.0
-0.266 0.853 1.113 33.809 -24.634 -1.786
-0.287 0.908 1.115 32.061 -39.641 -6.26
-0.206 0.93 1.085 20.504 -31.702 -1.206
-0.305 0.894 1.143 10.198 -26.16 5.618
-0.248 0.779 1.031 4.817 -20.756 2.664
-0.299 0.614 0.996 4.71 -18.282 2.168
-0.337 0.551 0.965 8.626 -21.435 2.885
-0.351 0.556 1.022 12.832 -21.389 3.557
-0.365 0.543 1.058 19.153 -29.939 2.107
-0.355 0.566 1.064 28.656 -46.214 5.618
-0.271 0.586 1.01 35.267 -59.779 13.832
-0.291 0.545 0.948 46.183 -68.168 22.252
-0.296 0.497 0.974 53.588 -77.542 18.634
-0.263 0.458 1.07 50.962 -62.534 12.229
-0.274 0.426 1.073 42.687 -53.107 -7.351
-0.291 0.421 1.28 33.313 -56.916 -17.748
-0.104 0.486 1.282 19.42 -58.481 -13.618
-0.133 0.349 1.145 20.053 -63.069 -3.55
-0.098 0.297 1.036 26.802 -69.748 8.122
-0.097 0.119 0.811 43.344 -74.55 11.763
-0.13 -0.075 0.705 66.527 -62.412 28.779
-0.073 -0.128 0.679 80.733 -44.336 25.947
-0.165 -0.025 0.988 75.412 -25.611 35.634
-0.057 0.015 1.045 72.481 -28.511 28.71
-0.004 -0.054 1.046 71.763 -41.435 6.702
0.273 0.082 1.132 63.305 -45.031 10.023
0.393 0.069 0.973 43.504 -28.55 13.618
0.375 -0.012 0.793 50.489 -26.901 32.137
0.421 0.042 0.768 46.702 -16.145 41.298
0.346 -0.028 0.664 41.389 -0.351 53.076
0.312 -0.175 0.531 54.565 24.069 56.023
0.112 -0.184 0.72 53.672 25.74 40.718
0.178 -0.185 0.888 70.206 43.779 18.542
0.303 -0.192 1.027 50.115 45.221 15.0
0.29 0.297 1.225 20.0 31.542 4.954
0.402 0.146 1.052 8.542 27.344 2.969
0.577 0.16 0.663 9.427 26.237 25.901
0.472 0.176 0.622 18.382 35.802 46.0
0.327 -0.253 0.471 43.58 73.466 56.168
0.198 -0.421 0.447 35.931 97.107 57.786
0.076 -0.407 0.629 48.313 106.351 36.038
0.228 -0.182 0.947 45.542 99.817 33.656
0.225 0.032 1.161 32.924 91.366 30.656
0.342 0.219 1.274 15.519 66.183 28.359
0.359 0.265 1.129 -4.992 68.015 42.145
0.279 -0.032 0.9 2.565 69.588 51.901
0.281 -0.113 0.787 2.595 69.313 51.687
0.109 -0.089 0.829 -3.519 76.779 55.221
0.087 0.062 0.929 6.656 78.893 52.305
0.022 -0.083 0.992 -13.824 72.969 51.115
0.109 0.172 0.999 -19.595 69.992 19.756
0.219 -0.031 0.993 -30.702 76.992 34.794
0.361 0.141 1.083 -31.107 60.13 41.321
0.297 0.025 0.998 -34.802 74.015 76.031
0.094 -0.156 1.118 -43.58 55.305 92.328
0.007 -0.368 1.032 -46.939 34.969 89.366
0.145 -0.458 1.013 -49.641 31.534 81.992
0.099 -0.467 0.974 -59.45 39.611 66.504
0.202 -0.466 0.875 -61.237 41.229 50.626
0.324 -0.4 0.773 -56.74 52.282 48.641
0.366 -0.212 0.788 -47.359 47.351 60.046
0.374 -0.127 0.813 -40.221 52.962 89.527
0.281 -0.114 0.943 -38.702 49.328 95.435
0.196 -0.147 0.905 -44.641 61.282 100.55
0.087 -0.255 0.984 -49.336 51.214 79.405
0.033 -0.34 0.981 -56.603 46.16 57.573
-0.013 -0.376 0.985 -55.359 32.817 42.405
-0.01 -0.325 0.969 -49.695 21.084 33.74
0.087 -0.266 0.964 -42.626 14.16 33.794
0.06 -0.209 0.902 -36.214 4.084 36.496
-0.003 -0.269 0.836 -23.427 -7.74 33.443
0.031 -0.268 0.868 -16.084 -17.313 30.336
0.015 -0.283 0.874 -11.053 -16.023 20.519
-0.029 -0.221 0.899 -6.382 -18.023 12.565
-0.068 -0.175 1.018 -6.939 -22.55 7.809
-0.051 -0.122 1.123 -11.176 -25.618 4.336
0.095 -0.018 0.99 -9.435 -37.695 -10.45
-0.06 -0.136 1.148 -1.885 -47.649 -0.947
0.006 -0.137 0.982 -10.344 -32.954 8.412
-0.004 -0.179 0.892 -7.748 -33.198 -3.664
-0.066 -0.174 0.917 -5.397 -35.542 -14.511
-0.012 -0.063 0.938 -3.931 -33.359 -11.534
0.017 0.015 1.004 -0.29 -36.763 -8.954
-0.02 0.026 1.018 1.122 -31.695 8.321
-0.043 -0.034 1.07 -0.855 -30.603 2.603
0.007 0.018 1.039 -5.221 -26.985 -0.031
-0.025 -0.051 0.987 -6.183 -26.282 -3.817
0.036 -0.06 0.911 -6.634 -21.878 -0.435
0.055 -0.013 0.934 -8.824 -14.168 -7.435
0.041 -0.003 0.923 -7.214 -18.176 -11.779
0.09 -0.053 0.954 -12.275 -0.763 -22.069
0.038 -0.071 0.935 -11.824 4.832 -18.42
0.055 -0.03 0.997 -10.26 3.924 -10.26
0.041 -0.016 0.904 -10.511 20.542 -0.74
0.055 -0.016 0.984 -9.641 20.756 -4.634
0.07 0.009 0.977 -14.015 22.939 -13.031
0.104 0.035 0.91 -15.626 37.26 -15.344
0.018 0.037 0.99 -13.092 29.183 -16.511
-0.038 0.009 0.989 -11.885 19.687 -22.305
0.015 -0.017 0.917 -8.84 17.786 -21.977
-0.017 -0.035 0.975 -9.29 22.908 -26.931
0.029 0.007 0.945 -8.969 24.351 -20.206
-0.031 0.024 0.998 -11.221 22.855 -15.565
0.017 0.037 1.0 -15.359 25.191 -27.237
0.006 0.034 0.913 -17.832 39.87 -25.382
-0.028 0.045 0.922 -15.122 33.817 -28.573
-0.0 0.081 0.913 -15.321 31.626 -31.229
-0.003 0.088 0.906 -12.855 31.771 -21.389
-0.013 0.08 0.922 -14.992 42.496 -17.534
-0.024 0.081 0.925 -12.672 31.908 -17.969
-0.034 0.063 0.884 -12.389 37.969 -15.282
-0.064 0.06 0.926 -9.443 31.015 -11.916
-0.074 0.068 0.931 -10.58 28.74 -9.74
-0.097 0.061 0.941 -8.435 24.084 -8.008
-0.089 0.046 0.919 -9.542 21.076 -7.061
-0.107 0.042 0.894 -8.237 20.748 -4.885
-0.097 0.053 0.91 -6.008 14.489 -5.305
-0.083 0.04 0.939 -7.397 12.527 -6.252
-0.104 0.069 0.974 -9.0 10.214 -5.458
-0.106 0.048 0.954 -9.733 6.397 -1.58
-0.114 -0.001 0.937 -6.924 -2.252 2.748
-0.136 -0.001 0.953 -8.389 -9.481 -0.115
-0.067 0.034 0.895 -6.885 -14.031 -1.336
-0.007 0.064 0.867 -6.42 -15.656 4.076
-0.043 0.049 0.863 -2.137 -20.664 4.908
-0.033 0.038 0.866 0.13 -18.206 7.603
-0.042 0.034 0.907 1.344 -19.435 12.855
-0.031 0.042 0.914 0.954 -17.527 10.58
-0.056 -0.014 0.905 0.58 -22.573 6.802
-0.029 0.024 0.921 -1.313 -20.496 10.015
-0.023 0.04 0.91 0.427 -22.237 15.611
-0.021 0.046 0.881 1.244 -22.282 13.786
0.016 0.019 0.845 3.176 -23.122 17.16
0.041 0.043 0.882 4.321 -23.672 21.038
0.032 0.074 0.934 3.947 -18.519 24.832
-0.01 0.013 0.919 5.069 -18.198 25.863
-0.003 0.027 0.931 3.13 -15.977 20.885
-0.006 0.031 0.906 2.557 -12.824 21.321
-0.062 -0.024 0.919 3.397 -16.626 13.916
-0.014 -0.012 0.909 3.863 -12.275 12.878
-0.008 0.017 0.926 4.145 -12.015 9.244
0.008 0.047 0.888 3.359 -10.359 10.855
0.017 0.062 0.922 3.504 -9.992 9.313
0.018 0.053 0.919 2.809 -1.55 12.443
0.011 0.042 0.904 3.725 -7.16 9.74
0.006 0.007 0.894 3.779 -4.359 4.618
0.034 0.062 0.922 2.015 0.237 3.809
0.005 0.046 0.906 2.481 -0.084 3.168
0.033 0.09 0.915 1.947 4.885 5.725
-0.002 0.102 0.961 1.359 8.702 10.466
-0.027 0.046 0.959 1.718 3.206 7.321
-0.027 0.055 0.98 -3.313 3.115 5.534
-0.003 0.023 0.905 -1.74 4.237 -0.046
0.015 0.088 0.918 -6.58 3.779 -2.725
0.031 0.078 0.896 -5.641 6.573 2.015
0.032 0.042 0.877 -3.634 9.198 6.046
-0.008 0.004 0.896 -1.931 10.412 8.115
-0.016 -0.047 0.898 -1.244 15.115 11.908
-0.034 -0.023 0.953 -4.336 15.115 3.198
0.003 0.002 0.948 -6.069 18.725 2.763
-0.004 0.042 0.961 -8.275 16.519 4.885
-0.005 0.052 0.936 -8.702 15.718 9.198
-0.049 -0.002 0.951 -9.16 11.237 9.42
-0.003 -0.021 0.891 -8.198 11.466 11.168
-0.006 -0.03 0.876 -7.153 11.42 6.458
0.008 0.01 0.885 -6.252 13.87 4.74
0.015 0.02 0.884 -6.557 15.679 4.183
-0.003 0.038 0.917 -6.863 17.214 3.305
-0.029 0.044 0.965 -8.496 12.954 1.87
-0.021 0.03 0.961 -9.061 11.099 3.504
-0.054 0.001 0.938 -9.275 6.336 4.847
-0.056 -0.023 0.908 -7.084 3.153 -0.244
-0.051 -0.023 0.917 -5.107 0.901 -0.527
-0.067 -0.02 0.963 -5.641 -1.832 -6.779
-0.05 0.01 0.974 -7.748 -0.847 -5.649
-0.009 0.031 0.956 -7.908 -3.519 -6.771
-0.051 0.015 0.954 -7.237 -5.252 -4.427
-0.031 0.029 0.939 -5.748 -7.611 0.092
-0.028 -0.001 0.94 -5.863 -5.855 0.16
-0.021 0.001 0.912 -4.29 -2.679 1.374
-0.027 0.016 0.963 -4.489 -2.87 -0.076
-0.025 0.002 0.95 -4.931 0.847 4.176
-0.022 0.018 0.972 -4.786 0.145 2.58
-0.037 0.005 0.964 -5.756 0.847 5.527
-0.056 -0.018 0.988 -5.916 -0.84 3.817
-0.037 -0.042 0.952 -5.557 0.878 3.382
-0.049 -0.034 0.945 -4.107 -1.855 2.282
-0.022 0.005 0.933 -4.046 0.885 1.145
0.023 0.049 0.938 -5.748 2.511 2.779
-0.013 0.047 0.955 -5.901 1.809 2.282
-0.033 0.001 0.934 -5.496 3.13 5.0
-0.064 -0.009 0.943 -5.313 1.794 1.763
-0.053 -0.05 0.902 -3.878 3.786 3.008
-0.02 -0.015 0.909 -3.573 5.046 0.374
-0.004 -0.011 0.894 -3.328 8.153 -2.137
-0.008 -0.003 0.903 -2.046 7.366 1.153
-0.014 0.027 0.934 -2.168 11.618 0.076
-0.013 0.006 0.919 -1.947 15.649 -0.122
-0.025 0.01 0.93 -2.733 13.397 -0.802
-0.043 0.006 0.967 -5.573 11.84 -3.687
-0.001 0.046 0.918 -5.817 15.496 2.878
-0.065 0.005 0.903 -4.389 10.847 0.588
-0.053 0.01 0.869 -2.473 9.099 1.412
-0.062 0.045 0.888 -2.603 7.656 4.649
-0.033 -0.001 0.888 -2.466 11.168 1.29
-0.028 0.023 0.881 -2.893 11.443 -0.13
-0.048 0.029 0.914 -4.542 14.542 0.366
-0.05 0.044 0.926 -4.122 15.214 2.275
-0.057 0.023 0.943 -3.786 12.084 2.489
-0.081 -0.007 0.927 -2.542 10.214 2.992
-0.064 -0.022 0.911 -1.145 6.733 2.779
-0.073 -0.006 0.91 0.267 5.786 4.229
-0.061 0.026 0.937 0.214 6.542 5.863
-0.083 0.017 0.946 -0.008 5.076 3.756
-0.094 0.012 0.959 -1.069 3.466 4.824
-0.088 0.001 0.935 -1.45 1.153 0.656
-0.098 -0.008 0.934 -2.137 0.443 -0.183
-0.077 0.0 0.903 0.282 -3.29 -0.84
-0.065 0.035 0.939 -0.237 -5.519 1.076
-0.032 0.043 0.927 -0.809 -5.153 2.573
-0.059 0.029 0.929 -0.824 -6.718 3.733
-0.039 0.037 0.931 -1.359 -8.214 3.947
-0.035 0.016 0.903 -1.183 -7.481 8.145
-0.039 -0.018 0.885 0.626 -8.244 9.122
-0.038 0.004 0.894 1.466 -12.122 9.107
-0.023 -0.011 0.854 3.221 -11.206 6.992
-0.006 0.015 0.869 3.489 -8.809 7.076
0.023 0.046 0.864 4.534 -3.527 10.115
-0.011 0.026 0.913 5.809 -3.168 10.305
-0.014 0.02 0.921 5.015 -0.412 10.702
-0.079 -0.033 0.953 4.595 -2.153 7.55
-0.048 0.015 0.955 3.122 -2.947 7.038
-0.04 0.01 0.928 3.947 -2.786 6.817
-0.064 0.02 0.958 4.076 -6.282 4.527
-0.044 0.039 0.94 3.321 -3.985 7.061
-0.037 0.041 0.957 2.969 -3.802 7.366
-0.042 0.038 0.977 1.336 -3.817 7.565
-0.048 0.031 0.972 -0.275 -2.901 7.366
-0.062 0.04 0.979 -2.137 -2.458 6.397
-0.076 0.018 0.974 -3.282 -5.786 6.229
-0.085 0.014 0.942 -2.435 -9.0 6.214
-0.038 0.024 0.925 -2.916 -7.809 3.802
-0.019 0.025 0.93 -2.053 -7.107 3.664
-0.021 0.045 0.943 -3.702 -5.939 3.626
0.003 0.043 0.929 -4.168 -3.626 3.893
-0.024 0.044 0.937 -5.412 -3.725 5.687
-0.024 0.043 0.932 -6.092 -4.481 5.427
-0.047 -0.009 0.917 -6.221 -3.924 4.962
-0.021 -0.001 0.899 -6.733 -3.389 2.802
-0.001 -0.006 0.872 -5.038 -0.466 2.901
0.014 0.02 0.883 -4.817 2.405 3.473
0.001 0.028 0.883 -5.015 4.603 3.496
0.003 0.005 0.894 -4.473 6.084 6.664
0.0 0.006 0.882 -3.931 6.901 4.565
-0.025 -0.008 0.916 -3.351 4.962 4.275
-0.012 0.007 0.911 -4.351 6.992 2.305
-0.03 0.014 0.936 -4.611 7.58 1.664
-0.002 0.039 0.927 -4.74 7.412 3.221
-0.018 0.018 0.949 -5.008 6.695 4.198
-0.037 -0.005 0.917 -6.053 7.374 4.0
-0.045 -0.019 0.907 -5.748 9.008 1.626
-0.039 -0.035 0.892 -4.626 8.29 -1.405
-0.021 -0.003 0.914 -3.794 9.893 -1.908
-0.01 0.026 0.904 -3.427 11.924 -1.076
-0.043 0.027 0.935 -2.733 10.656 -1.176
-0.045 0.035 0.966 -3.534 10.855 0.198
-0.066 0.008 0.972 -4.626 9.122 0.023
-0.066 -0.005 0.943 -4.504 9.145 0.672
-0.069 -0.018 0.945 -3.855 7.45 0.221
-0.065 -0.004 0.916 -2.74 7.565 -0.634
-0.069 0.011 0.941 -1.672 7.55 0.908
-0.069 0.035 0.958 -1.954 6.763 -0.588
-0.078 0.043 0.99 -3.397 7.237 -0.855
-0.065 0.041 0.986 -5.443 7.496 1.802
-0.079 0.046 0.99 -6.084 2.771 2.168
-0.071 0.041 0.969 -7.336 -0.145 4.748
-0.064 -0.002 0.935 -6.214 -2.985 3.771
-0.084 -0.012 0.924 -6.87 -3.214 0.344
-0.039 -0.006 0.885 -6.779 0.435 -0.427
-0.032 -0.009 0.885 -5.817 3.809 -1.924
-0.022 0.038 0.895 -5.008 4.405 -0.641
-0.027 0.046 0.917 -4.496 3.901 2.305
-0.041 0.049 0.949 -5.771 3.725 2.985
-0.062 0.025 0.932 -6.405 2.985 1.817
-0.067 -0.013 0.913 -5.382 0.191 2.153
-0.07 -0.053 0.877 -3.802 -1.053 1.16
-0.048 -0.003 0.899 -2.695 -1.672 -0.351
-0.028 0.029 0.914 -2.939 0.969 1.656
-0.051 0.024 0.921 -2.58 1.198 -0.733
-0.049 0.014 0.932 -1.985 3.733 1.664
-0.048 0.024 0.928 -2.214 0.641 1.13
-0.058 -0.017 0.93 -0.924 1.481 1.771
-0.075 -0.014 0.93 -0.076 -0.611 2.779
-0.057 -0.003 0.938 0.282 -0.977 2.641
-0.079 0.002 0.94 0.58 -1.985 1.695
-0.09 -0.008 0.965 -0.458 -1.702 -0.885
-0.024 0.039 0.913 -1.649 -0.16 0.496
-0.066 -0.006 0.925 -0.893 -3.794 2.008
-0.032 0.009 0.905 -0.389 -4.176 1.565
-0.045 -0.013 0.889 0.084 -3.786 1.649
-0.012 0.013 0.891 -0.038 -4.695 0.756
-0.018 -0.029 0.882 0.588 -2.038 -0.916
-0.026 -0.003 0.9 0.672 -1.534 1.588
-0.044 -0.001 0.914 -0.084 -0.626 0.351
-0.042 0.008 0.914 -0.328 -0.382 -1.107
-0.068 0.007 0.938 -0.29 -1.412 0.55
-0.042 0.01 0.937 -0.702 -4.466 0.84
-0.04 0.026 0.927 -1.565 -3.145 1.565
-0.027 0.027 0.942 -2.542 -4.924 2.13
-0.031 0.003 0.915 -2.084 -4.519 2.817
-0.057 -0.005 0.932 -2.198 -6.084 2.58