-0.057 -0.041 0.9 -0.718 3.908 -1.618
-0.104 -0.032 0.936 -1.252 1.115 -2.794
-0.067 -0.045 0.91 -1.122 3.008 -3.534
-0.054 -0.027 0.918 -1.183 1.366 -3.458
-0.043 -0.033 0.921 -1.489 3.076 -4.008
-0.025 -0.031 0.908 -0.794 3.092 -2.26
-0.04 -0.031 0.901 1.489 2.939 1.137
-0.086 -0.04 0.921 0.687 0.122 1.344
-0.076 -0.038 0.919 0.435 0.099 2.069
-0.055 -0.035 0.935 -0.267 0.336 1.901
-0.062 -0.021 0.936 -1.183 1.313 0.802
-0.069 -0.027 0.931 -1.198 1.031 0.779
-0.065 -0.02 0.928 -1.992 0.931 1.71
-0.058 -0.027 0.92 -1.992 1.305 3.084
-0.05 -0.034 0.913 -2.0 1.176 2.824
-0.077 -0.038 0.929 -2.565 1.145 2.901
-0.09 -0.038 0.937 -2.565 1.435 2.71
-0.069 -0.043 0.921 -1.298 -0.519 2.298
-0.067 -0.03 0.914 -1.824 -0.496 2.221
-0.073 -0.012 0.938 -2.855 0.115 2.244
-0.066 -0.01 0.944 -5.588 1.817 1.191
-0.053 -0.034 0.932 -6.115 2.275 1.733
-0.064 -0.041 0.908 -3.885 0.237 2.084
-0.061 -0.035 0.904 -1.817 -1.412 3.641
-0.069 -0.035 0.915 -1.702 -1.74 3.847
-0.067 -0.02 0.927 -2.366 -0.725 3.076
-0.077 -0.039 0.936 -3.832 1.588 1.305
-0.081 -0.048 0.931 -3.802 2.374 0.229
-0.095 -0.051 0.926 -2.687 2.145 0.221
-0.086 -0.05 0.917 -1.557 0.763 1.084
-0.068 -0.026 0.926 -0.695 -0.466 1.794
-0.067 -0.03 0.926 -1.069 -0.588 3.397
-0.074 -0.037 0.938 -2.115 -1.038 3.435
-0.065 -0.035 0.93 -1.87 -0.176 2.74
-0.077 -0.038 0.933 -2.305 0.412 2.008
-0.073 -0.039 0.921 -1.794 -0.351 1.641
-0.06 -0.037 0.912 -1.046 -0.13 2.611
-0.075 -0.038 0.909 -0.504 0.374 2.107
-0.067 -0.033 0.917 0.557 -0.336 1.847
-0.068 -0.03 0.916 0.427 -0.366 1.176
-0.065 -0.015 0.929 0.344 -1.069 1.466
-0.064 -0.005 0.943 -0.496 -1.389 2.794
-0.058 -0.003 0.937 -1.779 0.13 2.466
-0.064 -0.01 0.93 -2.679 1.221 1.649
-0.067 -0.015 0.918 -2.756 2.336 1.237
-0.053 -0.021 0.917 -2.855 3.275 0.321
-0.046 -0.02 0.918 -2.55 3.267 1.229
-0.045 -0.035 0.908 -2.145 3.214 1.962
-0.066 -0.028 0.909 -1.435 2.634 2.298
-0.077 -0.029 0.922 -1.611 2.282 2.198
-0.083 -0.031 0.909 -1.84 1.863 1.504
-0.082 -0.023 0.916 -1.649 2.366 0.626
-0.083 -0.018 0.948 -3.176 2.656 1.389
-0.087 -0.022 0.955 -4.595 2.229 1.542
-0.076 -0.031 0.946 -5.198 2.458 1.924
-0.08 -0.054 0.906 -3.901 1.573 2.092
-0.089 -0.057 0.909 -2.542 0.702 1.87
-0.1 -0.057 0.916 -1.168 -0.359 2.397
-0.087 -0.026 0.916 -1.26 -1.13 1.237
-0.093 -0.023 0.936 -1.206 0.298 0.344
-0.076 -0.033 0.928 -1.496 1.366 -0.534
-0.082 -0.023 0.939 -2.206 1.443 -1.496
-0.076 -0.025 0.93 -2.588 2.13 -1.229
-0.07 -0.022 0.924 -2.168 1.443 -0.595
-0.067 -0.015 0.922 -1.748 0.641 0.847
-0.057 -0.02 0.913 -0.725 0.099 2.87
-0.06 -0.027 0.909 0.527 -1.26 3.779
-0.043 -0.03 0.93 0.718 -0.977 3.595
-0.066 -0.024 0.943 -0.313 -2.053 2.664
-0.062 -0.023 0.936 -1.076 -1.466 2.061
-0.073 -0.017 0.938 -2.695 0.252 0.885
-0.068 -0.012 0.939 -3.282 1.145 1.389
-0.065 -0.015 0.93 -3.328 1.359 2.481
-0.064 -0.028 0.928 -2.305 -0.008 3.771
-0.074 -0.024 0.928 -1.901 -0.053 4.382
-0.08 -0.032 0.919 -1.855 -0.29 4.336
-0.091 -0.035 0.912 -2.282 -0.183 3.153
-0.089 -0.024 0.91 -1.328 -0.176 4.359
-0.071 -0.039 0.907 -0.137 -1.389 1.802
-0.065 -0.017 0.921 -0.305 -3.053 3.099
-0.061 -0.031 0.942 -1.076 -2.977 3.298
-0.061 -0.031 0.926 -1.321 -2.679 3.427
-0.062 -0.038 0.91 -1.237 -2.16 1.573
-0.063 -0.032 0.915 -0.603 -1.328 1.313
-0.053 -0.029 0.909 0.107 -0.435 1.992
-0.047 -0.02 0.922 -0.527 -0.038 2.206
-0.048 -0.026 0.932 -1.466 -0.435 3.458
-0.054 -0.035 0.916 -1.29 -0.427 2.87
-0.064 -0.037 0.914 -1.183 -0.206 2.221
-0.062 -0.024 0.919 -1.481 0.511 1.916
-0.061 -0.023 0.921 -2.137 2.229 1.267
-0.057 -0.026 0.913 -2.626 2.061 0.802
-0.058 -0.028 0.913 -1.863 1.45 1.489
-0.054 -0.015 0.917 -1.565 1.527 2.053
-0.07 -0.014 0.917 -1.74 1.847 2.58
-0.067 -0.016 0.92 -2.031 1.916 2.58
-0.066 -0.02 0.913 -2.137 2.328 2.481
-0.067 -0.031 0.907 -2.13 3.389 0.832
-0.08 -0.029 0.924 -1.687 3.229 -0.092
-0.088 -0.028 0.919 -0.931 1.908 -0.076
-0.069 -0.014 0.918 -0.885 1.16 -0.206
-0.07 -0.013 0.928 -0.664 -0.115 0.489
-0.065 -0.003 0.931 -0.489 -0.458 1.496
-0.069 -0.006 0.939 -0.985 -0.802 2.351
-0.066 -0.011 0.936 -1.786 0.847 1.695
-0.068 -0.016 0.935 -2.687 2.023 2.26
-0.067 -0.019 0.914 -1.977 2.031 2.779
-0.071 -0.015 0.917 -1.664 2.244 2.061
-0.064 -0.012 0.914 -1.756 2.16 1.786
-0.059 -0.011 0.924 -2.008 1.779 1.267
-0.051 -0.015 0.92 -2.847 2.595 1.397
-0.066 -0.026 0.928 -2.611 1.733 1.618
-0.067 -0.024 0.925 -2.588 1.557 1.191
-0.074 -0.021 0.937 -2.496 2.313 0.321
-0.075 -0.004 0.936 -2.962 2.771 0.16
-0.068 -0.01 0.926 -3.145 2.588 0.863
-0.065 -0.007 0.935 -3.321 1.695 1.626
-0.069 -0.014 0.919 -3.344 1.351 2.206
-0.077 -0.02 0.931 -3.183 0.427 2.321
-0.083 -0.034 0.91 -2.924 1.519 0.893
-0.093 -0.04 0.919 -2.718 0.809 0.122
-0.093 -0.035 0.912 -2.282 0.008 -0.504
-0.082 -0.035 0.907 -1.87 -0.305 -1.183
-0.081 -0.028 0.931 -1.817 -0.626 -1.969
-0.063 -0.027 0.916 -1.863 -0.58 -1.611
-0.051 -0.013 0.938 -2.832 -0.87 -2.29
-0.05 -0.013 0.928 -3.87 -1.008 -1.183
-0.056 -0.016 0.94 -4.153 -1.725 -0.771
-0.066 -0.033 0.918 -4.115 -1.908 -1.252
-0.076 -0.018 0.93 -3.618 -1.489 -1.076
-0.068 -0.012 0.93 -4.374 -0.511 -0.573
-0.058 -0.009 0.928 -3.87 -0.588 -0.557
-0.065 -0.013 0.944 -3.679 0.031 0.55
-0.059 -0.027 0.923 -3.183 0.321 0.832
-0.063 -0.025 0.935 -2.611 0.351 1.298
-0.061 -0.023 0.929 -2.779 0.45 0.893
-0.047 -0.022 0.918 -2.511 0.779 0.534
-0.074 -0.023 0.921 -2.74 1.809 0.565
-0.077 -0.023 0.927 -1.992 0.779 0.733
-0.083 -0.023 0.935 -1.985 -0.511 0.58
-0.066 -0.021 0.925 -2.366 -0.176 -0.053
-0.061 -0.017 0.934 -2.473 -0.916 0.954
-0.064 -0.023 0.93 -2.084 -1.031 0.931
-0.06 -0.021 0.924 -1.542 -2.13 1.519
-0.048 -0.012 0.93 -2.206 -0.397 1.603
-0.052 -0.013 0.932 -2.901 1.015 1.237
-0.049 -0.027 0.91 -2.977 2.0 0.305
-0.069 -0.032 0.919 -2.237 2.954 0.344
-0.075 -0.03 0.922 -1.58 1.29 0.229
-0.068 -0.023 0.908 -0.45 0.366 0.924
-0.052 -0.021 0.918 -0.168 -1.626 1.962
-0.053 -0.019 0.91 -0.206 -0.794 2.466
-0.055 -0.012 0.932 -1.298 -0.076 1.802
-0.058 -0.019 0.925 -2.023 1.412 1.573
-0.059 -0.022 0.918 -2.053 1.58 0.947
-0.061 -0.019 0.919 -1.382 1.092 1.137
-0.052 -0.011 0.924 -1.542 1.916 1.336
-0.059 -0.019 0.914 -2.481 1.954 1.115
-0.062 -0.03 0.922 -2.443 1.802 1.763
-0.057 -0.027 0.916 -1.802 1.863 2.137
-0.056 -0.028 0.935 -1.466 1.618 1.626
-0.081 -0.032 0.923 -2.008 1.595 1.023
-0.093 -0.031 0.931 -1.832 1.351 0.473
-0.094 -0.01 0.929 -2.115 1.855 -0.863
-0.087 0.004 0.929 -2.763 1.389 -0.908
-0.098 0.016 0.917 -2.023 0.053 -0.214
-0.096 0.03 0.899 -0.595 -2.947 0.344
-0.12 0.068 0.897 1.359 -5.565 -0.443
-0.146 0.159 0.943 3.061 -9.863 -1.893
-0.141 0.268 0.951 6.695 -15.176 -2.405
-0.203 0.425 1.029 8.481 -24.504 -1.565
-0.261 0.614 1.106 8.237 -29.832 -6.969
-0.338 0.778 1.153 1.45 -34.321 -12.756
-0.379 0.873 1.17 -5.664 -26.359 -24.069
-0.359 0.972 1.15 -10.366 -22.198 -31.611
-0.326 1.049 1.15 -12.412 -28.13 -26.687
-0.318 1.097 1.159 -13.779 -38.756 -19.053
-0.302 1.104 1.16 -15.641 -51.954 -13.504
-0.305 1.104 1.163 -20.771 -61.458 -11.489
-0.366 1.016 1.117 -30.969 -70.145 -14.58
-0.387 0.916 1.088 -31.847 -74.198 -15.878
-0.475 0.862 1.113 -30.328 -78.328 -29.855
-0.496 0.855 1.13 -28.74 -86.473 -43.924
-0.496 0.758 1.102 -22.74 -95.191 -56.061
-0.412 0.775 1.067 -17.626 -110.405 -57.901
-0.189 0.789 1.02 -14.817 -119.481 -39.924
-0.113 0.769 1.066 -17.397 -121.603 -24.29
-0.033 0.733 1.146 -22.252 -123.496 -14.679
0.018 0.608 1.083 -23.076 -113.786 6.26
-0.049 0.483 1.104 -17.611 -113.939 22.359
-0.112 0.361 1.098 -19.29 -110.634 29.855
-0.133 0.221 1.026 -21.992 -108.191 35.779
-0.25 0.025 1.027 -24.389 -95.969 39.595
-0.166 -0.14 0.901 -31.427 -82.802 26.206
-0.121 -0.315 0.856 -29.985 -68.305 19.374
-0.111 -0.437 0.858 -25.237 -77.58 6.374
0.138 -0.477 0.749 -9.878 -76.679 16.893
0.371 -0.467 0.618 -1.069 -77.962 32.695
0.426 -0.541 0.573 7.679 -66.29 41.061
0.544 -0.58 0.519 10.58 -52.237 43.695
0.561 -0.631 0.429 12.557 -31.557 45.534
0.471 -0.726 0.482 5.733 -17.351 30.336
0.434 -0.795 0.376 -0.55 5.771 2.168
0.474 -0.812 0.456 -0.328 19.771 -32.008
0.47 -0.715 0.583 0.099 21.58 -35.015
0.583 -0.679 0.654 2.16 16.076 -28.412
0.689 -0.59 0.688 -3.756 17.496 -14.473
0.717 -0.589 0.722 -8.298 8.443 -1.481
0.763 -0.66 0.593 -13.504 8.122 2.84
0.777 -0.738 0.326 -4.435 13.092 6.046
0.792 -0.757 0.325 8.275 24.153 3.771
0.8 -0.728 0.398 18.397 47.313 15.107
0.696 -0.729 0.431 32.901 62.794 31.649
0.591 -0.625 0.647 39.649 54.84 39.397
0.619 -0.641 0.7 39.702 55.733 46.931
0.477 -0.714 0.73 41.275 60.336 42.977
0.485 -0.629 0.811 40.45 57.198 44.267
0.454 -0.56 0.843 40.038 61.992 45.0
0.448 -0.465 0.835 38.458 64.183 51.763
0.324 -0.438 0.918 37.351 63.229 53.328
0.17 -0.421 1.104 27.244 47.191 47.305
0.128 -0.458 1.084 12.832 40.817 26.771
0.231 -0.505 0.913 6.863 41.824 5.573
0.31 -0.466 0.762 12.565 45.168 -2.389
0.409 -0.392 0.709 27.878 51.359 -8.221
0.423 -0.224 0.857 28.802 55.221 -8.344
0.323 -0.088 1.059 18.252 50.695 2.176
0.233 -0.151 1.1 4.656 42.931 4.702
0.205 -0.156 1.065 -6.718 33.061 7.435
0.177 -0.127 1.025 -10.069 22.137 7.908
0.198 -0.146 0.929 -7.229 20.901 10.237
0.183 -0.158 0.831 -6.45 16.824 10.634
0.14 -0.203 0.863 -2.901 12.13 6.779
0.138 -0.205 0.894 -2.275 12.466 1.374
0.121 -0.171 0.998 -3.237 13.252 -7.55
0.12 -0.134 1.001 -6.695 9.649 -10.115
0.138 -0.042 1.025 -10.832 0.588 -10.305
0.2 -0.003 1.046 -15.542 -3.771 -7.137
0.212 0.025 1.049 -20.198 -7.153 1.137
0.232 0.018 0.992 -24.832 -4.412 7.893
0.195 -0.031 0.954 -26.115 -6.901 14.397
0.222 -0.08 0.9 -22.405 -6.435 21.588
0.205 -0.115 0.864 -20.687 -5.672 21.206
0.219 -0.146 0.858 -20.053 -1.191 22.443
0.172 -0.212 0.865 -15.084 0.053 20.496
0.16 -0.253 0.831 -13.908 2.458 15.496
0.172 -0.175 0.932 -17.031 -1.366 9.916
0.183 -0.157 0.941 -19.832 -1.817 1.496
0.19 -0.12 0.939 -21.092 -3.069 1.595
0.198 -0.132 0.901 -18.672 -5.374 3.198
0.182 -0.146 0.898 -14.237 -7.183 8.092
0.153 -0.19 0.884 -9.069 -9.267 10.351
0.134 -0.218 0.856 -4.771 -12.939 9.389
0.13 -0.25 0.863 0.87 -14.481 2.267
0.159 -0.2 0.898 1.389 -12.496 -2.84
0.184 -0.131 0.926 2.473 -13.015 -2.092
0.199 -0.118 0.887 6.366 -15.893 1.687
0.297 -0.016 0.949 2.969 -11.527 4.038
0.248 0.01 0.963 1.237 -12.733 15.42
0.274 -0.03 0.922 -2.427 -5.267 15.695
0.172 -0.06 0.979 -5.107 -5.74 17.183
0.133 -0.094 0.975 -7.229 -8.038 12.885
0.097 -0.126 0.946 -8.336 -14.412 7.985
0.143 -0.136 0.878 -6.13 -3.71 -1.557
0.131 -0.092 0.919 -2.336 -6.687 -2.58
0.203 -0.051 0.927 -3.252 -3.206 -2.756
0.189 -0.035 0.98 -5.122 -2.733 -2.87
0.178 -0.053 0.94 -7.618 0.534 -3.779
0.185 -0.065 0.905 -7.344 0.252 -1.634
0.194 -0.051 0.924 -6.901 2.015 -0.718
0.165 -0.084 0.943 -7.061 1.557 1.267
0.136 -0.123 0.919 -6.122 -0.504 -1.626
0.166 -0.158 0.865 -7.023 4.008 -8.87
0.146 -0.121 0.905 -5.13 2.847 -10.305
0.152 -0.113 0.889 -3.885 4.847 -12.794
0.166 -0.072 0.908 -3.397 3.771 -12.427
0.203 -0.049 0.902 -2.977 5.443 -13.366
0.2 -0.018 0.907 -3.672 6.115 -9.84
0.233 -0.01 0.927 -6.557 11.763 -9.061
0.211 -0.042 0.895 -7.328 12.252 -5.198
0.163 -0.052 0.906 -8.687 14.069 -5.603
0.148 -0.097 0.868 -5.641 13.809 -5.878
0.125 -0.097 0.879 -4.84 13.267 -7.71
0.136 -0.11 0.877 -2.679 15.87 -10.252
0.139 -0.085 0.894 -2.656 18.244 -12.053
0.166 -0.055 0.893 -1.733 18.832 -12.557
0.167 -0.032 0.925 -2.008 16.244 -11.176
0.19 -0.015 0.928 -3.695 16.374 -6.992
0.182 -0.009 0.925 -5.878 16.015 -3.534
0.171 -0.026 0.905 -7.115 15.771 0.664
0.137 -0.093 0.905 -7.641 15.802 1.29
0.103 -0.117 0.916 -5.626 12.687 0.634
0.087 -0.124 0.938 -4.298 11.443 -0.58
0.092 -0.117 0.938 -3.053 9.924 -2.504
0.09 -0.099 0.949 -2.389 8.069 -2.756
0.099 -0.078 0.965 -2.87 9.168 -5.107
0.105 -0.079 0.958 -3.351 7.992 -4.053
0.125 -0.063 0.943 -3.481 6.099 -3.099
0.135 -0.062 0.944 -2.603 3.855 -1.656
0.138 -0.076 0.92 -2.069 3.771 -0.931
0.125 -0.07 0.928 -2.42 0.573 1.527
0.14 -0.071 0.948 -2.229 0.786 2.985
0.117 -0.081 0.947 -1.969 -2.702 4.618
0.117 -0.086 0.951 -2.382 -2.183 4.344
0.114 -0.102 0.93 -2.29 -2.519 2.817
0.128 -0.101 0.932 -2.092 -1.137 2.305
0.126 -0.094 0.925 -1.863 -0.397 2.672
0.13 -0.095 0.916 -0.008 -2.664 3.977
0.145 -0.077 0.911 1.603 -2.122 5.45
0.119 -0.073 0.924 2.557 -3.046 5.84
0.147 -0.082 0.907 3.099 -1.74 4.908
0.124 -0.022 0.995 -0.763 -2.824 7.023
0.158 -0.061 0.96 -1.397 -2.847 6.618
0.132 -0.07 0.948 -3.13 -2.916 6.168
0.145 -0.071 0.937 -4.015 -3.855 5.221
0.15 -0.063 0.93 -4.389 -2.015 6.122
0.139 -0.083 0.904 -2.519 -1.183 9.359
0.127 -0.084 0.93 -3.099 -3.122 7.809
0.124 -0.121 0.901 -2.443 -1.366 6.221
0.126 -0.112 0.918 -1.634 -1.656 3.519
0.134 -0.076 0.936 -1.435 -1.924 2.664
0.146 -0.057 0.943 -3.015 -0.794 1.924
0.154 -0.053 0.938 -3.473 -0.992 4.443
0.158 -0.067 0.925 -4.504 -1.466 5.511
0.15 -0.08 0.914 -5.221 -0.191 5.13
0.156 -0.102 0.904 -4.229 -0.916 5.237
0.152 -0.106 0.904 -3.908 -0.328 4.328
0.141 -0.094 0.928 -4.649 0.183 3.328
0.146 -0.094 0.924 -4.695 0.87 3.977
0.15 -0.092 0.917 -5.252 1.153 5.183
0.147 -0.099 0.91 -4.237 2.435 5.679
0.132 -0.108 0.908 -3.267 1.489 5.023
0.142 -0.1 0.929 -2.809 1.718 4.099
0.14 -0.098 0.933 -2.733 1.84 2.618
0.155 -0.084 0.923 -2.87 2.611 2.626
0.173 -0.063 0.93 -4.015 3.092 1.618
0.148 -0.07 0.923 -3.534 4.16 5.099
0.135 -0.068 0.93 -4.656 2.718 5.26
0.135 -0.08 0.944 -4.847 1.779 5.466
0.128 -0.104 0.936 -5.748 2.099 4.405
0.147 -0.119 0.9 -5.092 4.672 3.015
0.149 -0.117 0.893 -3.099 6.748 2.55
0.159 -0.099 0.922 -1.832 7.519 3.664
0.138 -0.1 0.935 -1.427 8.557 1.473
0.107 -0.1 0.964 -1.87 6.137 1.29
0.098 -0.085 0.982 -2.84 4.626 0.542
0.122 -0.098 0.961 -4.634 2.916 0.771
0.133 -0.097 0.937 -5.176 2.084 0.565
0.118 -0.115 0.927 -4.405 1.046 0.664
0.12 -0.122 0.904 -3.0 -0.573 0.618
0.126 -0.114 0.899 -1.649 0.519 -2.344
0.126 -0.118 0.909 0.527 -0.084 -2.733
0.131 -0.103 0.924 1.855 0.71 -3.626
0.131 -0.091 0.947 1.573 -0.328 -3.115
0.152 -0.072 0.956 -0.71 -0.282 -3.725
0.161 -0.069 0.933 -2.427 0.443 -3.374
0.173 -0.056 0.906 -3.153 1.763 -1.84
0.186 -0.052 0.908 -2.153 2.626 0.84
0.151 -0.06 0.91 -1.366 2.809 4.107
0.108 -0.092 0.923 -0.718 1.443 4.55
0.117 -0.102 0.932 -0.939 1.42 1.13
0.133 -0.085 0.94 -1.046 1.679 0.626
0.14 -0.085 0.925 -1.336 2.229 -0.031
0.137 -0.069 0.937 -2.718 2.267 -0.359
0.147 -0.072 0.937 -2.924 2.824 0.443
0.137 -0.062 0.943 -2.962 1.458 2.359
0.142 -0.066 0.953 -3.351 -0.229 4.626
0.123 -0.09 0.928 -4.176 -0.962 5.802
0.107 -0.118 0.931 -4.076 -2.321 4.985
0.118 -0.119 0.914 -3.687 -2.275 2.74
0.117 -0.125 0.909 -3.191 -1.863 0.221
0.138 -0.106 0.895 -2.351 -1.802 -1.046
0.146 -0.083 0.907 -2.29 -0.969 -0.779
0.136 -0.086 0.915 -1.45 -1.649 0.664
0.14 -0.085 0.926 -1.977 -1.427 1.802
0.13 -0.1 0.936 -2.802 -1.847 0.046
0.143 -0.107 0.92 -3.573 -1.412 -2.244
0.165 -0.096 0.891 -3.641 1.328 -3.221
0.175 -0.067 0.892 -2.29 2.962 -1.206
0.178 -0.057 0.908 -1.443 3.664 1.405
0.163 -0.056 0.919 -2.458 3.313 3.153
0.163 -0.079 0.922 -3.855 4.153 2.573
0.142 -0.082 0.929 -4.565 2.076 1.969
0.14 -0.094 0.906 -7.313 4.527 -0.176
0.177 -0.091 0.865 -6.779 3.267 -0.405
0.137 -0.127 0.893 -5.244 2.29 0.466
0.173 -0.118 0.88 -3.611 3.756 0.191
0.167 -0.108 0.896 -1.779 3.977 1.389
0.154 -0.104 0.917 -1.641 5.206 1.885
0.146 -0.101 0.926 -2.221 5.893 -0.947
0.13 -0.101 0.93 -1.321 6.626 -1.481
0.118 -0.069 0.949 -1.015 6.649 -1.084
0.111 -0.056 0.972 -1.702 6.603 -0.382
0.106 -0.063 0.963 -2.244 4.962 -0.344
0.1 -0.062 0.968 -3.588 3.122 -0.298
0.101 -0.059 0.958 -4.115 2.359 -1.137
0.108 -0.062 0.94 -3.878 1.275 -0.725
0.106 -0.066 0.955 -3.771 0.206 0.481
0.106 -0.071 0.948 -3.916 -0.924 0.427
0.112 -0.084 0.943 -3.863 -1.939 0.855