-0.018 -0.084 0.922 0.061 -0.412 1.145
-0.006 -0.07 0.932 -0.756 -1.038 0.893
-0.004 -0.077 0.928 -1.947 0.924 2.0
-0.006 -0.085 0.92 -2.053 2.42 0.786
-0.01 -0.092 0.911 -1.817 3.802 1.641
-0.025 -0.097 0.915 -0.641 3.351 0.985
-0.017 -0.094 0.915 -0.321 4.328 1.351
-0.017 -0.082 0.927 -0.481 3.893 -0.611
-0.011 -0.08 0.917 -0.023 2.206 -0.122
-0.011 -0.081 0.924 1.008 0.985 0.687
-0.024 -0.069 0.929 1.824 0.397 1.031
-0.011 -0.074 0.941 1.87 0.015 0.321
-0.005 -0.065 0.935 0.832 0.55 -0.809
-0.003 -0.071 0.934 0.214 1.779 -1.046
-0.012 -0.059 0.948 -0.023 0.679 -0.771
0.004 -0.048 0.953 -0.779 1.244 0.305
-0.008 -0.045 0.943 -1.427 1.733 0.687
-0.017 -0.06 0.948 -1.695 1.374 1.527
-0.011 -0.064 0.933 -1.84 1.359 1.061
-0.015 -0.062 0.935 -2.504 4.321 0.786
-0.025 -0.061 0.941 -2.496 4.908 -0.023
-0.017 -0.065 0.953 -2.183 4.824 -0.435
-0.021 -0.068 0.936 -2.435 2.542 0.656
0.0 -0.079 0.931 -1.053 0.672 0.992
-0.015 -0.067 0.93 -0.557 0.534 1.244
-0.02 -0.064 0.937 -0.237 -0.351 1.756
-0.015 -0.06 0.948 -0.55 -1.038 1.565
-0.016 -0.054 0.943 -1.748 0.908 0.603
-0.014 -0.056 0.939 -1.84 1.359 1.176
-0.015 -0.056 0.935 -1.977 0.672 0.183
-0.018 -0.07 0.921 -1.511 0.939 1.779
-0.003 -0.074 0.92 -0.542 0.573 2.221
0.007 -0.066 0.92 -0.908 -0.565 3.046
-0.0 -0.068 0.904 0.588 -1.374 4.031
-0.016 -0.062 0.917 0.542 -1.366 4.282
-0.015 -0.068 0.93 -0.13 -1.282 2.924
-0.023 -0.063 0.953 -0.74 -0.565 2.435
-0.013 -0.065 0.932 -1.29 0.382 1.855
-0.019 -0.072 0.934 -1.977 1.824 1.298
-0.017 -0.062 0.933 -0.947 0.794 1.947
-0.01 -0.056 0.935 -0.473 -0.076 2.969
-0.015 -0.054 0.93 -0.45 0.0 3.832
-0.019 -0.067 0.935 0.244 -0.718 4.084
-0.022 -0.07 0.934 0.786 -0.649 3.473
-0.04 -0.068 0.939 1.183 -1.397 2.878
-0.036 -0.062 0.95 0.71 -2.55 2.069
-0.013 -0.048 0.945 0.008 -1.031 1.863
0.0 -0.05 0.944 -1.153 -0.84 1.282
0.001 -0.059 0.941 -1.718 -0.359 1.443
-0.0 -0.058 0.943 -1.58 0.382 2.137
-0.013 -0.066 0.944 -2.107 0.58 1.924
-0.016 -0.073 0.927 -1.649 0.611 2.069
-0.012 -0.065 0.923 -0.962 1.473 1.672
-0.01 -0.065 0.927 -0.16 0.649 1.908
-0.006 -0.07 0.933 0.076 -0.153 1.924
-0.02 -0.067 0.929 0.573 -0.252 2.237
-0.022 -0.058 0.924 0.443 -0.366 1.763
-0.025 -0.062 0.923 0.015 -0.611 1.511
-0.01 -0.048 0.923 0.198 -1.863 2.191
0.007 -0.048 0.919 0.611 -0.885 2.641
0.027 -0.038 0.93 0.053 -0.191 3.359
0.006 -0.05 0.931 -0.634 0.496 1.985
-0.021 -0.064 0.929 -1.061 0.863 2.42
-0.014 -0.063 0.922 -0.641 0.687 2.0
-0.021 -0.048 0.93 -0.908 2.115 2.504
-0.011 -0.05 0.933 -0.618 1.84 3.809
0.003 -0.055 0.936 -0.29 0.947 4.794
0.0 -0.054 0.933 -1.344 -0.45 4.71
0.006 -0.063 0.936 -1.168 -0.794 4.863
-0.008 -0.071 0.926 -0.74 -1.832 3.595
-0.015 -0.068 0.91 0.305 -0.893 2.84
-0.03 -0.052 0.918 -0.336 -0.137 2.214
-0.026 -0.056 0.928 -1.061 2.282 1.969
-0.019 -0.06 0.921 -0.664 1.206 2.634
-0.011 -0.06 0.923 0.046 1.519 3.13
-0.01 -0.06 0.924 0.115 1.229 3.481
0.004 -0.051 0.938 -0.366 0.573 3.397
0.007 -0.042 0.938 -1.634 1.855 1.344
0.003 -0.05 0.926 -3.069 3.885 0.901
-0.002 -0.054 0.923 -2.573 2.496 1.313
-0.008 -0.063 0.919 -2.221 3.817 1.282
-0.014 -0.066 0.917 -0.618 1.458 1.687
-0.006 -0.053 0.923 0.122 -0.298 2.58
-0.008 -0.042 0.936 0.229 -1.321 2.786
-0.01 -0.038 0.949 -0.954 -0.802 2.71
-0.008 -0.043 0.944 -2.168 -0.122 2.015
-0.016 -0.047 0.932 -2.015 0.511 2.305
-0.014 -0.041 0.935 -2.13 1.542 1.885
-0.008 -0.041 0.93 -1.763 2.13 2.168
-0.0 -0.031 0.928 -1.878 1.763 2.718
-0.014 -0.036 0.916 -1.855 0.992 2.893
-0.018 -0.034 0.911 -1.389 0.42 2.069
-0.029 -0.022 0.909 -2.099 0.794 0.802
-0.029 -0.008 0.922 -1.191 0.557 1.435
-0.015 0.026 0.915 -2.053 2.359 1.458
-0.012 0.053 0.908 -0.817 3.038 3.244
-0.025 0.093 0.906 1.534 -0.832 4.855
-0.033 0.156 0.923 4.74 -1.191 5.336
-0.063 0.257 0.976 10.122 -9.29 6.336
-0.08 0.403 1.055 14.481 -16.557 8.45
-0.106 0.53 1.125 18.481 -24.351 8.473
-0.149 0.679 1.176 13.885 -26.611 2.74
-0.18 0.793 1.225 9.359 -29.878 -0.802
-0.215 0.886 1.252 5.565 -33.695 -1.947
-0.219 0.938 1.233 1.84 -34.214 1.099
-0.219 0.955 1.209 -4.221 -36.718 6.802
-0.202 0.962 1.204 -12.504 -37.817 12.649
-0.196 0.917 1.167 -24.74 -32.046 14.206
-0.236 0.888 1.102 -33.794 -32.443 8.13
-0.333 0.843 1.133 -43.725 -40.076 -3.565
-0.357 0.808 1.136 -48.053 -45.779 -14.328
-0.35 0.773 1.05 -46.031 -56.924 -15.863
-0.352 0.644 0.972 -31.351 -65.382 -19.267
-0.301 0.621 0.855 -10.87 -88.947 -23.023
-0.205 0.676 0.874 5.855 -99.702 -21.16
-0.168 0.756 1.022 12.496 -109.031 -10.992
-0.163 0.805 1.127 -2.237 -108.153 -1.802
-0.112 0.722 1.057 -6.557 -79.931 -8.046
-0.158 0.627 1.142 -18.305 -64.336 -11.443
-0.117 0.508 1.01 -19.802 -55.863 -22.786
-0.08 0.408 0.962 -14.321 -49.023 -10.626
0.028 0.329 0.907 -10.641 -39.863 14.229
0.115 0.208 0.898 -5.542 -37.527 39.511
0.209 0.157 0.788 -0.137 -36.824 57.672
0.194 0.057 0.832 5.641 -40.145 82.206
0.029 -0.043 0.839 8.344 -32.267 103.481
-0.116 -0.145 0.937 5.336 -36.573 106.603
-0.246 -0.302 0.897 -2.534 -32.115 106.137
-0.439 -0.474 1.102 -14.756 -47.115 83.924
-0.274 -0.592 0.892 -16.962 -51.466 64.939
-0.094 -0.643 0.812 -14.351 -59.099 53.809
0.085 -0.603 0.625 -21.947 -49.595 37.206
0.403 -0.6 0.406 -12.389 -35.053 41.557
0.492 -0.599 0.426 -7.305 -15.412 56.168
0.486 -0.713 0.299 7.817 4.977 72.58
0.298 -0.855 0.433 11.16 16.305 73.519
0.208 -0.983 0.48 16.107 17.634 61.817
0.182 -0.677 0.692 23.527 18.504 64.542
0.301 -0.834 0.657 19.13 25.168 53.534
0.321 -0.697 0.75 19.458 28.893 57.664
0.359 -0.655 0.797 12.695 30.656 59.153
0.432 -0.716 0.681 14.16 28.183 60.893
0.353 -0.749 0.665 11.893 34.351 57.214
0.37 -0.662 0.667 13.351 44.611 61.237
0.253 -0.685 0.767 14.962 52.718 56.458
0.141 -0.74 0.886 9.328 54.733 50.824
0.062 -0.841 0.828 2.603 57.046 32.183
0.075 -0.64 0.903 8.588 62.45 0.748
0.251 -0.401 1.015 18.695 46.282 15.695
0.31 -0.362 1.105 11.443 40.16 21.115
0.417 -0.443 0.938 31.893 27.641 48.809
0.284 -0.433 0.979 10.901 27.435 48.504
0.114 -1.016 0.963 41.725 29.26 27.031
0.112 -0.565 0.927 -2.534 22.046 30.511
0.135 -0.56 0.908 -0.794 26.878 7.26
0.248 -0.471 0.864 -4.45 30.198 0.191
0.35 -0.377 0.802 -1.626 36.061 0.679
0.488 -0.243 0.728 7.229 43.618 11.725
0.334 -0.514 0.871 51.557 44.87 19.374
0.382 -0.198 0.91 -0.748 35.878 21.038
0.298 -0.286 0.892 -2.176 19.901 27.527
0.268 -0.32 0.924 -3.672 25.229 33.137
0.175 -0.403 0.974 -4.557 24.687 23.931
0.146 -0.458 0.985 -15.427 32.405 18.046
0.084 -0.471 0.998 -22.687 30.389 4.137
0.13 -0.371 0.977 -30.908 20.687 -5.924
0.13 -0.265 0.979 -32.519 13.176 -4.87
0.145 -0.286 0.881 -25.977 3.359 6.031
0.158 -0.3 0.926 -19.916 6.076 12.855
0.139 -0.318 0.925 -14.16 3.55 12.282
0.156 -0.295 0.89 -9.198 7.878 13.534
0.203 -0.202 0.905 -5.382 15.725 16.603
0.173 -0.134 0.919 -2.748 24.458 22.672
0.117 -0.204 0.913 0.122 27.687 25.336
0.077 -0.173 1.011 -5.458 24.191 25.29
-0.012 -0.211 1.05 -14.42 8.496 22.809
-0.001 -0.294 1.003 -19.527 0.687 11.573
-0.047 -0.289 0.99 -21.527 -4.656 4.29
0.018 -0.275 0.958 -19.137 -3.786 -2.702
0.032 -0.262 0.902 -15.023 -4.756 -4.092
0.05 -0.2 0.9 -10.374 -2.305 -1.771
0.007 -0.179 0.996 -8.26 -5.16 -5.595
0.058 -0.174 0.957 -5.634 -5.595 -4.489
0.066 -0.134 1.017 -9.29 -14.489 -6.45
0.048 -0.146 0.981 -8.969 -25.412 -7.305
0.072 -0.173 0.972 -9.328 -28.16 -2.756
0.083 -0.188 0.974 -9.687 -30.794 -6.16
0.166 -0.141 0.896 -9.076 -28.763 -4.519
0.162 -0.098 0.939 -10.87 -28.847 4.824
0.129 -0.139 0.954 -11.947 -29.008 9.008
0.157 -0.128 0.923 -12.802 -26.557 16.702
0.111 -0.173 0.933 -12.412 -27.046 14.885
0.116 -0.22 0.906 -11.763 -23.145 8.244
0.149 -0.199 0.878 -11.183 -13.939 -1.137
0.141 -0.184 0.9 -8.168 -13.16 -2.595
0.222 -0.157 0.859 -7.053 -7.038 -4.74
0.175 -0.138 0.912 -6.374 -8.321 -1.847
0.171 -0.171 0.881 -4.366 -5.863 -0.824
0.165 -0.169 0.918 -4.344 -2.695 -1.069
0.16 -0.187 0.942 -5.305 -3.298 -0.962
0.117 -0.195 0.973 -8.611 -9.511 -0.595
0.134 -0.205 0.904 -7.198 -3.771 -1.908
0.141 -0.208 0.864 -8.26 1.954 -7.855
0.172 -0.232 0.813 -1.718 3.756 -7.023
0.148 -0.202 0.853 3.313 8.718 -8.427
0.127 -0.181 0.9 4.588 9.351 -7.198
0.08 -0.171 0.941 5.878 10.794 -8.794
0.076 -0.17 0.956 6.107 13.649 -12.351
0.074 -0.138 0.96 4.397 13.275 -16.015
0.089 -0.121 0.951 3.939 13.435 -18.374
0.097 -0.088 0.959 3.84 12.511 -13.382
0.124 -0.076 0.937 3.588 13.382 -11.74
0.137 -0.067 0.928 3.931 14.496 -8.527
0.111 -0.042 0.98 3.305 13.168 -2.947
0.095 -0.08 0.95 2.298 13.748 -2.603
0.076 -0.09 0.955 -0.145 11.87 -1.313
0.078 -0.118 0.91 -0.664 13.198 -3.84
0.073 -0.135 0.904 0.336 12.786 -3.458
0.057 -0.125 0.905 0.443 12.489 -5.069
0.062 -0.132 0.915 0.969 11.344 -6.855
0.055 -0.108 0.966 -0.71 10.137 -8.092
0.046 -0.111 0.95 -2.015 7.969 -9.786
0.072 -0.115 0.925 -2.885 6.603 -9.16
0.095 -0.087 0.916 -3.305 5.031 -8.405
0.123 -0.087 0.875 -1.84 4.87 -4.366
0.131 -0.067 0.876 -2.573 6.748 -3.695
0.12 -0.11 0.871 -0.359 6.786 2.008
0.097 -0.128 0.904 -0.427 6.046 0.565
0.04 -0.139 0.963 -2.366 7.374 -0.992
0.071 -0.176 0.903 -1.099 7.198 -4.092
0.061 -0.159 0.917 -0.962 6.656 -5.26
0.102 -0.134 0.9 -0.885 7.183 -5.191
0.127 -0.118 0.889 0.313 6.504 -3.122
0.121 -0.082 0.913 -0.084 5.42 0.176
0.117 -0.065 0.923 -0.565 5.824 5.389
0.108 -0.067 0.929 -0.595 4.13 8.29
0.08 -0.076 0.941 -1.679 3.351 12.435
0.041 -0.136 0.935 -2.344 1.626 13.115
0.033 -0.184 0.931 -2.809 -1.015 11.122
0.007 -0.235 0.923 -1.985 -2.771 7.046
0.034 -0.197 0.927 -3.718 -4.344 -1.107
0.113 -0.121 0.91 -3.702 -0.427 -1.221
0.114 -0.08 0.941 -3.855 -1.313 1.237
0.098 -0.08 0.949 -2.901 -2.137 4.87
0.094 -0.084 0.946 -4.237 -3.176 5.45
0.065 -0.146 0.917 -3.71 -4.603 6.008
0.043 -0.159 0.922 -1.771 -4.878 3.611
0.07 -0.129 0.956 -3.809 -4.351 3.008
0.061 -0.166 0.917 -1.344 -5.702 3.313
0.047 -0.134 0.945 -1.534 -6.824 0.878
0.082 -0.137 0.938 -2.672 -4.611 -1.687
0.094 -0.081 0.951 -4.26 -4.557 -0.527
0.094 -0.092 0.956 -3.733 -5.664 1.435
0.078 -0.078 0.972 -6.595 -6.031 3.969
0.088 -0.129 0.929 -7.74 -6.061 4.824
0.09 -0.155 0.859 -5.336 -6.771 2.282
0.089 -0.147 0.911 -4.939 -4.405 2.87
0.089 -0.146 0.92 -4.313 -3.985 1.489
0.109 -0.148 0.917 -4.481 0.328 0.664
0.083 -0.118 0.936 -4.939 -3.275 2.565
0.107 -0.147 0.921 -5.29 -1.687 0.893
0.092 -0.139 0.898 -5.13 -0.443 2.733
0.097 -0.145 0.903 -3.137 -1.237 2.954
0.105 -0.134 0.917 -3.718 0.634 2.939
0.113 -0.123 0.91 -3.718 2.794 4.198
0.109 -0.116 0.93 -4.122 3.313 4.84
0.094 -0.129 0.94 -5.336 3.695 5.519
0.09 -0.141 0.948 -6.466 4.588 5.176
0.086 -0.142 0.928 -6.924 4.206 4.931
0.11 -0.178 0.869 -5.992 5.176 4.061
0.092 -0.148 0.891 -5.71 5.954 1.969
0.107 -0.158 0.891 -3.557 6.641 1.13
0.126 -0.137 0.906 -3.321 9.519 1.977
0.131 -0.146 0.901 -2.061 12.702 3.466
0.085 -0.14 0.932 -3.237 12.374 4.366
0.058 -0.154 0.961 -4.763 12.427 3.87
0.049 -0.172 0.962 -5.16 10.595 1.328
0.056 -0.166 0.93 -5.763 7.809 2.992
0.057 -0.171 0.933 -6.092 6.611 -2.046
0.062 -0.169 0.906 -2.298 5.466 -1.29
0.117 -0.138 0.881 -2.344 10.26 -6.122
0.094 -0.101 0.933 -2.389 10.786 -2.26
0.1 -0.085 0.936 -2.947 10.893 -0.137
0.087 -0.085 0.932 -3.756 10.908 1.58
0.062 -0.123 0.954 -4.397 8.969 1.634
0.043 -0.148 0.972 -6.252 7.687 0.84
0.031 -0.183 0.938 -7.29 6.313 -1.595
0.037 -0.187 0.924 -7.328 5.55 -2.802
0.039 -0.16 0.936 -6.427 3.542 -3.473
0.06 -0.145 0.934 -5.763 5.0 -2.954
0.072 -0.146 0.92 -4.847 4.931 -0.588
0.065 -0.134 0.934 -5.031 3.183 -0.504
0.075 -0.164 0.91 -3.611 3.725 0.71
0.099 -0.16 0.908 -4.45 4.817 -0.542
0.058 -0.14 0.926 -4.771 1.45 2.145
0.048 -0.164 0.925 -5.099 0.221 0.176
0.043 -0.174 0.899 -5.176 -0.931 -0.87
0.041 -0.157 0.929 -3.84 -1.145 -1.046
0.065 -0.154 0.933 -4.26 -1.855 -2.771
0.073 -0.138 0.915 -2.115 -1.069 -1.023
0.07 -0.131 0.922 -2.931 -3.885 -0.893
0.077 -0.142 0.907 -3.153 -1.672 0.069
0.077 -0.144 0.909 -2.733 -4.573 -0.191
0.079 -0.15 0.92 -2.397 -2.58 1.053
0.058 -0.175 0.91 -1.374 -2.496 1.893
0.047 -0.166 0.949 -0.779 -3.603 0.794
0.063 -0.153 0.945 -1.366 -2.374 0.458
0.039 -0.155 0.97 -2.328 -4.038 0.389
0.082 -0.136 0.937 -3.664 -3.275 -1.809
0.083 -0.117 0.93 -3.45 -2.969 0.336
0.069 -0.132 0.907 -2.305 -3.687 2.878
0.077 -0.129 0.922 -1.634 -4.542 3.053
0.066 -0.128 0.948 -2.221 -3.733 3.466
0.049 -0.14 0.976 -3.519 -5.557 2.824
0.063 -0.15 0.96 -5.374 -4.748 1.992
0.072 -0.155 0.94 -6.763 -5.229 0.786
0.086 -0.18 0.887 -4.832 -4.176 0.511
0.089 -0.171 0.885 -3.168 -4.099 0.008
0.097 -0.168 0.899 -0.947 -2.855 1.473
0.099 -0.16 0.885 0.687 -0.885 1.939
0.088 -0.13 0.936 -1.023 -1.771 1.687
0.092 -0.142 0.939 -2.107 -0.267 2.802
0.074 -0.146 0.941 -3.71 0.084 1.176
0.09 -0.144 0.941 -4.496 -0.389 1.443
0.082 -0.16 0.926 -5.176 -0.542 1.076
0.083 -0.167 0.91 -5.618 -0.794 0.237
0.092 -0.183 0.883 -3.863 -0.237 -0.115
0.088 -0.181 0.882 -2.107 0.687 -0.206
0.089 -0.173 0.91 -1.092 2.74 1.16
0.083 -0.181 0.913 0.382 3.198 0.473
0.084 -0.167 0.921 0.145 4.084 -1.313
0.09 -0.147 0.939 -1.053 5.504 -1.58
0.08 -0.135 0.945 -1.71 4.87 -0.26
0.094 -0.126 0.903 -2.046 6.504 0.542
0.097 -0.115 0.876 -1.908 5.924 1.771
0.089 -0.108 0.905 -1.878 4.573 3.015
0.061 -0.119 0.946 -2.756 3.534 1.725
0.057 -0.138 0.943 -3.847 3.206 0.71
0.074 -0.132 0.932 -5.656 4.038 0.45
0.066 -0.138 0.913 -5.542 2.87 1.695
0.063 -0.156 0.923 -5.863 2.634 2.763
0.045 -0.166 0.903 -4.42 1.275 3.405
0.036 -0.183 0.885 -2.336 1.145 2.55
0.052 -0.172 0.914 -2.031 2.107 -0.023
0.056 -0.16 0.945 -2.115 2.672 -0.626
0.075 -0.136 0.938 -2.435 1.481 -1.847
0.066 -0.123 0.968 -3.183 0.557 -0.511
0.064 -0.136 0.968 -3.679 -2.069 2.336
0.063 -0.139 0.968 -6.0 -2.847 2.275
0.052 -0.156 0.958 -7.45 -5.008 0.565
0.074 -0.172 0.93 -7.069 -5.069 -0.137
0.085 -0.175 0.904 -6.252 -4.305 0.679
0.098 -0.174 0.908 -4.985 -2.542 1.237
0.093 -0.182 0.901 -2.359 -2.527 2.87
0.097 -0.17 0.919 -1.74 -0.847 2.359
0.092 -0.169 0.934 -1.695 0.084 2.282
0.075 -0.166 0.939 -1.405 -1.214 3.137
0.076 -0.173 0.96 -3.015 -0.672 2.916
0.084 -0.16 0.954 -4.809 1.458 -0.053
0.094 -0.159 0.912 -3.779 -1.206 1.74
0.104 -0.135 0.936 -4.237 -1.534 1.137
0.1 -0.159 0.922 -3.42 -1.611 2.107
0.103 -0.172 0.884 -2.115 -0.962 3.076
0.103 -0.171 0.898 -0.237 1.756 2.145
0.066 -0.172 0.94 0.542 0.893 2.779
0.074 -0.173 0.95 0.542 2.0 2.664
0.058 -0.165 0.971 -1.168 1.015 1.443
0.064 -0.155 0.999 -4.267 -0.176 0.405
0.071 -0.162 0.957 -4.893 -1.275 1.0
0.067 -0.165 0.923 -5.519 -2.824 0.282
0.073 -0.163 0.925 -5.069 -2.863 1.344
0.086 -0.166 0.898 -4.252 -2.153 0.992
0.102 -0.162 0.893 -3.26 -0.771 1.229
0.106 -0.147 0.911 -3.504 0.931 0.359
0.125 -0.143 0.896 -3.664 2.084 0.847
0.124 -0.154 0.885 -4.557 3.87 1.45
0.106 -0.165 0.884 -4.382 5.84 2.008
0.114 -0.156 0.903 -3.756 5.893 2.504
0.084 -0.171 0.919 -2.756 5.603 2.031
0.083 -0.168 0.908 -2.145 6.107 0.145
0.084 -0.159 0.928 -0.595 6.084 1.511
0.088 -0.145 0.946 -1.107 7.412 3.313
0.053 -0.164 0.947 -1.031 6.366 3.969
0.043 -0.177 0.949 -1.527 5.191 3.679
0.05 -0.177 0.96 -3.786 5.351 0.771
0.061 -0.185 0.917 -3.885 5.008 -0.679
0.062 -0.141 0.961 -5.359 2.656 -0.595
0.092 -0.162 0.905 -2.916 5.015 1.061
0.075 -0.16 0.911 -2.771 4.328 2.519
0.077 -0.168 0.912 -0.794 3.733 3.771
0.055 -0.171 0.946 -0.855 4.382 4.542
0.045 -0.172 0.962 -2.015 2.695 1.969
0.024 -0.167 0.977 -4.267 0.985 -1.176
0.034 -0.176 0.967 -5.282 -0.458 -1.939
0.05 -0.174 0.92 -5.046 -2.229 -4.053
0.074 -0.157 0.903 -3.924 -2.748 -2.863
0.085 -0.13 0.924 -2.718 -2.847 -1.0
0.084 -0.12 0.94 -2.939 -2.992 -0.061
0.06 -0.149 0.942 -3.542 -2.931 0.435
0.065 -0.162 0.923 -3.588 -3.412 -1.389