-0.059 -0.011 0.938 2.672 0.023 6.092
-0.041 -0.001 0.939 1.031 2.282 6.481
-0.071 -0.014 0.943 -0.153 2.42 5.42
-0.073 -0.022 0.945 -1.733 3.221 4.137
-0.058 -0.021 0.926 -2.206 5.924 3.954
-0.077 -0.031 0.936 -1.26 5.542 3.557
-0.063 -0.019 0.922 0.015 3.496 5.695
-0.065 -0.012 0.924 0.153 1.931 9.13
-0.048 0.002 0.948 -0.282 -0.847 10.221
-0.038 0.002 0.936 -1.771 1.115 10.069
-0.066 -0.02 0.925 -2.183 0.939 8.931
-0.075 -0.027 0.922 -0.618 -0.847 9.145
-0.077 -0.026 0.923 -0.664 -0.244 6.71
-0.08 -0.025 0.925 -1.008 -1.511 4.595
-0.062 -0.022 0.923 -0.42 -0.908 4.824
-0.04 -0.006 0.926 0.374 -1.16 4.557
-0.056 -0.015 0.941 -0.969 2.298 4.687
-0.08 -0.011 0.946 -1.466 1.855 3.931
-0.074 -0.003 0.954 -1.214 -1.58 2.756
-0.058 -0.005 0.939 -1.557 -1.397 3.107
-0.054 -0.008 0.943 -1.679 -2.038 2.672
-0.058 -0.005 0.928 -1.282 -2.008 3.679
-0.069 -0.018 0.928 -0.992 -1.168 3.489
-0.074 -0.006 0.945 -0.969 -0.443 3.237
-0.077 0.002 0.94 -1.191 -0.939 2.969
-0.064 0.009 0.934 -1.298 -2.336 3.939
-0.064 -0.002 0.931 -1.87 -2.718 5.687
-0.047 -0.008 0.93 -1.099 -3.527 5.634
-0.039 -0.004 0.926 -0.763 -2.328 6.695
-0.048 -0.006 0.922 -0.55 -1.947 6.603
-0.045 -0.001 0.916 -0.779 -2.076 6.588
-0.037 -0.008 0.89 -0.725 -0.412 8.748
-0.037 -0.004 0.911 -0.634 0.939 8.237
-0.056 -0.01 0.913 -1.26 2.29 7.069
-0.072 -0.011 0.947 -1.107 1.573 4.275
-0.066 -0.018 0.93 0.733 0.374 2.137
-0.062 0.006 0.92 -0.221 -2.427 2.374
-0.048 0.002 0.929 0.641 -5.496 4.053
-0.039 0.006 0.934 0.13 -5.489 5.305
-0.048 -0.003 0.926 -0.267 -5.099 5.84
-0.033 -0.013 0.932 -0.71 -2.0 4.634
-0.051 -0.024 0.919 -0.931 0.786 2.924
-0.053 -0.021 0.924 0.405 1.45 1.099
-0.05 -0.017 0.917 1.557 0.458 0.183
-0.06 -0.002 0.926 2.802 -2.573 1.351
-0.037 0.0 0.933 3.107 -4.527 2.397
-0.036 -0.002 0.946 2.26 -3.649 2.664
-0.052 0.007 0.95 0.511 -1.702 2.282
-0.07 -0.009 0.935 -0.748 -0.023 0.687
-0.063 -0.009 0.925 -0.855 -0.359 -0.145
-0.062 -0.004 0.923 0.878 -2.901 -1.252
-0.045 0.007 0.927 1.855 -5.336 0.099
-0.033 0.018 0.928 1.634 -5.015 2.031
-0.035 0.009 0.927 1.229 -5.321 3.046
-0.04 -0.0 0.914 1.489 -4.901 3.107
-0.042 0.002 0.915 1.55 -6.183 2.382
-0.046 0.008 0.917 0.008 -2.977 2.275
-0.028 0.01 0.929 -1.595 -2.435 1.985
-0.024 0.011 0.915 -2.137 -0.794 2.649
-0.019 -0.0 0.905 -1.389 -0.962 3.511
-0.02 -0.002 0.904 -0.122 -1.137 4.267
-0.008 0.009 0.911 0.427 0.321 3.687
-0.027 0.017 0.91 0.344 0.29 2.664
-0.028 0.013 0.92 -0.015 1.802 2.145
-0.056 0.007 0.93 -0.771 0.221 0.855
-0.046 0.01 0.924 -0.817 -0.634 -0.313
-0.039 0.013 0.928 -1.351 -0.573 -0.13
-0.028 0.026 0.922 -1.74 -0.443 0.626
-0.027 0.008 0.914 -1.779 1.58 1.084
-0.023 0.011 0.918 -2.313 2.55 1.664
-0.034 -0.001 0.919 -1.985 2.687 2.412
-0.042 -0.008 0.918 -1.206 3.237 1.885
-0.05 -0.006 0.919 -0.107 1.847 1.534
-0.047 0.011 0.934 0.16 1.473 -0.267
-0.039 0.015 0.933 -0.511 1.817 0.496
-0.042 0.021 0.934 -0.389 0.504 0.145
-0.028 0.017 0.933 -0.695 0.519 0.878
-0.039 0.012 0.947 -1.26 -0.084 1.031
-0.034 0.018 0.937 -2.153 0.916 1.298
-0.024 0.025 0.945 -2.366 1.145 1.656
-0.008 0.036 0.938 -2.55 0.664 1.947
-0.023 0.031 0.946 -3.168 0.099 2.634
-0.055 0.012 0.943 -3.008 -0.305 2.244
-0.054 -0.002 0.928 -2.725 0.252 1.702
-0.071 -0.014 0.923 -1.496 -0.84 0.069
-0.047 0.0 0.923 -0.756 -1.664 -0.275
-0.038 0.015 0.934 -2.405 2.015 0.084
-0.055 0.025 0.949 -4.695 2.656 -0.092
-0.042 0.014 0.943 -5.695 4.42 1.023
-0.054 0.011 0.932 -5.344 1.214 1.145
-0.034 -0.001 0.906 -2.198 -2.45 2.603
-0.058 -0.001 0.916 -0.947 -3.13 3.389
-0.039 0.007 0.94 -1.405 -3.008 2.351
-0.033 0.01 0.932 -3.015 0.603 1.557
-0.038 -0.002 0.929 -2.779 0.702 0.313
-0.035 0.004 0.914 -1.573 0.221 0.794
-0.034 0.011 0.921 -1.115 0.718 1.069
-0.033 0.018 0.913 -0.969 -0.405 1.298
-0.021 0.026 0.931 -0.977 -2.122 1.947
-0.015 0.036 0.929 -1.794 -1.824 3.053
-0.025 0.026 0.93 -1.954 -1.038 2.26
-0.032 0.025 0.919 -1.412 -1.603 2.321
-0.036 0.031 0.927 -2.206 0.183 1.198
-0.026 0.028 0.923 -2.603 -0.878 0.885
-0.021 0.011 0.935 -3.092 0.275 1.298
-0.027 -0.005 0.921 -2.519 0.214 1.664
-0.029 -0.006 0.919 -1.634 1.198 1.603
-0.035 -0.004 0.927 -1.115 1.641 1.748
-0.026 0.026 0.925 -1.412 1.863 1.847
-0.035 0.025 0.938 -1.809 1.985 1.649
-0.046 0.022 0.94 -2.038 0.992 1.107
-0.046 0.018 0.936 -2.29 0.832 -0.26
-0.035 0.005 0.929 -1.977 0.481 0.023
-0.042 0.004 0.923 -1.527 0.916 0.244
-0.034 0.019 0.926 -1.115 0.626 0.763
-0.044 0.027 0.926 -1.947 1.84 1.832
-0.048 0.021 0.932 -1.168 -0.221 1.817
-0.05 0.037 0.935 -0.725 -1.443 0.74
-0.051 0.044 0.938 -1.466 -0.802 -0.061
-0.062 0.06 0.937 -2.275 -2.237 -0.489
-0.073 0.08 0.942 -1.603 -3.573 -1.489
-0.094 0.113 0.942 -1.504 -3.733 -6.137
-0.108 0.188 0.971 0.389 -9.092 -7.855
-0.152 0.265 1.03 1.84 -16.336 -10.847
-0.19 0.351 1.073 1.595 -28.0 -16.641
-0.189 0.477 1.094 0.282 -34.084 -16.626
-0.201 0.678 1.114 6.924 -25.885 -15.855
-0.152 0.71 1.049 -2.466 -32.931 -23.321
0.215 0.439 0.762 -3.977 6.878 -63.916
-0.138 0.916 1.081 -15.061 -27.458 -11.13
0.088 0.729 0.86 -21.412 -0.595 -24.71
-0.172 0.82 1.077 -28.374 -25.885 -5.977
-0.153 0.826 1.041 -34.107 -22.313 -3.771
-0.219 0.79 1.062 -36.885 -29.634 -5.985
-0.315 0.772 1.098 -42.458 -34.763 -4.992
-0.353 0.719 1.079 -47.656 -40.733 -5.275
-0.335 0.626 1.033 -46.206 -42.718 -4.733
-0.266 0.604 1.035 -53.069 -39.863 -9.389
-0.234 0.583 0.997 -57.168 -36.42 -15.084
-0.197 0.567 0.957 -52.282 -41.863 -9.023
-0.163 0.608 0.973 -46.893 -53.076 -0.885
-0.126 0.572 0.916 -41.519 -57.908 12.71
-0.218 0.451 0.929 -37.595 -68.908 21.725
-0.159 0.403 0.855 -31.672 -67.046 31.344
-0.249 0.306 0.879 -24.0 -65.397 39.611
-0.308 0.248 0.898 -16.13 -70.45 36.557
-0.298 0.24 0.88 -11.42 -67.275 31.626
-0.392 0.16 0.956 -4.855 -72.473 18.099
-0.254 0.187 0.916 3.435 -91.87 9.786
-0.149 0.207 0.969 9.58 -88.344 20.893
0.087 0.281 0.984 10.664 -91.962 33.557
0.239 0.27 0.916 16.29 -73.359 71.13
0.203 0.186 0.92 18.893 -66.542 97.191
0.204 -0.02 0.699 35.817 -57.519 111.969
-0.024 -0.091 0.867 41.382 -45.702 124.351
-0.229 -0.333 0.881 37.817 -34.588 112.252
-0.348 -0.515 0.983 28.626 -26.557 84.985
-0.414 -0.686 0.999 26.221 -37.557 61.58
-0.208 -0.727 0.836 26.947 -26.832 32.023
0.011 -0.594 0.825 35.847 -42.267 14.985
0.28 -0.417 0.732 45.649 -26.641 24.267
0.463 -0.349 0.669 60.023 -36.595 35.603
0.435 -0.352 0.759 62.069 -27.015 55.748
0.409 -0.435 0.74 54.344 -22.695 57.16
0.264 -0.597 0.837 36.771 -18.229 33.771
0.328 -0.732 0.589 31.092 0.183 29.695
0.363 -0.773 0.642 33.878 11.0 9.13
0.628 -0.602 0.686 33.076 22.618 15.603
0.671 -0.56 0.714 28.435 38.137 25.168
0.8 -0.438 0.753 27.504 48.74 38.603
0.782 -0.399 0.727 30.794 42.427 67.641
0.612 -0.541 0.794 24.145 39.87 73.595
0.413 -0.74 0.811 13.504 51.557 58.221
0.315 -0.837 0.814 11.588 51.954 39.328
0.324 -0.772 0.892 12.985 42.214 24.053
0.42 -0.594 0.893 8.443 43.015 21.13
0.476 -0.58 0.854 6.786 47.313 20.0
0.585 -0.417 0.749 14.214 45.84 35.176
0.492 -0.406 0.792 14.992 46.481 43.595
0.398 -0.405 0.827 14.206 47.947 44.466
0.272 -0.391 0.983 9.58 44.832 33.809
0.261 -0.402 0.911 4.183 39.221 24.237
0.14 -0.54 0.911 0.061 38.779 2.198
0.176 -0.416 0.898 0.267 42.214 -12.573
0.261 -0.289 0.917 0.244 43.908 -11.832
0.314 -0.16 0.928 -1.511 37.374 -9.87
0.332 -0.13 0.863 -5.779 27.008 4.191
0.289 -0.158 0.851 -2.664 25.58 8.092
0.256 -0.212 0.853 -5.58 31.313 8.084
0.368 -0.098 0.773 -7.0 30.382 3.679
0.071 -0.24 0.979 -10.695 27.962 -7.008
0.05 -0.065 1.14 -18.992 20.389 -3.267
0.064 -0.066 1.102 -27.405 7.702 -0.901
0.037 -0.074 1.094 -36.672 -3.588 3.695
0.126 -0.071 0.947 -39.198 -7.595 4.672
0.209 -0.093 0.874 -37.267 -6.351 6.641
0.201 -0.075 0.852 -32.565 -9.893 11.634
0.19 -0.161 0.854 -26.878 -1.611 9.817
0.14 -0.175 0.934 -24.908 -6.458 9.412
0.094 -0.169 0.943 -24.397 -0.443 6.954
0.108 -0.196 0.921 -22.221 3.779 2.878
0.138 -0.177 0.916 -19.756 4.824 1.641
0.139 -0.119 0.997 -23.145 -0.84 2.481
0.138 -0.141 1.013 -26.015 -9.641 6.473
0.14 -0.137 0.964 -28.565 -13.015 5.031
0.164 -0.125 0.921 -28.412 -13.176 3.786
0.171 -0.144 0.89 -24.802 -8.939 2.466
0.169 -0.198 0.811 -17.718 -5.168 3.405
0.214 -0.177 0.81 -9.366 -1.229 -0.031
0.193 -0.11 0.893 -3.847 -2.748 1.939
0.193 -0.06 0.955 -1.504 -5.359 5.458
0.176 -0.025 1.013 -3.641 -7.985 9.061
0.154 -0.0 1.057 -6.519 -12.748 14.382
0.149 -0.026 1.095 -11.344 -19.58 19.771
0.109 -0.05 1.051 -16.595 -23.023 18.809
0.173 -0.118 0.919 -17.359 -30.153 12.649
0.1 -0.198 0.952 -16.771 -23.656 7.496
0.038 -0.218 1.012 -14.756 -32.122 -3.328
0.234 -0.085 0.933 -14.733 -20.191 -1.191
0.267 -0.046 0.919 -12.832 -19.382 0.115
0.263 -0.055 0.903 -10.611 -17.992 6.527
0.27 -0.071 0.95 -10.794 -14.328 8.779
0.23 -0.095 0.949 -11.267 -14.45 11.076
0.212 -0.126 0.939 -12.45 -11.046 7.756
0.226 -0.137 0.894 -10.382 -7.26 7.481
0.222 -0.114 0.927 -10.137 -4.443 8.13
0.194 -0.143 0.928 -11.382 -2.382 -0.855
0.206 -0.141 0.926 -10.405 -2.275 -3.527
0.208 -0.151 0.883 -8.702 -1.061 -3.458
0.226 -0.134 0.898 -8.412 0.275 -6.137
0.244 -0.126 0.892 -5.244 6.84 -6.099
0.228 -0.125 0.909 -5.153 5.74 -7.908
0.201 -0.071 0.942 -6.87 8.16 -6.611
0.204 -0.112 0.894 -4.58 11.275 -7.038
0.2 -0.09 0.876 -2.992 11.481 -7.267
0.191 -0.079 0.886 -0.687 14.061 -6.748
0.17 -0.089 0.916 0.237 13.794 -6.214
0.15 -0.09 0.961 -1.817 13.603 -10.061
0.162 -0.054 0.953 -5.397 14.084 -14.489
0.188 -0.006 0.945 -6.863 12.023 -14.855
0.194 0.019 0.945 -9.656 12.511 -11.84
0.174 -0.041 0.909 -9.298 11.565 -10.267
0.149 -0.112 0.862 -5.489 11.221 -7.802
0.125 -0.157 0.863 -1.389 12.229 -10.947
0.134 -0.133 0.884 1.656 12.931 -12.626
0.117 -0.095 0.931 1.748 11.573 -14.718
0.13 -0.077 0.986 2.107 11.771 -14.687
0.134 -0.045 1.022 0.076 9.137 -10.42
0.119 -0.073 1.016 -2.084 6.069 -9.542
0.119 -0.101 0.953 -4.061 3.809 -8.351
0.146 -0.1 0.908 -2.649 3.191 -7.802
0.164 -0.091 0.919 -0.71 0.794 -3.748
0.174 -0.076 0.923 -0.237 0.603 -1.939
0.16 -0.093 0.932 -0.924 -0.893 -2.718
0.167 -0.13 0.904 -2.229 1.252 -6.382
0.162 -0.123 0.896 -1.389 1.565 -5.779
0.177 -0.112 0.861 0.916 4.603 -4.679
0.176 -0.079 0.914 1.359 3.748 -4.588
0.163 -0.056 0.941 0.344 4.641 -2.466
0.153 -0.056 0.955 -1.458 3.298 -0.649
0.132 -0.099 0.941 -1.908 0.718 0.16
0.136 -0.109 0.917 -2.092 -1.649 0.313
0.153 -0.099 0.897 -1.206 -2.511 -0.748
0.189 -0.058 0.875 0.504 0.031 1.26
0.18 -0.039 0.901 1.832 2.885 1.137
0.128 -0.071 0.917 0.412 1.29 1.412
0.12 -0.072 0.926 -0.427 0.878 2.519
0.132 -0.068 0.943 -1.336 0.244 3.359
0.123 -0.075 0.937 -1.527 -2.679 4.122
0.142 -0.049 0.955 -2.405 -5.55 6.924
0.149 -0.076 0.924 -2.031 -6.0 7.84
0.13 -0.071 0.947 -2.435 -8.458 7.977
0.26 -0.032 0.862 -1.237 -11.328 4.389
0.115 -0.115 0.941 -2.962 -6.84 5.443
0.139 -0.067 0.936 -4.061 -5.695 6.145
0.168 -0.056 0.941 -5.275 -4.733 6.611
0.15 -0.069 0.932 -6.672 -7.023 7.756
0.153 -0.102 0.911 -5.298 -8.763 6.656
0.178 -0.105 0.917 -4.924 -9.336 6.695
0.196 -0.103 0.911 -4.779 -8.298 6.931
0.36 -0.002 0.809 -3.328 -6.405 7.466
0.203 -0.1 0.926 -3.74 -5.87 6.305
0.165 -0.115 0.926 -3.45 -5.702 7.771
0.176 -0.118 0.926 -3.382 -3.26 6.0
0.177 -0.108 0.93 -4.511 -3.321 5.107
0.189 -0.095 0.919 -5.389 -3.435 3.832
0.21 -0.083 0.903 -5.374 -2.298 4.122
0.205 -0.092 0.872 -5.176 -1.366 3.55
0.236 -0.079 0.867 -3.527 3.023 3.214
0.2 -0.062 0.894 -1.733 3.046 7.252
0.172 -0.088 0.941 -1.664 2.298 7.534
0.156 -0.099 0.942 -2.649 3.115 6.069
0.156 -0.109 0.945 -4.344 2.435 4.092
0.174 -0.109 0.937 -5.221 2.969 1.275
0.18 -0.098 0.934 -5.282 2.595 2.252
0.183 -0.112 0.907 -4.901 4.115 1.282
0.181 -0.106 0.921 -3.893 5.305 1.511
0.189 -0.103 0.914 -2.008 6.924 3.053
0.158 -0.104 0.942 -2.29 6.42 3.198
0.128 -0.133 0.959 -3.16 4.603 0.542
0.128 -0.139 0.941 -3.893 3.992 -3.183
0.162 -0.093 0.94 -3.931 3.191 -4.458
0.17 -0.081 0.938 -5.137 3.145 -3.817
0.171 -0.089 0.904 -5.275 3.901 -4.931
0.189 -0.09 0.898 -3.855 3.496 -5.321
0.215 -0.06 0.91 -2.756 5.435 -3.794
0.198 -0.051 0.906 -2.794 6.45 0.229
0.198 -0.052 0.921 -3.817 7.58 2.115
0.179 -0.056 0.923 -4.924 8.221 3.947
0.174 -0.086 0.907 -4.687 7.137 6.672
0.147 -0.118 0.902 -3.588 6.634 7.634
0.124 -0.152 0.924 -2.802 6.992 4.458
0.11 -0.183 0.92 -1.893 5.679 0.008
0.131 -0.156 0.946 -0.809 5.198 -2.847
0.149 -0.112 0.949 -2.099 5.176 -5.382
0.162 -0.072 0.951 -4.183 6.008 -5.389
0.166 -0.068 0.933 -4.504 3.527 -2.908
0.175 -0.076 0.917 -4.985 3.336 0.328
0.172 -0.077 0.91 -4.962 3.038 3.649
0.156 -0.105 0.896 -3.771 1.672 4.992
0.143 -0.121 0.899 -4.252 2.069 2.45
0.144 -0.124 0.912 -3.267 2.725 0.679
0.144 -0.13 0.902 -3.458 1.557 -2.58
0.167 -0.099 0.911 -4.26 2.618 -4.046
0.19 -0.088 0.89 -3.916 4.595 -4.252
0.183 -0.089 0.898 -3.901 1.939 -1.038
0.167 -0.084 0.929 -4.282 2.664 0.061
0.175 -0.086 0.892 -3.824 3.168 0.412
0.192 -0.074 0.893 -4.0 3.924 2.214
0.187 -0.085 0.899 -2.962 4.496 3.641
0.183 -0.116 0.916 -0.267 8.481 2.947
0.125 -0.13 0.905 -3.42 5.672 1.397
0.116 -0.12 0.93 -2.962 4.443 1.695
0.13 -0.111 0.966 -3.573 5.16 -0.359
0.131 -0.111 0.962 -4.176 3.649 0.511
0.139 -0.105 0.97 -4.87 2.634 1.481
0.137 -0.11 0.942 -4.985 0.832 2.252
0.147 -0.114 0.929 -4.802 -0.031 3.687
0.14 -0.124 0.918 -3.305 -0.84 3.695
0.139 -0.095 0.939 -2.962 -0.817 4.153
0.145 -0.106 0.945 -3.947 -0.176 3.031
0.154 -0.101 0.938 -3.802 -2.053 1.687
0.137 -0.117 0.942 -4.122 -2.16 1.649
0.157 -0.12 0.916 -4.412 -2.573 0.053
0.165 -0.112 0.906 -4.519 -1.29 -0.183
0.189 -0.088 0.907 -4.084 -1.359 2.214
0.17 -0.073 0.904 -2.794 -0.153 2.771
0.162 -0.076 0.914 -2.084 0.237 3.992
0.146 -0.095 0.936 -2.71 0.855 3.672
0.129 -0.106 0.945 -2.756 -0.237 2.313
0.13 -0.122 0.941 -2.847 -0.702 1.74
0.155 -0.114 0.938 -3.076 -1.832 0.489
0.168 -0.098 0.926 -3.939 -2.252 1.55
0.18 -0.1 0.903 -2.855 -1.145 2.489
0.182 -0.106 0.9 -1.802 -1.107 2.748
0.163 -0.109 0.924 -1.573 0.908 3.748
0.143 -0.137 0.923 -0.916 0.122 3.511
0.146 -0.139 0.917 -0.855 0.534 1.649
0.156 -0.125 0.909 -0.954 0.557 -0.969
0.171 -0.101 0.906 -1.298 1.351 -1.908
0.178 -0.081 0.882 -1.649 2.855 -1.26
0.188 -0.076 0.89 -0.618 2.756 0.87
0.175 -0.087 0.908 -2.397 3.847 0.802
0.179 -0.09 0.905 -2.847 3.282 2.71
0.202 -0.096 0.893 -3.504 4.122 3.252
0.17 -0.133 0.867 -2.351 4.901 3.489
0.164 -0.151 0.86 -0.359 5.786 1.076
0.138 -0.144 0.92 1.458 5.489 0.0
0.135 -0.113 0.955 1.015 5.809 -0.794
0.142 -0.096 0.954 0.015 6.221 -1.313
0.15 -0.084 0.962 -1.252 4.679 -1.26
0.149 -0.091 0.952 -1.672 4.031 1.038
0.137 -0.086 0.949 -2.397 3.168 2.458
0.122 -0.101 0.952 -3.282 0.87 1.855
0.124 -0.103 0.951 -3.992 0.565 1.84
0.129 -0.121 0.932 -4.565 1.397 0.038
0.141 -0.108 0.913 -3.992 1.962 -1.519
0.151 -0.105 0.918 -2.779 1.198 -0.87
0.154 -0.104 0.927 -1.947 1.031 -0.267
0.156 -0.095 0.916 -2.351 1.069 0.29
0.147 -0.086 0.926 -2.214 0.275 1.878
0.145 -0.079 0.955 -3.099 -0.702 3.084
0.143 -0.092 0.938 -4.336 -0.267 3.405
0.153 -0.108 0.926 -5.061 -1.275 4.725
0.135 -0.119 0.942 -5.252 -2.847 3.13
0.117 -0.157 0.953 -1.298 -3.809 -1.115
0.096 -0.151 0.923 -4.832 -0.466 0.328
0.136 -0.113 0.914 -3.183 -0.588 2.702
0.174 -0.12 0.892 -2.527 1.198 3.198
0.151 -0.123 0.92 -1.71 1.466 3.237
0.163 -0.119 0.928 -2.618 1.542 3.405
0.164 -0.119 0.919 -3.794 2.29 2.015
0.165 -0.105 0.926 -5.084 1.924 2.038
0.159 -0.114 0.928 -4.725 1.237 3.229
0.142 -0.135 0.923 -3.603 1.351 4.031
0.115 -0.156 0.921 -1.519 0.366 3.481
0.11 -0.156 0.952 -1.977 -0.115 1.198
0.118 -0.129 0.955 -2.015 1.427 0.947
0.116 -0.11 0.956 -3.229 -0.42 -0.473
0.134 -0.096 0.95 -3.802 -1.038 0.084