0.092 -0.059 0.927 -2.084 -0.473 0.725
0.095 -0.061 0.929 -1.962 -1.336 -0.069
0.121 -0.054 0.919 -2.298 -0.519 -0.206
0.119 -0.067 0.926 -3.344 0.603 -0.481
0.114 -0.064 0.94 -3.74 1.389 -0.198
0.115 -0.058 0.924 -3.809 0.977 -0.191
0.107 -0.059 0.926 -2.924 0.786 1.038
0.108 -0.056 0.922 -2.733 0.901 1.008
0.107 -0.062 0.913 -2.504 0.55 0.794
0.111 -0.056 0.931 -2.84 1.366 0.802
0.128 -0.054 0.921 -3.13 2.153 1.084
0.122 -0.063 0.922 -2.847 1.885 1.809
0.108 -0.068 0.912 -2.412 1.786 1.107
0.104 -0.064 0.921 -1.84 1.443 0.893
0.098 -0.057 0.925 -1.947 1.374 1.092
0.094 -0.055 0.942 -2.328 1.641 0.87
0.103 -0.052 0.932 -2.679 1.275 0.603
0.11 -0.059 0.927 -3.046 1.092 1.351
0.113 -0.049 0.935 -3.397 1.29 2.137
0.105 -0.058 0.924 -3.099 1.634 3.344
0.114 -0.055 0.922 -2.55 1.023 3.992
0.115 -0.047 0.928 -2.252 1.557 5.107
0.109 -0.063 0.917 -2.389 2.359 4.16
0.105 -0.061 0.922 -2.061 2.275 3.763
0.109 -0.066 0.928 -1.565 2.183 3.947
0.108 -0.071 0.928 -1.565 3.374 3.611
0.101 -0.068 0.913 -0.901 2.519 3.008
0.096 -0.059 0.941 -0.26 1.779 1.977
0.105 -0.041 0.943 -0.191 1.42 2.649
0.11 -0.04 0.941 -1.198 1.55 2.824
0.117 -0.048 0.933 -2.321 2.16 2.855
0.112 -0.051 0.938 -2.29 1.748 3.145
0.123 -0.049 0.936 -2.649 2.405 3.687
0.114 -0.051 0.938 -2.634 2.58 3.412
0.097 -0.065 0.937 -2.382 2.634 2.794
0.092 -0.07 0.919 -1.58 2.527 2.679
0.09 -0.071 0.926 -0.771 1.962 1.794
0.107 -0.066 0.94 -0.626 2.527 1.809
0.118 -0.06 0.93 -0.565 2.168 2.168
0.106 -0.056 0.948 -0.076 1.137 3.344
0.11 -0.054 0.939 0.168 0.13 3.122
0.099 -0.052 0.94 -0.069 -0.076 2.649
0.101 -0.041 0.939 -0.947 0.359 2.244
0.107 -0.045 0.952 -2.137 2.275 2.519
0.107 -0.05 0.932 -2.916 3.305 2.374
0.09 -0.066 0.914 -2.771 3.069 2.137
0.079 -0.072 0.914 -1.641 1.634 1.924
0.094 -0.07 0.907 -0.321 0.832 1.786
0.097 -0.072 0.915 -0.076 1.168 2.313
0.111 -0.06 0.912 0.321 0.832 2.885
0.123 -0.058 0.927 -0.351 1.779 3.137
0.1 -0.058 0.925 -1.008 1.015 4.046
0.101 -0.067 0.927 -1.695 2.336 3.42
0.094 -0.065 0.923 -1.626 2.282 3.221
0.093 -0.077 0.918 -0.191 1.771 2.351
0.096 -0.057 0.919 0.71 1.176 2.29
0.103 -0.052 0.948 0.061 1.565 2.023
0.092 -0.057 0.948 -1.16 2.176 2.237
0.097 -0.055 0.931 -1.931 2.168 1.733
0.103 -0.048 0.938 -2.206 2.137 1.931
0.11 -0.047 0.935 -2.366 2.0 2.962
0.111 -0.064 0.927 -2.099 1.924 2.893
0.108 -0.059 0.915 -0.901 0.954 2.802
0.109 -0.054 0.931 -0.802 0.84 2.534
0.096 -0.04 0.941 -1.634 1.321 1.397
0.1 -0.035 0.941 -2.779 2.443 0.771
0.096 -0.046 0.94 -2.702 2.099 1.489
0.11 -0.037 0.958 -3.664 1.992 1.855
0.098 -0.05 0.942 -4.13 3.763 3.527
0.095 -0.057 0.934 -4.779 2.573 3.962
0.079 -0.055 0.93 -3.695 1.84 3.748
0.073 -0.039 0.934 -2.511 0.779 3.405
0.055 -0.024 0.953 -2.305 1.298 3.947
0.049 -0.009 0.946 -1.756 1.16 4.695
0.046 -0.005 0.943 -1.45 0.305 4.16
0.049 0.027 0.919 0.29 0.328 4.198
0.043 0.059 0.922 3.008 -1.176 3.702
0.027 0.125 0.953 4.779 -3.008 3.244
0.01 0.184 0.99 7.206 -5.153 3.275
0.006 0.282 1.022 6.664 -4.702 3.954
0.005 0.371 1.018 6.794 -4.168 4.756
-0.031 0.431 1.005 11.588 -4.26 7.992
-0.066 0.509 0.984 20.229 -7.664 12.405
-0.059 0.617 0.983 34.405 -13.641 22.626
-0.111 0.698 0.999 46.641 -22.267 26.267
-0.194 0.8 1.087 48.565 -27.473 26.038
-0.191 0.91 1.193 34.847 -20.015 19.382
-0.241 0.942 1.275 12.466 -13.321 12.595
-0.221 0.924 1.288 -13.198 2.885 0.794
-0.188 0.867 1.209 -35.336 15.305 -13.137
-0.148 0.831 1.075 -44.435 16.435 -21.573
-0.055 0.488 0.76 -36.702 21.023 -32.198
-0.181 0.681 0.753 -17.809 -2.298 -14.427
-0.301 0.594 0.656 10.282 -20.832 -11.748
-0.291 0.584 0.735 34.374 -33.969 -15.962
-0.475 0.585 0.932 40.748 -42.893 -34.802
-0.529 0.586 1.142 33.427 -56.153 -65.206
-0.372 0.677 1.309 16.374 -48.405 -85.802
-0.3 0.659 1.37 -2.702 -39.664 -92.321
-0.175 0.582 1.276 -19.298 -36.748 -90.275
-0.062 0.458 1.095 -22.069 -34.977 -82.977
-0.079 0.332 0.978 -21.313 -34.328 -77.519
0.003 0.209 0.908 -17.122 -32.55 -70.221
0.043 0.203 0.986 -10.824 -33.244 -57.389
0.117 0.203 1.069 -10.718 -19.351 -31.481
0.103 0.179 1.191 -15.885 -15.176 -0.069
0.017 0.022 1.062 -18.74 -12.397 16.511
0.156 -0.113 0.843 -17.763 -7.206 19.153
0.25 -0.167 0.762 -4.756 1.695 36.84
0.274 -0.192 0.673 4.214 8.695 41.695
0.154 -0.194 0.721 15.748 16.527 55.107
0.22 -0.152 0.956 10.71 15.214 56.496
0.067 -0.284 0.948 -0.008 14.863 51.878
0.155 -0.277 0.826 -5.611 18.092 48.611
0.16 -0.339 0.818 -8.695 7.771 42.153
0.226 -0.245 0.712 -6.985 8.534 30.244
0.386 -0.266 0.701 2.328 6.412 23.733
0.501 -0.124 0.786 9.557 7.382 34.794
0.45 -0.218 0.743 -1.519 16.962 35.298
0.284 -0.408 0.607 -2.969 28.863 33.756
0.383 -0.516 0.654 8.756 25.511 33.153
0.497 -0.416 0.902 7.084 35.84 36.046
0.443 -0.48 0.999 4.137 38.397 55.847
0.371 -0.828 0.891 -2.214 48.817 62.26
0.314 -0.809 0.682 -14.855 48.168 45.985
0.203 -0.522 0.738 2.603 58.87 21.557
0.609 -0.727 0.786 9.611 73.672 29.328
0.604 -0.254 0.932 -4.511 72.656 35.458
0.627 0.015 0.783 6.779 89.328 47.74
0.608 0.161 0.867 -9.267 102.183 51.626
0.334 0.166 0.99 -4.748 68.992 82.206
0.332 -0.427 0.911 6.275 57.397 94.008
0.34 -0.551 0.875 -5.901 65.573 100.748
0.276 -0.647 0.875 -4.679 70.573 88.87
0.26 -0.618 0.886 -3.565 62.71 75.176
0.258 -0.57 0.964 -20.084 52.977 75.664
0.318 -0.493 0.843 -21.756 45.885 80.931
0.274 -0.407 0.826 -40.084 35.55 79.878
0.297 -0.399 0.783 -30.733 38.099 82.183
0.127 -0.528 0.841 -36.649 23.145 86.511
0.133 -0.647 0.938 -39.153 19.725 64.031
0.077 -0.845 0.806 -47.206 15.031 46.412
0.106 -0.809 0.719 -46.13 9.099 27.947
0.301 -0.554 0.615 -37.298 13.893 25.008
0.294 -0.342 0.697 -20.382 12.718 34.427
0.234 -0.282 0.763 -6.023 7.214 50.542
0.116 -0.416 0.848 3.015 -3.237 60.901
0.001 -0.46 0.877 5.74 -15.496 46.847
-0.051 -0.402 0.995 1.504 -19.237 29.985
-0.021 -0.279 1.034 -8.679 -10.397 14.534
-0.014 -0.211 0.998 -16.282 1.718 2.71
0.051 -0.098 1.024 -21.366 4.87 2.336
0.042 -0.056 0.949 -23.221 -0.84 7.137
0.015 -0.124 0.903 -19.519 -4.344 19.145
-0.051 -0.224 0.948 -20.053 -8.748 20.977
-0.117 -0.308 0.952 -19.031 -11.252 14.786
-0.1 -0.313 1.026 -19.0 -11.374 8.328
-0.117 -0.285 1.082 -24.931 -12.397 -0.557
-0.076 -0.255 0.979 -26.473 -6.145 -5.275
-0.037 -0.249 0.915 -24.008 -2.87 -8.931
-0.057 -0.274 0.911 -17.42 -0.893 -5.847
-0.067 -0.304 0.942 -13.16 -1.779 -3.74
-0.112 -0.313 1.023 -11.725 -8.137 -6.466
-0.074 -0.231 1.008 -13.817 -11.611 -13.595
-0.069 -0.208 0.901 -12.656 -13.985 -16.389
0.035 -0.107 0.893 -12.756 -2.328 -19.45
-0.012 -0.061 0.886 -15.26 4.191 -18.42
-0.004 -0.065 0.798 -15.496 1.908 -12.137
0.039 -0.082 0.739 -11.641 6.046 -6.656
0.081 -0.055 0.743 -4.542 18.679 2.16
0.005 -0.079 0.867 -3.756 23.198 2.748
-0.051 -0.131 0.846 -2.519 19.588 3.0
-0.033 -0.173 0.844 -1.0 22.557 3.42
-0.057 -0.18 0.859 -1.0 28.809 2.069
-0.076 -0.199 0.912 -0.954 31.374 -0.489
-0.045 -0.152 0.92 -2.16 32.641 -2.649
-0.024 -0.1 0.871 -0.237 37.878 -0.817
-0.067 -0.124 0.855 3.168 43.107 0.939
-0.095 -0.117 0.92 5.878 44.878 3.214
-0.116 -0.096 0.992 4.687 44.687 6.351
-0.181 -0.125 1.067 0.794 39.794 1.481
-0.214 -0.122 1.045 -4.664 34.595 -5.603
-0.164 -0.1 0.98 -5.084 28.366 -8.366
-0.148 -0.078 0.959 -5.267 26.496 -8.313
-0.168 -0.091 0.955 -4.008 23.656 -7.099
-0.227 -0.094 1.019 -4.092 15.817 -7.076
-0.192 -0.126 0.998 -4.26 11.58 -6.771
-0.167 -0.066 1.031 -6.466 3.328 -5.496
-0.134 -0.01 0.966 -8.954 -3.481 -2.366
-0.106 -0.048 0.93 -8.229 -6.145 3.145
-0.128 -0.116 0.881 -7.099 -6.046 4.122
-0.108 -0.142 0.873 -4.107 -6.099 5.84
-0.107 -0.188 0.845 -2.206 -2.42 6.084
-0.081 -0.144 0.869 -2.29 -3.42 2.885
-0.043 -0.071 0.873 -1.718 -3.939 4.244
-0.07 -0.073 0.886 -0.122 -4.771 5.122
-0.064 -0.081 0.898 -0.702 -3.786 9.55
-0.057 -0.107 0.923 0.656 -5.137 15.16
-0.078 -0.165 0.945 1.053 -6.908 16.763
-0.084 -0.187 0.932 1.618 -8.863 14.763
-0.069 -0.124 0.928 0.87 -11.519 14.626
-0.049 -0.088 0.932 -0.13 -13.206 15.924
-0.049 -0.101 0.934 0.901 -10.237 17.87
-0.054 -0.1 1.002 0.053 -12.679 20.053
-0.066 -0.135 0.97 -0.351 -12.832 19.534
-0.1 -0.18 0.942 -0.099 -10.847 15.985
-0.064 -0.138 0.911 -0.855 -11.031 11.672
-0.025 -0.087 0.937 -0.786 -10.511 12.855
-0.034 -0.072 0.958 -2.008 -9.588 14.573
-0.047 -0.115 0.924 -1.206 -8.802 15.366
-0.049 -0.139 0.905 -1.969 -7.145 12.008
-0.029 -0.108 0.86 -0.214 -3.13 10.031
-0.015 -0.056 0.906 1.344 -2.977 12.29
-0.015 -0.064 0.908 1.519 -2.221 13.542
-0.06 -0.1 0.932 2.267 -4.053 13.0
-0.054 -0.094 0.918 1.046 -4.382 10.389
-0.049 -0.093 0.906 -0.366 -2.992 9.969
-0.048 -0.103 0.885 -1.534 -2.443 8.443
-0.056 -0.093 0.878 -1.153 -2.412 8.328
-0.023 -0.086 0.874 -0.191 -1.076 8.863
-0.036 -0.098 0.876 0.389 0.206 9.725
-0.027 -0.107 0.862 0.847 3.252 9.924
-0.024 -0.092 0.886 1.641 2.534 11.916
-0.024 -0.091 0.89 0.45 2.328 12.206
-0.022 -0.123 0.847 0.893 6.183 11.71
-0.01 -0.113 0.849 0.588 7.992 11.137
-0.022 -0.094 0.882 0.878 9.374 11.55
-0.044 -0.097 0.884 1.893 10.603 12.221
-0.051 -0.079 0.92 1.641 11.099 12.313
-0.065 -0.056 0.938 -0.046 9.45 12.412
-0.069 -0.092 0.921 -1.45 8.443 10.893
-0.064 -0.104 0.898 -3.13 10.511 9.015
-0.082 -0.115 0.92 -2.366 10.023 9.023
-0.062 -0.107 0.953 -3.832 9.29 8.038
-0.063 -0.12 0.94 -4.992 8.656 7.824
-0.115 -0.155 0.972 -5.779 2.962 5.382
-0.105 -0.183 0.917 -6.16 2.565 1.336
-0.065 -0.146 0.885 -4.473 5.206 -0.901
-0.044 -0.103 0.923 -3.351 3.832 -0.435
-0.051 -0.087 0.962 -1.16 1.763 3.252
-0.085 -0.116 0.982 -1.183 -1.053 4.435
-0.118 -0.157 0.992 -0.519 -3.267 3.977
-0.101 -0.166 0.978 0.336 -3.679 2.435
-0.094 -0.16 0.974 -0.489 -4.137 -1.084
-0.073 -0.126 0.982 -2.496 -3.45 -2.725
-0.05 -0.116 0.948 -2.0 -3.878 -1.076
-0.064 -0.137 0.963 -1.321 -5.282 0.389
-0.044 -0.11 0.96 -2.901 -3.748 0.481
-0.051 -0.1 0.972 -3.817 -2.718 -0.573
-0.048 -0.088 0.979 -6.046 -2.137 0.008
-0.06 -0.096 0.956 -6.962 -2.13 -0.267
-0.062 -0.127 0.942 -5.763 -1.718 0.252
-0.043 -0.126 0.909 -5.336 0.412 1.26
-0.04 -0.111 0.918 -3.366 0.542 2.092
-0.037 -0.105 0.919 -2.061 1.198 3.687
-0.019 -0.099 0.914 -1.092 2.244 4.962
-0.01 -0.041 0.917 -1.664 3.947 7.336
-0.025 -0.068 0.885 -1.931 4.74 11.595
-0.104 -0.134 0.943 -4.542 3.389 10.214
-0.132 -0.185 0.96 -6.802 1.496 6.191
-0.093 -0.17 0.93 -8.672 0.832 0.985
-0.067 -0.14 0.884 -9.092 2.252 -1.504
-0.053 -0.107 0.868 -7.962 4.473 -2.374
-0.058 -0.082 0.874 -5.534 5.183 -2.099
-0.046 -0.091 0.881 -4.481 5.511 -1.824
-0.055 -0.068 0.912 -4.115 7.099 -0.672
-0.064 -0.078 0.905 -4.183 7.977 0.42
-0.069 -0.084 0.887 -3.229 10.084 -0.481
-0.077 -0.062 0.914 -2.176 10.649 0.168
-0.086 -0.059 0.946 -1.962 9.618 3.015
-0.095 -0.084 0.936 -2.824 9.649 3.908
-0.115 -0.133 0.938 -2.511 8.038 2.534
-0.113 -0.128 0.951 -3.031 7.214 0.626
-0.092 -0.083 0.944 -2.939 6.802 1.008
-0.075 -0.076 0.935 -1.786 6.038 4.076
-0.088 -0.087 0.929 -1.473 5.176 6.099
-0.087 -0.104 0.932 -0.221 4.45 7.603
-0.099 -0.12 0.935 0.137 2.947 8.405
-0.14 -0.158 0.931 0.466 1.58 6.29
-0.104 -0.12 0.921 1.137 -0.305 4.977
-0.075 -0.078 0.937 0.985 -0.802 5.359
-0.091 -0.083 0.944 0.321 -1.939 7.198
-0.075 -0.088 0.945 0.122 -3.26 8.237
-0.105 -0.138 0.929 -0.008 -5.275 7.359
-0.094 -0.136 0.886 0.198 -6.42 5.061
-0.058 -0.104 0.887 1.244 -4.374 5.435
-0.052 -0.083 0.893 3.458 -4.443 7.985
-0.047 -0.097 0.891 4.191 -2.489 10.015
-0.074 -0.129 0.892 5.244 -2.664 9.443
-0.056 -0.099 0.913 4.359 -5.061 8.672
-0.056 -0.092 0.902 3.672 -3.45 9.237
-0.069 -0.097 0.892 3.863 -2.542 9.344
-0.075 -0.08 0.905 4.351 -2.267 9.71
-0.074 -0.061 0.934 3.679 -2.809 10.336
-0.078 -0.076 0.951 2.229 -4.153 9.153
-0.066 -0.065 0.978 0.183 -3.954 8.519
-0.082 -0.1 0.934 0.389 -4.0 7.588
-0.072 -0.089 0.92 1.115 -4.71 6.389
-0.068 -0.068 0.932 2.466 -5.267 8.038
-0.055 -0.076 0.922 3.023 -5.725 9.954
-0.088 -0.112 0.897 4.023 -5.405 9.687
-0.08 -0.11 0.908 3.573 -5.832 7.031
-0.059 -0.075 0.923 2.87 -4.733 6.275
-0.013 -0.02 0.934 2.008 -4.244 7.687
-0.044 -0.023 0.913 1.679 -4.443 9.702
-0.07 -0.043 0.917 0.969 -3.42 11.901
-0.077 -0.078 0.932 -0.573 -4.534 10.55
-0.097 -0.109 0.938 -1.42 -3.84 9.382
-0.071 -0.087 0.944 -3.099 -3.916 7.527
-0.073 -0.105 0.934 -4.45 -2.42 5.725
-0.06 -0.119 0.907 -5.412 -1.466 3.847
-0.034 -0.086 0.9 -5.649 0.947 2.366
-0.053 -0.075 0.901 -4.015 -0.038 3.855
-0.043 -0.07 0.901 -2.779 0.763 6.756
-0.031 -0.086 0.906 -1.687 2.328 7.382
-0.047 -0.103 0.906 -1.786 3.626 7.641
-0.055 -0.095 0.912 -1.885 4.374 6.198
-0.056 -0.098 0.905 -1.626 5.168 6.092
-0.058 -0.098 0.899 -1.176 5.649 5.573
-0.073 -0.089 0.953 -1.275 4.466 5.557
-0.077 -0.096 0.943 -2.382 4.863 4.42
-0.083 -0.097 0.937 -2.229 5.031 3.328
-0.067 -0.077 0.928 -2.389 4.733 3.122
-0.057 -0.083 0.932 -2.275 4.374 4.214
-0.049 -0.07 0.921 -1.885 6.366 4.382
-0.06 -0.076 0.908 -1.748 7.412 5.573
-0.088 -0.082 0.915 -1.107 6.794 5.107
-0.087 -0.082 0.929 -1.244 5.565 4.924
-0.106 -0.106 0.935 -0.893 4.786 4.809
-0.116 -0.094 0.969 -2.939 2.779 3.534
-0.095 -0.084 0.977 -4.511 3.115 2.069
-0.088 -0.081 0.942 -5.595 3.321 2.168
-0.081 -0.069 0.944 -6.359 2.443 2.26
-0.062 -0.066 0.918 -7.061 2.756 2.71
-0.069 -0.093 0.875 -5.275 3.366 2.748
-0.073 -0.097 0.874 -3.397 3.382 3.397
-0.076 -0.091 0.899 -2.565 3.344 3.092
-0.076 -0.086 0.915 -3.122 3.985 1.382
-0.068 -0.09 0.912 -3.466 4.206 0.71
-0.077 -0.088 0.918 -3.718 4.061 0.573
-0.074 -0.088 0.92 -4.229 4.74 0.389
-0.053 -0.06 0.91 -4.298 5.656 1.595
-0.074 -0.06 0.917 -4.71 5.542 2.84
-0.08 -0.068 0.911 -5.153 5.542 3.794
-0.107 -0.1 0.914 -4.893 4.687 3.298
-0.097 -0.113 0.914 -5.092 5.458 2.382
-0.088 -0.109 0.915 -4.618 5.595 1.779
-0.077 -0.083 0.916 -3.947 4.924 2.672
-0.067 -0.06 0.926 -4.122 4.573 2.931
-0.069 -0.052 0.931 -4.061 5.092 5.908
-0.077 -0.071 0.919 -4.809 4.29 7.275
-0.096 -0.089 0.932 -5.45 3.412 6.221
-0.102 -0.085 0.93 -5.221 3.053 5.595
-0.087 -0.076 0.918 -4.779 2.145 5.817
-0.1 -0.071 0.938 -4.183 1.351 6.275
-0.099 -0.077 0.924 -4.16 0.29 6.405
-0.101 -0.085 0.936 -5.122 -0.87 6.053
-0.088 -0.083 0.939 -6.321 -2.107 5.687
-0.091 -0.088 0.931 -7.351 -3.26 4.733
-0.068 -0.091 0.912 -7.519 -3.618 4.542
-0.064 -0.092 0.884 -7.267 -2.435 4.695
-0.071 -0.097 0.878 -6.168 -1.405 4.832
-0.076 -0.115 0.872 -4.656 -1.237 4.672
-0.065 -0.1 0.882 -3.489 0.031 4.397
-0.055 -0.086 0.917 -2.58 -0.198 4.962
-0.07 -0.111 0.905 -2.13 -0.191 4.626
-0.05 -0.089 0.913 -1.191 -0.832 4.321
-0.072 -0.073 0.944 -1.443 -1.198 5.87
-0.068 -0.069 0.959 -1.748 -2.954 7.511
-0.09 -0.078 0.973 -2.511 -4.122 7.832
-0.102 -0.113 0.972 -4.122 -4.786 7.214
-0.106 -0.122 0.95 -4.702 -6.496 5.275
-0.071 -0.116 0.911 -4.038 -5.542 4.305
-0.076 -0.106 0.909 -3.221 -4.382 3.069
-0.064 -0.101 0.905 -1.847 -3.26 3.763
-0.058 -0.087 0.935 -1.328 -3.168 4.42
-0.062 -0.094 0.936 -0.847 -1.763 4.824
-0.077 -0.11 0.937 -0.931 -2.489 5.366
-0.077 -0.105 0.899 -0.191 -2.344 6.321
-0.08 -0.105 0.914 0.985 -3.832 5.061
-0.079 -0.097 0.938 0.206 -4.374 3.916
-0.057 -0.075 0.929 -1.534 -3.695 3.504
-0.059 -0.073 0.907 -1.412 -1.405 3.168
-0.057 -0.086 0.916 -1.038 -1.122 4.244
-0.066 -0.1 0.905 -1.183 -1.053 3.626
-0.062 -0.096 0.926 -1.733 0.58 2.573
-0.065 -0.07 0.919 -2.74 0.779 1.84
-0.056 -0.071 0.916 -4.519 0.26 1.191
-0.052 -0.085 0.897 -5.443 0.427 0.985
-0.047 -0.076 0.889 -4.565 -0.053 2.0
-0.058 -0.084 0.89 -2.687 0.733 4.008
-0.057 -0.073 0.907 -1.939 1.809 5.71
-0.082 -0.097 0.917 -2.13 1.687 5.916
-0.095 -0.088 0.939 -3.702 1.382 3.908
-0.091 -0.08 0.963 -5.374 -0.412 2.74
-0.073 -0.065 0.984 -6.695 -2.084 3.87
-0.097 -0.092 0.977 -7.901 -2.695 3.84
-0.118 -0.114 0.937 -8.847 -3.626 2.275
-0.093 -0.15 0.898 -8.191 -3.137 -1.183
-0.073 -0.12 0.898 -6.756 -2.565 -2.695