0.058 -0.146 0.914 -1.855 0.992 0.611
0.063 -0.15 0.91 -2.42 1.198 1.214
0.053 -0.158 0.924 -2.374 0.649 1.573
0.049 -0.159 0.91 -2.076 0.481 1.573
0.045 -0.157 0.911 -1.511 0.023 1.679
0.046 -0.158 0.924 -1.344 0.252 1.618
0.046 -0.16 0.934 -1.511 0.824 1.45
0.046 -0.153 0.938 -1.763 1.389 1.366
0.052 -0.149 0.934 -2.313 2.015 1.832
0.044 -0.146 0.928 -2.298 1.74 2.092
0.046 -0.156 0.909 -1.763 0.947 2.191
0.045 -0.159 0.919 -1.656 0.809 2.244
0.046 -0.167 0.919 -1.802 1.038 1.87
0.042 -0.168 0.923 -1.908 1.351 1.443
0.044 -0.167 0.928 -2.176 1.885 1.0
0.04 -0.162 0.929 -1.924 2.13 0.687
0.036 -0.164 0.928 -1.58 1.641 0.679
0.043 -0.161 0.917 -1.42 1.489 0.885
0.044 -0.159 0.938 -1.756 1.42 0.878
0.045 -0.154 0.932 -2.252 1.893 0.74
0.047 -0.172 0.931 -2.55 1.702 0.725
0.033 -0.17 0.92 -2.076 1.328 0.603
0.027 -0.16 0.932 -1.527 1.504 0.527
0.042 -0.165 0.925 -1.298 0.565 1.038
0.041 -0.163 0.917 -0.71 0.046 1.023
0.054 -0.161 0.925 -0.58 -0.099 0.74
0.056 -0.154 0.921 -1.023 0.435 0.641
0.055 -0.158 0.933 -1.725 0.977 0.557
0.048 -0.162 0.927 -1.985 1.557 0.458
0.042 -0.158 0.925 -2.237 1.405 -0.252
0.047 -0.163 0.918 -2.198 1.763 0.29
0.046 -0.164 0.91 -1.427 0.992 0.748
0.032 -0.159 0.924 -1.145 0.519 0.786
0.039 -0.157 0.927 -1.069 0.527 0.137
0.045 -0.153 0.93 -1.588 1.412 0.092
0.043 -0.15 0.935 -2.099 1.458 0.107
0.055 -0.148 0.935 -2.26 1.206 0.321
0.042 -0.152 0.929 -2.115 1.076 0.55
0.04 -0.159 0.934 -1.618 0.313 0.855
0.038 -0.154 0.936 -1.496 0.489 0.618
0.048 -0.159 0.918 -1.382 0.71 0.878
0.043 -0.159 0.916 -1.58 1.008 0.527
0.042 -0.158 0.911 -1.878 1.489 0.359
0.046 -0.153 0.921 -1.817 0.916 0.374
0.042 -0.161 0.917 -1.855 1.405 0.244
0.033 -0.156 0.927 -1.611 0.962 0.015
0.032 -0.156 0.923 -1.366 0.817 -0.107
0.04 -0.149 0.917 -1.176 0.412 -0.481
0.052 -0.149 0.92 -1.328 0.611 -0.42
0.061 -0.142 0.921 -1.458 1.267 0.244
0.064 -0.144 0.92 -1.748 1.718 1.031
0.054 -0.137 0.921 -1.84 2.008 1.519
0.04 -0.144 0.941 -2.489 1.893 1.542
0.041 -0.149 0.935 -2.748 1.565 1.061
0.035 -0.148 0.935 -3.412 1.298 0.924
0.032 -0.158 0.943 -3.336 1.26 1.069
0.037 -0.15 0.932 -3.275 1.496 1.26
0.041 -0.166 0.934 -2.733 0.771 1.435
0.036 -0.167 0.945 -2.748 0.618 1.71
0.03 -0.168 0.924 -2.809 0.321 1.298
0.024 -0.16 0.918 -2.908 -0.115 0.473
0.037 -0.155 0.942 -3.557 0.634 0.214
0.025 -0.162 0.937 -3.786 0.252 0.099
0.032 -0.157 0.932 -3.282 0.489 0.092
0.048 -0.15 0.931 -3.191 0.313 0.366
0.038 -0.142 0.931 -3.305 0.053 0.595
0.041 -0.137 0.932 -3.489 -0.916 0.206
0.025 -0.119 0.941 -3.824 -0.206 0.183
0.031 -0.105 0.943 -4.336 -0.359 0.076
0.034 -0.081 0.963 -5.679 -0.55 0.374
0.008 -0.066 0.972 -6.679 -0.985 -0.031
-0.009 -0.026 1.007 -8.992 -0.374 -1.924
-0.039 0.018 1.024 -10.176 1.008 -3.763
-0.063 0.085 1.044 -11.122 1.046 -7.176
-0.117 0.167 1.098 -8.748 -0.74 -9.435
-0.152 0.129 1.159 -3.985 -18.947 -18.664
-0.15 0.449 1.304 -2.939 -13.473 -12.053
-0.075 0.603 1.37 -1.931 -19.969 -6.374
-0.124 0.687 1.363 -3.504 -28.985 -2.466
-0.092 0.759 1.374 -9.992 -25.939 -0.389
-0.08 0.768 1.345 -20.42 -17.183 3.405
-0.108 0.827 1.386 -30.115 -12.74 3.435
-0.225 0.712 1.362 -38.519 -5.817 2.046
-0.255 0.633 1.335 -41.611 -1.183 3.962
-0.288 0.555 1.323 -41.26 -5.496 9.427
-0.318 0.461 1.274 -35.13 -9.733 15.153
-0.424 0.331 1.207 -22.527 -19.489 20.71
-0.442 0.288 1.157 -10.046 -29.618 21.305
-0.476 0.28 1.205 -4.069 -44.092 15.618
-0.437 0.211 1.159 -6.466 -47.855 6.863
-0.338 0.232 1.207 -19.603 -41.656 -2.977
-0.316 0.197 1.157 -33.656 -28.107 -9.725
-0.333 0.13 1.089 -38.573 -22.496 -10.26
-0.317 0.059 1.029 -31.947 -28.725 -7.763
-0.29 0.027 0.968 -17.214 -39.389 8.809
-0.325 0.026 0.991 -5.71 -57.458 17.321
-0.354 0.037 0.998 2.702 -67.817 25.595
-0.418 0.01 1.027 1.748 -77.55 24.145
-0.355 0.057 1.096 -9.519 -70.794 22.115
-0.287 0.067 1.133 -24.954 -59.481 23.824
-0.328 -0.014 1.122 -37.557 -50.84 28.42
-0.237 -0.091 1.059 -42.229 -48.473 38.603
-0.111 -0.198 0.986 -36.656 -56.947 54.191
0.012 -0.252 0.873 -23.542 -67.527 82.313
0.085 -0.346 0.75 -7.115 -82.191 111.336
0.173 -0.42 0.53 5.908 -87.038 142.244
0.146 -0.538 0.48 19.435 -84.908 159.992
0.093 -0.683 0.359 29.481 -69.939 167.443
-0.015 -0.789 0.484 31.679 -61.244 161.672
0.135 -0.788 0.526 19.649 -41.237 147.702
0.084 -0.882 0.547 12.786 -37.191 135.427
0.071 -0.937 0.544 6.977 -40.634 121.71
0.161 -0.971 0.507 4.115 -46.328 108.153
0.203 -0.996 0.476 9.748 -53.382 104.038
0.339 -0.958 0.423 15.221 -54.718 102.832
0.381 -0.972 0.372 18.824 -50.939 102.947
0.429 -0.977 0.32 22.145 -39.053 99.977
0.37 -1.055 0.258 24.328 -25.26 98.718
0.384 -1.179 0.197 38.504 -10.55 92.359
0.351 -1.222 0.183 58.901 -0.26 81.206
0.384 -1.153 0.271 76.977 8.076 67.748
0.436 -0.93 0.542 85.611 8.282 61.969
0.548 -0.728 0.719 80.756 6.763 60.878
0.559 -0.672 0.721 69.42 7.214 64.176
0.523 -0.69 0.646 68.992 2.733 65.87
0.482 -0.685 0.616 73.84 -0.779 64.244
0.489 -0.593 0.633 74.176 0.267 61.298
0.481 -0.52 0.689 67.573 9.87 57.542
0.39 -0.527 0.726 59.863 21.084 50.916
0.377 -0.493 0.786 50.916 30.985 44.16
0.35 -0.455 0.833 43.198 29.824 37.405
0.38 -0.411 0.864 40.267 25.954 38.527
0.374 -0.375 0.881 39.412 18.466 42.053
0.343 -0.362 0.901 39.229 9.321 43.908
0.318 -0.38 0.87 35.611 8.611 40.641
0.301 -0.33 0.928 24.443 9.71 33.55
0.248 -0.37 0.868 16.466 16.122 19.626
0.191 -0.386 0.818 14.58 19.931 6.053
0.178 -0.365 0.844 9.435 19.435 -1.237
0.205 -0.321 0.971 2.061 18.092 -8.786
0.225 -0.298 0.956 -2.656 16.672 -18.74
0.102 -0.328 1.071 -16.374 9.901 -19.611
0.197 -0.296 0.996 -20.618 3.076 -16.985
0.227 -0.279 0.917 -18.885 2.901 -10.702
0.246 -0.245 0.907 -15.954 -1.038 -6.275
0.254 -0.216 0.851 -10.802 -2.74 -1.74
0.28 -0.183 0.845 -7.13 -1.092 2.519
0.262 -0.157 0.862 -7.076 0.336 2.359
0.261 -0.155 0.964 -13.412 1.733 0.771
0.226 -0.161 0.976 -22.901 4.878 -2.053
0.201 -0.193 0.938 -28.977 6.046 -5.137
0.207 -0.223 0.938 -31.321 4.733 -6.519
0.198 -0.242 0.902 -30.779 2.855 -7.618
0.206 -0.254 0.862 -29.275 3.214 -8.893
0.194 -0.266 0.854 -27.107 2.855 -10.046
0.209 -0.263 0.815 -21.626 3.221 -10.397
0.25 -0.229 0.812 -14.702 5.191 -7.695
0.241 -0.218 0.815 -7.641 4.947 -4.321
0.227 -0.209 0.876 -2.969 3.473 -1.45
0.198 -0.195 0.945 -0.405 5.252 -1.076
0.183 -0.212 0.977 -6.695 4.542 -1.382
0.17 -0.207 0.98 -9.443 3.443 -3.817
0.184 -0.191 0.994 -11.855 2.695 -6.397
0.202 -0.165 0.981 -13.374 1.237 -6.641
0.216 -0.163 0.944 -14.031 0.214 -5.237
0.207 -0.159 0.93 -13.275 -1.053 -4.038
0.228 -0.183 0.893 -9.458 -0.061 -2.443
0.236 -0.179 0.865 -5.046 1.702 0.122
0.212 -0.187 0.897 -1.664 2.527 2.634
0.199 -0.186 0.917 0.0 2.947 4.046
0.179 -0.201 0.95 0.099 2.321 3.817
0.165 -0.203 0.948 0.107 2.198 3.046
0.178 -0.188 0.958 -1.0 1.573 1.786
0.168 -0.197 0.955 -2.137 1.198 0.954
0.157 -0.197 0.95 -3.901 0.626 -0.992
0.168 -0.208 0.919 -4.893 2.221 -2.725
0.171 -0.206 0.899 -4.443 3.183 -4.756
0.164 -0.21 0.877 -2.267 4.656 -7.145
0.185 -0.182 0.887 0.626 6.412 -7.351
0.187 -0.137 0.916 2.611 4.847 -5.832
0.194 -0.139 0.932 3.176 4.939 -2.534
0.167 -0.146 0.924 3.305 4.435 -1.763
0.16 -0.138 0.953 1.977 4.298 -2.511
0.147 -0.144 0.968 -1.061 3.626 -3.573
0.153 -0.139 0.975 -4.183 2.443 -4.092
0.152 -0.157 0.95 -5.763 1.267 -3.855
0.145 -0.191 0.917 -5.481 0.496 -4.74
0.148 -0.198 0.884 -3.802 0.076 -5.046
0.165 -0.186 0.897 -1.206 -0.275 -4.221
0.176 -0.184 0.897 0.939 -0.206 -3.366
0.17 -0.178 0.888 2.695 0.153 -3.45
0.178 -0.16 0.89 3.328 0.214 -3.924
0.183 -0.163 0.894 3.763 1.214 -3.023
0.201 -0.143 0.906 3.687 2.328 -1.977
0.2 -0.131 0.895 2.427 3.947 -0.397
0.191 -0.128 0.895 2.252 4.985 0.87
0.187 -0.158 0.909 3.58 3.939 3.099
0.179 -0.165 0.893 5.718 2.626 3.748
0.192 -0.173 0.888 7.229 3.908 3.802
0.184 -0.168 0.891 8.206 4.824 3.16
0.185 -0.163 0.898 9.076 5.305 2.359
0.174 -0.144 0.922 9.092 5.603 2.153
0.171 -0.134 0.942 8.0 4.733 2.565
0.188 -0.123 0.939 6.244 3.725 3.099
0.2 -0.139 0.915 4.687 4.282 3.794
0.206 -0.151 0.899 4.985 5.069 5.221
0.177 -0.156 0.909 5.733 3.649 5.313
0.192 -0.14 0.921 6.069 3.679 5.74
0.177 -0.141 0.916 6.099 3.718 6.359
0.175 -0.162 0.916 6.412 3.908 5.763
0.149 -0.16 0.937 6.046 1.924 4.168
0.158 -0.154 0.937 4.466 2.061 2.031
0.161 -0.145 0.954 1.962 0.931 -0.29
0.175 -0.134 0.945 0.046 0.45 -1.588
0.183 -0.125 0.928 -0.718 -0.847 -1.687
0.211 -0.106 0.94 -1.618 -0.748 0.069
0.207 -0.1 0.914 -1.824 -0.885 2.313
0.192 -0.119 0.908 -1.763 -1.863 3.397
0.188 -0.133 0.896 -1.534 -1.061 3.992
0.187 -0.138 0.89 -0.962 0.267 4.191
0.184 -0.155 0.901 -0.55 0.947 3.641
0.177 -0.152 0.911 0.473 2.16 3.443
0.176 -0.149 0.914 0.534 2.115 3.008
0.155 -0.154 0.929 0.038 1.588 2.214
0.161 -0.136 0.955 -1.527 1.473 1.176
0.17 -0.128 0.937 -3.16 1.672 1.038
0.185 -0.134 0.914 -2.863 1.618 1.763
0.185 -0.135 0.906 -1.664 1.939 3.282
0.171 -0.135 0.908 -0.252 2.87 5.053
0.156 -0.139 0.932 0.756 3.878 6.015
0.13 -0.147 0.942 0.656 2.557 5.702
0.128 -0.147 0.963 0.046 2.046 3.664
0.122 -0.163 0.948 -0.794 0.496 1.298
0.133 -0.154 0.942 -1.282 0.046 -0.656
0.152 -0.136 0.952 -2.16 -0.748 -1.985
0.171 -0.122 0.947 -2.863 -1.832 -1.557
0.174 -0.112 0.941 -3.023 -2.466 -0.763
0.184 -0.118 0.941 -4.198 -0.954 0.374
0.169 -0.128 0.928 -4.435 -1.267 1.382
0.18 -0.127 0.918 -4.13 -1.351 2.634
0.181 -0.132 0.931 -4.244 -1.344 3.153
0.178 -0.137 0.914 -4.794 -1.26 3.084
0.175 -0.141 0.921 -5.374 -1.084 2.931
0.184 -0.146 0.912 -5.832 -1.26 2.389
0.171 -0.172 0.888 -5.061 -1.198 1.84
0.17 -0.173 0.904 -4.29 -0.702 0.466
0.179 -0.177 0.904 -4.603 0.443 -0.939
0.169 -0.177 0.887 -4.183 1.84 -1.924
0.173 -0.168 0.893 -2.855 2.809 -1.885
0.178 -0.147 0.916 -1.931 3.45 -1.168
0.183 -0.138 0.919 -1.496 2.519 -0.038
0.173 -0.149 0.921 -1.473 2.42 0.435
0.163 -0.145 0.905 -2.42 2.519 -0.672
0.16 -0.155 0.917 -3.183 2.519 -1.817
0.165 -0.149 0.901 -2.0 2.718 -2.122
0.164 -0.154 0.907 -0.832 2.229 -2.656
0.155 -0.143 0.917 0.153 1.0 -3.321
0.168 -0.138 0.926 0.069 0.863 -3.496
0.173 -0.136 0.921 -0.328 1.137 -4.053
0.176 -0.133 0.902 -0.641 1.092 -3.389
0.179 -0.12 0.916 -1.038 1.198 -2.595
0.17 -0.114 0.926 -1.519 1.908 -1.267
0.166 -0.114 0.923 -3.42 1.29 -1.779
0.171 -0.137 0.915 -3.198 0.84 -2.153
0.169 -0.133 0.91 -2.939 0.206 -2.679
0.173 -0.153 0.896 -1.847 -0.519 -2.977
0.174 -0.155 0.898 -0.748 -0.992 -3.672
0.162 -0.149 0.924 0.336 -1.557 -3.702
0.161 -0.136 0.942 0.458 -2.053 -3.687
0.173 -0.119 0.945 -0.351 -3.366 -3.221
0.187 -0.114 0.925 -1.687 -4.725 -2.771
0.202 -0.112 0.912 -3.137 -3.473 -1.435
0.217 -0.123 0.901 -3.634 -2.038 0.237
0.208 -0.131 0.879 -2.664 -0.481 1.481
0.204 -0.134 0.885 -1.42 0.809 2.672
0.191 -0.136 0.888 -0.588 2.603 2.924
0.181 -0.146 0.919 -0.038 1.901 2.908
0.183 -0.142 0.925 -0.084 0.725 2.573
0.17 -0.15 0.921 -0.786 1.389 1.969
0.169 -0.153 0.918 -0.992 1.137 0.733
0.176 -0.147 0.921 -1.008 1.229 -0.252
0.19 -0.134 0.908 -1.107 1.855 -0.046
0.193 -0.134 0.904 -0.183 2.137 0.786
0.199 -0.125 0.923 0.229 2.183 1.908
0.195 -0.124 0.929 0.137 2.092 3.107
0.183 -0.139 0.92 -0.45 2.679 3.076
0.183 -0.139 0.913 -1.0 2.763 2.0
0.166 -0.143 0.916 -1.267 3.481 1.489
0.156 -0.148 0.93 -0.443 2.863 1.053
0.148 -0.132 0.94 -0.466 2.786 0.687
0.156 -0.126 0.946 -1.221 1.557 0.198
0.165 -0.129 0.924 -1.672 0.427 -0.122
0.182 -0.124 0.911 -1.969 -0.153 -0.656
0.189 -0.12 0.91 -1.74 0.901 0.847
0.192 -0.118 0.9 -0.71 1.863 2.076
0.184 -0.12 0.918 -0.076 2.779 3.672
0.165 -0.118 0.935 0.481 2.359 5.107
0.161 -0.126 0.938 -0.466 1.74 4.939
0.143 -0.133 0.943 -1.427 1.29 4.084
0.142 -0.138 0.944 -2.969 0.55 2.092
0.156 -0.133 0.931 -3.664 0.702 1.0
0.159 -0.145 0.921 -3.435 0.344 0.939
0.177 -0.142 0.896 -2.725 -0.336 0.611
0.175 -0.137 0.911 -1.282 0.237 1.351
0.177 -0.128 0.918 0.0 -0.137 2.382
0.161 -0.132 0.942 -0.176 -0.511 2.725
0.158 -0.131 0.941 -0.87 -0.618 2.664
0.153 -0.136 0.93 -2.45 -0.893 1.641
0.168 -0.137 0.931 -4.023 -0.71 0.336
0.188 -0.125 0.921 -4.916 -0.244 0.397
0.194 -0.122 0.892 -5.397 -0.267 1.084
0.19 -0.135 0.89 -3.977 0.237 1.885
0.183 -0.141 0.88 -2.42 0.489 2.641
0.17 -0.135 0.905 -1.122 0.634 3.061
0.167 -0.153 0.913 -1.511 0.885 2.427
0.166 -0.158 0.904 -2.053 1.122 1.008
0.171 -0.154 0.91 -2.137 1.45 -0.008
0.177 -0.15 0.916 -2.183 2.29 -0.267
0.17 -0.149 0.899 -0.641 2.176 -0.26
0.165 -0.127 0.928 0.031 1.229 0.16
0.175 -0.11 0.941 -0.473 1.13 1.092
0.174 -0.107 0.935 -1.374 1.756 1.435
0.175 -0.11 0.933 -2.107 1.939 1.939
0.172 -0.118 0.93 -2.13 1.664 2.153
0.165 -0.122 0.938 -1.855 1.618 2.611
0.163 -0.126 0.934 -1.679 1.26 2.687
0.159 -0.13 0.941 -1.305 0.702 2.153
0.157 -0.13 0.94 -1.863 0.45 2.168
0.156 -0.129 0.954 -2.328 0.519 1.817
0.163 -0.13 0.939 -2.626 -0.023 1.687
0.153 -0.127 0.927 -2.473 -0.481 1.305
0.182 -0.115 0.929 -2.725 -0.344 1.458
0.181 -0.104 0.929 -3.527 -0.519 1.802
0.189 -0.114 0.907 -3.481 -0.069 2.008
0.176 -0.124 0.929 -2.977 -1.061 2.359
0.172 -0.127 0.923 -2.718 -1.832 2.573
0.164 -0.143 0.925 -3.008 -1.298 2.176
0.176 -0.146 0.919 -3.519 -0.389 1.435
0.185 -0.142 0.91 -3.344 0.237 1.008
0.187 -0.134 0.909 -3.198 -0.313 0.885
0.2 -0.121 0.911 -3.855 0.115 1.679
0.187 -0.14 0.9 -4.153 1.275 2.511
0.183 -0.145 0.881 -3.183 0.779 2.076
0.182 -0.149 0.894 -1.962 1.656 1.992
0.189 -0.145 0.906 -1.305 2.603 1.893
0.176 -0.137 0.926 -1.26 3.038 1.305
0.183 -0.14 0.909 -1.214 3.252 1.0
0.178 -0.135 0.898 -0.389 2.122 0.794
0.176 -0.128 0.929 -0.092 2.229 1.305
0.175 -0.116 0.945 -0.939 2.206 1.504
0.169 -0.118 0.932 -1.695 1.519 1.756
0.179 -0.13 0.928 -1.885 0.809 1.725
0.184 -0.126 0.922 -2.725 1.382 1.099
0.184 -0.13 0.909 -2.802 1.397 1.382
0.194 -0.134 0.911 -2.168 1.298 1.847
0.19 -0.128 0.913 -1.832 2.038 2.282
0.174 -0.122 0.929 -1.649 2.137 2.466
0.172 -0.13 0.924 -1.412 0.71 2.427
0.174 -0.134 0.93 -1.45 1.565 2.191
0.171 -0.135 0.929 -1.649 1.328 1.969
0.164 -0.127 0.925 -1.702 0.481 1.679
0.17 -0.128 0.929 -1.931 -0.023 1.565
0.184 -0.131 0.914 -1.931 0.313 2.038
0.186 -0.145 0.902 -1.122 -0.053 2.237
0.188 -0.138 0.904 -0.023 0.573 2.42
0.175 -0.13 0.925 0.313 0.573 3.0
0.164 -0.132 0.946 0.244 0.389 3.099
0.167 -0.138 0.945 -0.832 -0.26 2.107
0.185 -0.139 0.92 -1.817 -0.092 1.458
0.185 -0.137 0.906 -1.145 -0.298 1.237
0.17 -0.139 0.904 -0.29 -0.977 0.977
0.18 -0.121 0.9 0.618 -0.557 1.542
0.183 -0.104 0.922 0.595 -1.519 2.412
0.186 -0.103 0.934 -0.42 -1.0 3.435
0.173 -0.111 0.923 -1.679 -1.313 3.374
0.166 -0.125 0.93 -2.634 -1.038 2.985
0.164 -0.139 0.928 -3.191 -0.55 1.893
0.151 -0.142 0.921 -3.29 -0.611 1.206
0.161 -0.146 0.903 -2.786 -0.985 0.191
0.166 -0.137 0.912 -1.679 -1.176 -0.153
0.185 -0.116 0.902 -1.458 -0.87 -0.405
0.191 -0.099 0.922 -1.931 -0.496 0.427
0.193 -0.1 0.915 -2.42 -0.878 1.023
0.2 -0.099 0.906 -3.069 -0.603 1.924
0.192 -0.111 0.897 -3.542 -0.45 2.695
0.198 -0.122 0.879 -2.962 -0.023 2.595
0.187 -0.13 0.897 -2.397 0.672 2.435
0.188 -0.121 0.906 -2.756 1.366 2.489
0.189 -0.128 0.902 -2.878 1.45 2.824
0.187 -0.14 0.898 -3.061 0.718 2.718
0.182 -0.151 0.898 -3.084 2.168 2.443
0.183 -0.161 0.887 -2.435 2.58 2.366
0.18 -0.161 0.906 -1.16 2.634 2.16
0.174 -0.152 0.944 -0.504 2.687 1.809
0.171 -0.151 0.948 -1.374 3.191 0.977
0.156 -0.16 0.946 -2.435 1.817 -0.053
0.16 -0.171 0.941 -2.519 1.206 -0.916
0.163 -0.165 0.937 -2.282 0.863 -1.656
0.162 -0.164 0.93 -1.893 0.527 -1.786
0.161 -0.16 0.939 -1.122 -0.153 -2.29