0.077 -0.114 0.929 -1.626 2.641 1.046
0.079 -0.111 0.938 -1.588 1.542 1.405
0.077 -0.121 0.936 -1.557 0.847 1.588
0.069 -0.123 0.928 -0.947 0.916 1.519
0.091 -0.118 0.929 -1.183 1.366 1.237
0.099 -0.114 0.936 -1.817 2.794 0.756
0.08 -0.119 0.922 -1.405 2.718 0.695
0.082 -0.126 0.916 -0.656 2.191 0.679
0.073 -0.117 0.939 -0.504 2.313 0.74
0.073 -0.108 0.944 -1.206 3.496 0.366
0.08 -0.105 0.929 -1.87 3.771 0.214
0.077 -0.106 0.938 -2.176 4.183 1.053
0.067 -0.104 0.936 -2.649 4.015 1.679
0.066 -0.114 0.922 -2.214 2.756 1.992
0.058 -0.118 0.925 -1.641 1.328 2.122
0.068 -0.108 0.932 -1.603 0.573 1.794
0.075 -0.107 0.92 -1.893 0.947 1.809
0.078 -0.11 0.925 -2.221 1.939 2.359
0.089 -0.122 0.922 -2.695 3.374 2.664
0.066 -0.135 0.917 -2.29 2.786 3.672
0.074 -0.137 0.904 -1.092 2.695 3.695
0.06 -0.131 0.927 0.115 2.099 3.13
0.065 -0.119 0.916 -0.061 1.237 2.565
0.06 -0.106 0.937 -0.748 1.87 1.466
0.086 -0.104 0.93 -1.435 2.298 1.328
0.09 -0.11 0.933 -1.885 2.74 1.374
0.085 -0.112 0.927 -2.252 3.779 1.817
0.075 -0.12 0.915 -2.427 2.718 1.45
0.066 -0.122 0.91 -1.718 2.58 1.092
0.072 -0.112 0.92 -1.221 2.229 0.427
0.068 -0.122 0.92 -0.672 1.649 0.183
0.079 -0.113 0.917 -0.328 1.931 0.542
0.078 -0.11 0.929 -0.443 2.412 0.389
0.08 -0.112 0.914 -0.557 1.878 1.137
0.072 -0.108 0.936 -0.389 1.099 1.206
0.063 -0.103 0.933 -0.557 1.298 0.511
0.074 -0.089 0.934 -1.099 2.015 0.473
0.069 -0.096 0.942 -1.763 1.908 0.527
0.076 -0.096 0.929 -1.962 1.809 0.702
0.083 -0.099 0.939 -2.427 1.328 0.687
0.079 -0.104 0.922 -2.809 1.649 0.511
0.083 -0.11 0.927 -2.542 0.45 1.298
0.069 -0.117 0.921 -2.603 0.809 0.87
0.064 -0.121 0.925 -2.29 1.618 0.74
0.06 -0.121 0.935 -1.809 1.412 0.565
0.074 -0.109 0.927 -1.885 2.046 1.099
0.066 -0.122 0.933 -1.611 1.588 2.023
0.069 -0.114 0.929 -1.771 1.176 1.061
0.065 -0.119 0.927 -0.908 -0.42 1.053
0.075 -0.103 0.946 -0.504 -2.191 1.137
0.075 -0.097 0.943 -0.702 -1.107 1.565
0.077 -0.105 0.942 -1.252 -0.351 1.107
0.085 -0.109 0.937 -1.863 0.519 0.802
0.073 -0.111 0.945 -2.069 0.985 0.244
0.061 -0.117 0.945 -1.214 0.031 0.076
0.056 -0.106 0.945 -0.725 -1.137 0.092
0.062 -0.089 0.948 -0.405 -1.191 0.267
0.062 -0.083 0.956 -0.985 -1.756 0.275
0.063 -0.071 0.961 -1.466 -2.237 -0.557
0.066 -0.051 0.966 -1.618 -2.397 -0.931
0.051 -0.039 0.969 -0.908 -3.534 -1.519
0.048 0.0 0.977 -0.893 -3.015 -2.336
0.026 0.039 1.004 -0.489 -1.832 -3.351
-0.02 0.074 1.042 0.45 -2.198 -7.466
-0.079 0.134 1.077 3.893 -3.382 -11.427
-0.089 0.255 1.118 7.015 -4.893 -18.863
-0.081 0.371 1.188 10.466 -5.282 -21.939
-0.117 0.514 1.268 9.305 -4.527 -28.725
-0.141 0.652 1.305 9.924 -9.55 -27.664
-0.164 0.739 1.281 13.405 -12.824 -24.916
-0.144 0.811 1.294 18.74 -19.145 -13.695
-0.076 0.892 1.394 10.603 -17.496 -7.756
0.005 0.918 1.324 2.115 -3.344 2.29
-0.016 0.793 1.23 -5.817 4.824 6.099
-0.106 0.823 1.243 -15.061 9.916 15.336
-0.152 0.772 1.202 -21.519 13.863 19.366
-0.184 0.694 1.042 -22.763 11.588 26.802
-0.255 0.438 0.991 -16.542 10.397 23.221
-0.267 0.434 0.972 -8.008 9.672 38.611
-0.181 0.359 0.963 0.328 5.031 41.534
-0.222 0.283 1.004 6.374 6.382 38.542
-0.148 0.346 1.102 2.26 -1.565 31.618
-0.199 0.402 1.168 -5.664 -2.611 34.595
-0.192 0.435 1.257 -17.122 -12.046 45.023
-0.235 0.364 1.219 -23.229 -14.947 60.237
-0.315 0.225 1.118 -22.305 -17.84 69.496
-0.369 0.092 1.038 -23.0 -28.237 69.794
-0.326 -0.039 0.924 -19.695 -32.443 69.038
-0.269 -0.091 0.915 -17.702 -40.649 62.672
-0.122 -0.099 0.939 -16.672 -46.305 58.267
-0.017 -0.11 0.884 -14.13 -43.0 61.481
-0.039 -0.162 0.891 -10.389 -41.702 70.221
-0.034 -0.162 0.915 -10.076 -44.069 77.389
-0.018 -0.217 0.9 -8.679 -34.481 88.015
-0.041 -0.259 0.919 -10.504 -30.427 100.45
-0.012 -0.391 0.819 -2.397 -21.191 112.443
-0.011 -0.548 0.802 11.168 -20.992 121.519
0.116 -0.587 0.744 28.359 -23.908 127.321
0.155 -0.639 0.593 51.519 -32.389 135.313
0.094 -0.682 0.555 76.817 -55.481 137.58
0.123 -0.581 0.603 90.618 -62.397 135.359
0.159 -0.538 0.687 90.26 -59.672 126.366
0.223 -0.495 0.757 73.122 -39.305 114.221
0.296 -0.473 0.733 55.359 -19.214 108.053
0.288 -0.571 0.617 52.931 -5.878 111.58
0.303 -0.651 0.516 62.061 2.221 116.053
0.109 -0.756 0.536 79.618 -0.58 113.389
0.088 -0.702 0.645 92.649 -7.45 100.84
0.107 -0.596 0.711 99.076 -0.802 83.977
0.132 -0.497 0.78 98.061 0.695 74.366
0.188 -0.36 0.842 86.573 3.282 64.908
0.346 -0.267 0.742 72.557 16.16 61.313
0.33 -0.262 0.799 58.756 19.374 64.092
0.422 -0.245 0.785 50.985 31.26 79.611
0.292 -0.377 0.794 50.092 35.748 91.069
0.252 -0.386 0.806 51.115 34.42 100.115
0.136 -0.408 0.872 51.916 28.969 102.588
0.052 -0.427 0.883 54.603 20.511 101.229
0.002 -0.465 0.935 55.565 12.969 93.275
-0.003 -0.424 1.002 49.618 2.45 80.198
0.052 -0.338 1.039 36.939 -1.13 66.557
0.072 -0.303 1.03 21.16 1.122 52.183
0.107 -0.267 0.984 11.168 3.183 42.153
0.205 -0.214 0.896 5.779 7.74 39.794
0.22 -0.194 0.831 5.427 8.87 39.878
0.198 -0.196 0.831 8.229 9.359 40.076
0.174 -0.167 0.918 8.046 6.733 40.672
0.147 -0.136 0.978 3.191 9.221 37.817
0.102 -0.152 0.957 -1.191 12.191 34.221
0.042 -0.17 0.957 -6.115 9.504 25.87
0.07 -0.166 0.94 -8.87 8.885 17.977
0.074 -0.119 0.911 -9.214 5.672 12.954
0.132 -0.083 0.905 -7.748 4.916 9.443
0.197 -0.005 0.909 -4.443 4.443 13.519
0.148 0.064 0.988 -6.756 -3.42 16.153
0.15 0.102 1.011 -12.473 -0.641 21.046
0.12 0.087 1.002 -15.634 -4.733 23.58
0.129 0.042 0.975 -18.664 -5.092 24.153
0.103 0.008 0.928 -21.641 -2.626 22.0
0.059 -0.022 0.943 -24.763 -1.893 14.115
0.064 -0.019 0.964 -29.847 -0.298 6.786
0.057 -0.037 0.94 -32.397 -1.183 0.489
0.08 -0.029 0.948 -33.45 -4.061 -4.076
0.118 -0.027 0.9 -33.962 -3.87 -6.427
0.155 -0.038 0.869 -32.344 -4.16 -6.527
0.165 -0.036 0.858 -27.237 -6.031 -4.481
0.207 -0.027 0.85 -23.115 -4.198 -1.916
0.21 -0.023 0.824 -19.817 -1.565 0.718
0.198 -0.025 0.843 -18.267 -1.427 2.023
0.186 -0.047 0.858 -15.908 -1.031 2.267
0.186 -0.053 0.863 -15.565 -0.756 1.298
0.174 -0.035 0.896 -15.015 -0.389 -2.397
0.213 -0.032 0.89 -20.504 2.672 -3.588
0.17 -0.031 0.915 -22.13 3.435 -4.756
0.171 -0.028 0.924 -24.427 3.756 -6.832
0.166 -0.044 0.917 -26.87 4.389 -10.038
0.153 -0.037 0.948 -27.649 5.443 -12.092
0.16 -0.016 0.963 -30.321 5.473 -13.366
0.156 -0.011 0.955 -28.504 5.695 -13.229
0.135 0.032 0.998 -28.244 7.634 -13.092
0.112 0.028 1.027 -30.977 6.565 -14.939
0.103 0.015 1.032 -34.618 5.863 -16.847
0.094 0.004 1.035 -38.565 4.015 -19.351
0.116 -0.014 1.018 -41.626 3.168 -22.115
0.129 -0.038 0.999 -43.092 1.412 -23.137
0.128 -0.045 0.976 -43.214 -0.962 -22.794
0.144 -0.077 0.938 -41.664 -2.214 -22.664
0.153 -0.094 0.903 -38.046 -3.542 -22.527
0.174 -0.092 0.89 -33.313 -3.145 -22.099
0.189 -0.08 0.895 -28.679 -3.16 -20.466
0.188 -0.081 0.908 -25.595 -2.092 -19.153
0.168 -0.08 0.922 -24.618 -0.863 -19.611
0.166 -0.066 0.924 -24.366 -0.198 -20.328
0.169 -0.066 0.927 -23.977 0.924 -20.962
0.171 -0.069 0.924 -23.618 1.183 -21.076
0.176 -0.074 0.917 -22.71 0.71 -20.221
0.189 -0.085 0.898 -20.29 -2.305 -18.641
0.182 -0.104 0.885 -17.634 -3.947 -17.588
0.189 -0.123 0.866 -14.229 -4.099 -16.473
0.179 -0.119 0.875 -11.481 -4.542 -16.115
0.179 -0.107 0.884 -9.595 -3.069 -15.313
0.168 -0.095 0.914 -9.405 -0.221 -16.076
0.146 -0.112 0.921 -9.603 1.198 -18.206
0.135 -0.101 0.934 -9.817 0.344 -21.359
0.147 -0.105 0.897 -9.061 2.115 -23.794
0.166 -0.09 0.874 -5.824 1.992 -24.076
0.192 -0.062 0.886 -2.26 1.244 -22.771
0.216 -0.03 0.898 1.298 0.618 -19.16
0.226 -0.008 0.882 5.015 -0.74 -14.405
0.222 -0.002 0.888 8.145 -2.122 -9.878
0.207 0.015 0.928 8.26 -2.046 -6.29
0.195 0.006 0.929 7.519 -0.412 -3.565
0.179 -0.003 0.933 5.809 -0.26 -1.954
0.168 -0.014 0.951 3.588 0.916 -2.137
0.175 -0.009 0.947 1.427 0.771 -3.313
0.194 -0.015 0.917 0.649 0.893 -2.504
0.215 -0.013 0.899 0.977 0.611 -0.954
0.213 -0.025 0.878 2.977 0.756 1.16
0.229 -0.021 0.878 5.473 0.298 4.595
0.217 -0.02 0.903 7.176 -0.435 7.771
0.193 -0.022 0.916 8.351 -1.351 10.473
0.161 -0.029 0.943 7.473 -2.145 11.053
0.147 -0.034 0.972 4.122 -2.359 9.649
0.141 -0.038 0.987 0.321 -1.183 7.985
0.144 -0.057 0.969 -2.382 -2.198 7.084
0.134 -0.08 0.945 -2.924 -3.656 5.282
0.146 -0.088 0.921 -2.153 -4.863 4.45
0.16 -0.049 0.944 -1.519 -4.015 4.397
0.183 -0.038 0.928 -0.573 -3.015 6.427
0.183 -0.041 0.92 0.794 -3.305 9.214
0.184 -0.056 0.91 2.985 -2.916 10.748
0.154 -0.063 0.923 4.061 -4.099 11.427
0.153 -0.05 0.962 3.985 -5.244 10.183
0.15 -0.023 0.959 2.023 -4.489 9.321
0.155 -0.016 0.977 -0.847 -4.115 7.931
0.173 -0.026 0.953 -4.069 -3.534 7.374
0.186 -0.026 0.925 -6.168 1.87 5.58
0.186 -0.043 0.917 -7.817 -0.664 5.565
0.192 -0.053 0.898 -6.649 -2.008 6.687
0.199 -0.063 0.898 -4.305 -2.321 7.954
0.194 -0.067 0.901 -2.168 -3.229 10.046
0.197 -0.056 0.907 -0.427 -2.069 11.504
0.172 -0.062 0.932 -1.221 -3.649 11.237
0.176 -0.064 0.949 -3.252 -3.359 9.74
0.174 -0.054 0.951 -6.931 -2.794 8.275
0.176 -0.075 0.953 -9.977 -2.855 6.565
0.188 -0.071 0.926 -12.191 -1.626 5.435
0.192 -0.083 0.922 -12.763 -1.229 5.26
0.202 -0.099 0.902 -11.13 -2.099 5.45
0.199 -0.116 0.883 -9.023 -0.893 6.153
0.199 -0.112 0.905 -7.687 -1.908 5.756
0.206 -0.092 0.907 -6.802 -1.107 6.603
0.187 -0.097 0.916 -6.931 -0.855 5.794
0.193 -0.092 0.923 -8.137 -1.29 4.824
0.199 -0.1 0.907 -8.435 -0.557 4.947
0.203 -0.105 0.909 -8.405 -0.504 5.305
0.198 -0.106 0.901 -8.0 0.924 5.947
0.201 -0.112 0.88 -6.939 0.565 5.954
0.177 -0.122 0.911 -5.718 0.672 5.672
0.182 -0.11 0.923 -5.908 1.374 4.924
0.187 -0.105 0.922 -6.595 3.13 5.084
0.181 -0.122 0.924 -7.298 3.992 4.206
0.166 -0.14 0.91 -6.122 4.168 2.985
0.173 -0.134 0.899 -3.969 3.786 2.313
0.186 -0.112 0.905 -2.282 3.763 2.183
0.187 -0.096 0.925 -1.405 5.076 2.443
0.178 -0.101 0.913 -0.603 4.321 2.099
0.198 -0.092 0.912 -0.702 3.695 1.473
0.197 -0.095 0.911 0.275 3.511 1.916
0.189 -0.103 0.934 -0.511 4.221 0.435
0.184 -0.091 0.936 -0.779 2.786 1.351
0.186 -0.075 0.951 -2.29 4.702 1.901
0.183 -0.093 0.953 -1.466 2.069 1.176
0.177 -0.092 0.943 -2.031 2.924 1.107
0.171 -0.085 0.956 -2.687 1.031 0.84
0.18 -0.092 0.939 -2.595 2.008 0.939
0.174 -0.097 0.951 -2.336 2.015 1.282
0.17 -0.106 0.946 -2.336 1.595 -0.13
0.169 -0.106 0.935 -2.153 1.511 -0.87
0.161 -0.099 0.942 -2.42 0.519 -0.137
0.163 -0.111 0.958 -2.641 -0.443 -1.008
0.168 -0.099 0.951 -2.679 -1.58 -1.55
0.169 -0.103 0.935 -2.916 -1.908 -1.252
0.167 -0.092 0.931 -3.481 -1.26 -1.687
0.19 -0.093 0.916 -3.794 -0.504 -3.435
0.205 -0.079 0.905 -3.313 0.672 -3.427
0.211 -0.077 0.904 -2.542 0.626 -1.985
0.203 -0.099 0.886 -1.359 1.45 -1.313
0.216 -0.088 0.876 0.695 -0.061 1.405
0.203 -0.094 0.893 1.725 1.015 1.962
0.197 -0.08 0.885 2.015 1.954 2.527
0.195 -0.075 0.9 2.611 2.176 3.237
0.18 -0.072 0.9 2.481 0.794 2.931
0.177 -0.074 0.918 1.786 0.947 2.763
0.174 -0.067 0.928 0.321 1.0 1.992
0.186 -0.079 0.913 -0.466 0.641 1.565
0.189 -0.084 0.909 -0.74 1.26 1.672
0.192 -0.09 0.896 0.344 1.282 1.832
0.192 -0.074 0.906 0.725 1.847 2.107
0.198 -0.061 0.923 0.534 1.595 3.015
0.198 -0.066 0.92 0.328 2.817 3.893
0.193 -0.076 0.909 0.595 1.176 4.099
0.207 -0.078 0.914 1.763 -0.641 4.145
0.192 -0.081 0.917 2.496 -0.832 4.947
0.181 -0.087 0.941 2.672 -1.359 5.031
0.168 -0.076 0.932 1.695 -1.534 4.214
0.163 -0.075 0.936 0.504 -2.145 3.198
0.172 -0.084 0.932 -0.969 -1.45 2.099
0.186 -0.084 0.924 -1.733 -0.695 1.679
0.183 -0.077 0.916 -1.076 -2.053 0.985
0.2 -0.071 0.918 -0.534 -2.214 1.237
0.199 -0.062 0.915 0.42 -2.397 1.794
0.195 -0.065 0.927 0.534 -1.725 2.656
0.198 -0.055 0.927 0.321 -1.061 2.863
0.206 -0.051 0.921 0.595 -1.328 4.229
0.188 -0.043 0.932 0.534 -1.206 4.878
0.185 -0.049 0.929 0.42 -2.023 5.237
0.191 -0.049 0.929 0.176 -2.076 5.046
0.196 -0.057 0.923 -0.649 -0.87 4.954
0.181 -0.063 0.919 -1.206 -1.29 4.611
0.182 -0.057 0.922 -2.13 -0.16 3.748
0.197 -0.053 0.911 -2.756 0.023 4.29
0.199 -0.061 0.914 -3.0 0.053 5.191
0.205 -0.067 0.901 -2.603 0.55 6.794
0.196 -0.071 0.906 -1.481 -1.489 8.458
0.2 -0.076 0.909 -0.924 -1.168 9.42
0.204 -0.084 0.897 -1.069 0.321 10.145
0.189 -0.093 0.904 -0.183 0.618 9.893
0.167 -0.107 0.897 1.496 0.206 8.718
0.167 -0.095 0.921 2.351 -0.061 7.42
0.165 -0.092 0.915 2.145 0.107 5.786
0.183 -0.081 0.924 1.832 -0.458 4.695
0.185 -0.072 0.94 0.511 -0.153 4.389
0.19 -0.066 0.919 0.069 0.397 4.084
0.198 -0.073 0.915 -0.229 0.695 3.557
0.199 -0.06 0.92 -0.603 1.023 3.229
0.201 -0.056 0.911 0.008 1.153 4.229
0.2 -0.062 0.931 0.13 1.031 5.023
0.182 -0.056 0.94 -0.511 0.122 4.733
0.186 -0.06 0.929 -1.931 -0.153 3.359
0.189 -0.063 0.937 -3.023 0.527 2.733
0.185 -0.06 0.954 -4.435 -0.084 1.878
0.198 -0.07 0.932 -4.504 -0.634 2.634
0.208 -0.072 0.915 -3.672 -0.618 3.71
0.182 -0.085 0.906 -2.069 -1.405 4.511
0.193 -0.075 0.912 -1.183 -1.519 5.252
0.176 -0.087 0.927 -0.618 -1.015 4.908
0.176 -0.076 0.946 -1.183 -1.74 3.695
0.189 -0.072 0.952 -3.206 -0.824 2.718
0.201 -0.071 0.946 -5.672 -0.198 1.931
0.188 -0.091 0.909 -6.672 0.023 2.115
0.199 -0.099 0.905 -5.718 -1.519 1.176
0.2 -0.09 0.894 -4.832 -0.573 0.947
0.217 -0.092 0.896 -3.855 1.122 1.198
0.21 -0.086 0.896 -2.443 1.947 1.802
0.206 -0.08 0.911 -2.214 2.145 1.832
0.207 -0.083 0.914 -2.313 2.809 1.527
0.207 -0.076 0.914 -2.748 3.435 1.366
0.204 -0.073 0.921 -3.611 4.855 1.511
0.202 -0.079 0.903 -3.954 4.435 0.611
0.196 -0.08 0.91 -3.481 4.649 0.931
0.189 -0.071 0.917 -3.198 4.832 0.496
0.194 -0.071 0.913 -3.443 4.863 0.282
0.19 -0.076 0.936 -3.763 5.397 -0.321
0.193 -0.08 0.922 -4.557 4.763 -0.649
0.189 -0.088 0.922 -3.687 4.756 -0.687
0.183 -0.087 0.931 -3.29 4.641 -0.649
0.194 -0.072 0.936 -3.107 5.344 -0.412
0.185 -0.071 0.934 -3.076 6.214 -0.336
0.176 -0.061 0.94 -2.916 4.573 0.191
0.185 -0.066 0.945 -3.275 4.275 0.496
0.182 -0.073 0.952 -3.733 4.084 0.298
0.174 -0.071 0.95 -4.191 3.656 0.359
0.177 -0.089 0.942 -4.313 2.191 -0.458
0.179 -0.082 0.931 -4.16 2.885 -0.725
0.18 -0.077 0.932 -3.557 2.26 -0.382
0.181 -0.069 0.927 -3.458 2.679 0.122
0.191 -0.069 0.918 -2.573 1.824 1.198
0.191 -0.065 0.915 -2.344 0.908 1.672
0.181 -0.071 0.931 -2.511 1.031 1.145
0.181 -0.067 0.938 -3.809 1.305 0.145
0.181 -0.077 0.938 -4.305 2.389 -0.031
0.185 -0.071 0.924 -4.038 0.71 -0.275
0.177 -0.067 0.928 -3.359 0.924 0.427
0.176 -0.074 0.939 -3.153 0.489 1.389
0.177 -0.064 0.937 -3.855 0.115 2.031
0.171 -0.083 0.948 -4.489 -0.878 2.076
0.181 -0.085 0.927 -5.221 -0.214 1.427
0.191 -0.097 0.913 -4.901 -0.718 0.771
0.193 -0.097 0.904 -3.611 -0.519 0.832
0.195 -0.083 0.903 -2.595 0.321 1.588
0.184 -0.079 0.924 -1.679 -0.58 2.672
0.182 -0.069 0.938 -2.237 -0.725 2.55
0.178 -0.072 0.939 -3.649 -0.557 2.275
0.169 -0.079 0.929 -4.069 -1.458 1.771
0.175 -0.091 0.919 -4.412 -2.069 0.969
0.185 -0.093 0.909 -3.008 -2.954 0.847
0.197 -0.08 0.906 -1.382 -2.817 1.824
0.198 -0.07 0.905 -0.168 -2.26 3.137
0.201 -0.068 0.912 0.611 -2.305 3.985
0.202 -0.061 0.912 0.336 -2.481 4.611
0.206 -0.056 0.915 -0.893 -1.87 5.252
0.202 -0.077 0.908 -1.626 -1.092 5.42
0.191 -0.093 0.89 -1.74 -1.634 4.634
0.2 -0.092 0.901 -1.695 -0.679 4.038
0.209 -0.086 0.895 -1.672 1.0 3.542
0.201 -0.092 0.883 -1.061 1.176 3.183
0.208 -0.088 0.888 -0.351 1.229 2.931
0.213 -0.087 0.891 0.412 2.244 3.481
0.201 -0.081 0.917 -0.046 2.863 3.84
0.182 -0.08 0.932 -0.115 2.672 4.351
0.183 -0.072 0.923 -0.412 1.863 4.359
0.18 -0.07 0.942 -1.168 1.74 3.794
0.171 -0.077 0.934 -1.832 2.542 3.237
0.155 -0.085 0.931 -1.847 1.389 2.153
0.16 -0.073 0.943 -2.252 0.771 1.412
0.171 -0.063 0.94 -2.756 0.687 1.443
0.18 -0.056 0.939 -3.511 1.687 2.313
0.169 -0.055 0.957 -3.473 -2.206 2.206
0.182 -0.058 0.93 -3.13 -1.656 3.244