0.085 0.026 0.935 -0.985 6.214 4.328
0.066 0.046 0.976 -1.954 5.176 3.107
0.053 0.062 0.975 -4.405 5.389 1.901
0.055 0.073 0.962 -5.863 6.611 0.962
0.094 0.073 0.964 -7.519 6.565 1.603
0.095 0.056 0.919 -8.183 6.908 3.496
0.085 0.026 0.921 -6.832 6.275 4.466
0.064 0.014 0.92 -6.58 5.061 3.779
0.04 -0.001 0.903 -4.267 4.282 2.733
0.034 -0.004 0.924 -2.336 2.962 1.328
0.047 0.032 0.924 -1.122 2.275 1.519
0.093 0.042 0.941 -1.748 2.473 2.962
0.066 0.038 0.927 -2.58 3.702 3.847
0.053 0.014 0.905 -1.924 4.069 3.634
0.035 0.009 0.905 -1.115 2.008 2.267
0.07 0.032 0.933 -0.695 1.29 2.267
0.077 0.036 0.906 -1.794 0.878 2.771
0.07 0.023 0.91 -0.206 0.748 4.031
0.043 0.026 0.926 -0.344 -0.053 1.405
0.04 0.031 0.925 0.099 0.183 1.008
0.057 0.042 0.911 -0.893 0.26 -1.351
0.07 0.062 0.927 -1.153 1.924 -1.962
0.103 0.057 0.926 -2.298 4.023 -0.847
0.104 0.049 0.936 -3.015 4.763 1.015
0.089 0.034 0.918 -1.939 4.198 2.42
0.081 0.032 0.921 -0.466 2.389 3.595
0.059 0.038 0.927 0.397 0.069 3.053
0.057 0.063 0.944 -0.466 0.565 2.053
0.088 0.066 0.945 -1.466 2.023 3.16
0.099 0.059 0.932 -1.466 3.29 3.893
0.086 0.04 0.939 -0.985 4.458 4.122
0.061 0.047 0.948 -0.763 4.534 3.557
0.038 0.045 0.952 0.115 2.496 3.069
0.049 0.07 0.956 0.275 -0.137 2.527
0.08 0.082 0.95 0.046 -0.977 3.733
0.124 0.083 0.96 -0.893 -1.389 5.595
0.109 0.059 0.941 -1.366 -1.13 7.168
0.089 0.039 0.953 -2.305 0.947 6.389
0.06 0.03 0.958 -4.893 2.168 3.168
0.047 0.03 0.95 -5.359 4.076 1.695
0.044 0.038 0.936 -5.305 4.534 -0.496
0.06 0.051 0.939 -5.496 5.206 0.565
0.073 0.048 0.933 -5.099 5.229 2.305
0.063 0.03 0.933 -4.252 3.756 4.29
0.036 0.026 0.939 -3.298 0.641 4.962
0.018 0.016 0.938 -2.947 -1.618 3.847
0.019 0.028 0.914 -1.565 -4.817 3.099
0.045 0.056 0.914 -1.244 -4.977 3.809
0.106 0.059 0.915 -2.351 -3.435 5.756
0.092 0.023 0.877 -4.038 -0.053 4.916
0.059 0.007 0.897 -3.237 3.649 2.321
0.037 0.011 0.91 -3.107 2.573 -0.725
0.042 0.043 0.917 -3.336 1.695 -1.84
0.074 0.048 0.899 -3.076 2.649 -0.221
0.078 0.062 0.894 -2.351 1.366 0.824
0.088 0.039 0.925 -2.374 2.458 3.366
0.069 0.019 0.884 -1.603 2.405 2.534
0.06 0.029 0.909 0.198 1.053 2.794
0.056 0.052 0.911 -0.015 -0.229 0.908
0.085 0.08 0.921 0.168 -0.794 0.55
0.137 0.086 0.937 -1.344 0.435 2.985
0.137 0.073 0.927 -2.748 3.969 3.29
0.116 0.069 0.953 -4.87 8.45 3.076
0.066 0.039 0.938 -5.282 8.832 1.565
0.036 0.023 0.94 -3.008 5.351 0.13
0.026 0.038 0.938 0.618 1.435 1.244
0.05 0.085 0.952 1.458 -2.0 2.412
0.074 0.086 0.947 0.42 -1.84 4.618
0.093 0.083 0.928 -0.336 1.183 5.565
0.098 0.071 0.932 -1.71 2.786 6.107
0.09 0.053 0.931 -2.84 3.527 6.145
0.093 0.06 0.926 -3.962 3.397 5.847
0.081 0.065 0.933 -6.0 3.87 5.168
0.09 0.048 0.902 -6.962 5.183 4.282
0.101 0.027 0.892 -6.641 7.099 3.695
0.066 0.001 0.874 -4.969 6.969 3.267
0.043 -0.003 0.883 -3.237 5.748 2.359
0.034 0.002 0.888 -1.031 2.939 2.397
0.049 0.031 0.901 0.534 -0.237 2.794
0.069 0.055 0.915 0.42 0.008 4.855
0.084 0.066 0.918 -0.908 1.718 5.916
0.09 0.045 0.925 -3.313 4.107 5.763
0.069 0.022 0.889 -2.893 6.527 5.863
0.019 0.004 0.911 -1.511 5.565 4.237
0.011 0.019 0.922 -0.878 3.603 2.389
0.007 0.034 0.911 0.191 2.351 0.901
0.026 0.071 0.924 -1.176 4.481 -1.061
0.026 0.094 0.911 -2.221 5.641 -1.099
0.023 0.102 0.876 -1.107 4.74 -2.198
-0.002 0.148 0.894 -0.756 1.977 -2.244
-0.022 0.203 0.881 -0.42 -1.313 -3.076
-0.031 0.303 0.91 -0.344 -6.672 -4.168
-0.025 0.402 0.919 -1.756 -13.58 -3.687
-0.028 0.45 0.886 -0.359 -18.13 2.115
-0.024 0.496 0.861 0.573 -22.962 0.649
-0.132 0.575 0.889 2.733 -22.137 3.336
-0.108 0.669 0.912 -0.244 -18.252 -0.832
-0.16 0.707 0.912 -1.427 -19.695 -7.099
-0.177 0.795 0.957 -5.504 -19.397 -11.931
-0.146 0.854 1.001 -11.893 -19.695 -21.481
-0.119 0.898 0.971 -13.473 -21.115 -21.718
-0.084 0.947 1.016 -21.321 -30.443 0.931
-0.298 0.763 1.042 -17.641 -26.382 -17.969
-0.164 0.874 0.987 -11.55 -33.977 -7.504
-0.171 0.818 0.996 -2.832 -40.534 3.336
-0.231 0.702 1.005 4.031 -46.901 2.099
-0.31 0.609 0.946 11.573 -46.641 -4.656
-0.392 0.532 0.936 19.42 -56.832 -30.557
-0.391 0.657 1.038 23.687 -72.191 -54.351
-0.24 0.759 1.052 21.511 -77.824 -56.763
-0.026 0.764 1.034 20.191 -71.366 -43.664
0.113 0.779 1.067 14.84 -57.405 -26.786
0.184 0.736 1.032 12.412 -43.237 -1.069
0.073 0.705 1.12 10.427 -37.901 18.611
-0.027 0.575 1.087 12.26 -37.26 46.603
-0.212 0.407 0.985 23.26 -48.573 58.16
-0.339 0.253 0.854 40.809 -51.145 57.382
-0.351 0.193 0.813 58.565 -63.26 43.298
-0.238 0.263 0.901 63.061 -65.198 21.115
-0.178 0.363 1.079 55.221 -50.405 4.466
0.0 0.433 1.136 42.313 -46.893 -4.053
0.106 0.535 1.219 37.809 -46.412 16.359
0.06 0.502 1.194 37.664 -47.817 44.412
-0.089 0.346 1.15 41.328 -56.374 60.267
-0.055 0.238 1.05 44.878 -51.779 68.618
-0.019 0.167 0.994 46.29 -38.389 68.458
-0.008 0.039 0.982 47.565 -26.519 60.832
-0.094 -0.036 0.922 51.763 -24.382 49.435
0.148 0.007 0.89 52.573 -24.122 42.405
0.284 -0.013 0.798 52.122 -5.435 36.885
0.206 -0.059 0.824 49.244 0.626 32.733
0.338 -0.081 0.749 42.29 11.435 19.519
0.42 -0.161 0.565 47.153 41.214 30.244
0.196 -0.326 0.578 59.328 46.55 23.893
0.339 -0.269 0.707 75.153 55.84 16.687
0.432 0.101 1.045 71.244 61.084 18.603
0.574 0.312 1.208 56.305 56.229 38.565
0.465 0.256 1.0 44.366 46.74 58.542
0.235 -0.041 0.942 33.992 31.305 62.015
0.197 -0.383 0.755 15.977 43.534 43.481
0.117 -0.698 0.583 17.473 63.221 7.969
0.388 -0.6 0.558 27.015 79.649 -20.191
0.694 -0.286 0.651 29.511 106.595 -23.061
0.98 0.247 0.943 25.29 130.084 6.427
1.039 0.749 1.311 5.45 113.405 59.702
0.835 0.607 1.401 -10.214 86.061 131.863
0.356 -0.079 1.109 -31.656 57.908 165.115
0.1 -0.871 0.72 -33.695 65.824 140.42
0.059 -1.063 0.686 -32.824 91.664 78.267
0.313 -0.89 0.442 -25.618 106.313 52.344
0.449 -0.618 0.381 -18.305 126.58 35.71
0.53 -0.281 0.607 -12.466 139.473 43.374
0.534 -0.111 0.822 2.939 122.695 95.061
0.282 -0.006 1.159 6.42 130.328 132.237
0.075 -0.41 1.287 -8.786 94.26 129.13
-0.064 -0.574 1.188 -15.107 91.763 128.672
-0.115 -0.542 1.319 -18.641 72.664 101.122
-0.048 -0.427 1.127 -32.229 89.321 82.809
-0.043 -0.412 1.175 -35.534 78.901 74.74
-0.028 -0.416 1.255 -44.0 57.802 64.26
-0.066 -0.465 1.332 -46.397 48.74 51.076
-0.048 -0.384 1.483 -56.122 19.282 41.29
-0.0 -0.387 1.345 -57.397 -23.878 38.649
0.148 -0.24 1.162 -52.885 -37.71 40.672
0.155 -0.342 0.828 -45.84 -38.855 30.511
0.24 -0.237 0.784 -48.405 -48.969 20.008
0.325 -0.197 0.705 -48.221 -39.137 19.931
0.351 -0.205 0.689 -42.679 -27.252 14.107
0.333 -0.163 0.801 -34.557 -12.069 14.649
0.303 -0.156 0.882 -27.252 -3.748 14.595
0.242 -0.133 0.982 -26.473 -5.29 13.374
0.172 -0.169 0.939 -25.802 -6.153 12.42
0.177 -0.155 0.847 -21.183 -6.374 7.008
0.124 -0.15 0.806 -19.389 -5.42 1.649
0.131 -0.067 0.843 -21.29 -0.962 0.0
0.131 -0.001 0.895 -18.214 0.885 -0.534
0.125 0.035 0.861 -13.206 9.695 0.573
0.097 -0.03 0.85 -7.695 9.71 2.626
0.068 -0.024 0.953 -9.183 7.908 1.718
0.044 0.005 0.949 -10.168 6.198 1.13
-0.018 0.001 0.937 -9.237 2.137 -0.878
-0.069 -0.039 0.873 -10.847 1.557 -9.168
0.029 -0.007 0.785 -11.595 9.542 -16.397
0.061 0.051 0.828 -10.489 15.382 -16.427
0.038 0.076 0.895 -8.214 16.16 -9.878
0.044 0.072 0.949 -7.412 9.298 -6.336
0.028 0.007 0.875 -8.405 5.412 -8.275
0.029 -0.031 0.799 -8.504 10.802 -12.595
0.073 0.018 0.755 -7.267 19.046 -15.42
0.073 0.052 0.75 -4.344 22.137 -12.336
0.074 0.038 0.773 -1.985 25.244 -10.55
0.103 0.072 0.787 2.557 28.947 -9.473
0.099 0.111 0.895 4.641 37.046 -11.618
0.076 0.106 0.897 -0.076 39.71 -13.168
-0.005 0.071 0.888 -1.458 40.611 -19.198
-0.009 0.047 0.918 -3.0 46.084 -24.489
-0.025 0.008 0.866 -4.664 52.939 -30.992
-0.03 0.018 0.856 -3.687 53.031 -31.076
-0.058 0.1 0.933 -2.595 42.664 -15.374
-0.086 0.117 1.029 -3.458 36.84 -16.122
-0.075 0.167 1.05 -8.718 28.634 -15.603
-0.123 0.136 1.05 -11.55 21.977 -10.687
-0.154 0.076 1.035 -14.084 11.023 -9.756
-0.175 0.027 1.012 -15.298 3.595 -10.863
-0.155 0.032 1.006 -15.962 -3.718 -12.634
-0.089 0.099 0.944 -15.023 -13.099 -13.099
-0.078 0.134 0.962 -13.725 -21.282 -10.947
-0.04 0.149 0.942 -14.046 -22.389 -4.695
-0.073 0.095 0.987 -13.595 -26.466 -1.573
-0.072 0.056 0.992 -14.824 -30.656 -2.313
-0.047 0.005 0.936 -13.229 -35.099 -3.321
-0.044 -0.002 0.95 -13.878 -36.557 -4.893
0.009 0.06 0.938 -13.557 -32.198 -3.382
0.049 0.082 0.912 -10.099 -31.779 0.748
0.065 0.081 0.936 -9.061 -31.275 6.053
0.066 0.082 0.916 -8.458 -31.489 14.351
0.056 0.01 0.927 -7.137 -23.656 9.321
0.087 0.057 0.904 -6.244 -18.061 8.756
0.106 0.096 0.919 -5.588 -15.023 12.45
0.086 0.058 0.934 -4.427 -12.252 15.565
0.067 0.015 0.942 -4.038 -10.275 16.221
0.052 -0.035 0.925 -2.489 -11.145 14.649
0.062 -0.024 0.968 -1.779 -3.641 9.305
0.069 0.038 0.987 -2.076 -2.481 8.359
0.085 0.072 1.0 -1.122 1.443 10.008
0.07 0.071 0.949 -1.427 4.748 10.122
0.071 0.032 0.942 -0.573 9.931 8.023
0.068 0.03 0.91 0.366 9.237 6.107
0.094 0.061 0.896 2.756 9.962 9.206
0.072 0.046 0.877 5.405 9.069 12.611
0.051 0.016 0.901 5.656 7.794 12.313
0.068 0.018 0.871 7.069 9.695 11.504
0.109 0.053 0.866 9.847 13.832 14.183
0.053 0.069 0.926 10.573 11.221 15.847
0.062 0.081 0.91 10.832 10.672 16.565
0.029 0.073 0.905 11.863 11.87 16.183
0.01 0.063 0.901 11.84 14.359 17.344
-0.023 0.074 0.971 7.71 12.42 13.29
-0.041 0.064 0.968 5.756 9.008 12.626
-0.035 0.068 0.979 4.084 6.313 12.847
-0.081 0.038 1.028 1.519 -0.359 10.275
0.063 0.073 0.887 -1.298 6.344 8.153
-0.018 0.059 0.912 -2.992 2.298 3.344
-0.013 0.061 0.903 -2.298 1.389 3.542
0.03 0.074 0.888 -1.405 2.366 3.573
0.039 0.064 0.91 0.603 4.031 6.298
0.135 0.113 0.848 1.519 11.099 10.656
0.02 0.08 0.973 -0.443 3.565 7.427
-0.006 0.07 0.985 -3.458 0.084 4.649
0.013 0.077 0.944 -4.901 0.191 3.626
-0.012 0.074 0.958 -4.481 -3.153 4.824
0.006 0.058 0.936 -5.023 -5.763 4.641
0.018 0.025 0.891 -4.16 -4.382 3.473
0.037 0.042 0.904 -3.679 -4.504 3.145
0.042 0.042 0.925 -2.908 -5.481 3.611
0.038 0.044 0.928 -3.649 -5.168 3.588
0.061 0.059 0.917 -3.504 -2.771 3.756
0.041 0.052 0.924 -3.855 -5.985 3.221
0.033 0.021 0.93 -3.802 -5.496 3.267
0.039 -0.011 0.908 -2.947 -3.725 0.87
0.054 -0.005 0.882 -3.29 1.573 -4.435
0.056 0.049 0.917 -6.061 9.244 -11.298
0.055 0.079 0.927 -7.321 7.855 -13.519
0.058 0.094 0.921 -6.397 11.0 -9.374
0.065 0.094 0.939 -5.641 14.076 -7.038
0.012 0.058 0.971 -6.0 14.733 -6.725
0.003 0.031 0.931 -7.656 14.519 -8.511
-0.005 0.033 0.917 -6.267 15.534 -11.115
0.005 0.078 0.941 -6.939 15.366 -9.687
0.018 0.07 0.931 -5.527 13.763 -8.084
0.013 0.075 0.927 -5.58 13.084 -7.244
0.022 0.062 0.92 -5.695 14.137 -6.344
0.006 0.075 0.924 -5.084 13.611 -4.687
0.003 0.084 0.942 -5.183 9.885 -3.053
0.006 0.096 0.947 -6.237 7.168 -1.206
0.008 0.081 0.915 -6.458 6.389 -1.046
-0.003 0.048 0.896 -5.718 7.466 -1.626
-0.014 0.044 0.901 -5.359 6.237 -1.458
-0.012 0.048 0.932 -6.031 5.405 -2.687
-0.007 0.043 0.936 -6.183 6.122 -2.702
-0.011 0.054 0.962 -6.191 3.351 -1.557
-0.017 0.056 0.953 -7.229 1.183 -1.405
-0.02 0.048 0.941 -6.947 -0.695 0.71
-0.009 0.058 0.913 -7.107 -1.084 1.374
0.013 0.061 0.885 -6.504 -1.901 3.878
0.036 0.085 0.865 -5.183 0.053 5.855
0.031 0.06 0.86 -4.26 2.824 8.252
-0.006 0.03 0.887 -2.763 1.45 8.794
-0.005 0.022 0.892 -2.611 1.672 8.42
0.004 0.057 0.919 -2.664 2.366 9.313
-0.008 0.085 0.921 -2.977 -0.198 10.977
-0.004 0.069 0.928 -2.351 -1.962 12.992
-0.037 0.048 0.948 -1.908 -4.366 14.16
-0.051 0.025 0.955 -2.298 -7.664 12.298
-0.021 0.032 0.953 -2.802 -8.16 11.397
-0.03 0.045 0.957 -2.832 -10.237 11.351
-0.023 0.065 0.967 -3.458 -11.221 12.817
-0.012 0.086 0.961 -6.145 -13.466 12.153
0.002 0.069 0.916 -6.344 -12.847 11.511
0.026 0.061 0.906 -6.145 -13.29 13.221
0.038 0.047 0.901 -6.092 -10.267 13.802
0.057 0.036 0.899 -4.885 -6.855 14.626
0.047 0.039 0.926 -3.359 -5.534 16.176
0.015 0.026 0.935 -2.191 -6.053 16.16
0.013 0.024 0.929 -2.977 -5.656 12.588
0.022 0.017 0.92 -3.977 -3.794 9.84
0.032 0.039 0.93 -4.298 -2.229 8.374
0.049 0.055 0.928 -4.45 -1.321 9.099
0.044 0.032 0.899 -3.626 -0.481 8.878
0.046 0.024 0.895 -1.038 1.153 9.229
0.053 0.039 0.913 -0.458 2.901 10.786
0.042 0.04 0.92 1.13 3.0 11.931
0.038 0.042 0.916 0.595 3.084 11.45
0.017 0.046 0.939 0.382 2.756 10.656
0.016 0.065 0.943 -0.809 3.863 10.565
0.004 0.05 0.956 -1.756 2.565 9.901
0.008 0.043 0.94 -3.695 3.824 8.573
0.002 0.013 0.927 -3.183 4.0 6.099
0.009 0.018 0.92 -2.863 2.779 5.725
0.015 0.039 0.928 -2.282 1.542 5.405
0.012 0.037 0.936 -2.87 1.74 4.45
0.008 0.042 0.934 -2.977 1.45 3.962
0.019 0.069 0.958 -4.893 0.099 3.412
0.039 0.076 0.963 -6.664 0.16 4.588
0.05 0.063 0.899 -6.74 2.603 5.588
0.002 -0.021 0.877 -4.557 1.145 4.153
0.021 -0.014 0.894 -2.786 2.176 1.832
0.037 0.008 0.894 -1.634 4.901 -0.74
0.033 0.035 0.937 -1.206 3.74 -0.473
0.039 0.041 0.955 -2.137 3.962 0.008
0.028 0.045 0.948 -3.351 4.191 -0.069
0.026 0.042 0.951 -4.389 4.176 0.534
0.03 0.012 0.912 -3.275 3.084 0.038
0.024 -0.006 0.904 -2.901 4.237 -1.115
0.062 0.02 0.875 -1.336 5.901 -1.733
0.023 0.016 0.934 -1.45 5.328 -4.565
0.021 0.029 0.955 -1.725 5.931 -3.305
0.03 0.054 0.95 -2.191 6.458 -3.298
0.034 0.071 0.955 -3.16 6.069 -1.565
0.026 0.058 0.95 -4.29 4.74 -1.412
0.006 0.033 0.92 -4.046 5.427 -1.229
0.012 0.018 0.901 -2.756 6.084 -1.519
0.0 0.022 0.922 -1.298 7.038 -2.29
0.004 0.039 0.951 -1.924 7.405 -1.878
0.013 0.039 0.958 -2.809 7.847 -2.656
0.031 0.059 0.94 -3.053 8.534 -2.221
0.025 0.066 0.927 -2.832 7.885 -0.649
0.026 0.076 0.938 -3.931 6.725 1.672
0.021 0.058 0.915 -3.947 6.985 3.481
0.002 0.033 0.902 -4.084 6.679 4.122
-0.017 0.012 0.907 -4.947 5.214 1.55
-0.005 0.024 0.919 -5.511 5.672 0.145
0.003 0.032 0.886 -4.168 5.137 -0.366
0.007 0.042 0.904 -3.443 4.267 0.435
0.002 0.033 0.907 -3.611 4.344 1.069
0.005 0.032 0.917 -3.618 5.374 1.16
0.018 0.069 0.939 -4.069 4.305 2.878
0.011 0.049 0.926 -3.611 3.763 5.092
-0.009 0.029 0.918 -2.389 2.298 5.603
-0.005 0.014 0.905 -0.779 3.008 5.405
-0.015 0.029 0.926 0.542 1.809 6.809
-0.01 0.046 0.948 -0.481 1.405 7.092
-0.023 0.036 0.953 -1.13 0.313 5.053
-0.012 0.044 0.976 -1.489 -3.687 5.053
-0.016 0.035 0.955 -1.305 -6.168 6.221
-0.015 0.029 0.945 -1.282 -7.626 6.023
0.039 0.039 0.888 -2.58 -5.405 7.015
0.025 0.029 0.872 -0.374 -4.153 7.183
0.029 0.037 0.87 1.588 -2.779 8.641
0.016 0.046 0.904 2.878 -2.405 8.992
0.003 0.053 0.95 2.756 -3.16 9.244
-0.017 0.043 0.972 2.366 -4.427 9.893
-0.019 0.048 0.983 0.45 -6.038 9.786
-0.011 0.047 0.962 -1.412 -6.015 8.985
0.012 0.07 0.935 -2.519 -5.771 7.328
0.026 0.066 0.915 -1.557 -5.947 7.076
0.033 0.084 0.881 -0.969 -3.198 10.237
0.018 0.041 0.905 0.901 -2.038 10.557
-0.005 0.031 0.917 1.511 -1.397 10.443
-0.014 0.028 0.947 1.939 -2.176 8.168
-0.005 0.053 0.958 0.809 -1.931 7.061
0.003 0.073 0.965 -0.267 -2.832 7.824
0.016 0.088 0.963 -2.153 -3.382 8.939
0.016 0.057 0.934 -2.893 -2.672 9.405
0.034 0.056 0.907 -3.282 -1.71 10.053
0.019 0.035 0.883 -2.84 -1.794 10.053
0.012 0.014 0.881 -2.626 -1.672 7.038
0.026 0.019 0.866 -2.137 -0.221 4.74
0.048 0.041 0.856 -1.595 2.725 3.504
0.057 0.058 0.866 -1.878 5.817 3.069
-0.001 0.044 0.882 -1.771 4.878 -0.779
0.017 0.051 0.922 -0.931 5.122 2.595
0.031 0.056 0.926 -1.084 6.061 4.519
0.008 0.055 0.957 -2.267 6.084 4.718
-0.012 0.025 0.942 -2.725 4.969 4.099
-0.029 0.021 0.956 -2.718 3.435 1.153
-0.027 0.033 0.963 -4.275 2.084 -1.244
-0.009 0.03 0.95 -5.511 2.718 -3.542
-0.017 0.033 0.941 -5.053 1.74 -3.878
-0.002 0.034 0.955 -5.42 0.565 -4.87