0.054 -0.1 0.929 -1.893 1.924 1.244
0.053 -0.102 0.933 -2.679 2.672 1.008
0.039 -0.097 0.944 -2.305 1.718 0.985
0.042 -0.107 0.939 -1.802 1.969 1.069
0.048 -0.108 0.938 -1.534 1.779 1.664
0.033 -0.096 0.952 -2.237 1.527 1.29
0.044 -0.121 0.947 -1.557 1.702 1.0
0.039 -0.126 0.932 -0.878 1.176 0.786
0.041 -0.104 0.945 -0.374 1.298 1.382
0.04 -0.114 0.937 0.237 0.397 1.863
0.06 -0.1 0.943 0.0 -0.053 2.832
0.073 -0.101 0.94 -0.237 0.13 3.786
0.064 -0.114 0.933 -0.718 0.275 4.038
0.038 -0.119 0.948 -0.603 0.321 3.496
0.043 -0.111 0.958 -0.779 -0.863 2.672
0.055 -0.095 0.951 -0.435 -1.176 3.405
0.063 -0.096 0.944 0.527 -1.16 4.397
0.067 -0.107 0.931 0.55 -1.931 4.099
0.058 -0.115 0.937 0.198 -0.863 4.359
0.039 -0.123 0.944 -0.901 0.794 3.863
0.036 -0.113 0.938 -1.908 1.061 3.191
0.04 -0.097 0.947 -1.573 1.244 3.267
0.059 -0.086 0.955 -1.802 -0.595 3.679
0.055 -0.106 0.936 -2.435 -0.183 4.145
0.042 -0.133 0.933 -1.656 -0.244 4.145
0.041 -0.14 0.916 -0.405 -0.237 3.183
0.039 -0.126 0.921 0.504 -0.221 2.244
0.049 -0.107 0.93 1.008 0.046 1.908
0.058 -0.099 0.925 0.817 -0.725 1.679
0.077 -0.108 0.92 0.603 0.573 2.29
0.069 -0.108 0.922 0.214 1.221 2.046
0.046 -0.129 0.923 0.992 0.557 1.351
0.038 -0.121 0.93 1.985 -0.504 0.29
0.041 -0.093 0.95 2.504 -0.573 -0.42
0.056 -0.071 0.961 1.237 -0.389 -0.45
0.066 -0.065 0.957 -0.611 -0.771 0.573
0.065 -0.069 0.937 -2.053 0.038 1.092
0.054 -0.087 0.939 -2.771 0.931 1.382
0.051 -0.102 0.922 -2.863 0.863 1.282
0.047 -0.095 0.91 -1.573 0.443 1.023
0.05 -0.092 0.903 -0.092 -0.031 1.649
0.056 -0.092 0.916 0.351 -0.855 1.687
0.072 -0.081 0.915 -0.084 -0.099 2.298
0.071 -0.085 0.907 -0.71 0.061 2.359
0.073 -0.099 0.901 -0.985 0.924 2.107
0.059 -0.113 0.894 -0.153 0.908 1.855
0.057 -0.092 0.907 0.824 0.725 1.496
0.051 -0.077 0.925 1.008 0.344 1.42
0.071 -0.066 0.931 -0.267 1.229 2.511
0.07 -0.07 0.92 -1.695 1.901 2.336
0.07 -0.088 0.918 -3.176 3.13 2.58
0.061 -0.092 0.91 -2.611 2.55 1.931
0.052 -0.095 0.898 -1.145 2.511 1.466
0.052 -0.084 0.93 -0.924 2.313 1.153
0.056 -0.069 0.934 -1.847 1.916 1.779
0.072 -0.094 0.921 -1.664 2.534 2.84
0.055 -0.115 0.935 -1.473 3.13 3.107
0.042 -0.125 0.928 -0.832 2.908 2.427
0.039 -0.114 0.923 -0.366 2.13 0.405
0.044 -0.092 0.941 0.771 1.748 0.74
0.066 -0.07 0.951 0.687 0.718 1.26
0.071 -0.08 0.943 0.733 0.786 2.229
0.062 -0.089 0.947 0.473 1.267 2.679
0.052 -0.095 0.941 -0.031 1.389 1.824
0.042 -0.096 0.946 0.13 1.153 1.0
0.03 -0.091 0.961 -0.153 1.168 0.183
0.044 -0.074 0.969 -0.405 0.954 0.099
0.061 -0.077 0.953 -0.58 -0.221 0.672
0.052 -0.082 0.953 -1.702 0.244 1.191
0.068 -0.076 0.955 -2.656 0.427 1.305
0.066 -0.097 0.918 -1.237 -0.695 0.458
0.059 -0.095 0.934 0.916 -2.405 0.397
0.054 -0.068 0.945 0.969 -2.382 0.603
0.065 -0.056 0.956 -0.901 -1.885 0.008
0.059 -0.073 0.955 -2.58 -0.855 0.008
0.05 -0.067 0.958 -3.771 -0.527 0.427
0.04 -0.074 0.957 -4.275 0.26 0.725
0.046 -0.055 0.936 -4.824 -0.748 0.214
0.037 -0.04 0.934 -5.122 -1.13 -0.527
0.03 -0.018 0.931 -4.267 -2.397 -0.992
0.013 0.03 0.952 -3.992 -3.542 -0.527
-0.004 0.086 0.979 -3.969 -6.115 -1.221
-0.035 0.123 0.973 -3.901 -6.328 -1.954
-0.052 0.18 1.01 -4.557 -8.336 -4.962
-0.065 0.255 1.075 -6.832 -9.802 -8.74
-0.094 0.34 1.137 -8.534 -13.16 -11.771
-0.1 0.446 1.179 -8.794 -18.748 -13.244
-0.114 0.523 1.23 -8.847 -27.473 -12.588
-0.101 0.614 1.238 -11.992 -30.931 -10.656
-0.137 0.672 1.242 -22.16 -31.55 -8.611
-0.106 0.692 1.259 -37.046 -27.817 -7.87
-0.103 0.657 1.225 -51.344 -19.588 -8.908
-0.111 0.575 1.2 -56.275 -18.038 -6.137
-0.116 0.529 1.143 -55.374 -20.901 -7.496
-0.136 0.431 1.086 -46.137 -25.328 -13.84
-0.127 0.395 1.026 -32.252 -34.656 -15.794
-0.056 0.4 1.002 -21.13 -42.198 -5.16
-0.153 0.429 1.044 -17.031 -56.282 -5.466
-0.133 0.39 1.091 -11.45 -56.809 -12.221
-0.088 0.47 1.133 -16.893 -55.641 -12.924
-0.02 0.49 1.202 -22.84 -55.977 -12.809
0.064 0.526 1.2 -31.45 -50.168 -5.267
0.069 0.469 1.155 -40.557 -45.015 0.466
0.017 0.352 1.061 -40.87 -40.527 5.58
-0.081 0.209 0.969 -31.053 -43.412 8.588
-0.15 0.103 0.969 -16.115 -44.893 8.779
-0.208 0.035 0.984 -1.855 -51.069 1.229
-0.25 -0.06 1.019 10.153 -54.031 -10.168
-0.23 -0.063 1.128 10.527 -51.122 -23.779
-0.281 -0.121 1.206 8.534 -48.336 -42.382
-0.233 -0.037 1.264 9.092 -56.435 -55.0
-0.198 -0.06 1.154 26.061 -61.885 -57.099
-0.126 0.007 1.071 54.038 -73.725 -52.16
0.04 0.099 0.851 80.405 -68.42 -41.45
-0.05 0.033 0.833 105.382 -64.496 -33.481
0.031 0.04 0.976 115.466 -53.099 -33.618
0.076 0.093 0.964 114.702 -32.053 -33.763
0.007 0.071 1.07 106.374 -23.183 -37.015
0.171 0.204 1.169 83.718 -12.74 -39.595
0.286 0.264 1.121 60.817 -1.29 -30.359
0.36 0.238 0.96 45.931 6.878 -12.695
0.395 0.198 0.719 45.718 18.977 10.137
0.439 0.151 0.59 50.908 34.107 32.588
0.31 -0.141 0.383 59.084 59.031 40.466
0.189 -0.318 0.405 67.214 78.214 42.008
0.119 -0.387 0.548 70.382 89.947 36.534
0.116 -0.352 0.613 59.901 105.802 25.084
0.206 -0.182 0.845 57.725 95.977 29.58
-0.671 -0.072 1.875 42.573 44.069 6.786
0.394 0.112 0.999 22.611 76.435 42.305
0.333 0.095 0.938 11.802 56.618 61.053
0.339 -0.105 0.765 9.198 58.084 80.496
0.279 -0.327 0.655 16.71 49.206 91.305
0.322 -0.489 0.669 24.244 55.053 108.397
0.21 -0.583 0.858 12.695 57.664 108.733
0.168 -0.759 0.934 2.282 62.969 110.153
0.231 -0.854 0.809 -8.206 75.481 93.893
0.406 -0.505 0.868 -7.321 70.611 93.496
0.561 -0.838 0.618 27.031 83.45 94.718
0.443 -0.636 0.651 14.725 70.794 129.45
0.521 -0.836 0.666 29.351 75.29 126.168
0.328 -0.792 1.371 5.733 63.664 113.45
-0.136 -0.257 1.66 -22.855 26.924 103.626
0.448 -1.528 0.668 26.076 55.069 73.443
0.223 -1.015 1.249 -30.687 28.985 85.817
0.542 -0.71 0.929 -44.42 31.519 92.176
0.356 -0.651 1.135 -37.473 -17.542 91.87
0.521 -0.531 1.07 -49.168 -38.611 79.275
0.324 -0.59 1.149 -64.092 -34.725 66.527
0.423 -0.552 1.018 -74.435 -47.84 44.176
0.453 -0.508 0.764 -74.931 -66.321 42.611
0.584 -0.373 0.612 -66.756 -66.412 48.458
0.523 -0.659 0.513 -48.13 -62.527 45.198
0.502 -0.645 0.616 -48.565 -89.229 34.137
0.49 -0.624 0.686 -53.122 -82.847 25.511
0.383 -0.589 0.842 -64.794 -94.534 -5.817
0.408 -0.428 0.862 -66.16 -74.656 -12.366
0.414 -0.37 0.755 -65.313 -60.916 -11.733
0.369 -0.208 0.781 -66.718 -60.779 -14.985
0.401 -0.029 0.848 -67.603 -57.664 -3.733
0.383 0.062 0.859 -66.427 -48.13 8.458
0.292 0.014 0.827 -40.122 -40.153 17.153
0.289 -0.134 0.905 -11.305 -29.687 15.802
0.234 -0.189 0.999 -9.74 -32.168 15.092
0.204 -0.225 0.888 -11.099 -21.069 18.595
0.204 -0.197 0.889 -17.168 0.069 19.267
0.165 -0.227 0.895 -18.71 7.046 13.855
0.151 -0.244 0.949 -28.397 19.16 7.71
0.208 -0.203 0.961 -29.817 22.794 9.885
0.204 -0.188 0.934 -26.412 10.748 -0.397
0.262 -0.158 0.919 -20.748 -0.969 -0.069
0.245 -0.159 0.818 -11.389 -12.275 2.84
0.26 -0.245 0.819 -5.832 -7.954 6.847
0.265 -0.262 0.763 -2.366 3.687 3.427
0.273 -0.26 0.74 1.45 5.397 -1.908
0.27 -0.239 0.752 1.863 13.046 -3.084
0.254 -0.184 0.748 2.023 17.237 -2.527
0.199 -0.183 0.729 5.725 23.305 -2.878
0.264 -0.177 0.687 7.092 35.282 -4.153
0.278 -0.119 0.716 8.74 35.481 -7.29
0.203 -0.082 0.859 8.389 34.611 -7.679
0.231 -0.129 0.891 7.58 45.023 -10.863
0.226 -0.104 0.904 6.26 43.481 -14.168
0.185 -0.155 0.953 0.458 44.634 -14.947
0.118 -0.137 0.939 -1.71 36.0 -13.519
0.113 -0.167 0.906 -4.733 34.16 -14.328
0.241 -0.149 0.818 -8.573 45.634 -26.939
0.164 -0.121 0.926 -11.237 31.947 -18.122
0.168 -0.115 0.958 -13.687 28.153 -18.443
0.043 -0.062 1.081 -13.885 19.725 -18.008
0.137 -0.102 0.97 -13.931 9.687 -19.115
0.202 -0.061 0.929 -14.824 10.145 -13.817
0.165 -0.078 0.877 -13.412 5.206 -12.786
0.129 -0.123 0.9 -10.092 -5.847 -14.29
0.164 -0.15 0.893 -8.435 -4.206 -12.305
0.163 -0.18 0.902 -6.45 -6.817 -13.168
0.178 -0.146 0.955 -7.443 -7.702 -15.534
0.147 -0.112 0.922 -8.26 -6.87 -14.389
0.192 -0.062 0.933 -7.565 -6.038 -10.885
0.208 -0.038 0.934 -6.847 -3.71 -5.351
0.181 -0.108 0.956 -1.427 -4.718 -1.137
0.237 -0.097 1.013 -0.443 -3.832 4.695
0.207 -0.089 0.974 1.878 -2.908 3.298
0.201 -0.117 0.978 2.74 -0.71 5.031
0.195 -0.124 0.924 4.473 0.328 3.42
0.2 -0.129 0.909 6.313 3.45 3.45
0.225 -0.116 0.889 7.985 7.168 6.557
0.225 -0.144 0.93 9.595 15.947 8.031
0.187 -0.108 0.949 10.802 12.038 5.71
0.19 -0.121 0.995 12.756 12.733 7.466
0.167 -0.12 0.965 12.053 14.618 6.527
0.177 -0.074 0.97 10.366 14.145 5.252
0.177 -0.044 0.919 9.137 15.221 8.626
0.172 -0.027 0.892 9.954 13.16 9.328
0.175 -0.096 0.878 11.656 14.55 8.55
0.184 -0.109 0.879 14.038 14.221 10.626
0.152 -0.146 0.927 16.092 9.321 9.504
0.171 -0.116 0.939 14.557 8.588 7.626
0.156 -0.093 0.942 12.076 7.504 3.55
0.184 -0.125 0.926 11.985 6.794 1.458
0.177 -0.113 0.91 10.824 8.092 0.198
0.164 -0.119 0.894 10.824 9.237 0.336
0.187 -0.072 0.887 10.321 11.756 2.412
0.195 -0.027 0.884 9.649 15.0 5.153
0.19 0.01 0.881 9.71 10.977 7.473
0.171 0.026 0.888 9.847 7.695 11.397
0.103 -0.063 0.897 11.267 6.214 13.588
0.132 -0.085 0.921 9.74 8.038 14.611
0.131 -0.121 0.913 7.977 8.687 14.618
0.154 -0.123 0.943 5.076 12.198 15.534
0.158 -0.095 0.928 1.802 13.008 11.0
0.14 -0.083 0.955 0.496 12.939 10.771
0.161 -0.045 0.965 -2.374 11.954 10.031
0.129 -0.07 0.969 -1.618 4.87 9.779
0.126 -0.072 0.962 -1.023 0.84 9.786
0.129 -0.083 0.92 0.992 -4.015 8.985
0.143 -0.072 0.882 1.229 -4.603 7.794
0.16 -0.117 0.84 2.344 -1.809 5.893
0.121 -0.194 0.86 3.534 0.725 2.931
0.149 -0.157 0.904 3.573 5.55 3.092
0.146 -0.136 0.957 2.099 4.756 2.0
0.187 -0.113 0.982 1.863 4.992 2.374
0.191 -0.117 0.999 1.695 6.26 3.496
0.167 -0.118 0.993 0.885 3.802 3.443
0.174 -0.109 0.992 -0.58 7.702 3.802
0.156 -0.099 0.972 -2.427 9.985 2.443
0.18 -0.043 0.953 -3.992 7.115 -0.718
0.161 -0.064 0.934 -3.069 8.466 1.122
0.142 -0.082 0.923 -2.389 10.718 2.275
0.135 -0.098 0.908 -1.458 13.359 3.412
0.146 -0.085 0.889 -0.878 16.626 4.969
0.138 -0.055 0.876 -2.702 20.924 7.672
0.132 -0.049 0.882 -0.924 23.198 9.58
0.138 -0.066 0.91 0.153 27.718 11.511
0.058 0.026 1.009 1.366 24.641 11.901
0.111 -0.09 0.944 2.053 20.527 9.733
0.093 -0.066 0.963 0.611 16.321 7.313
0.114 0.005 0.941 -0.931 15.519 8.099
0.069 0.05 0.975 -1.748 11.809 7.198
0.079 -0.18 0.91 -1.344 13.557 -4.038
0.056 -0.015 0.998 -2.443 10.107 4.244
0.124 -0.025 0.934 -2.924 10.008 5.183
0.101 -0.073 0.922 -1.191 9.511 2.321
0.106 -0.088 0.913 0.191 10.603 1.695
0.104 -0.093 0.921 -0.107 11.847 3.748
0.076 -0.083 0.901 -0.168 13.26 6.366
0.088 -0.087 0.92 1.359 12.466 5.939
0.086 -0.086 0.95 -0.046 11.527 4.244
0.089 -0.052 0.936 -1.214 8.985 4.954
0.091 -0.042 0.909 -0.756 8.115 2.504
0.088 0.003 0.899 -1.015 7.794 9.481
0.057 -0.021 0.868 0.527 5.221 10.481
0.069 0.001 0.888 1.603 5.183 11.771
0.064 -0.021 0.91 2.527 4.496 13.733
0.042 -0.069 0.952 2.496 1.397 13.122
0.041 -0.09 0.961 0.374 -0.786 10.977
0.045 -0.082 0.979 -0.992 -2.908 8.168
0.049 -0.098 0.968 -1.817 -4.656 6.176
0.076 -0.059 0.942 -2.405 -4.786 5.603
0.088 -0.048 0.985 -2.153 -6.489 7.008
0.082 -0.061 0.961 -1.313 -5.832 9.115
0.106 -0.088 0.925 1.489 -5.389 10.412
0.119 -0.088 0.91 2.42 -2.931 11.122
0.075 -0.094 0.906 2.26 -1.725 9.779
0.075 -0.096 0.892 1.954 -0.282 8.664
0.082 -0.075 0.905 1.87 1.511 7.718
0.08 -0.072 0.922 1.481 2.237 7.298
0.077 -0.071 0.938 0.962 2.863 6.359
0.092 -0.067 0.948 0.511 1.893 6.359
0.105 -0.048 0.945 -0.244 4.221 6.664
0.099 -0.042 0.919 -0.931 3.954 6.748
0.106 -0.044 0.906 -1.473 4.267 6.092
0.099 -0.056 0.895 -0.679 5.389 6.542
0.095 -0.065 0.883 0.481 4.008 5.267
0.086 -0.056 0.905 -0.458 2.527 4.443
0.089 -0.05 0.902 -0.115 3.55 4.901
0.092 -0.054 0.898 0.015 5.282 4.664
0.072 -0.045 0.935 -1.198 4.519 4.267
0.067 -0.052 0.979 -2.557 1.977 4.328
0.083 -0.052 0.977 -3.985 0.74 3.954
0.082 -0.064 0.981 -5.504 -0.618 3.305
0.085 -0.059 0.961 -6.099 -2.061 3.229
0.087 -0.073 0.928 -5.893 -2.122 1.779
0.101 -0.07 0.885 -4.672 -0.626 1.87
0.095 -0.046 0.903 -4.641 0.344 1.374
0.087 -0.057 0.895 -4.053 0.252 1.092
0.094 -0.076 0.92 -3.779 1.939 1.412
0.08 -0.063 0.908 -4.42 3.58 0.863
0.082 -0.067 0.918 -3.573 2.718 0.779
0.071 -0.064 0.945 -4.031 1.611 0.122
0.09 -0.028 0.95 -4.244 2.557 1.87
0.101 -0.034 0.964 -4.267 1.687 3.298
0.113 -0.059 0.963 -3.282 1.122 3.42
0.103 -0.085 0.949 -3.252 -0.534 3.473
0.111 -0.101 0.927 -2.565 0.542 2.573
0.111 -0.096 0.917 -3.244 4.29 1.618
0.094 -0.097 0.904 -2.634 7.359 1.649
0.078 -0.062 0.929 -1.977 8.374 1.969
0.078 -0.056 0.927 -1.443 10.008 2.344
0.08 -0.065 0.952 -0.405 10.252 2.053
0.099 -0.091 0.948 -1.382 11.015 -1.748
0.062 -0.06 0.978 -1.321 6.046 1.71
0.103 -0.077 0.924 -2.122 9.878 0.931
0.078 -0.076 0.919 -1.634 9.695 2.969
0.089 -0.06 0.916 -1.42 11.611 3.336
0.071 -0.077 0.924 -1.26 10.252 3.122
0.067 -0.045 0.927 -1.198 11.618 2.817
0.056 -0.094 0.937 -0.74 10.527 2.527
0.06 -0.072 0.939 -1.588 8.084 0.71
0.066 -0.07 0.917 -1.534 6.878 0.008
0.049 -0.061 0.93 -1.328 5.366 -0.725
0.075 -0.055 0.906 -2.229 5.359 -0.412
0.061 -0.033 0.916 -2.42 4.267 0.725
0.047 -0.033 0.92 -2.0 2.771 1.672
0.051 -0.029 0.942 -2.389 0.321 0.863
0.048 -0.062 0.897 -2.55 -1.046 1.382
0.051 -0.054 0.903 -2.153 0.191 2.534
0.04 -0.069 0.89 -1.534 2.145 3.809
0.039 -0.057 0.885 -1.649 1.641 3.099
0.036 -0.046 0.902 -0.794 2.305 3.076
0.043 -0.051 0.935 -0.321 1.71 2.664
0.051 -0.039 0.961 -0.58 0.244 3.397
0.059 -0.035 0.984 -0.634 -2.763 3.0
0.042 -0.053 0.99 -1.443 -4.641 3.634
0.034 -0.069 0.965 -1.985 -7.046 2.557
0.048 -0.057 0.95 -2.435 -7.244 2.221
0.035 -0.077 0.934 -2.718 -5.649 2.031
0.05 -0.043 0.924 -2.931 -6.267 1.45
0.062 -0.041 0.934 -2.344 -5.748 2.87
0.062 -0.044 0.935 -0.702 -5.267 4.481
0.067 -0.028 0.955 -0.573 -5.107 5.916
0.076 -0.044 0.92 0.206 -5.046 6.573
0.055 -0.066 0.928 0.321 -5.443 5.229
0.074 -0.069 0.945 -0.099 -4.763 5.664
0.079 -0.07 0.961 0.679 -4.496 7.267
0.084 -0.055 0.951 1.145 -3.221 8.229
0.064 -0.064 0.948 1.176 -3.725 7.405
0.099 -0.023 0.977 0.55 -4.878 6.756
0.066 -0.052 0.968 -0.153 -3.137 7.496
0.059 -0.074 0.949 0.504 -3.282 6.435
0.08 -0.063 0.935 0.931 -3.176 5.931
0.099 -0.053 0.932 0.725 -2.649 6.29
0.097 -0.053 0.929 0.397 -0.076 6.099
0.104 -0.062 0.928 0.504 1.794 6.206
0.08 -0.085 0.935 0.42 1.809 5.649
0.066 -0.109 0.96 0.328 2.252 3.015
0.079 -0.091 0.959 -0.366 3.046 3.305
0.067 -0.07 0.96 -1.038 0.725 1.779
0.087 -0.045 0.951 -2.481 0.359 1.229
0.094 -0.03 0.929 -3.237 0.695 2.229
0.088 -0.039 0.926 -3.672 0.977 2.71
0.08 -0.036 0.934 -2.565 -0.16 3.55
0.076 -0.049 0.912 -1.779 -0.244 4.282
0.081 -0.052 0.906 -2.092 0.626 3.084
0.076 -0.06 0.896 -1.802 1.87 2.58
0.071 -0.054 0.896 -2.137 2.458 2.214
0.076 -0.065 0.899 -2.275 4.748 1.069
0.074 -0.07 0.904 -1.527 3.718 1.481
0.07 -0.083 0.943 -1.847 3.702 -0.565
0.089 -0.04 0.953 -3.313 2.985 -1.359
0.077 -0.041 0.942 -3.893 3.191 0.435
0.053 -0.049 0.909 -3.954 3.046 -0.366
0.077 -0.034 0.905 -3.015 4.55 -0.168
0.079 -0.032 0.887 -2.55 6.031 1.557
0.069 -0.041 0.895 -1.756 6.779 1.405
0.065 -0.038 0.908 -1.481 6.855 1.832
0.054 -0.04 0.942 -2.13 5.786 1.145
0.064 -0.049 0.952 -2.443 5.321 0.947
0.062 -0.068 0.961 -3.061 6.595 -0.466
0.05 -0.063 0.96 -3.557 7.191 1.061
0.068 -0.022 0.936 -4.527 6.779 3.481
0.071 -0.035 0.935 -4.275 6.13 3.84
0.053 -0.054 0.912 -4.282 6.053 4.557
0.025 -0.056 0.93 -3.695 3.832 2.328
0.053 -0.048 0.943 -3.824 4.038 3.076
0.057 -0.046 0.942 -4.046 3.092 2.649
0.027 -0.054 0.965 -4.817 1.336 1.84
0.046 -0.053 0.947 -5.336 0.168 1.702
0.059 -0.041 0.959 -5.649 -1.42 1.817
0.07 -0.043 0.927 -5.015 -1.145 3.863