0.089 -0.08 0.93 -0.863 0.366 -0.046
0.088 -0.072 0.926 -0.443 -0.092 0.267
0.089 -0.069 0.926 -0.695 -0.198 0.756
0.086 -0.067 0.932 -1.198 -0.427 0.771
0.093 -0.067 0.929 -1.702 -0.313 0.672
0.093 -0.07 0.927 -1.214 -0.901 1.176
0.087 -0.07 0.923 -1.992 -1.847 0.969
0.089 -0.066 0.938 -1.962 -1.298 0.618
0.095 -0.069 0.923 -2.031 -0.893 0.595
0.095 -0.073 0.922 -1.595 -0.626 0.664
0.085 -0.076 0.924 -1.885 -0.366 0.55
0.091 -0.084 0.932 -1.397 -0.252 0.466
0.094 -0.084 0.936 -0.382 -0.099 1.0
0.09 -0.079 0.936 0.366 -0.221 1.168
0.085 -0.064 0.937 0.58 -0.328 1.107
0.081 -0.064 0.938 -0.305 -0.412 1.031
0.083 -0.057 0.952 -1.626 -1.405 0.565
0.083 -0.068 0.944 -1.87 -1.901 0.718
0.084 -0.066 0.943 -1.374 -2.115 1.252
0.093 -0.068 0.957 -1.084 -2.183 0.992
0.1 -0.073 0.959 -0.916 -2.344 0.763
0.083 -0.073 0.971 -0.832 -2.992 0.489
0.088 -0.073 0.999 -0.092 -3.42 0.931
0.079 -0.081 1.026 0.84 -4.649 1.107
0.082 -0.08 1.045 1.435 -6.282 1.336
0.079 -0.08 1.075 2.252 -8.13 1.687
0.075 -0.08 1.084 2.183 -9.298 1.885
0.071 -0.086 1.122 3.16 -11.405 2.115
0.068 -0.089 1.154 4.122 -14.099 2.008
0.059 -0.081 1.176 5.427 -16.275 1.603
0.06 -0.057 1.194 5.802 -19.611 2.061
0.0 0.026 1.216 4.481 -26.466 5.84
0.1 -0.102 1.182 5.802 -25.298 2.695
0.037 -0.008 1.223 3.26 -30.947 4.221
0.065 -0.036 1.202 2.924 -35.351 5.313
0.067 -0.035 1.233 2.733 -37.611 6.389
0.077 -0.056 1.228 3.313 -41.0 7.344
0.087 -0.074 1.233 5.076 -44.176 7.672
0.097 -0.08 1.232 7.649 -47.885 7.527
0.094 -0.074 1.232 9.992 -51.015 6.947
0.099 -0.063 1.21 12.221 -53.962 7.023
0.1 -0.055 1.178 12.809 -56.382 7.55
0.098 -0.031 1.15 12.481 -56.099 11.405
0.109 -0.045 1.152 10.023 -58.824 9.046
0.123 -0.029 1.146 7.916 -62.092 8.458
0.123 -0.012 1.124 6.359 -66.0 8.252
0.126 -0.008 1.119 3.542 -69.992 8.107
0.139 0.001 1.126 0.87 -75.55 7.756
0.144 -0.009 1.125 -2.374 -79.931 7.634
0.154 -0.029 1.161 -3.893 -84.053 7.366
0.17 -0.053 1.151 -2.29 -89.695 7.649
0.184 -0.069 1.154 0.229 -92.191 7.244
0.182 -0.063 1.191 1.87 -92.924 6.893
0.209 -0.09 1.161 7.313 -96.229 4.115
0.179 -0.029 1.173 8.786 -98.863 4.595
0.177 0.004 1.156 7.55 -102.893 4.313
0.185 0.037 1.121 4.321 -107.893 5.924
0.182 0.05 1.104 -0.481 -112.58 7.412
0.194 0.02 1.101 -4.389 -118.122 7.969
0.215 -0.045 1.104 -6.191 -121.893 5.55
0.24 -0.083 1.106 -6.122 -126.817 2.748
0.248 -0.106 1.068 -3.511 -129.504 0.672
0.289 -0.116 1.029 0.916 -129.321 0.573
0.297 -0.119 0.984 5.229 -129.863 -1.267
0.301 -0.111 0.971 9.153 -133.229 -3.122
0.295 -0.089 0.96 11.382 -135.756 -4.115
0.299 -0.062 0.92 12.779 -137.748 -4.038
0.31 -0.046 0.885 13.366 -140.389 -2.878
0.319 -0.057 0.863 14.527 -142.382 -1.718
0.347 -0.077 0.818 15.527 -142.244 -1.252
0.365 -0.078 0.784 17.771 -141.015 -0.328
0.369 -0.058 0.744 18.511 -141.702 0.282
0.391 -0.064 0.713 19.656 -141.214 0.458
0.405 -0.061 0.678 20.206 -141.053 0.779
0.414 -0.032 0.639 17.824 -141.015 0.542
0.441 -0.053 0.624 15.084 -141.053 0.084
0.457 -0.061 0.607 13.595 -141.145 -0.718
0.486 -0.06 0.586 13.313 -140.214 -1.962
0.5 -0.069 0.558 14.618 -139.977 -2.55
0.521 -0.072 0.558 16.023 -139.008 -4.565
0.543 -0.046 0.507 16.061 -138.733 -5.504
0.568 -0.033 0.46 10.954 -139.321 -3.847
0.566 -0.022 0.459 18.183 -135.191 -4.641
0.59 -0.017 0.41 15.656 -135.305 -2.878
0.615 -0.021 0.382 14.198 -133.29 -2.939
0.648 -0.044 0.362 11.733 -131.053 -4.595
0.655 -0.046 0.373 8.511 -127.962 -6.939
0.658 -0.038 0.408 7.092 -126.595 -8.786
0.667 -0.025 0.424 6.87 -127.176 -9.618
0.695 -0.033 0.41 6.237 -128.168 -10.71
0.711 -0.023 0.361 5.588 -128.809 -11.206
0.74 -0.028 0.318 6.733 -126.45 -11.145
0.757 -0.024 0.299 8.122 -124.153 -11.42
0.755 -0.02 0.272 10.29 -120.893 -11.214
0.768 -0.002 0.252 11.924 -118.954 -10.802
0.757 0.021 0.255 12.26 -116.427 -10.824
0.798 -0.018 0.21 14.832 -113.092 -10.015
0.783 0.051 0.211 13.229 -113.214 -8.435
0.814 0.042 0.192 12.252 -110.29 -7.267
0.847 0.039 0.158 10.893 -106.702 -7.198
0.831 0.024 0.205 10.947 -104.328 -7.344
0.834 0.001 0.238 11.771 -104.267 -6.939
0.866 -0.003 0.166 12.969 -106.244 -7.053
0.86 0.064 0.08 8.847 -104.878 -5.252
0.883 0.055 0.043 6.809 -103.137 -3.702
0.895 0.046 0.022 4.023 -101.656 -3.427
0.876 0.04 0.062 2.336 -99.618 -3.176
0.899 0.031 0.055 3.053 -99.191 -2.412
0.917 0.032 -0.01 4.824 -97.221 -1.351
0.925 0.024 -0.05 5.573 -95.504 -0.893
0.949 0.017 -0.052 6.908 -92.015 -1.13
0.954 0.02 -0.089 8.565 -89.656 -1.779
0.952 0.05 -0.086 10.0 -85.863 -2.153
0.95 0.081 -0.118 9.542 -84.466 -1.977
0.947 0.112 -0.186 6.267 -82.527 -1.214
0.944 0.123 -0.172 1.924 -80.229 -0.466
0.949 0.118 -0.172 -1.13 -79.29 0.656
0.976 0.109 -0.204 -2.573 -76.916 1.863
0.987 0.079 -0.205 -2.595 -74.427 2.122
0.986 0.061 -0.18 -2.031 -73.336 1.45
1.007 0.064 -0.21 -1.443 -71.687 0.573
1.023 0.089 -0.277 -1.435 -69.298 0.863
1.005 0.111 -0.282 -3.198 -66.252 1.634
1.004 0.118 -0.27 -4.573 -63.26 3.359
1.012 0.121 -0.294 -6.893 -62.588 4.55
1.025 0.113 -0.328 -9.489 -58.977 6.176
1.021 0.1 -0.323 -11.832 -57.221 7.107
1.043 0.072 -0.335 -11.908 -54.458 8.489
1.054 0.057 -0.335 -9.427 -50.237 10.084
1.048 0.065 -0.325 -6.893 -46.885 11.069
1.043 0.068 -0.32 -7.252 -44.076 12.282
1.05 0.061 -0.33 -7.412 -40.855 12.947
1.071 0.042 -0.334 -9.053 -38.634 12.435
1.072 0.034 -0.34 -10.305 -35.26 10.718
1.074 0.014 -0.327 -9.954 -32.504 8.885
1.087 0.014 -0.311 -7.069 -27.87 7.687
1.077 0.032 -0.311 -3.802 -23.328 7.183
1.062 0.044 -0.296 -1.45 -19.405 7.511
1.046 0.079 -0.312 -1.168 -17.985 8.168
1.037 0.101 -0.319 -3.275 -16.336 9.42
1.029 0.095 -0.299 -7.29 -16.458 10.084
1.046 0.082 -0.31 -11.588 -16.275 10.45
1.061 0.066 -0.305 -15.076 -15.412 10.405
1.061 0.042 -0.301 -17.046 -14.031 9.977
1.064 0.023 -0.271 -16.237 -12.023 9.588
1.073 0.021 -0.265 -14.702 -9.763 9.794
1.069 0.02 -0.281 -12.557 -7.046 10.061
1.058 0.017 -0.258 -10.824 -4.603 9.908
1.044 0.029 -0.229 -9.313 -2.374 9.802
1.051 0.008 -0.227 -7.756 -1.198 9.481
1.064 0.007 -0.216 -7.076 -1.137 8.252
1.066 -0.001 -0.215 -6.458 -0.313 6.794
1.053 0.004 -0.194 -5.969 0.435 5.748
1.052 -0.008 -0.174 -5.13 0.473 4.748
1.06 -0.008 -0.164 -5.008 1.046 3.756
1.05 -0.003 -0.166 -4.107 1.969 3.237
1.054 -0.001 -0.157 -1.702 2.794 3.504
1.049 0.017 -0.19 0.443 2.267 3.756
1.051 0.045 -0.201 1.359 3.031 3.412
1.043 0.052 -0.212 0.855 3.298 3.466
1.046 0.057 -0.215 0.076 3.802 3.573
1.046 0.049 -0.191 0.206 3.954 3.924
1.047 0.055 -0.215 0.015 4.137 4.229
1.046 0.058 -0.217 -0.008 4.969 4.366
1.037 0.067 -0.196 -0.939 5.489 4.855
1.034 0.049 -0.186 -1.473 6.389 5.038
1.046 0.04 -0.168 -1.443 5.611 4.725
1.044 0.047 -0.163 -1.985 5.557 4.023
1.051 0.029 -0.148 -1.374 4.817 3.519
1.049 0.028 -0.149 -0.756 6.053 4.344
1.038 0.038 -0.152 0.565 8.382 5.313
1.044 0.029 -0.132 0.504 7.481 6.137
1.056 0.017 -0.15 0.389 6.336 7.237
1.047 0.014 -0.135 -0.756 5.779 6.084
1.038 0.017 -0.129 -3.458 4.763 5.321
1.038 0.012 -0.123 -5.573 3.573 4.977
1.055 0.005 -0.143 -7.168 3.924 4.29
1.052 -0.012 -0.124 -7.298 5.687 4.099
1.041 -0.011 -0.111 -5.87 5.519 4.504
1.051 -0.013 -0.089 -4.71 5.481 4.496
1.048 -0.023 -0.104 -3.359 5.344 4.336
1.048 -0.011 -0.096 -2.0 4.893 3.336
1.045 -0.008 -0.109 -1.412 3.718 2.573
1.044 0.006 -0.118 -1.985 2.344 1.977
1.04 0.015 -0.11 -1.817 1.947 2.603
1.04 0.003 -0.103 -0.16 1.817 2.595
1.044 0.003 -0.106 1.252 2.55 2.466
1.042 0.023 -0.132 1.687 2.695 2.45
1.039 0.031 -0.144 0.511 2.275 2.115
1.048 0.031 -0.153 -0.87 1.344 2.153
1.047 0.03 -0.152 -1.511 1.511 2.252
1.06 0.019 -0.17 -1.0 1.977 2.947
1.045 0.024 -0.169 -1.145 2.137 2.038
1.04 0.014 -0.128 -1.29 1.733 2.626
1.059 0.003 -0.138 0.099 1.389 2.588
1.063 0.001 -0.135 0.87 1.542 2.107
1.056 0.006 -0.143 1.069 1.84 1.84
1.049 0.005 -0.139 1.489 2.305 1.702
1.053 0.015 -0.14 2.046 3.496 2.023
1.049 0.02 -0.152 2.718 4.198 2.13
1.054 0.022 -0.15 2.756 5.198 2.641
1.051 0.033 -0.142 1.817 5.183 2.641
1.038 0.031 -0.135 0.382 4.366 3.076
1.047 0.024 -0.133 -1.076 4.069 3.023
1.045 0.012 -0.125 -2.565 3.611 3.588
1.034 -0.007 -0.11 -4.076 2.901 3.924
1.047 -0.012 -0.106 -4.412 3.176 3.427
1.058 -0.013 -0.116 -5.435 2.893 3.481
1.055 -0.02 -0.115 -6.206 3.0 2.725
1.06 -0.021 -0.108 -6.153 3.305 2.481
1.04 -0.02 -0.097 -5.901 2.824 2.389
1.047 -0.018 -0.092 -5.229 2.84 2.145
1.045 -0.01 -0.098 -4.298 3.229 2.511
1.044 -0.003 -0.094 -3.924 2.893 2.237
1.044 -0.01 -0.082 -3.496 2.809 1.954
1.047 -0.01 -0.086 -3.046 1.496 1.458
1.042 -0.005 -0.094 -2.145 0.649 1.443
1.05 0.002 -0.108 -1.672 -0.481 1.153
1.047 0.003 -0.115 -1.374 -0.718 0.504
1.04 0.007 -0.116 -0.954 -1.145 0.137
1.031 0.016 -0.115 -0.473 -1.519 0.282
1.041 0.019 -0.135 0.42 -1.336 0.832
1.042 0.02 -0.161 0.443 -1.832 1.214
1.053 0.014 -0.162 0.55 -1.275 1.954
1.054 0.021 -0.166 0.031 -0.916 1.832
1.051 0.025 -0.159 -0.641 -0.305 1.542
1.056 0.017 -0.164 -0.893 0.076 1.473
1.049 0.012 -0.17 -1.023 0.733 1.656
1.05 0.011 -0.157 -1.076 1.733 1.893
1.059 0.01 -0.149 -0.176 2.282 2.481
1.049 0.008 -0.155 0.16 2.779 2.481
1.046 0.013 -0.144 -0.58 3.305 2.481
1.043 0.024 -0.149 -2.29 2.901 2.298
1.038 0.013 -0.145 -4.198 3.061 2.374
1.046 0.01 -0.13 -5.496 2.466 2.649
1.049 0.003 -0.122 -5.893 2.511 2.863
1.052 -0.008 -0.124 -6.313 2.534 3.183
1.051 -0.015 -0.112 -5.519 2.015 3.595
1.059 -0.026 -0.109 -4.107 2.237 3.313
1.052 -0.021 -0.12 -2.977 2.687 2.84
1.052 -0.012 -0.113 -2.786 2.55 2.366
1.052 -0.013 -0.117 -2.557 2.443 1.87
1.053 -0.007 -0.115 -2.229 2.115 1.931
1.052 0.0 -0.127 -2.008 2.397 1.802
1.044 0.001 -0.118 -2.496 2.267 1.405
1.036 0.006 -0.095 -2.954 1.473 0.924
1.045 0.0 -0.113 -2.641 1.16 0.649
1.044 0.009 -0.097 -1.977 1.267 0.985
1.044 0.015 -0.112 -1.519 1.244 1.122
1.047 0.014 -0.109 -1.122 1.176 1.794
1.049 0.021 -0.12 -1.435 1.13 2.031
1.042 0.024 -0.118 -2.626 1.481 2.305
1.045 0.01 -0.116 -3.786 0.824 2.557
1.047 0.009 -0.12 -4.481 0.527 2.473
1.054 0.0 -0.129 -5.565 0.115 2.099
1.045 -0.005 -0.116 -6.229 0.313 2.046
1.051 -0.014 -0.107 -5.962 -0.038 2.145
1.053 -0.016 -0.115 -5.473 0.305 1.855
1.047 -0.019 -0.116 -4.198 0.389 2.038
1.048 -0.014 -0.106 -3.191 0.031 2.435
1.042 -0.02 -0.114 -2.679 0.053 2.824
1.049 -0.017 -0.121 -2.969 0.214 2.733
1.052 -0.02 -0.13 -3.893 0.397 2.221
1.06 -0.021 -0.124 -4.008 0.26 1.756
1.057 -0.028 -0.121 -3.763 0.198 1.038
1.059 -0.026 -0.139 -3.008 0.015 0.092
1.059 -0.013 -0.148 -3.008 0.137 -0.221
1.055 0.001 -0.142 -2.893 0.298 -0.076
1.042 0.009 -0.143 -3.603 0.55 0.023
1.044 0.009 -0.14 -3.84 0.687 0.374
1.04 0.006 -0.129 -3.634 0.74 0.756
1.044 -0.001 -0.119 -3.183 0.855 1.069
1.052 -0.007 -0.119 -2.267 1.137 1.053
1.051 -0.001 -0.116 -1.244 1.473 0.611
1.049 0.013 -0.124 -1.26 1.183 0.695
1.046 0.023 -0.135 -1.588 1.107 0.901
1.041 0.023 -0.14 -2.87 1.458 1.298
1.042 0.022 -0.13 -3.794 1.74 1.527
1.047 0.011 -0.143 -4.733 1.588 2.099
1.05 -0.006 -0.13 -5.641 0.855 2.122
1.056 -0.016 -0.13 -5.58 1.191 1.756
1.049 -0.011 -0.117 -5.473 0.84 1.634
1.06 -0.019 -0.122 -4.496 1.069 1.313
1.053 -0.016 -0.12 -3.908 1.84 0.679
1.051 -0.012 -0.116 -3.183 2.313 0.443
1.045 -0.008 -0.13 -2.13 1.931 0.786
1.046 -0.004 -0.125 -1.992 1.878 1.046
1.047 0.011 -0.127 -2.031 1.847 1.313
1.042 0.004 -0.129 -3.298 1.809 1.756
1.045 0.0 -0.121 -3.863 2.069 1.45
1.042 -0.005 -0.12 -3.656 1.954 1.634
1.047 -0.011 -0.121 -2.901 1.611 1.779
1.052 -0.012 -0.114 -2.176 1.237 1.229
1.053 -0.011 -0.13 -2.092 1.473 1.099
1.046 0.001 -0.131 -2.565 1.031 0.786
1.039 0.003 -0.13 -3.443 1.0 1.137
1.051 -0.0 -0.132 -4.153 0.885 1.42
1.049 -0.003 -0.133 -4.84 0.26 1.046
1.051 -0.009 -0.125 -5.702 0.214 0.634
1.047 -0.023 -0.122 -5.725 0.168 0.336
1.054 -0.02 -0.123 -5.099 0.832 0.382
1.055 -0.027 -0.125 -4.038 1.092 0.504
1.049 -0.021 -0.121 -3.015 1.901 1.069
1.052 -0.011 -0.137 -2.565 2.405 1.427
1.047 -0.009 -0.135 -2.74 2.84 1.588
1.052 -0.018 -0.126 -2.252 2.702 1.29
1.048 -0.013 -0.118 -2.145 2.275 0.573
1.053 -0.012 -0.121 -2.206 2.221 0.344
1.053 -0.007 -0.12 -1.626 1.847 -0.076
1.041 0.0 -0.115 -1.756 1.443 -0.344
1.047 0.008 -0.121 -2.305 1.038 -0.29
1.046 0.016 -0.129 -3.153 0.695 -0.336
1.045 0.004 -0.13 -3.947 0.481 0.038
1.046 -0.006 -0.12 -3.802 0.588 0.679
1.048 -0.005 -0.115 -2.45 1.076 1.069
1.05 -0.004 -0.112 -1.328 1.885 1.244
1.046 0.003 -0.13 -0.679 2.061 1.389
1.047 0.013 -0.129 -0.924 1.542 1.206
1.045 0.011 -0.135 -1.779 1.939 1.198
1.046 0.015 -0.137 -1.794 1.824 1.687
1.05 0.01 -0.133 -2.725 1.298 1.473
1.052 -0.0 -0.125 -3.115 1.427 1.389
1.058 -0.008 -0.112 -2.939 1.015 1.13
1.044 -0.012 -0.109 -2.557 1.092 1.313
1.046 -0.007 -0.108 -2.076 0.962 1.237
1.054 -0.007 -0.117 -2.313 0.756 0.985
1.044 0.001 -0.112 -2.687 0.763 0.565
1.042 -0.004 -0.112 -2.641 1.099 1.061
1.05 -0.006 -0.107 -2.908 1.038 1.061
1.051 -0.002 -0.118 -2.977 1.939 1.267
1.049 -0.005 -0.107 -2.969 1.756 1.298
1.05 -0.001 -0.11 -3.092 1.595 1.237
1.055 -0.008 -0.112 -2.664 1.786 0.893
1.052 -0.009 -0.113 -2.771 1.366 0.702
1.053 -0.017 -0.107 -2.351 1.275 0.405
1.047 -0.017 -0.107 -1.718 0.802 0.29
1.05 -0.013 -0.118 -1.634 0.542 0.687
1.04 0.0 -0.119 -2.0 -0.008 0.443
1.041 0.004 -0.109 -2.504 -0.153 0.58
1.044 0.005 -0.104 -2.466 -0.412 1.0
1.048 -0.001 -0.115 -2.504 -0.359 0.924
1.048 -0.01 -0.117 -2.634 0.145 1.427
1.049 -0.007 -0.107 -2.221 -0.107 1.183
1.053 -0.007 -0.118 -2.13 -0.191 1.176
1.052 -0.005 -0.122 -2.756 -0.038 0.641
1.046 -0.0 -0.126 -3.122 0.069 0.863
1.05 -0.011 -0.13 -3.0 0.076 1.489
1.05 -0.011 -0.123 -2.824 0.527 1.282
1.045 -0.012 -0.135 -2.756 0.565 0.924
1.053 -0.015 -0.123 -2.359 0.542 0.412
1.052 -0.02 -0.123 -2.092 0.511 -0.122
1.055 -0.013 -0.128 -1.595 0.527 -0.084
1.052 -0.003 -0.12 -1.84 0.878 -0.275
1.053 0.002 -0.122 -2.008 0.672 -0.282
1.05 -0.001 -0.138 -2.435 1.023 -0.214
1.054 -0.008 -0.136 -2.183 1.26 0.061
1.044 -0.005 -0.13 -2.664 0.489 -0.153
1.05 0.002 -0.128 -2.695 0.924 0.206
1.042 0.003 -0.127 -2.71 0.893 0.649
1.047 0.003 -0.116 -2.618 1.053 1.0
1.053 -0.005 -0.12 -2.748 1.519 1.015
1.049 0.002 -0.114 -2.916 1.458 0.695
1.047 -0.006 -0.128 -3.198 1.435 0.405
1.052 -0.009 -0.117 -2.611 1.542 0.214
1.047 -0.007 -0.111 -2.42 1.557 0.099
1.046 -0.009 -0.118 -2.924 0.985 -0.473
1.048 -0.002 -0.119 -3.107 0.969 -0.618
1.051 0.003 -0.12 -2.992 1.244 -0.458
1.04 0.007 -0.124 -2.389 1.061 0.901
1.035 0.001 -0.121 -2.924 0.794 0.763
1.045 -0.004 -0.122 -2.565 0.863 0.969
1.051 -0.009 -0.13 -2.099 0.832 0.794
1.043 -0.002 -0.125 -2.328 0.87 0.725
1.048 -0.001 -0.114 -2.427 0.863 0.374
1.05 0.0 -0.124 -2.29 1.275 0.275
1.041 0.004 -0.121 -2.832 1.557 0.542
1.049 -0.002 -0.125 -3.397 1.427 0.328
1.054 -0.006 -0.122 -3.29 1.336 0.519
1.056 -0.002 -0.118 -2.939 1.206 0.305
1.051 -0.008 -0.12 -2.092 1.313 0.489
1.047 -0.005 -0.105 -1.794 1.58 0.641
1.043 0.002 -0.115 -1.969 1.336 0.74
1.05 0.003 -0.113 -2.656 1.008 0.519
1.044 0.003 -0.117 -2.817 1.153 0.733
1.054 -0.005 -0.133 -2.893 0.878 0.237
1.052 -0.01 -0.116 -3.0 0.466 0.366
1.055 -0.01 -0.115 -2.908 1.023 -0.023
1.052 0.003 -0.121 -2.649 1.099 -0.427
1.046 0.004 -0.126 -2.565 1.359 -0.412
1.054 -0.0 -0.125 -2.947 1.183 -0.527
1.049 0.001 -0.119 -2.794 1.626 -0.405
1.052 -0.006 -0.114 -2.153 1.84 -0.069
1.048 0.01 -0.118 -1.916 2.305 0.023
1.041 0.009 -0.125 -1.534 2.519 0.29
1.036 0.013 -0.121 -1.55 1.962 0.87
1.046 0.01 -0.122 -1.74 1.748 1.137
1.046 0.009 -0.116 -1.947 1.595 1.214
1.047 0.008 -0.111 -2.466 1.802 1.336
1.049 0.001 -0.117 -2.397 1.336 1.557
1.052 -0.004 -0.119 -2.626 1.397 1.519