0.071 -0.125 0.908 -4.527 -1.153 1.664
0.076 -0.127 0.911 -4.405 -1.267 1.16
0.077 -0.128 0.917 -5.061 -0.481 -0.053
0.073 -0.129 0.917 -4.748 -0.855 0.282
0.078 -0.128 0.924 -3.168 -0.229 0.031
0.088 -0.124 0.931 -2.031 0.519 0.214
0.07 -0.12 0.926 -1.878 1.809 0.435
0.063 -0.103 0.939 -2.71 1.969 0.687
0.071 -0.105 0.935 -3.542 2.046 0.969
0.075 -0.111 0.933 -3.985 1.74 1.198
0.08 -0.122 0.936 -2.863 0.771 1.092
0.081 -0.126 0.939 -1.29 0.588 1.321
0.084 -0.119 0.917 0.672 1.382 2.504
0.083 -0.127 0.917 1.099 0.382 1.725
0.083 -0.115 0.918 0.931 0.229 1.679
0.074 -0.112 0.923 0.13 -0.053 1.267
0.079 -0.107 0.923 -0.443 -0.847 1.122
0.074 -0.109 0.921 -0.489 -0.58 1.55
0.073 -0.1 0.917 -0.87 -0.282 1.786
0.073 -0.094 0.915 -1.954 0.267 2.0
0.072 -0.097 0.917 -2.977 1.069 2.519
0.073 -0.107 0.922 -2.771 1.435 3.137
0.083 -0.122 0.915 -2.0 2.008 2.908
0.075 -0.114 0.927 -1.611 2.015 2.527
0.077 -0.11 0.919 -1.573 2.55 2.519
0.084 -0.11 0.916 -2.634 2.618 2.198
0.088 -0.121 0.908 -2.351 1.565 2.328
0.08 -0.11 0.925 -2.863 0.817 1.351
0.077 -0.111 0.92 -2.695 0.702 0.916
0.077 -0.107 0.917 -2.229 0.725 0.527
0.068 -0.105 0.929 -2.282 1.153 0.863
0.068 -0.1 0.93 -2.672 2.198 1.435
0.064 -0.102 0.921 -3.221 3.115 2.191
0.065 -0.108 0.935 -3.427 3.313 2.321
0.073 -0.117 0.924 -2.901 2.458 2.626
0.08 -0.124 0.924 -2.885 1.832 1.687
0.073 -0.126 0.924 -2.74 1.74 1.153
0.074 -0.12 0.924 -2.328 1.588 1.282
0.072 -0.121 0.925 -1.359 2.008 1.137
0.07 -0.117 0.919 -1.168 2.481 0.939
0.059 -0.11 0.931 -1.557 1.893 0.26
0.057 -0.105 0.928 -1.695 1.435 0.412
0.058 -0.098 0.92 -2.382 1.58 0.977
0.064 -0.1 0.923 -3.198 1.29 1.191
0.063 -0.117 0.93 -4.046 1.191 0.878
0.072 -0.134 0.935 -3.733 1.527 0.855
0.071 -0.133 0.934 -3.336 1.45 0.969
0.075 -0.124 0.925 -2.275 1.374 1.153
0.074 -0.121 0.93 -1.58 0.962 1.069
0.078 -0.134 0.929 -0.969 1.237 0.435
0.077 -0.125 0.925 -1.282 0.878 -0.252
0.071 -0.123 0.925 -1.779 0.58 -1.038
0.076 -0.104 0.919 -2.061 0.115 -1.168
0.07 -0.102 0.917 -2.489 0.366 -0.664
0.072 -0.101 0.928 -2.458 0.611 -0.023
0.075 -0.109 0.917 -2.061 0.542 0.427
0.08 -0.112 0.924 -1.634 0.924 0.405
0.078 -0.117 0.928 -1.221 0.916 0.275
0.073 -0.108 0.923 -1.504 1.496 0.16
0.075 -0.108 0.918 -1.565 1.626 0.061
0.073 -0.1 0.924 -2.084 1.58 -0.023
0.061 -0.104 0.93 -2.061 1.26 -0.275
0.062 -0.106 0.926 -1.382 1.267 -0.122
0.061 -0.109 0.937 -1.519 1.527 0.061
0.072 -0.101 0.928 -1.695 1.107 0.221
0.068 -0.107 0.931 -1.908 0.656 0.366
0.071 -0.111 0.932 -1.794 0.527 0.573
0.072 -0.113 0.936 -1.298 0.656 0.626
0.07 -0.11 0.932 -1.313 0.687 1.015
0.065 -0.11 0.925 -0.924 1.031 1.267
0.066 -0.108 0.921 -0.863 1.046 1.137
0.059 -0.1 0.92 -1.802 0.832 1.046
0.068 -0.106 0.93 -2.321 0.511 1.336
0.063 -0.107 0.923 -2.0 1.298 1.405
0.066 -0.108 0.927 -1.763 1.679 1.305
0.067 -0.116 0.923 -1.282 1.649 1.389
0.073 -0.113 0.916 -0.931 1.389 1.55
0.068 -0.105 0.92 -1.183 1.344 1.542
0.07 -0.116 0.932 -1.679 0.924 1.221
0.073 -0.116 0.943 -1.435 0.931 1.405
0.067 -0.116 0.923 -1.244 1.015 1.405
0.068 -0.112 0.928 -1.931 1.13 1.466
0.064 -0.111 0.926 -1.794 1.13 1.504
0.067 -0.106 0.932 -2.374 0.802 1.443
0.07 -0.101 0.933 -2.733 0.603 1.595
0.071 -0.108 0.923 -3.0 0.489 1.786
0.071 -0.11 0.914 -3.153 0.656 1.71
0.077 -0.12 0.933 -2.74 0.557 1.466
0.08 -0.118 0.922 -1.908 0.771 1.687
0.064 -0.112 0.93 -1.893 1.015 1.771
0.069 -0.109 0.952 -1.824 0.725 1.748
0.061 -0.112 0.967 -1.13 0.779 2.733
0.051 -0.116 0.979 0.733 -0.702 4.084
0.063 -0.127 0.995 3.603 0.031 4.595
0.06 -0.131 1.021 4.298 -3.221 3.275
0.044 -0.109 1.049 4.702 -4.267 3.855
0.038 -0.114 1.031 5.168 -2.137 2.458
0.034 -0.091 1.103 3.878 -5.71 7.282
0.029 -0.124 1.141 4.908 -9.962 6.763
0.035 -0.128 1.172 4.313 -14.527 4.618
0.036 -0.156 1.21 6.817 -19.267 2.748
0.038 -0.146 1.221 10.107 -22.412 1.58
0.033 -0.125 1.237 14.702 -25.763 1.718
0.03 -0.087 1.228 17.534 -28.626 1.252
0.027 -0.058 1.231 18.16 -31.466 1.802
0.035 -0.063 1.217 16.336 -37.496 2.802
0.037 -0.102 1.203 16.359 -39.847 -0.382
0.059 -0.083 1.222 14.443 -43.252 3.885
0.059 -0.079 1.238 12.542 -45.649 4.16
0.064 -0.064 1.254 10.885 -49.321 4.16
0.061 -0.055 1.28 10.916 -53.344 3.87
0.038 -0.035 1.345 11.092 -58.153 4.16
0.053 -0.061 1.329 14.779 -62.939 2.824
0.049 -0.037 1.339 18.389 -69.305 7.962
0.054 -0.037 1.312 21.412 -73.908 10.267
0.051 -0.038 1.317 22.321 -80.305 12.069
0.034 -0.016 1.318 20.008 -87.214 12.092
0.024 0.007 1.305 16.519 -92.855 13.458
0.047 0.005 1.287 13.321 -101.183 16.107
0.078 -0.001 1.245 10.099 -108.389 17.374
0.11 -0.022 1.222 4.863 -117.695 15.252
0.123 -0.035 1.207 1.824 -123.855 13.45
0.138 -0.057 1.202 4.397 -126.84 12.145
0.148 -0.079 1.169 12.695 -127.878 12.015
0.174 -0.082 1.138 22.779 -129.29 13.344
0.174 -0.052 1.083 28.618 -131.885 14.947
0.208 -0.04 1.015 30.26 -133.58 15.656
0.234 -0.051 0.959 28.626 -135.58 16.344
0.264 -0.064 0.913 26.137 -137.275 15.412
0.28 -0.123 0.844 24.412 -136.809 9.305
0.304 -0.082 0.846 20.901 -137.931 8.939
0.303 -0.042 0.825 17.58 -141.275 5.885
0.319 -0.031 0.77 15.656 -144.229 3.374
0.331 -0.041 0.745 18.305 -144.534 2.58
0.313 -0.037 0.786 23.351 -146.969 3.725
0.318 -0.038 0.755 29.351 -148.389 5.969
0.342 -0.017 0.661 31.939 -149.924 9.389
0.344 0.003 0.583 26.618 -152.74 11.611
0.382 -0.016 0.551 17.344 -152.809 11.634
0.439 -0.054 0.561 9.847 -153.779 9.191
0.461 -0.064 0.536 3.74 -154.863 5.206
0.483 -0.079 0.542 2.847 -155.153 2.527
0.505 -0.107 0.531 7.099 -155.511 1.435
0.522 -0.127 0.537 14.031 -153.443 0.16
0.533 -0.125 0.512 18.664 -151.252 -2.74
0.538 -0.065 0.46 17.534 -150.756 -4.58
0.562 0.007 0.38 11.489 -150.817 -4.954
0.585 0.013 0.317 5.557 -150.382 -4.947
0.588 0.016 0.319 0.817 -148.153 -4.489
0.595 0.014 0.328 -2.878 -146.626 -3.809
0.625 0.033 0.304 -10.237 -146.809 -2.481
0.662 0.031 0.223 -19.099 -147.557 -2.412
0.695 -0.008 0.201 -25.374 -146.374 -4.0
0.716 -0.072 0.222 -21.26 -144.947 -6.397
0.728 -0.118 0.236 -7.145 -139.481 -7.969
0.736 -0.071 0.201 5.0 -131.618 -6.107
0.749 -0.01 0.128 8.328 -128.145 -5.122
0.777 -0.003 0.078 5.29 -125.244 -5.069
0.802 0.001 0.074 1.748 -122.916 -5.664
0.816 0.022 0.056 -2.0 -119.794 -6.641
0.844 0.049 0.066 -4.687 -117.183 -7.427
0.863 0.058 0.045 -6.84 -116.26 -7.489
0.893 0.058 0.029 -6.634 -112.458 -6.885
0.904 0.06 0.034 -3.771 -107.58 -4.718
0.92 0.077 -0.005 0.977 -103.924 -0.252
0.911 0.09 -0.042 0.534 -101.756 3.573
0.916 0.083 -0.069 -2.931 -99.595 6.153
0.933 0.06 -0.113 -7.611 -97.634 6.542
0.929 0.039 -0.127 -13.344 -94.137 6.397
0.952 0.004 -0.106 -15.053 -91.992 5.504
0.979 -0.015 -0.116 -14.55 -87.863 4.42
0.999 -0.007 -0.127 -13.511 -84.252 2.794
1.03 -0.02 -0.142 -12.573 -80.771 0.908
1.029 0.005 -0.155 -10.893 -77.282 -0.947
1.02 0.022 -0.155 -6.664 -71.42 -0.229
1.017 0.046 -0.147 -2.435 -66.595 1.565
1.003 0.077 -0.169 -2.389 -62.679 2.977
1.012 0.087 -0.208 -7.603 -59.817 3.176
1.017 0.073 -0.185 -11.695 -57.962 2.954
1.023 0.056 -0.156 -11.611 -58.748 2.405
1.037 0.039 -0.168 -6.771 -59.13 2.519
1.039 0.042 -0.193 -2.031 -56.122 3.252
1.031 0.066 -0.178 2.13 -52.443 4.053
1.012 0.069 -0.18 1.458 -52.351 4.069
1.009 0.08 -0.204 -1.176 -52.42 4.687
1.016 0.074 -0.206 -3.511 -52.511 5.389
1.026 0.065 -0.22 -4.733 -52.504 6.298
1.025 0.06 -0.187 -4.176 -50.565 7.695
1.037 0.038 -0.178 -1.176 -49.527 9.511
1.035 0.029 -0.187 2.87 -49.244 9.931
1.041 0.031 -0.232 4.595 -47.435 9.137
1.041 0.03 -0.271 2.901 -44.573 8.519
1.044 0.03 -0.27 1.328 -42.664 7.427
1.034 0.027 -0.276 0.939 -41.878 6.634
1.039 0.012 -0.259 2.504 -40.412 5.389
1.039 0.034 -0.277 5.023 -38.214 5.183
1.044 0.053 -0.322 6.969 -34.71 6.992
1.05 0.077 -0.327 5.366 -32.519 8.786
1.061 0.063 -0.35 4.29 -30.481 10.855
1.04 0.058 -0.353 3.282 -27.565 12.756
1.043 0.05 -0.354 2.328 -24.511 13.954
1.045 0.025 -0.335 0.794 -21.725 14.473
1.052 0.008 -0.341 -1.031 -19.809 13.718
1.056 0.0 -0.338 -3.244 -17.611 11.962
1.057 -0.011 -0.326 -5.069 -15.542 9.87
1.06 -0.027 -0.328 -5.031 -13.405 7.985
1.066 -0.015 -0.349 -4.214 -10.947 6.756
1.058 -0.002 -0.346 -3.847 -9.405 6.733
1.044 0.006 -0.318 -3.908 -8.496 7.405
1.036 0.011 -0.317 -4.672 -8.405 7.885
1.04 0.013 -0.317 -4.924 -8.168 8.931
1.03 -0.004 -0.294 -4.954 -7.046 9.771
1.027 -0.028 -0.23 -5.55 -1.679 10.45
1.049 -0.039 -0.308 -3.214 -6.168 9.771
1.037 -0.012 -0.26 -5.893 -6.908 9.183
1.043 -0.027 -0.32 -7.489 -7.588 8.618
1.049 -0.033 -0.32 -9.641 -7.557 8.389
1.053 -0.055 -0.294 -8.298 -5.023 7.344
1.052 -0.061 -0.293 -3.672 -3.534 5.733
1.061 -0.063 -0.278 -1.595 -1.794 4.214
1.057 -0.063 -0.275 -0.618 -0.137 1.611
1.068 -0.041 -0.273 -1.809 1.649 -2.038
1.046 -0.015 -0.282 -1.519 1.183 -1.893
1.031 0.026 -0.273 -3.145 0.45 -1.069
1.035 0.031 -0.259 -2.71 1.198 0.145
1.04 0.041 -0.269 -2.863 2.695 1.366
1.039 0.03 -0.272 -3.588 3.053 2.71
1.034 0.019 -0.269 -5.267 3.389 3.061
1.037 -0.003 -0.272 -5.046 3.916 3.382
1.044 -0.008 -0.271 -3.183 4.885 4.069
1.047 -0.021 -0.251 -1.145 6.099 4.237
1.037 -0.015 -0.241 -0.382 6.076 3.618
1.037 -0.023 -0.24 -0.168 6.603 2.794
1.031 -0.014 -0.234 -1.053 7.74 2.511
1.033 -0.018 -0.216 -1.427 7.786 3.061
1.044 -0.033 -0.202 -2.344 7.023 3.061
1.045 -0.045 -0.199 -2.046 7.115 2.382
1.043 -0.05 -0.179 -0.748 6.267 1.183
1.047 -0.042 -0.192 0.313 6.214 0.221
1.04 -0.028 -0.19 0.237 5.656 -0.168
1.031 -0.004 -0.171 0.504 3.611 0.092
1.025 0.003 -0.18 0.756 2.679 0.695
1.023 0.004 -0.212 -0.069 2.008 1.687
1.035 -0.003 -0.21 -1.221 1.794 1.664
1.04 -0.018 -0.222 -0.824 1.534 1.458
1.042 -0.025 -0.21 -0.145 1.901 1.0
0.999 -0.026 -0.106 1.099 1.595 0.649
1.051 -0.015 -0.257 2.481 1.794 1.153
1.043 0.006 -0.242 2.489 2.252 1.634
1.035 0.008 -0.25 1.924 2.305 2.13
1.04 0.003 -0.24 1.099 2.542 2.466
1.031 -0.002 -0.238 0.565 2.55 2.664
1.042 -0.011 -0.23 -0.115 2.45 2.817
1.038 -0.025 -0.224 -0.145 2.221 2.992
1.047 -0.042 -0.219 0.618 2.137 3.153
1.044 -0.044 -0.217 1.405 1.931 2.901
1.047 -0.04 -0.228 2.0 1.756 2.42
1.052 -0.047 -0.218 2.824 1.969 2.092
1.047 -0.037 -0.217 2.656 2.061 1.435
1.034 -0.03 -0.225 1.481 2.115 1.206
1.047 -0.031 -0.231 0.603 2.42 1.107
1.043 -0.027 -0.227 -1.115 2.45 0.489
1.038 -0.028 -0.231 -2.16 3.221 0.611
1.038 -0.024 -0.225 -2.321 3.145 1.206
1.041 -0.033 -0.213 -2.176 2.977 1.725
1.038 -0.026 -0.199 -2.794 1.679 1.992
1.041 -0.03 -0.206 -3.695 1.176 1.809
1.031 -0.038 -0.204 -4.183 0.885 2.061
1.043 -0.05 -0.204 -3.527 1.053 1.137
1.048 -0.048 -0.209 -3.756 0.511 0.504
1.05 -0.037 -0.225 -3.679 0.313 0.122
1.044 -0.032 -0.224 -3.053 1.046 -0.084
1.04 -0.022 -0.217 -2.603 1.198 -0.229
1.042 -0.024 -0.221 -2.397 1.603 -0.435
1.038 -0.014 -0.227 -1.985 2.153 -0.382
1.04 -0.004 -0.229 -1.481 2.168 0.16
1.038 -0.004 -0.232 -1.794 1.595 0.397
1.037 -0.003 -0.217 -3.183 0.649 0.557
1.029 -0.016 -0.209 -3.656 0.137 0.947
1.044 -0.023 -0.219 -2.321 0.55 1.336
1.041 -0.035 -0.23 -1.328 1.099 0.817
1.046 -0.029 -0.223 -0.634 0.885 0.84
1.039 -0.022 -0.219 -0.412 1.099 0.733
1.038 -0.013 -0.228 -0.176 1.26 1.061
1.041 -0.009 -0.23 -0.641 1.344 1.26
1.042 -0.014 -0.225 -2.229 1.611 1.015
1.044 -0.026 -0.215 -3.29 1.809 0.87
1.04 -0.029 -0.226 -2.74 1.901 0.794
1.042 -0.025 -0.222 -1.908 1.168 0.779
1.041 -0.016 -0.214 -2.229 0.908 0.305
1.039 -0.015 -0.219 -1.885 1.382 0.107
1.036 -0.005 -0.223 -2.023 1.344 0.435
1.042 -0.016 -0.223 -2.198 1.176 0.885
1.039 -0.007 -0.218 -1.962 0.87 0.733
1.038 -0.008 -0.217 -2.427 1.252 1.305
1.035 -0.008 -0.217 -3.351 0.939 1.42
1.041 -0.008 -0.215 -4.275 0.855 1.947
1.042 -0.02 -0.207 -5.351 0.832 1.389
1.045 -0.03 -0.204 -5.191 0.481 1.267
1.047 -0.036 -0.204 -5.023 0.084 0.832
1.036 -0.045 -0.184 -3.679 -0.298 0.336
1.04 -0.038 -0.196 -2.153 0.023 -0.137
1.047 -0.024 -0.207 -1.55 0.053 -0.168
1.041 -0.015 -0.222 -1.565 0.221 -0.061
1.036 -0.008 -0.219 -2.191 0.145 0.885
1.039 -0.007 -0.216 -2.893 0.733 1.305
1.038 -0.012 -0.232 -3.702 0.412 1.511
1.033 -0.03 -0.208 -3.687 0.26 1.389
1.043 -0.043 -0.211 -2.702 0.115 1.443
1.048 -0.032 -0.221 -1.924 -0.496 0.832
1.044 -0.034 -0.222 -1.351 -0.336 0.092
1.041 -0.018 -0.229 -0.824 -0.802 0.191
1.04 -0.015 -0.241 -1.618 -0.473 0.634
1.039 -0.011 -0.234 -2.412 -0.321 0.802
1.038 -0.013 -0.234 -2.954 -0.015 0.672
1.044 -0.025 -0.249 -3.099 -0.053 1.252
1.043 -0.028 -0.227 -2.565 0.489 1.45
1.045 -0.029 -0.242 -1.618 0.779 1.634
1.048 -0.032 -0.236 -1.389 0.687 1.198
1.045 -0.031 -0.232 -1.656 0.573 0.649
1.046 -0.025 -0.226 -1.87 0.763 0.29
1.041 -0.03 -0.232 -2.13 0.733 0.237
1.044 -0.023 -0.238 -1.58 0.527 0.855
1.043 -0.022 -0.242 -2.389 0.763 0.756
1.038 -0.023 -0.249 -2.847 1.672 0.931
1.039 -0.022 -0.236 -3.008 1.687 0.588
1.046 -0.022 -0.239 -3.427 2.16 0.313
1.041 -0.024 -0.242 -3.679 2.634 0.168
1.041 -0.018 -0.232 -2.916 2.641 0.107
1.034 -0.024 -0.229 -2.008 2.74 0.351
1.037 -0.007 -0.227 -1.611 2.641 0.748
1.042 -0.005 -0.228 -1.756 2.061 1.588
1.041 -0.019 -0.22 -2.435 1.908 1.405
1.046 -0.025 -0.217 -2.473 2.542 0.74
1.04 -0.034 -0.207 -1.061 2.557 1.084
1.049 -0.021 -0.215 -0.153 1.527 0.794
1.035 -0.013 -0.208 -0.328 1.641 0.542
1.034 -0.004 -0.215 -0.435 1.328 1.443
1.035 -0.006 -0.214 -0.71 1.221 2.168
1.044 -0.008 -0.218 -1.435 1.221 2.26
1.044 -0.013 -0.219 -1.817 1.672 2.26
1.044 -0.019 -0.207 -2.282 1.931 1.748
1.045 -0.026 -0.205 -1.908 1.763 1.947
1.037 -0.023 -0.213 -1.557 1.84 1.626
1.043 -0.027 -0.21 -1.702 1.901 1.855
1.037 -0.025 -0.216 -1.504 1.588 1.634
1.044 -0.024 -0.211 -1.702 1.496 1.473
1.039 -0.026 -0.215 -1.382 1.344 1.382
1.042 -0.026 -0.207 -0.74 1.244 1.267
1.04 -0.021 -0.205 -0.893 0.695 1.786
1.041 -0.023 -0.218 -0.557 1.046 1.573
1.044 -0.026 -0.213 -0.817 1.092 1.389
1.038 -0.021 -0.223 -0.351 1.176 1.435
1.031 -0.01 -0.217 -1.008 1.107 1.443
1.037 -0.01 -0.217 -1.031 1.26 1.924
1.039 -0.021 -0.236 -0.794 0.939 2.565
1.04 -0.015 -0.23 -1.275 1.0 2.916
1.041 -0.032 -0.214 -1.122 1.137 2.733
1.048 -0.03 -0.217 -1.374 1.221 2.382
1.041 -0.026 -0.222 -1.626 0.954 1.885
1.045 -0.037 -0.218 -0.893 0.427 2.031
1.049 -0.028 -0.23 -0.656 1.031 2.069
1.042 -0.026 -0.23 -1.0 1.351 2.229
1.044 -0.021 -0.223 -1.725 1.496 1.893
1.043 -0.031 -0.232 -2.183 1.664 1.672
1.041 -0.028 -0.23 -1.802 2.26 1.939
1.041 -0.026 -0.223 -1.672 2.168 2.328
1.038 -0.031 -0.22 -2.412 1.931 2.321
1.046 -0.042 -0.207 -3.122 1.847 1.931
1.049 -0.045 -0.21 -2.649 1.374 1.13
1.045 -0.047 -0.207 -2.855 0.595 0.641
1.04 -0.045 -0.218 -2.519 0.733 -0.153
1.042 -0.041 -0.204 -1.962 1.0 -0.008
1.046 -0.027 -0.213 -1.947 1.328 0.023
1.039 -0.03 -0.217 -2.573 1.099 0.053
1.041 -0.026 -0.211 -2.725 0.634 0.023
1.04 -0.023 -0.219 -2.45 1.0 0.504
1.042 -0.025 -0.201 -2.916 0.71 0.275
1.045 -0.026 -0.202 -2.87 0.382 0.084
1.035 -0.022 -0.212 -2.809 0.099 0.015
1.038 -0.018 -0.209 -3.076 0.489 0.038
1.031 -0.009 -0.22 -2.924 0.969 0.321
1.036 -0.015 -0.217 -3.053 1.382 0.954
1.042 -0.019 -0.221 -3.275 1.42 0.84
1.042 -0.02 -0.219 -3.87 2.214 0.198
1.047 -0.034 -0.226 -2.969 2.115 0.389
1.081 -0.033 -0.256 -1.794 3.153 0.374
1.046 -0.033 -0.218 -1.87 1.382 0.069
1.034 -0.026 -0.226 -2.557 1.847 0.328
1.044 -0.026 -0.228 -2.702 1.565 0.275
1.045 -0.03 -0.225 -3.008 2.015 0.435
1.045 -0.025 -0.216 -3.26 2.153 0.298
1.046 -0.041 -0.208 -2.26 1.687 0.221
1.036 -0.035 -0.201 -1.389 1.214 0.389
1.041 -0.026 -0.209 -0.618 1.275 0.489
1.044 -0.025 -0.211 -0.153 1.069 0.733
1.035 -0.009 -0.216 -0.618 0.87 0.779
1.032 -0.005 -0.207 -1.74 0.702 1.275
1.036 0.0 -0.216 -2.779 0.656 1.519
1.042 -0.018 -0.221 -3.328 1.053 2.183