0.138 -0.064 0.921 -3.389 -0.595 0.557
0.147 -0.07 0.909 -2.618 0.725 0.573
0.152 -0.065 0.914 -2.053 1.74 0.489
0.149 -0.065 0.896 -1.771 2.595 0.664
0.156 -0.062 0.908 -2.008 1.664 0.519
0.151 -0.061 0.908 -2.344 1.748 0.42
0.145 -0.066 0.921 -2.969 0.908 0.794
0.155 -0.063 0.925 -3.183 0.42 0.916
0.148 -0.068 0.921 -3.313 0.038 0.885
0.155 -0.06 0.916 -2.939 -0.885 1.275
0.154 -0.066 0.919 -2.137 -0.595 1.504
0.149 -0.067 0.918 -2.405 -0.321 0.962
0.147 -0.066 0.918 -2.427 -0.794 0.733
0.149 -0.062 0.914 -2.718 -1.206 0.557
0.149 -0.064 0.93 -2.702 -0.252 0.16
0.159 -0.063 0.916 -2.45 0.748 -0.344
0.145 -0.057 0.914 -1.71 2.656 -0.679
0.137 -0.047 0.913 -0.855 3.214 0.389
0.135 -0.046 0.929 -1.0 2.29 0.794
0.13 -0.052 0.943 -1.458 1.511 0.412
0.135 -0.054 0.935 -1.84 0.885 0.443
0.132 -0.052 0.938 -1.641 0.771 -0.527
0.126 -0.053 0.937 -0.55 0.397 -0.16
0.126 -0.045 0.928 -0.344 0.359 0.435
0.129 -0.037 0.948 -0.748 -0.198 0.947
0.122 -0.034 0.943 -1.74 -0.573 1.466
0.132 -0.049 0.938 -1.939 -0.443 1.595
0.136 -0.058 0.928 -1.924 -0.855 1.206
0.142 -0.055 0.933 -2.023 -0.153 0.344
0.141 -0.075 0.925 -1.481 -1.214 0.305
0.137 -0.067 0.935 -1.282 0.435 -0.763
0.124 -0.056 0.985 -1.267 -1.489 -1.962
0.132 -0.064 0.97 -1.649 -3.183 -2.969
0.132 -0.062 0.987 -0.931 -3.649 -2.847
0.146 -0.061 0.967 1.122 -2.0 -2.824
0.146 -0.072 0.952 2.725 -0.42 -2.374
0.139 -0.064 0.971 3.649 2.0 -1.076
0.134 -0.065 0.957 3.855 -3.344 -1.45
0.129 -0.08 0.977 3.29 -2.16 -2.672
0.133 -0.063 0.983 2.916 -3.733 -3.58
0.145 -0.067 0.977 1.771 -6.71 -4.687
0.14 -0.073 0.992 0.344 -7.702 -4.534
0.063 -0.079 1.098 0.504 4.649 -5.962
0.146 -0.066 1.057 1.534 -0.817 -4.344
0.139 -0.068 1.035 5.672 -6.061 -7.763
0.112 -0.1 1.084 11.115 -14.473 -10.664
0.133 -0.062 1.042 12.198 -11.405 -4.992
0.137 -0.044 1.023 13.366 -14.969 -3.588
0.137 -0.054 0.993 12.626 -14.74 -3.206
0.153 -0.064 0.995 13.183 -15.908 -3.26
0.16 -0.072 1.009 12.168 -21.45 -3.061
0.167 -0.058 1.003 10.389 -25.13 -5.748
0.153 -0.045 0.996 10.962 -27.267 -8.328
0.165 -0.021 0.969 12.13 -25.87 -7.87
0.162 -0.025 0.944 12.496 -24.58 -8.42
0.158 -0.01 0.94 13.389 -24.397 -6.756
0.18 0.005 0.954 13.397 -23.863 -4.069
0.196 -0.01 0.932 12.099 -25.458 -2.832
0.203 -0.017 0.94 11.336 -25.603 -4.634
0.226 -0.007 0.939 10.153 -26.221 -2.954
0.223 0.007 0.967 9.901 -28.198 -5.061
0.226 0.0 0.992 9.29 -30.885 -4.756
0.212 -0.029 1.03 9.168 -38.55 -7.42
0.25 0.01 1.004 10.427 -37.16 -4.481
0.255 0.026 1.052 9.305 -39.198 -4.924
0.26 0.022 1.073 9.481 -39.634 -8.42
0.26 0.038 1.08 10.565 -41.267 -6.191
0.26 0.052 1.09 11.687 -42.626 -5.084
0.264 0.049 1.099 13.733 -44.122 -4.229
0.246 0.081 1.109 16.107 -45.267 -3.038
0.286 0.094 1.086 17.779 -44.008 -1.954
0.191 0.002 1.168 28.183 -40.061 2.122
0.226 0.119 1.016 19.779 -46.756 -2.061
0.225 0.111 1.016 18.344 -45.916 1.282
0.282 0.054 1.064 17.099 -45.809 -0.061
0.283 0.095 1.029 20.908 -45.74 7.26
0.225 0.103 1.05 18.985 -45.977 5.672
0.266 0.093 1.001 16.74 -51.214 6.763
0.35 0.021 1.237 13.038 -43.061 12.282
0.104 0.056 1.157 22.702 -70.527 19.893
0.197 0.005 1.144 28.328 -81.74 24.107
0.348 0.092 0.97 23.214 -69.321 12.504
0.407 0.082 0.877 17.695 -62.74 3.511
0.384 0.107 0.871 10.985 -51.725 0.573
0.299 0.146 0.986 6.779 -52.153 3.992
0.287 0.115 1.077 10.267 -61.229 10.679
0.316 0.091 1.091 15.214 -68.565 13.626
0.331 0.101 1.037 19.603 -72.901 10.55
0.357 0.123 0.981 20.405 -75.29 10.16
0.333 0.169 0.946 20.313 -75.817 12.824
0.336 0.171 0.943 19.702 -80.321 20.107
0.364 0.142 0.919 18.649 -85.74 24.397
0.389 0.11 0.883 16.962 -86.817 26.481
0.411 0.082 0.866 14.412 -89.542 26.237
0.428 0.058 0.866 11.908 -92.672 23.924
0.456 0.051 0.853 11.321 -92.092 22.137
0.475 0.042 0.823 13.145 -91.908 21.908
0.467 0.043 0.827 18.29 -88.618 19.779
0.481 0.054 0.8 22.786 -88.031 19.099
0.487 0.089 0.776 23.931 -90.0 19.237
0.48 0.093 0.78 24.351 -89.328 19.878
0.485 0.11 0.768 23.702 -92.427 21.046
0.508 0.1 0.752 21.511 -92.344 22.099
0.526 0.087 0.703 20.092 -91.992 22.595
0.551 0.065 0.65 19.565 -90.687 22.321
0.567 0.048 0.644 19.962 -89.275 21.794
0.581 0.04 0.62 19.565 -89.893 20.061
0.596 0.028 0.594 18.733 -87.847 18.794
0.601 0.026 0.593 17.924 -88.351 15.565
0.612 0.024 0.599 16.954 -87.527 12.931
0.617 0.035 0.59 15.847 -86.924 10.748
0.635 0.049 0.58 14.962 -86.649 10.122
0.643 0.062 0.553 15.305 -84.901 9.542
0.652 0.061 0.544 15.87 -83.832 9.962
0.663 0.058 0.515 17.565 -82.771 9.969
0.68 0.055 0.496 17.718 -80.496 9.794
0.699 0.055 0.472 18.046 -78.725 9.084
0.719 0.067 0.437 14.443 -75.969 7.771
0.749 0.065 0.438 9.496 -74.26 6.137
0.762 0.045 0.437 5.763 -73.405 4.076
0.752 0.035 0.463 6.229 -73.069 3.0
0.753 0.066 0.482 7.298 -72.901 2.634
0.752 0.081 0.46 10.046 -73.931 4.985
0.786 0.082 0.422 11.267 -72.557 6.275
0.796 0.07 0.44 9.855 -71.382 4.885
0.806 0.069 0.471 8.664 -70.321 3.183
0.804 0.079 0.446 7.626 -71.397 1.992
0.818 0.092 0.434 7.229 -69.481 1.855
0.827 0.085 0.422 8.0 -69.656 2.718
0.829 0.095 0.408 8.534 -67.939 2.969
0.822 0.114 0.411 9.076 -67.038 3.679
0.817 0.108 0.421 9.084 -69.863 5.084
0.849 0.063 0.413 8.382 -70.435 4.145
0.862 0.065 0.419 10.092 -68.16 1.893
0.871 0.09 0.42 13.023 -68.786 1.405
0.854 0.106 0.392 17.061 -66.687 2.817
0.84 0.15 0.355 18.397 -66.336 6.092
0.859 0.139 0.314 16.931 -66.885 8.351
0.878 0.108 0.296 13.763 -67.565 8.573
0.87 0.069 0.332 12.267 -68.84 6.336
0.89 0.059 0.327 12.511 -68.305 3.16
0.893 0.066 0.311 14.053 -68.908 1.267
0.896 0.103 0.279 14.634 -68.382 1.359
0.898 0.143 0.224 13.504 -66.237 1.947
0.893 0.151 0.233 13.519 -64.695 3.412
0.899 0.145 0.236 12.695 -65.267 5.168
0.897 0.125 0.234 12.221 -64.718 6.031
0.906 0.131 0.238 10.748 -66.008 7.267
0.921 0.133 0.221 10.168 -65.992 8.214
0.92 0.15 0.193 10.313 -65.229 10.168
0.939 0.137 0.165 10.397 -63.786 13.458
0.957 0.103 0.162 10.58 -64.008 13.786
0.934 0.09 0.146 9.832 -64.527 12.954
0.934 0.074 0.147 9.962 -66.107 12.435
0.973 0.068 0.109 9.962 -63.87 11.069
0.971 0.077 0.123 10.756 -63.0 9.687
0.975 0.091 0.117 10.939 -63.237 8.481
0.966 0.121 0.091 8.802 -63.053 7.847
0.951 0.132 0.05 6.092 -63.885 8.725
0.956 0.122 0.025 4.649 -63.901 9.687
0.978 0.083 0.006 4.336 -62.527 9.58
0.99 0.042 0.018 7.321 -61.832 8.885
0.989 0.047 0.001 9.985 -60.053 7.58
0.986 0.062 -0.024 12.779 -57.496 6.496
0.99 0.082 -0.033 11.641 -56.802 4.885
0.995 0.096 -0.054 7.924 -56.748 3.756
0.999 0.104 -0.083 2.832 -56.763 2.573
1.004 0.1 -0.101 -1.26 -56.718 1.885
1.014 0.07 -0.1 -2.176 -54.748 1.473
1.012 0.058 -0.11 2.221 -53.198 1.282
1.011 0.095 -0.125 4.595 -48.931 1.412
1.003 0.106 -0.113 5.656 -45.305 1.504
0.993 0.124 -0.095 6.702 -44.878 2.603
0.996 0.127 -0.129 6.229 -44.496 3.779
1.004 0.128 -0.176 2.42 -44.634 4.489
1.018 0.127 -0.221 -3.863 -43.183 3.611
1.034 0.13 -0.248 -9.58 -41.885 2.832
1.027 0.121 -0.258 -13.237 -39.45 2.206
1.035 0.116 -0.227 -13.275 -34.443 1.473
1.015 0.118 -0.193 -8.55 -30.374 1.496
1.004 0.11 -0.123 -2.198 -28.817 1.634
1.013 0.123 -0.123 4.084 -27.977 3.718
1.024 0.13 -0.172 6.427 -26.328 4.527
1.027 0.131 -0.186 7.573 -24.939 3.832
1.028 0.123 -0.203 7.458 -22.947 2.565
1.024 0.147 -0.234 6.359 -21.053 1.794
1.017 0.161 -0.256 4.939 -20.092 3.58
1.019 0.166 -0.253 2.519 -18.763 5.382
1.016 0.145 -0.231 2.672 -18.26 8.42
1.03 0.105 -0.243 3.084 -17.74 8.611
1.037 0.088 -0.223 3.321 -17.038 7.908
1.037 0.079 -0.228 4.084 -16.221 6.718
1.046 0.066 -0.239 5.16 -15.107 5.359
1.056 0.079 -0.26 5.588 -12.901 4.885
1.056 0.104 -0.279 5.313 -10.237 5.267
1.055 0.095 -0.279 3.153 -7.687 5.534
1.054 0.077 -0.281 1.573 -6.313 5.863
1.061 0.061 -0.269 0.557 -4.489 5.191
1.056 0.072 -0.264 -1.344 -2.656 4.641
1.043 0.048 -0.245 -3.305 -1.794 4.427
1.034 0.052 -0.208 -4.618 -1.458 4.496
1.05 0.037 -0.221 -3.969 -0.282 4.45
1.06 0.018 -0.218 -2.649 1.382 3.565
1.06 0.01 -0.189 -1.427 1.962 2.603
1.054 0.021 -0.172 -0.504 0.565 1.206
1.047 0.031 -0.17 0.069 -0.855 -0.031
1.055 0.051 -0.166 0.42 -0.328 -1.55
1.061 0.063 -0.193 0.42 1.885 -3.336
1.05 0.08 -0.198 0.069 3.252 -4.023
1.039 0.101 -0.193 0.115 4.206 -3.733
1.021 0.119 -0.178 0.603 5.183 -2.901
1.021 0.147 -0.179 -0.458 5.84 -1.542
1.033 0.12 -0.166 -0.771 4.458 -0.076
1.027 0.117 -0.143 -0.351 4.26 1.115
1.022 0.122 -0.144 -0.985 2.534 2.42
1.034 0.115 -0.147 -2.641 0.511 2.313
1.043 0.098 -0.148 -3.053 -1.008 1.809
1.054 0.072 -0.146 -1.641 -0.794 0.382
1.049 0.082 -0.148 0.618 0.695 -0.298
1.044 0.116 -0.171 1.908 2.008 0.313
1.033 0.13 -0.178 0.939 1.702 1.885
1.038 0.125 -0.182 -0.611 2.435 3.901
1.048 0.103 -0.177 -1.45 3.733 4.664
1.038 0.095 -0.165 -1.527 5.076 4.756
1.037 0.093 -0.148 -2.107 4.305 4.908
1.042 0.074 -0.147 -3.298 3.221 4.023
1.04 0.066 -0.147 -3.672 3.13 3.038
1.052 0.067 -0.154 -3.794 3.763 1.893
1.041 0.065 -0.146 -3.55 3.099 1.031
1.051 0.058 -0.153 -4.092 3.527 0.046
1.057 0.058 -0.168 -4.458 4.443 -1.008
1.056 0.069 -0.157 -4.519 5.58 -2.191
1.054 0.062 -0.165 -3.702 7.427 -2.786
1.041 0.082 -0.16 -2.702 8.374 -2.878
1.034 0.103 -0.169 -3.092 8.771 -2.366
1.033 0.101 -0.159 -3.939 8.389 -0.985
1.035 0.103 -0.147 -4.427 7.42 -0.053
1.041 0.109 -0.137 -4.573 7.534 -0.191
1.023 0.11 -0.111 -3.489 7.076 -0.42
1.013 0.103 -0.058 -1.26 4.45 -0.107
1.02 0.111 -0.081 0.641 1.351 0.069
1.03 0.121 -0.127 0.969 0.908 0.389
1.03 0.127 -0.134 1.023 1.626 0.756
1.028 0.141 -0.155 1.015 2.901 1.511
1.036 0.142 -0.161 -0.145 4.229 2.672
1.038 0.128 -0.165 -0.756 5.183 3.58
1.035 0.115 -0.155 -0.748 5.282 3.786
1.03 0.108 -0.153 -1.183 6.046 4.061
1.045 0.097 -0.165 -1.16 5.641 4.427
1.041 0.109 -0.162 -2.229 5.878 4.718
1.043 0.1 -0.138 -2.443 6.473 5.183
1.046 0.084 -0.136 -1.763 7.328 5.626
1.049 0.071 -0.122 -1.618 7.878 5.031
1.039 0.061 -0.103 -1.122 7.763 3.931
1.048 0.057 -0.089 -0.298 7.588 3.115
1.042 0.064 -0.089 0.321 7.603 2.252
1.039 0.077 -0.088 0.389 6.618 2.565
1.036 0.09 -0.079 -0.214 5.947 2.198
1.033 0.088 -0.077 -1.687 5.206 2.366
1.038 0.086 -0.067 -2.672 4.038 2.427
1.034 0.077 -0.067 -3.481 3.603 2.29
1.041 0.067 -0.066 -3.802 2.939 1.687
1.039 0.076 -0.065 -2.939 2.954 1.023
1.035 0.082 -0.067 -1.725 2.725 0.725
1.036 0.1 -0.089 -0.885 2.901 1.786
1.026 0.121 -0.113 -0.779 2.0 3.267
1.033 0.122 -0.114 -1.519 1.504 3.908
1.034 0.115 -0.115 -1.84 1.374 4.221
1.031 0.094 -0.123 -1.344 -0.435 5.046
1.039 0.092 -0.129 -0.809 -0.916 4.977
1.043 0.101 -0.129 -0.656 -0.412 5.069
1.042 0.104 -0.153 -0.733 -0.565 5.573
1.044 0.103 -0.154 -1.763 -0.542 5.641
1.048 0.083 -0.157 -1.794 -0.298 5.763
1.047 0.073 -0.16 -2.053 0.496 4.977
1.05 0.078 -0.152 -3.008 1.382 4.221
1.053 0.061 -0.138 -3.397 1.885 3.076
1.038 0.073 -0.136 -3.466 2.511 2.756
1.054 0.065 -0.118 -3.359 2.626 2.26
1.047 0.067 -0.117 -3.832 3.168 1.573
1.046 0.062 -0.107 -3.58 3.382 1.305
1.052 0.064 -0.105 -2.466 3.198 0.626
1.043 0.079 -0.092 -1.656 2.969 0.443
1.045 0.086 -0.091 -1.573 2.969 0.672
1.034 0.088 -0.103 -2.046 2.366 0.771
1.035 0.092 -0.099 -3.053 2.153 0.855
1.039 0.09 -0.095 -4.122 2.023 0.725
1.036 0.079 -0.081 -4.328 1.435 0.298
1.038 0.079 -0.085 -4.198 1.145 -0.061
1.043 0.081 -0.09 -4.321 1.076 -0.252
1.039 0.087 -0.086 -4.412 0.275 -0.336
1.033 0.088 -0.087 -4.565 -0.466 -0.641
1.036 0.085 -0.092 -3.863 -0.397 -0.168
1.046 0.087 -0.103 -3.069 0.0 0.374
1.038 0.094 -0.119 -2.435 0.313 1.359
1.038 0.107 -0.122 -2.84 0.534 1.542
1.036 0.098 -0.109 -3.153 0.58 2.053
1.045 0.089 -0.116 -3.359 0.328 2.061
1.042 0.087 -0.121 -3.366 0.008 2.527
1.042 0.087 -0.119 -3.321 0.183 2.489
1.036 0.085 -0.12 -3.458 0.664 2.061
1.041 0.089 -0.125 -4.198 0.397 1.939
1.037 0.09 -0.128 -5.16 0.603 1.824
1.034 0.088 -0.13 -5.878 0.168 2.168
1.036 0.073 -0.12 -5.611 -0.321 2.809
1.039 0.076 -0.117 -5.244 -0.031 2.595
1.043 0.086 -0.11 -4.893 0.435 2.702
1.044 0.079 -0.115 -4.656 1.076 2.733
1.041 0.07 -0.11 -3.901 1.504 2.473
1.046 0.063 -0.109 -2.71 1.855 2.725
1.043 0.07 -0.103 -2.237 1.908 2.985
1.048 0.061 -0.104 -2.267 1.458 2.809
1.041 0.063 -0.11 -2.382 1.427 1.962
1.049 0.061 -0.11 -2.412 1.053 1.328
1.043 0.071 -0.112 -3.16 0.557 0.45
1.042 0.071 -0.116 -3.969 0.863 0.16
1.042 0.07 -0.11 -4.26 0.794 -0.191
1.041 0.069 -0.1 -3.275 0.656 -0.29
1.05 0.077 -0.112 -2.748 1.115 -0.153
1.039 0.079 -0.111 -2.71 1.443 -0.191
1.041 0.085 -0.088 -2.641 1.458 -0.16
1.034 0.087 -0.088 -2.351 0.763 -0.427
1.041 0.093 -0.088 -2.802 0.634 -0.344
1.042 0.091 -0.102 -2.008 -0.221 0.687
1.043 0.094 -0.116 -2.511 -0.061 0.58
1.041 0.098 -0.111 -3.26 0.099 0.45
1.039 0.09 -0.11 -3.992 0.351 0.145
1.043 0.09 -0.112 -4.16 0.527 0.473
1.039 0.089 -0.106 -4.817 -0.198 1.16
1.036 0.092 -0.112 -5.519 -0.58 1.16
1.042 0.098 -0.1 -6.55 -0.458 0.969
1.042 0.084 -0.106 -6.924 -0.282 1.191
1.046 0.078 -0.104 -6.427 -0.473 1.031
1.039 0.074 -0.101 -4.71 0.053 1.023
1.041 0.069 -0.112 -3.55 0.832 0.679
1.047 0.069 -0.112 -3.397 1.298 0.74
1.045 0.076 -0.126 -3.183 0.557 0.427
1.043 0.076 -0.117 -3.847 1.244 -0.481
1.044 0.077 -0.122 -3.672 0.58 -0.244
1.044 0.076 -0.129 -3.511 0.977 0.046
1.048 0.079 -0.134 -3.748 1.015 0.351
1.037 0.082 -0.118 -3.893 1.26 0.282
1.037 0.085 -0.115 -4.0 0.878 0.359
1.044 0.084 -0.119 -4.206 1.099 0.237
1.041 0.08 -0.107 -3.687 1.733 -0.122
1.04 0.083 -0.114 -2.908 1.71 0.069
1.034 0.082 -0.123 -3.076 1.947 0.427
1.046 0.082 -0.12 -3.656 1.382 0.328
1.042 0.084 -0.109 -3.908 1.641 -0.328
1.047 0.081 -0.115 -3.985 1.435 -0.672
1.042 0.081 -0.12 -3.076 1.931 -0.473
1.045 0.086 -0.126 -3.58 2.137 -0.115
1.031 0.094 -0.123 -3.71 3.733 0.145
1.036 0.091 -0.124 -2.786 3.473 1.519
1.041 0.086 -0.118 -2.672 3.191 1.985
1.047 0.084 -0.117 -3.198 3.313 1.321
1.04 0.079 -0.118 -3.237 3.45 0.748
1.036 0.073 -0.108 -2.748 2.603 0.969
1.04 0.083 -0.1 -2.863 2.336 0.664
1.035 0.089 -0.101 -2.618 2.313 0.359
1.042 0.088 -0.104 -2.725 1.901 1.099
1.042 0.087 -0.093 -3.214 1.908 1.229
1.048 0.08 -0.095 -2.626 2.16 1.351
1.044 0.077 -0.094 -1.878 2.763 1.443
1.049 0.08 -0.098 -1.656 2.885 1.405
1.043 0.088 -0.105 -1.672 2.794 1.137
1.044 0.09 -0.101 -2.504 2.573 1.0
1.039 0.089 -0.098 -3.015 2.206 0.748
1.045 0.08 -0.094 -3.168 2.191 0.237
1.041 0.079 -0.088 -2.87 1.985 0.458
1.046 0.089 -0.094 -2.412 2.237 0.565
1.04 0.086 -0.088 -2.55 1.992 0.198
1.042 0.089 -0.096 -3.008 1.305 0.282
1.037 0.085 -0.103 -3.015 1.542 0.145
1.041 0.09 -0.097 -3.313 1.634 0.206
1.043 0.076 -0.106 -3.26 1.26 1.069
1.046 0.079 -0.108 -3.458 0.84 0.74
1.042 0.086 -0.113 -2.931 0.84 0.947
1.043 0.09 -0.103 -2.893 0.595 0.985
1.043 0.092 -0.104 -3.084 0.901 1.038
1.041 0.084 -0.114 -2.947 0.771 1.244
1.046 0.098 -0.108 -3.374 1.504 0.771
1.041 0.088 -0.107 -3.473 1.985 0.695
1.042 0.082 -0.104 -3.817 2.076 0.687
1.046 0.073 -0.098 -3.229 1.305 1.626
1.044 0.079 -0.099 -3.626 1.122 1.42
1.041 0.074 -0.083 -2.595 0.656 0.939
1.03 0.074 -0.096 -2.267 0.351 0.794
1.042 0.08 -0.108 -2.275 0.176 0.786
1.045 0.081 -0.116 -2.153 0.427 0.802
1.038 0.08 -0.114 -2.702 0.756 0.191
1.037 0.085 -0.107 -2.618 1.412 0.855
1.041 0.082 -0.097 -2.206 1.534 1.481
1.046 0.084 -0.102 -2.191 2.053 1.756
1.039 0.074 -0.083 -2.244 2.313 1.351
1.04 0.083 -0.094 -1.931 1.931 0.885
1.042 0.087 -0.101 -1.725 1.786 0.511
1.043 0.085 -0.1 -1.931 1.641 0.542
1.046 0.091 -0.104 -2.084 1.954 0.481
1.04 0.089 -0.103 -2.695 2.527 0.397