-0.075 -0.023 0.927 -5.641 -1.466 0.267
-0.072 -0.022 0.93 -3.924 -1.679 -0.008
-0.073 -0.02 0.931 -2.046 -1.893 0.817
-0.084 -0.009 0.938 -1.107 -1.962 1.015
-0.08 -0.011 0.937 -1.45 -2.298 0.794
-0.075 -0.006 0.93 -1.779 -2.809 0.176
-0.063 -0.016 0.925 -1.084 -3.939 0.359
-0.063 -0.02 0.884 -0.305 -4.168 1.565
-0.052 -0.008 0.873 -1.855 -3.198 1.481
-0.049 -0.009 0.878 -2.611 -1.595 1.389
-0.048 0.023 0.887 -3.481 -0.107 0.985
-0.054 0.013 0.904 -3.939 0.229 2.305
-0.047 -0.013 0.916 -3.511 0.672 3.153
-0.042 -0.017 0.929 -3.481 0.908 3.618
-0.046 -0.034 0.934 -4.87 0.763 2.443
-0.029 -0.049 0.955 -4.214 0.473 0.229
-0.032 -0.047 0.949 -3.267 0.511 -0.214
-0.037 -0.038 0.945 -1.214 0.053 0.13
-0.037 -0.02 0.932 -0.641 0.061 0.847
-0.032 -0.014 0.925 -0.519 -0.008 1.0
-0.025 -0.015 0.909 -0.71 0.313 0.832
-0.032 -0.015 0.901 -1.145 -0.122 0.458
-0.033 -0.012 0.905 -2.038 -0.588 -0.015
-0.042 -0.01 0.912 -2.344 -0.191 0.107
-0.042 -0.005 0.916 -2.344 -0.542 0.282
-0.047 -0.004 0.91 -3.046 -0.489 0.305
-0.063 0.003 0.914 -4.618 -0.176 -0.458
-0.06 0.007 0.923 -5.084 0.74 -0.618
-0.068 0.007 0.936 -4.672 1.115 -1.122
-0.06 0.007 0.921 -4.26 0.969 0.244
-0.062 0.008 0.913 -3.924 0.412 0.771
-0.058 0.005 0.928 -3.901 -0.053 1.55
-0.066 -0.002 0.926 -3.122 0.061 1.656
-0.066 -0.008 0.926 -2.389 0.389 2.16
-0.068 -0.003 0.916 -1.748 0.496 1.969
-0.061 -0.013 0.906 -1.87 0.298 1.763
-0.058 -0.007 0.91 -2.885 0.252 0.641
-0.07 -0.005 0.917 -3.45 0.328 -0.229
-0.067 -0.004 0.926 -4.015 -0.176 0.466
-0.075 -0.005 0.925 -3.702 0.038 1.115
-0.067 -0.01 0.94 -4.344 0.321 1.191
-0.074 -0.032 0.94 -4.229 0.863 -0.611
-0.061 -0.027 0.946 -3.908 0.145 1.015
-0.055 -0.033 0.936 -2.397 -0.42 1.122
-0.057 -0.031 0.939 -1.779 -0.985 0.885
-0.052 -0.028 0.938 -1.595 -1.542 0.344
-0.052 -0.031 0.939 -0.901 -1.756 0.229
-0.06 -0.023 0.945 -0.588 -2.13 -0.29
-0.07 -0.013 0.958 -0.267 -1.969 -0.397
-0.086 0.003 0.979 -0.313 -3.092 -0.107
-0.096 0.008 1.012 0.458 -4.481 1.26
-0.088 0.021 1.027 0.702 -6.634 2.71
-0.087 0.016 1.038 1.802 -9.084 4.321
-0.07 0.012 1.032 2.58 -11.084 5.824
-0.066 -0.003 1.034 2.374 -12.969 6.038
-0.049 -0.013 1.062 0.748 -13.473 5.359
-0.062 -0.012 1.1 -0.389 -14.389 4.076
-0.077 0.003 1.143 -1.176 -17.496 4.779
-0.082 0.023 1.188 -0.603 -21.809 4.275
-0.094 0.044 1.208 1.359 -27.947 5.641
-0.099 0.069 1.195 4.046 -33.321 7.168
-0.085 0.085 1.179 4.687 -37.115 9.779
-0.075 0.073 1.168 2.229 -39.206 11.649
-0.041 0.028 1.175 0.26 -42.71 12.221
-0.002 -0.004 1.19 0.405 -45.344 10.832
-0.015 0.009 1.232 1.618 -48.763 8.481
-0.047 0.035 1.25 2.405 -54.031 7.893
-0.054 0.059 1.259 2.382 -57.427 8.511
-0.073 0.086 1.307 1.214 -62.221 10.26
-0.078 0.096 1.327 -1.359 -66.328 12.069
-0.079 0.123 1.358 -5.542 -71.031 13.817
-0.063 0.131 1.361 -10.458 -79.145 17.832
-0.052 0.109 1.33 -15.618 -85.55 21.672
-0.042 0.083 1.323 -20.26 -91.305 25.168
-0.031 0.005 1.318 -23.023 -94.031 25.924
-0.041 -0.046 1.361 -25.038 -102.008 23.847
-0.035 -0.08 1.375 -25.061 -110.405 21.023
-0.029 -0.095 1.37 -21.679 -118.153 16.863
0.001 -0.106 1.343 -14.588 -123.427 13.191
0.023 -0.101 1.291 -4.931 -126.618 10.031
0.019 -0.052 1.263 1.725 -129.069 7.832
0.009 0.008 1.226 5.527 -132.924 7.076
0.0 0.015 1.208 7.847 -138.595 8.229
0.017 0.007 1.182 11.58 -144.214 10.847
0.021 -0.005 1.156 16.282 -147.092 12.305
0.026 0.006 1.157 19.817 -151.153 13.328
0.029 0.021 1.125 22.031 -156.992 14.779
0.046 0.017 1.058 22.901 -160.305 15.542
0.071 0.017 1.008 27.389 -163.504 19.702
0.098 0.011 0.964 31.794 -166.13 22.718
0.129 -0.053 0.96 35.542 -167.954 22.305
0.152 -0.067 0.933 39.901 -171.359 21.084
0.182 -0.057 0.842 39.16 -175.153 19.595
0.216 -0.045 0.753 36.481 -177.611 18.87
0.23 -0.044 0.705 33.977 -179.237 18.015
0.243 -0.058 0.694 32.947 -180.42 17.237
0.269 -0.102 0.686 35.092 -180.733 15.084
0.283 -0.125 0.691 37.924 -180.084 11.16
0.311 -0.123 0.645 41.763 -181.046 8.092
0.333 -0.098 0.518 45.443 -180.611 5.359
0.359 -0.056 0.466 48.183 -175.267 4.618
0.368 -0.014 0.406 50.191 -170.496 7.176
0.382 0.025 0.344 47.305 -167.015 10.321
0.412 -0.001 0.282 41.58 -165.397 12.878
0.491 -0.073 0.194 36.305 -161.45 14.305
0.539 -0.087 0.152 29.824 -155.031 11.321
0.556 -0.095 0.143 23.229 -149.282 6.786
0.568 -0.073 0.189 18.687 -143.534 2.397
0.568 -0.043 0.238 17.328 -140.015 -1.695
0.609 -0.023 0.22 17.214 -138.16 -3.321
0.682 -0.01 0.082 17.038 -133.382 -3.038
0.751 -0.029 0.033 15.969 -123.298 -2.595
0.801 0.023 -0.033 14.916 -112.168 -2.71
0.792 0.081 -0.08 6.435 -102.931 1.855
0.791 0.091 -0.024 6.412 -96.168 5.046
0.828 0.072 -0.031 2.344 -95.885 8.718
0.851 0.041 -0.002 -3.649 -91.954 9.344
0.884 -0.015 0.003 -5.588 -88.351 7.725
0.907 0.003 -0.002 -9.496 -87.107 6.344
0.932 -0.001 -0.023 -11.084 -83.145 5.191
0.962 -0.003 -0.063 -10.16 -78.008 4.13
0.96 0.031 -0.064 -7.847 -73.26 4.0
0.955 0.04 -0.052 -3.282 -69.947 5.076
0.957 0.081 -0.05 1.809 -66.084 7.122
0.967 0.115 -0.083 2.634 -64.641 10.908
0.977 0.129 -0.083 -1.389 -63.458 13.573
0.981 0.099 -0.085 -5.702 -64.504 15.046
0.987 0.096 -0.038 -9.206 -64.573 14.702
1.009 0.046 -0.039 -10.198 -66.733 13.389
1.029 0.014 -0.094 -8.947 -65.794 11.198
1.039 0.018 -0.13 -6.58 -62.786 9.473
1.051 0.041 -0.139 -5.26 -58.214 7.786
1.041 0.062 -0.141 -6.672 -55.557 7.573
1.026 0.079 -0.11 -9.718 -54.275 6.084
1.007 0.084 -0.04 -11.466 -53.71 5.42
1.019 0.072 -0.014 -9.168 -53.237 5.359
1.029 0.071 -0.013 -8.748 -50.626 4.931
1.028 0.082 -0.046 1.313 -52.557 8.947
1.019 0.089 -0.097 3.481 -53.298 12.107
1.023 0.09 -0.142 3.275 -51.252 15.053
1.021 0.068 -0.131 0.328 -50.573 17.038
1.05 0.03 -0.124 -1.756 -51.076 18.527
1.069 -0.009 -0.144 -0.962 -49.107 19.504
1.111 -0.047 -0.152 2.076 -44.527 17.924
1.106 -0.061 -0.159 5.244 -39.885 14.198
1.088 -0.041 -0.134 7.275 -37.885 10.053
1.077 -0.023 -0.157 6.069 -35.947 6.962
1.07 0.014 -0.175 2.458 -33.656 5.695
1.048 0.046 -0.159 -0.695 -32.702 7.458
1.066 0.045 -0.168 -1.992 -29.985 9.191
1.068 0.03 -0.168 -0.847 -26.107 10.664
1.067 0.031 -0.173 0.756 -21.916 10.908
1.079 0.029 -0.2 1.328 -17.603 10.466
1.061 0.031 -0.198 -0.634 -14.153 10.344
1.068 0.023 -0.174 -2.252 -12.786 11.405
1.065 0.001 -0.128 -3.55 -11.771 11.42
1.051 -0.01 -0.102 -1.618 -11.397 11.298
1.058 -0.024 -0.095 2.061 -10.405 11.092
1.06 -0.026 -0.103 6.847 -10.145 10.847
1.059 -0.002 -0.125 9.725 -10.656 11.313
1.059 0.017 -0.123 9.855 -9.366 11.046
1.057 0.021 -0.113 9.412 -9.206 11.267
1.056 0.017 -0.118 8.076 -8.794 10.237
1.049 0.021 -0.11 6.206 -7.947 9.053
1.049 0.03 -0.105 4.733 -7.023 8.718
1.044 0.031 -0.12 4.29 -6.115 9.885
1.051 0.036 -0.126 4.214 -5.275 11.145
1.051 0.033 -0.122 3.656 -2.969 12.038
1.05 0.018 -0.099 2.328 -2.038 13.466
1.042 -0.003 -0.068 0.809 -2.618 14.084
1.06 -0.042 -0.03 0.221 -4.305 13.695
1.065 -0.059 -0.05 0.382 -5.198 11.328
1.068 -0.071 -0.073 1.672 -2.198 9.656
1.079 -0.085 -0.081 4.969 -0.672 8.191
1.075 -0.065 -0.115 5.656 -0.733 5.771
1.071 -0.029 -0.125 1.443 1.947 3.748
1.057 -0.013 -0.095 -2.084 2.557 3.878
1.045 -0.026 -0.069 -4.702 1.542 3.748
1.052 -0.052 -0.054 -4.947 1.443 3.069
1.049 -0.054 -0.044 -5.122 1.931 2.031
1.054 -0.052 -0.053 -4.298 1.511 1.519
1.053 -0.033 -0.055 -3.756 1.504 0.588
1.05 -0.018 -0.044 -3.382 2.145 -0.198
1.043 -0.006 -0.061 -1.962 2.969 0.229
1.042 0.005 -0.057 -1.206 2.878 0.847
1.042 0.018 -0.059 -0.954 1.969 1.878
1.037 0.036 -0.06 -6.183 1.992 3.183
1.043 0.017 -0.059 -2.42 1.786 2.389
1.048 -0.005 -0.074 -2.168 -0.298 2.733
1.062 -0.016 -0.077 -1.313 -0.183 2.244
1.061 -0.014 -0.097 -0.359 1.061 1.985
1.051 -0.004 -0.109 -0.328 0.58 2.084
1.05 -0.0 -0.109 -2.26 1.031 2.718
1.055 -0.025 -0.086 -2.588 1.611 3.588
1.061 -0.043 -0.083 -0.962 1.672 4.031
1.065 -0.048 -0.073 0.786 2.237 3.832
1.058 -0.053 -0.072 2.252 2.939 2.863
1.058 -0.054 -0.054 3.061 2.939 2.328
1.042 -0.027 -0.052 3.275 3.481 2.252
1.048 -0.031 -0.061 2.42 3.374 2.519
1.055 -0.046 -0.067 1.183 3.519 1.977
1.051 -0.05 -0.062 0.611 3.817 1.206
1.053 -0.042 -0.057 0.183 3.687 1.313
1.054 -0.038 -0.061 -0.412 3.847 0.565
1.05 -0.032 -0.056 -0.679 3.626 -0.198
1.043 -0.032 -0.051 -0.947 3.412 -1.26
1.045 -0.011 -0.039 -2.664 2.443 -1.443
1.044 0.003 -0.04 -4.076 1.985 -1.489
1.049 -0.004 -0.045 -4.58 1.542 -0.855
1.042 -0.006 -0.04 -4.015 1.214 -0.58
1.051 -0.005 -0.054 -2.939 1.221 -0.42
1.044 -0.007 -0.057 -1.725 1.237 -0.687
1.041 0.002 -0.069 -1.344 1.069 -0.031
1.037 0.015 -0.058 -1.931 0.649 0.115
1.053 0.009 -0.081 -2.328 0.328 0.771
1.044 0.003 -0.083 -2.26 0.397 0.824
1.054 -0.004 -0.082 -2.015 0.588 1.046
1.051 -0.004 -0.081 -1.84 1.084 1.511
1.047 -0.006 -0.079 -1.0 1.794 1.985
1.048 -0.008 -0.084 -0.29 2.443 2.565
1.048 -0.01 -0.071 0.221 3.076 3.389
1.055 -0.025 -0.078 0.664 3.382 4.0
1.049 -0.026 -0.075 0.588 3.771 3.366
1.048 -0.017 -0.064 -0.344 3.733 2.756
1.048 -0.009 -0.052 -1.756 3.947 2.351
1.049 -0.028 -0.046 -2.992 3.687 2.092
1.052 -0.029 -0.033 -3.115 3.176 1.954
1.053 -0.032 -0.036 -2.634 3.473 1.504
1.046 -0.031 -0.045 -1.756 2.954 1.534
1.053 -0.021 -0.034 -1.832 3.076 1.275
1.036 -0.029 -0.035 -1.565 2.779 0.794
1.047 -0.024 -0.04 -1.267 2.321 0.779
1.049 -0.022 -0.047 -2.015 2.824 1.122
1.05 -0.024 -0.042 -1.916 1.733 1.511
1.05 -0.025 -0.036 -2.26 1.275 1.656
1.047 -0.027 -0.033 -2.435 1.0 0.969
1.045 -0.03 -0.036 -1.977 1.061 0.733
1.051 -0.031 -0.047 -0.443 0.809 1.015
1.053 -0.017 -0.063 -0.389 0.611 1.069
1.05 -0.011 -0.062 -1.595 0.664 1.496
1.044 -0.018 -0.064 -2.679 0.611 1.511
1.042 -0.026 -0.049 -3.214 0.679 1.282
1.044 -0.018 -0.055 -3.565 0.756 1.366
1.043 -0.031 -0.059 -4.13 0.076 1.702
1.051 -0.028 -0.048 -4.885 -0.611 1.115
1.047 -0.029 -0.05 -5.588 -0.626 0.229
1.056 -0.026 -0.046 -5.137 0.031 -0.534
1.059 -0.028 -0.054 -4.092 -0.053 -0.427
1.053 -0.023 -0.07 -3.282 0.679 -1.084
1.048 -0.018 -0.069 -2.221 1.534 -0.74
1.047 -0.003 -0.069 -1.305 1.893 0.168
1.043 0.01 -0.072 -1.878 2.374 0.847
1.044 0.0 -0.066 -2.099 1.87 1.977
1.052 -0.01 -0.072 -2.435 1.992 2.313
1.045 -0.013 -0.059 -2.786 2.267 2.573
1.046 -0.023 -0.048 -2.29 2.153 2.641
1.047 -0.019 -0.046 -2.031 1.649 2.397
1.05 -0.021 -0.045 -2.29 1.16 2.344
1.042 -0.026 -0.038 -2.863 0.664 1.557
1.048 -0.019 -0.04 -2.908 0.229 1.282
1.057 -0.022 -0.058 -2.893 0.504 0.939
1.047 -0.015 -0.071 -2.687 0.695 1.328
1.045 -0.021 -0.064 -2.939 0.931 1.229
1.048 -0.008 -0.063 -3.176 1.061 1.672
1.044 -0.007 -0.062 -2.84 1.252 2.237
1.046 -0.01 -0.054 -2.74 1.565 2.313
1.049 -0.013 -0.055 -2.229 1.542 2.55
1.057 -0.019 -0.059 -2.069 2.061 2.321
1.05 -0.021 -0.06 -2.015 1.687 2.252
1.043 -0.014 -0.066 -2.893 1.588 2.321
1.043 -0.016 -0.049 -2.794 2.061 3.084
1.047 -0.025 -0.043 -2.733 2.504 3.198
1.051 -0.038 -0.037 -3.046 1.74 2.718
1.051 -0.037 -0.042 -3.191 1.221 2.191
1.055 -0.042 -0.041 -2.565 0.71 1.756
1.047 -0.042 -0.045 -2.573 0.527 1.336
1.044 -0.036 -0.058 -2.695 0.931 0.916
1.047 -0.036 -0.064 -2.824 1.542 0.985
1.051 -0.033 -0.064 -3.351 1.641 1.313
1.05 -0.029 -0.052 -4.107 2.0 1.244
1.05 -0.03 -0.048 -3.794 2.008 1.229
1.05 -0.035 -0.047 -3.275 2.092 0.939
1.055 -0.039 -0.034 -3.046 1.466 0.435
1.051 -0.035 -0.043 -2.588 1.031 0.176
1.056 -0.037 -0.04 -2.084 0.786 -0.405
1.045 -0.02 -0.051 -1.893 0.351 -0.435
1.045 -0.014 -0.053 -2.046 0.595 0.053
1.045 -0.012 -0.051 -2.183 0.885 0.573
1.045 0.002 -0.044 -2.489 1.053 0.924
1.041 -0.001 -0.047 -3.076 0.779 1.481
1.049 -0.012 -0.059 -2.931 1.244 2.115
1.043 -0.014 -0.057 -3.008 1.282 2.115
1.052 -0.022 -0.057 -3.542 1.198 1.863
1.058 -0.033 -0.044 -3.076 0.641 2.198
1.055 -0.045 -0.045 -2.794 0.053 1.611
1.056 -0.039 -0.054 -2.565 -0.206 0.794
1.054 -0.036 -0.055 -2.634 0.015 0.237
1.048 -0.02 -0.056 -2.84 0.176 0.237
1.051 -0.007 -0.063 -2.687 1.0 0.595
1.049 -0.019 -0.07 -2.885 1.351 0.718
1.052 -0.016 -0.065 -2.71 2.069 1.389
1.052 -0.015 -0.053 -2.519 1.992 2.092
1.044 -0.023 -0.043 -3.229 1.939 2.267
1.049 -0.037 -0.033 -2.718 1.466 2.214
1.05 -0.035 -0.035 -2.542 1.267 1.489
1.051 -0.039 -0.033 -1.954 0.176 1.198
1.053 -0.04 -0.039 -1.74 -0.374 0.328
1.046 -0.023 -0.054 -1.534 -0.382 -0.053
1.043 -0.019 -0.061 -2.244 -0.435 0.198
1.036 -0.017 -0.061 -2.771 -0.489 0.382
1.05 -0.019 -0.058 -3.344 -0.191 0.466
1.047 -0.019 -0.067 -3.015 0.351 0.855
1.049 -0.019 -0.062 -2.893 1.153 1.122
1.044 -0.02 -0.054 -2.748 1.527 1.16
1.046 -0.021 -0.054 -3.145 1.595 0.908
1.053 -0.026 -0.053 -3.023 0.748 1.42
1.047 -0.03 -0.045 -2.885 0.794 0.763
1.046 -0.025 -0.053 -2.55 0.573 0.443
1.043 -0.019 -0.046 -1.992 0.809 0.603
1.054 -0.01 -0.05 -1.771 0.206 1.519
1.044 -0.009 -0.059 -2.481 0.221 1.534
1.05 -0.017 -0.061 -2.695 0.122 1.885
1.049 -0.025 -0.058 -2.641 0.214 2.038
1.047 -0.03 -0.04 -2.542 0.374 1.84
1.061 -0.032 -0.052 -2.458 0.267 1.542
1.057 -0.039 -0.064 -1.832 0.405 1.405
1.046 -0.032 -0.064 -1.977 0.282 0.916
1.051 -0.029 -0.061 -2.0 0.16 0.382
1.042 -0.021 -0.068 -1.901 0.664 0.366
1.045 -0.02 -0.074 -2.382 0.656 1.015
1.048 -0.021 -0.062 -2.908 1.0 1.557
1.052 -0.031 -0.06 -2.763 1.084 1.443
1.051 -0.028 -0.053 -2.252 1.45 1.519
1.049 -0.017 -0.053 -2.458 1.405 1.389
1.047 -0.02 -0.058 -3.053 1.153 1.084
1.049 -0.025 -0.051 -3.031 1.069 0.863
1.052 -0.027 -0.049 -2.458 1.084 0.687
1.052 -0.026 -0.053 -1.55 1.0 0.924
1.045 -0.028 -0.062 -1.855 1.344 0.435
1.043 -0.023 -0.057 -1.855 1.298 0.878
1.037 -0.017 -0.063 -2.542 1.786 1.359
1.047 -0.021 -0.059 -2.84 1.382 1.519
1.048 -0.031 -0.044 -3.267 1.588 1.084
1.051 -0.029 -0.05 -3.267 1.58 0.901
1.05 -0.036 -0.047 -2.771 1.519 0.55
1.052 -0.025 -0.048 -1.985 1.458 0.427
1.054 -0.019 -0.058 -2.198 1.458 0.321
1.048 -0.014 -0.064 -2.756 1.496 0.26
1.046 -0.016 -0.052 -3.298 1.481 0.42
1.045 -0.022 -0.053 -3.046 1.069 0.58
1.047 -0.025 -0.054 -2.824 0.824 0.87
1.046 -0.023 -0.052 -2.84 0.962 1.13
1.048 -0.03 -0.049 -2.336 1.191 1.527
1.048 -0.027 -0.048 -2.542 1.252 1.519
1.047 -0.03 -0.05 -2.168 1.679 1.71
1.05 -0.024 -0.056 -2.031 1.534 1.527
1.054 -0.032 -0.055 -1.519 1.481 2.084
1.057 -0.031 -0.055 -1.481 1.344 1.725
1.042 -0.035 -0.051 -2.588 1.282 0.878
1.052 -0.034 -0.04 -2.794 0.634 0.214
1.048 -0.027 -0.042 -2.649 0.885 -0.053
1.053 -0.02 -0.059 -2.473 1.305 0.344
1.046 -0.025 -0.05 -1.893 1.389 0.939
1.045 -0.013 -0.05 -2.397 1.069 0.977
1.048 -0.017 -0.049 -3.511 1.084 0.893
1.047 -0.025 -0.054 -3.481 1.092 1.115
1.048 -0.032 -0.043 -3.534 1.519 0.885
1.052 -0.038 -0.039 -2.405 1.267 1.145
1.056 -0.038 -0.045 -1.542 1.443 1.092
1.053 -0.029 -0.051 -1.122 1.71 1.023
1.045 -0.018 -0.05 -1.779 0.992 0.649
1.048 -0.019 -0.052 -2.282 0.863 0.603
1.05 -0.019 -0.072 -2.763 1.031 0.069
1.047 -0.016 -0.063 -3.366 1.244 0.038
1.049 -0.018 -0.056 -4.221 1.359 0.176
1.049 -0.017 -0.061 -3.885 2.198 0.489
1.054 -0.016 -0.062 -3.618 2.359 0.947
1.055 -0.021 -0.052 -3.496 2.573 1.0
1.055 -0.028 -0.051 -3.023 2.481 0.687
1.048 -0.025 -0.041 -2.389 2.229 0.183
1.046 -0.022 -0.049 -1.87 1.641 0.519
1.055 -0.027 -0.047 -1.87 1.878 0.382
1.048 -0.02 -0.054 -1.771 1.947 0.26
1.045 -0.014 -0.058 -1.969 1.71 0.656
1.05 -0.021 -0.05 -2.198 1.763 1.092
1.052 -0.021 -0.057 -2.534 2.023 1.298
1.052 -0.032 -0.041 -2.038 2.466 1.115
1.05 -0.025 -0.046 -1.313 2.221 1.16
1.042 -0.026 -0.034 -1.351 2.214 0.763
1.037 -0.028 -0.038 -1.321 1.336 0.947
1.044 -0.023 -0.035 -1.427 0.618 1.412
1.04 -0.028 -0.032 -1.824 0.656 1.305
1.048 -0.034 -0.032 -1.397 0.992 1.137
1.054 -0.026 -0.035 -1.466 0.794 0.985
1.044 -0.017 -0.034 -2.153 0.321 1.244
1.047 -0.017 -0.039 -2.725 -0.328 0.947
1.046 -0.023 -0.039 -3.275 -0.229 1.099
1.049 -0.027 -0.041 -3.015 0.023 1.092
1.043 -0.025 -0.049 -3.237 -0.031 1.031
1.054 -0.024 -0.049 -2.0 0.603 0.893