0.056, -0.023, 0.933, -5.603, 2.405, 2.015
0.062, -0.025, 0.951, -5.55, 1.947, 0.901
0.06, -0.021, 0.941, -5.42, 1.618, 0.786
0.062, -0.015, 0.946, -4.557, 1.733, 1.809
0.061, -0.015, 0.93, -4.603, 2.122, 2.55
0.065, -0.013, 0.933, -4.84, 1.924, 2.321
0.064, -0.009, 0.923, -5.679, 1.603, 1.733
0.068, -0.018, 0.923, -5.878, 2.374, 0.962
0.062, -0.018, 0.91, -6.107, 2.885, 1.023
0.06, -0.02, 0.926, -6.0, 3.191, 1.023
0.064, -0.025, 0.932, -5.924, 2.962, 0.74
0.067, -0.021, 0.934, -5.687, 2.0, 1.183
0.073, -0.016, 0.925, -5.924, 1.809, 1.603
0.071, -0.029, 0.923, -6.328, 1.29, 1.824
0.075, -0.026, 0.921, -6.962, 1.26, 1.099
0.069, -0.034, 0.924, -6.771, 1.351, 1.313
0.071, -0.035, 0.932, -6.71, 1.168, 0.649
0.069, -0.031, 0.939, -6.305, 1.672, 0.198
0.068, -0.024, 0.946, -6.878, 1.588, 0.092
0.068, -0.018, 0.962, -7.496, 0.649, 0.214
0.065, -0.033, 0.957, -6.214, 0.649, 1.206
0.071, -0.048, 0.96, -4.588, 0.008, 1.802
0.09, -0.048, 0.937, -3.328, 0.176, 1.55
0.085, -0.044, 0.922, -2.718, 1.183, 1.13
0.077, -0.031, 0.919, -3.221, 1.267, 0.351
0.074, -0.03, 0.912, -4.183, 1.061, 0.229
0.069, -0.026, 0.924, -5.015, 0.794, 0.885
0.069, -0.025, 0.931, -5.603, 0.55, 1.237
0.062, -0.032, 0.936, -5.802, 0.107, 1.351
0.073, -0.046, 0.94, -5.405, -0.183, 0.992
0.08, -0.043, 0.931, -3.656, 0.672, 0.74
0.081, -0.037, 0.929, -3.198, 0.206, 1.328
0.079, -0.029, 0.928, -3.038, 0.282, 1.443
0.07, -0.022, 0.919, -4.092, 0.084, 1.84
0.065, -0.027, 0.926, -4.931, 0.168, 2.084
0.064, -0.032, 0.928, -4.328, 0.183, 2.008
0.061, -0.038, 0.927, -3.29, 0.359, 1.962
0.057, -0.041, 0.933, -2.718, 0.809, 1.672
0.06, -0.023, 0.932, -3.076, 0.115, 2.313
0.059, -0.028, 0.93, -4.282, -0.427, 2.076
0.072, -0.027, 0.928, -4.672, -0.588, 1.71
0.069, -0.034, 0.93, -5.511, -0.641, 1.756
0.073, -0.039, 0.937, -5.328, -1.527, 2.237
0.074, -0.041, 0.917, -5.115, -1.29, 2.603
0.08, -0.043, 0.927, -4.252, -0.458, 2.473
0.077, -0.049, 0.924, -4.588, -0.092, 2.29
0.079, -0.054, 0.923, -4.382, -0.084, 2.412
0.083, -0.053, 0.921, -4.084, 0.015, 2.496
0.076, -0.052, 0.916, -4.015, -0.198, 2.565
0.084, -0.051, 0.925, -3.481, 0.397, 3.038
0.076, -0.05, 0.927, -3.496, 0.466, 2.901
0.077, -0.049, 0.909, -2.893, 0.863, 2.977
0.087, -0.042, 0.936, -2.725, 1.244, 2.702
0.08, -0.043, 0.935, -3.13, 1.031, 2.321
0.083, -0.041, 0.938, -3.473, 1.214, 2.183
0.087, -0.044, 0.928, -3.29, 0.924, 1.939
0.083, -0.048, 0.941, -2.351, 0.916, 2.443
0.079, -0.045, 0.942, -1.794, 1.382, 2.031
0.081, -0.046, 0.929, -1.695, 0.977, 1.855
0.085, -0.038, 0.919, -2.71, 0.244, 1.992
0.077, -0.049, 0.928, -3.542, -0.115, 2.267
0.074, -0.046, 0.925, -3.618, 0.023, 2.664
0.072, -0.038, 0.933, -3.008, 0.374, 3.366
0.073, -0.04, 0.929, -2.305, 0.519, 3.13
0.068, -0.038, 0.936, -2.679, 0.511, 2.771
0.069, -0.037, 0.928, -3.008, 0.031, 2.885
0.071, -0.043, 0.936, -3.496, -0.672, 2.977
0.063, -0.045, 0.933, -4.069, -1.198, 2.908
0.062, -0.049, 0.934, -3.374, -1.435, 2.366
0.076, -0.051, 0.928, -3.321, -1.809, 1.542
0.073, -0.039, 0.904, -2.534, -0.397, 1.733
0.063, -0.018, 0.907, -3.405, 0.305, 2.595
0.06, -0.031, 0.917, -5.313, 0.076, 3.389
0.07, -0.051, 0.932, -5.435, 0.023, 3.908
0.075, -0.059, 0.936, -3.87, -0.229, 4.359
0.059, -0.067, 0.934, -3.351, 0.023, 4.893
0.064, -0.071, 0.949, -2.947, -0.076, 4.069
0.07, -0.067, 0.947, -3.183, -0.122, 3.397
0.063, -0.066, 0.94, -2.336, -0.992, 2.939
0.068, -0.072, 0.941, -2.099, -0.534, 2.366
0.082, -0.065, 0.945, -1.893, -0.718, 1.328
0.075, -0.05, 0.931, -2.527, -0.87, 1.191
0.082, -0.053, 0.935, -2.344, -0.733, 1.405
0.074, -0.052, 0.942, -2.008, -0.595, 2.458
0.077, -0.059, 0.939, -1.603, -1.336, 2.397
0.073, -0.062, 0.947, -1.466, -1.267, 1.45
0.072, -0.054, 0.947, 0.198, -1.847, 1.351
0.071, -0.045, 0.952, 0.695, -1.893, 1.626
0.07, -0.042, 0.954, 1.443, -2.458, 1.939
0.082, -0.052, 0.938, 1.534, -2.55, 2.229
0.084, -0.057, 0.94, 1.405, -1.748, 1.267
0.09, -0.058, 0.943, 3.603, 1.641, 0.168
0.096, -0.069, 0.926, 2.427, -3.298, 0.237
0.085, -0.042, 0.932, 2.015, -3.603, 1.542
0.085, -0.036, 0.946, 1.702, -4.305, 1.305
0.097, -0.044, 0.954, 1.511, -4.511, 1.305
0.091, -0.048, 0.953, 1.817, -4.534, 1.099
0.089, -0.05, 0.954, 2.427, -4.405, 0.885
0.092, -0.048, 0.939, 2.557, -4.427, -0.305
0.097, -0.049, 0.934, 1.405, -4.695, -1.076
0.092, -0.054, 0.932, 1.466, -4.916, -1.298
0.099, -0.051, 0.937, 1.519, -5.847, -2.076
0.093, -0.045, 0.932, 1.481, -6.397, -2.664
0.094, -0.021, 0.945, 0.977, -7.153, -3.603
0.084, -0.018, 0.949, 0.87, -7.473, -3.809
0.078, -0.01, 0.975, 0.962, -8.221, -2.908
0.082, -0.01, 0.971, 1.0, -8.298, -1.634
0.083, -0.018, 0.982, 1.275, -9.053, -0.794
0.083, -0.02, 0.994, 1.595, -10.206, -0.435
0.089, -0.028, 1.004, 2.023, -11.282, -0.504
0.087, -0.023, 1.005, 3.427, -12.885, 0.069
0.077, -0.023, 1.007, 3.977, -14.191, 0.603
0.066, -0.011, 1.03, 4.0, -16.084, 0.534
0.067, -0.0, 1.041, 2.771, -18.985, 1.824
0.064, -0.005, 1.07, 1.374, -21.611, 2.229
0.058, -0.005, 1.094, -0.84, -24.58, 3.115
0.045, -0.002, 1.136, -2.374, -27.931, 3.435
0.053, 0.001, 1.167, -1.351, -31.565, 5.443
0.059, 0.012, 1.148, 0.603, -34.42, 7.71
0.02, 0.076, 1.181, 1.969, -32.084, 10.84
0.076, 0.071, 1.055, 0.718, -35.611, 16.908
0.083, 0.09, 1.034, -4.763, -37.321, 21.344
0.098, 0.069, 1.005, -11.649, -39.504, 25.511
0.129, 0.011, 1.018, -17.542, -43.687, 27.374
0.161, -0.082, 1.085, -20.313, -47.824, 25.29
0.173, -0.136, 1.146, -18.779, -51.45, 18.855
0.165, -0.115, 1.146, -13.374, -51.137, 14.603
0.128, 0.002, 1.205, -7.893, -48.542, 14.076
0.154, 0.004, 1.098, -3.786, -51.389, 18.489
0.148, 0.054, 1.08, -5.0, -54.16, 23.618
0.157, 0.064, 1.031, -13.924, -57.237, 26.985
0.198, 0.026, 1.042, -26.328, -61.931, 28.603
0.252, -0.069, 1.065, -36.702, -66.206, 26.626
0.274, -0.139, 1.099, -41.634, -70.893, 21.916
0.268, -0.158, 1.117, -42.527, -74.42, 16.519
0.272, -0.177, 1.157, -38.71, -79.573, 12.496
0.296, -0.196, 1.155, -29.153, -82.206, 10.298
0.308, -0.199, 1.15, -17.847, -83.099, 8.466
0.304, -0.164, 1.146, -6.511, -85.046, 8.412
0.33, -0.147, 1.096, 1.42, -87.16, 8.527
0.342, -0.133, 1.047, 4.626, -89.336, 7.626
0.347, -0.126, 1.048, 5.931, -92.183, 5.252
0.346, -0.126, 1.057, 7.489, -93.718, 2.748
0.347, -0.11, 1.078, 8.908, -98.275, 0.435
0.337, -0.098, 1.074, 11.664, -101.542, -0.206
0.333, -0.081, 1.094, 14.74, -104.969, -1.214
0.341, -0.084, 1.076, 17.756, -108.336, -3.595
0.338, -0.047, 1.033, 18.359, -111.412, -4.832
0.346, -0.02, 0.976, 18.641, -113.847, -5.397
0.35, -0.009, 0.923, 17.55, -114.74, -3.977
0.367, -0.013, 0.916, 18.473, -115.359, -1.542
0.362, -0.012, 0.895, 17.786, -117.947, 0.847
0.394, -0.035, 0.879, 17.183, -118.977, 2.344
0.427, -0.061, 0.866, 16.389, -120.74, 0.656
0.438, -0.068, 0.859, 16.595, -122.115, -2.053
0.453, -0.063, 0.832, 18.443, -123.267, -4.359
0.451, -0.026, 0.805, 19.092, -123.962, -5.267
0.448, -0.004, 0.778, 18.885, -125.313, -3.931
0.482, -0.013, 0.699, 18.832, -125.344, -2.305
0.511, -0.037, 0.666, 18.542, -123.244, -2.511
0.526, -0.028, 0.657, 19.153, -122.305, -1.992
0.532, -0.034, 0.636, 21.328, -120.939, -2.046
0.531, -0.02, 0.604, 24.015, -120.13, -0.687
0.548, -0.005, 0.561, 24.527, -118.412, 0.771
0.568, -0.001, 0.536, 23.214, -117.992, 2.267
0.594, -0.023, 0.531, 21.397, -117.679, 2.397
0.618, -0.023, 0.509, 20.092, -115.962, 1.695
0.631, -0.031, 0.506, 18.336, -114.672, 0.489
0.651, -0.038, 0.52, 18.115, -114.672, -0.664
0.661, -0.03, 0.491, 18.489, -115.527, -0.519
0.683, -0.04, 0.443, 18.847, -115.328, -0.191
0.711, -0.045, 0.371, 18.244, -113.13, -0.237
0.722, -0.045, 0.366, 18.084, -110.359, 0.214
0.727, -0.046, 0.356, 18.702, -108.87, 0.901
0.73, -0.044, 0.352, 20.397, -107.084, 1.779
0.756, -0.056, 0.331, 22.061, -104.267, 2.206
0.768, -0.064, 0.319, 22.756, -101.954, 0.427
0.778, -0.049, 0.326, 21.015, -100.542, -2.359
0.808, -0.038, 0.277, 18.87, -100.359, -4.45
0.812, -0.026, 0.269, 17.702, -96.695, -6.969
0.801, -0.0, 0.308, 17.649, -95.695, -7.42
0.799, 0.022, 0.297, 17.718, -96.924, -5.038
0.802, 0.047, 0.233, 16.336, -96.977, -1.733
0.818, 0.047, 0.187, 12.695, -94.198, 1.053
0.817, 0.027, 0.24, 10.183, -91.794, 2.359
0.837, 0.003, 0.273, 10.794, -92.206, 1.466
0.868, -0.015, 0.293, 13.931, -92.176, 0.282
0.886, 0.017, 0.236, 16.611, -92.183, -0.496
0.879, 0.047, 0.205, 17.763, -91.267, -0.534
0.865, 0.074, 0.215, 17.794, -89.855, 2.534
0.869, 0.089, 0.162, 16.13, -91.985, 6.824
0.878, 0.093, 0.123, 13.031, -90.16, 10.435
0.887, 0.078, 0.085, 10.267, -90.145, 13.405
0.903, 0.046, 0.059, 9.237, -85.458, 15.0
0.92, 0.023, 0.08, 9.725, -84.71, 15.374
0.936, 0.009, 0.076, 11.107, -82.656, 13.42
0.95, 0.009, 0.059, 12.939, -82.046, 12.305
0.96, 0.027, 0.028, 12.786, -80.695, 12.008
0.956, 0.04, -0.011, 11.641, -80.924, 13.527
0.965, 0.047, -0.08, 8.779, -80.672, 14.908
0.965, 0.031, -0.107, 7.183, -77.382, 15.718
0.969, 0.004, -0.118, 7.466, -73.374, 16.557
0.966, 0.006, -0.102, 8.366, -69.702, 16.389
0.983, -0.0, -0.128, 10.542, -67.908, 16.779
0.997, 0.001, -0.174, 10.115, -65.046, 16.13
0.999, 0.011, -0.168, 9.099, -61.893, 15.198
1.016, -0.003, -0.177, 9.29, -61.137, 16.16
1.013, -0.008, -0.192, 9.496, -58.511, 15.847
1.01, 0.001, -0.213, 9.687, -55.191, 15.527
1.009, 0.012, -0.233, 8.466, -53.443, 15.878
1.003, 0.005, -0.24, 6.71, -52.008, 16.458
1.012, -0.006, -0.239, 6.183, -50.321, 16.534
1.036, -0.019, -0.264, 7.519, -46.855, 16.565
1.044, -0.02, -0.267, 9.168, -42.901, 17.145
1.04, -0.012, -0.29, 10.641, -38.855, 18.229
1.036, -0.013, -0.29, 10.031, -35.725, 18.42
1.03, -0.027, -0.271, 8.489, -33.053, 17.817
1.045, -0.039, -0.258, 6.359, -31.58, 16.756
1.049, -0.056, -0.259, 5.443, -29.466, 15.153
1.063, -0.063, -0.276, 6.084, -27.206, 14.16
1.054, -0.073, -0.295, 6.069, -24.298, 13.267
1.051, -0.065, -0.286, 4.947, -21.374, 12.901
1.052, -0.059, -0.29, 3.351, -19.145, 12.802
1.052, -0.067, -0.293, 2.061, -16.58, 13.687
1.058, -0.071, -0.296, 1.282, -13.771, 14.359
1.06, -0.091, -0.255, 0.931, -11.977, 14.626
1.064, -0.103, -0.263, 0.992, -10.649, 13.687
1.055, -0.099, -0.261, -0.191, -9.511, 12.115
1.065, -0.094, -0.245, -3.214, -9.0, 9.84
1.066, -0.094, -0.257, -6.115, -7.954, 8.603
1.099, -0.113, -0.261, -8.603, -5.527, 8.809
1.074, -0.119, -0.226, -5.038, -5.595, 5.107
1.062, -0.102, -0.212, -2.992, -1.679, 3.809
1.055, -0.088, -0.205, -0.756, -1.588, 2.931
1.033, -0.066, -0.191, -1.672, -0.626, 2.992
1.048, -0.061, -0.171, -1.87, -1.374, 2.924
1.042, -0.062, -0.179, -3.473, -1.412, 3.534
1.056, -0.058, -0.148, -4.702, -2.412, 4.382
1.053, -0.069, -0.143, -5.015, -2.817, 4.382
1.052, -0.067, -0.143, -5.145, -3.817, 4.786
1.048, -0.063, -0.116, -4.542, -5.397, 4.122
1.051, -0.065, -0.127, -3.023, -5.687, 4.214
1.048, -0.065, -0.144, -1.802, -4.954, 3.443
1.048, -0.054, -0.135, -1.55, -5.305, 2.435
1.034, -0.047, -0.132, -1.679, -6.718, 1.748
1.049, -0.053, -0.152, -1.901, -6.679, 1.573
1.037, -0.028, -0.164, -0.908, -6.809, 0.366
1.033, -0.013, -0.171, -0.809, -6.389, 0.878
1.046, -0.019, -0.182, -0.931, -6.55, 2.038
1.052, -0.011, -0.21, -1.595, -4.603, 2.855
1.042, -0.005, -0.228, -3.802, -2.931, 4.58
1.04, -0.028, -0.216, -4.252, -2.786, 4.901
1.037, -0.032, -0.214, -5.008, -1.046, 5.053
1.043, -0.043, -0.185, -5.382, -1.008, 5.168
1.048, -0.055, -0.196, -4.641, -1.26, 5.282
1.046, -0.047, -0.186, -5.947, -0.427, 4.802
1.051, -0.063, -0.16, -6.198, -1.237, 4.885
1.055, -0.063, -0.173, -6.397, -1.084, 4.725
1.062, -0.079, -0.161, -5.389, -0.206, 4.115
1.052, -0.083, -0.16, -2.908, -0.321, 4.038
1.041, -0.079, -0.166, -1.74, 0.031, 4.008
1.055, -0.091, -0.179, -1.191, 0.389, 3.511
1.06, -0.101, -0.184, -1.038, 0.779, 2.206
1.061, -0.101, -0.191, -1.298, 1.916, 0.992
1.058, -0.092, -0.188, -0.473, 2.786, 0.0
1.047, -0.076, -0.182, 0.366, 4.557, -0.252
1.04, -0.056, -0.18, 0.366, 4.954, 0.13
1.029, -0.033, -0.178, -2.954, 4.588, 0.275
1.035, -0.056, -0.167, -6.214, 4.13, 0.809
1.04, -0.061, -0.15, -7.809, 3.977, 1.069
1.043, -0.068, -0.136, -8.069, 4.008, 1.008
1.041, -0.081, -0.113, -5.389, 4.099, 0.855
1.042, -0.071, -0.106, -2.878, 3.519, 0.71
1.05, -0.054, -0.125, -1.565, 3.214, 1.168
1.046, -0.047, -0.122, -1.008, 1.947, 1.221
1.04, -0.042, -0.126, -0.565, 0.954, 1.786
1.05, -0.052, -0.144, 0.191, 0.695, 2.031
1.05, -0.061, -0.149, 1.603, 0.71, 1.87
1.047, -0.052, -0.158, 2.366, 0.992, 1.733
1.054, -0.044, -0.171, 2.427, 1.031, 1.542
1.045, -0.046, -0.178, 2.0, 1.061, 1.847
1.05, -0.047, -0.193, 0.947, 1.359, 2.183
1.038, -0.044, -0.187, -1.137, -0.191, 1.962
1.045, -0.063, -0.183, -1.427, 0.069, 1.885
1.057, -0.079, -0.187, -0.695, 1.092, 0.924
1.051, -0.07, -0.174, -0.046, 2.214, 0.634
1.045, -0.063, -0.165, 0.687, 3.145, 0.458
1.044, -0.062, -0.185, -0.267, 3.824, 0.382
1.043, -0.059, -0.192, -0.626, 4.664, 0.695
1.047, -0.051, -0.178, -1.863, 5.137, 1.267
1.041, -0.046, -0.181, -3.237, 5.771, 2.168
1.058, -0.058, -0.176, -4.16, 5.916, 2.992
1.054, -0.07, -0.168, -5.321, 5.863, 3.771
1.052, -0.076, -0.158, -7.427, 6.122, 3.023
1.051, -0.09, -0.142, -8.221, 5.748, 2.634
1.053, -0.101, -0.117, -8.061, 5.443, 1.023
1.052, -0.105, -0.104, -7.511, 5.122, -0.443
1.052, -0.097, -0.116, -5.893, 4.809, -1.847
1.053, -0.081, -0.108, -3.458, 5.305, -2.489
1.049, -0.066, -0.113, -1.656, 5.565, -2.481
1.034, -0.043, -0.122, -1.794, 4.542, -1.252
1.042, -0.041, -0.103, -3.847, 3.237, -0.252
1.042, -0.045, -0.106, -4.626, 2.046, 0.122
1.046, -0.06, -0.112, -3.863, 0.794, -0.168
1.054, -0.061, -0.111, -2.191, -0.588, -0.58
1.039, -0.052, -0.132, -0.649, -1.687, -0.679
1.042, -0.037, -0.16, -0.115, -2.076, -0.939
1.034, -0.018, -0.179, -0.908, -1.137, 0.16
1.04, -0.012, -0.185, -2.153, -1.053, 1.573
1.038, -0.032, -0.173, -2.473, -0.832, 2.641
1.052, -0.053, -0.178, -1.16, 0.168, 3.061
1.056, -0.064, -0.181, 0.008, 1.382, 2.679
1.052, -0.068, -0.168, 2.496, 1.641, 2.702
1.042, -0.047, -0.188, 2.412, 1.931, 2.26
1.048, -0.044, -0.188, 1.71, 2.748, 3.168
1.038, -0.034, -0.18, -0.427, 2.725, 3.481
1.049, -0.05, -0.175, -2.26, 3.557, 3.405
1.047, -0.072, -0.158, -2.481, 3.336, 2.985
1.05, -0.076, -0.146, -2.046, 3.908, 2.076
1.045, -0.082, -0.138, -1.382, 3.885, 1.817
1.056, -0.076, -0.152, -0.664, 3.817, 1.878
1.055, -0.082, -0.156, -1.046, 3.885, 1.305
1.055, -0.084, -0.153, -1.122, 4.206, 0.519
1.055, -0.079, -0.137, -1.031, 4.748, 0.229
1.054, -0.068, -0.148, -1.763, 5.763, 0.16
1.049, -0.058, -0.141, -2.802, 6.481, 0.779
1.042, -0.055, -0.128, -4.641, 6.244, 1.458
1.045, -0.066, -0.113, -5.626, 5.733, 1.672
1.046, -0.079, -0.091, -5.573, 5.023, 1.443
1.053, -0.076, -0.071, -4.58, 4.244, 1.008
1.042, -0.066, -0.051, -3.328, 2.008, 0.565
1.044, -0.065, -0.072, -2.084, 0.878, 0.344
1.046, -0.049, -0.088, -1.863, -0.863, 0.099
1.038, -0.042, -0.109, -2.26, -2.237, 0.229
1.04, -0.037, -0.115, -2.221, -2.992, 1.015
1.042, -0.044, -0.137, -2.015, -2.832, 1.901
1.055, -0.048, -0.147, -1.725, -2.74, 2.26
1.048, -0.062, -0.165, -1.718, -2.282, 2.206
1.046, -0.061, -0.167, -1.924, -1.58, 1.687
1.04, -0.062, -0.162, -2.336, -1.336, 1.664
1.051, -0.066, -0.17, -2.588, -0.389, 2.153
1.049, -0.074, -0.172, -1.87, 1.137, 2.359
1.051, -0.066, -0.17, -2.115, 1.74, 2.16
1.065, -0.074, -0.181, -2.435, 2.176, 2.031
1.054, -0.072, -0.173, -3.305, 2.122, 1.649
1.045, -0.08, -0.175, -4.55, 2.443, 1.504
1.047, -0.073, -0.164, -5.374, 2.336, 1.29
1.049, -0.08, -0.146, -5.763, 2.908, 1.168
1.05, -0.072, -0.135, -6.664, 2.763, 1.122
1.034, -0.074, -0.116, -6.473, 2.069, 1.069
1.055, -0.087, -0.116, -5.092, 1.198, 1.031
1.057, -0.078, -0.116, -3.29, 1.099, 0.45
1.053, -0.078, -0.114, -2.45, 1.031, -0.527
1.052, -0.07, -0.112, -2.328, 0.145, -0.855
1.042, -0.052, -0.117, -3.26, 0.015, -1.107
1.042, -0.055, -0.112, -3.756, -0.817, -0.672
1.046, -0.045, -0.115, -3.557, -1.282, -0.595
1.054, -0.06, -0.136, -2.634, -1.244, 0.115
1.049, -0.049, -0.145, -2.718, -1.237, -0.115
1.039, -0.04, -0.134, -2.733, -1.359, 0.023
1.04, -0.033, -0.141, -2.901, -1.481, 1.015
1.041, -0.041, -0.148, -3.092, -1.107, 1.626
1.049, -0.044, -0.152, -3.473, -0.893, 1.634
1.046, -0.057, -0.138, -4.122, -0.634, 1.832
1.049, -0.066, -0.14, -3.435, -0.718, 2.26
1.053, -0.069, -0.139, -2.977, -0.458, 2.076
1.053, -0.075, -0.145, -2.252, 0.183, 1.611
1.051, -0.072, -0.153, -1.939, 0.282, 1.092
1.051, -0.068, -0.141, -2.046, -0.107, 1.29
1.052, -0.075, -0.156, -2.802, -0.206, 0.756
1.047, -0.079, -0.162, -3.191, -0.786, 0.183
1.059, -0.083, -0.155, -2.634, -0.901, 0.344
1.05, -0.076, -0.158, -2.359, -0.588, -0.099
1.049, -0.07, -0.154, -2.305, -0.496, -0.366
1.05, -0.063, -0.164, -2.809, -0.229, -0.229
1.056, -0.063, -0.172, -3.183, 0.359, -0.092
1.049, -0.066, -0.161, -3.29, 0.954, -0.137
1.052, -0.062, -0.154, -2.687, 1.328, -0.069
1.045, -0.06, -0.157, -2.565, 2.115, -0.206
1.041, -0.051, -0.146, -2.13, 1.947, 0.237
1.038, -0.051, -0.147, -2.13, 1.351, 0.71
1.047, -0.051, -0.135, -2.282, 0.954, 0.595
1.05, -0.055, -0.152, -2.008, 0.962, 0.214
1.054, -0.05, -0.15, -1.992, 0.962, 0.282
1.05, -0.039, -0.14, -1.534, 0.992, 0.42
1.045, -0.053, -0.145, -1.305, 1.198, 0.588
1.04, -0.047, -0.149, -1.122, 1.412, 1.168
1.039, -0.042, -0.151, -1.305, 1.153, 1.542
1.037, -0.047, -0.15, -1.74, 1.42, 2.092
1.047, -0.044, -0.144, -2.061, 1.481, 2.695
1.045, -0.054, -0.152, -2.878, 1.344, 2.71
1.052, -0.061, -0.133, -3.244, 1.504, 2.527
1.052, -0.068, -0.141, -2.618, 1.336, 1.931
1.052, -0.077, -0.131, -2.45, 1.641, 1.511
1.053, -0.079, -0.129, -1.939, 1.099, 1.191
1.05, -0.076, -0.134, -1.672, 0.763, 1.153
1.045, -0.065, -0.141, -2.099, 0.634, 1.046
1.047, -0.064, -0.14, -2.794, 0.496, 1.496
1.051, -0.06, -0.143, -3.794, 0.588, 1.275
1.052, -0.07, -0.138, -4.038, 0.664, 1.397
1.05, -0.075, -0.143, -3.748, 0.824, 1.45
1.044, -0.077, -0.127, -2.702, 0.878, 1.061
1.05, -0.083, -0.133, -1.443, 0.802, 0.977
1.054, -0.067, -0.161, -0.863, 1.153, 0.634
1.042, -0.055, -0.157, -1.435, 1.038, 0.359
1.049, -0.049, -0.156, -2.26, 0.588, 0.794
1.048, -0.05, -0.143, -3.061, 0.557, 0.809
1.048, -0.06, -0.152, -2.824, 0.908, 1.198
1.049, -0.063, -0.149, -2.366, 0.954, 1.198
1.052, -0.068, -0.145, -2.26, 0.985, 0.672
1.047, -0.062, -0.143, -2.107, 1.061, 0.649
1.044, -0.062, -0.151, -1.84, 1.13, 0.603
1.047, -0.054, -0.161, -1.779, 1.107, 1.198
1.053, -0.058, -0.158, -2.092, 1.038, 1.611
1.041, -0.06, -0.154, -2.458, 1.008, 1.084
1.044, -0.06, -0.137, -2.565, 0.985, 0.931
1.051, -0.063, -0.147, -2.466, 1.26, 1.214
1.042, -0.062, -0.147, -1.916, 1.412, 1.26
1.054, -0.066, -0.142, -1.908, 1.511, 1.489
1.052, -0.073, -0.147, -2.595, 1.336, 1.122
1.054, -0.074, -0.138, -2.893, 1.55, 1.137
1.059, -0.079, -0.137, -2.779, 1.542, 0.603
1.049, -0.073, -0.133, -2.641, 1.87, 0.084
1.054, -0.075, -0.141, -2.405, 1.702, -0.183
1.052, -0.068, -0.144, -2.649, 1.58, -0.267
1.041, -0.065, -0.142, -2.443, 1.092, -0.221
1.05, -0.058, -0.138, -2.687, 0.809, -0.13
1.047, -0.054, -0.139, -2.992, 0.901, 0.618
1.042, -0.062, -0.13, -3.725, 0.794, 0.252
1.046, -0.07, -0.128, -3.542, 0.534, 0.16
1.056, -0.076, -0.126, -3.275, 0.435, -0.183
1.055, -0.074, -0.13, -3.0, 0.351, -0.832
1.049, -0.066, -0.135, -3.145, -0.168, -0.924
1.055, -0.063, -0.145, -2.954, 0.504, -0.687
1.045, -0.058, -0.146, -3.321, 0.565, -0.885
1.05, -0.052, -0.143, -3.695, 0.687, -1.382
1.045, -0.061, -0.138, -3.931, 0.55, -1.695
1.057, -0.063, -0.148, -3.061, 0.412, -0.435
1.049, -0.061, -0.146, -2.763, 0.641, -0.664
1.041, -0.048, -0.143, -2.817, 0.481, -0.405
1.042, -0.052, -0.149, -3.069, 0.725, -0.252
1.045, -0.055, -0.147, -3.458, 0.84, -0.496
1.048, -0.06, -0.148, -2.954, 0.84, -0.435
1.048, -0.059, -0.144, -2.542, 1.275, 0.046
1.049, -0.046, -0.16, -2.366, 1.046, -0.076
1.044, -0.052, -0.152, -2.824, 1.206, -0.382
1.041, -0.042, -0.148, -3.237, 0.977, -0.053
1.043, -0.051, -0.144, -3.504, 1.267, 0.504
1.051, -0.06, -0.144, -2.863, 0.908, 0.771
1.047, -0.061, -0.149, -2.389, 0.313, 1.084
1.055, -0.068, -0.147, -1.832, 0.763, 1.061
1.038, -0.056, -0.152, -1.489, 1.038, 0.664
1.044, -0.037, -0.163, -2.214, 0.687, 0.939
