-0.031 -0.063 0.924 -1.153 -2.321 0.221
-0.029 -0.053 0.918 -2.076 -2.519 -0.45
-0.045 -0.053 0.913 -2.863 -1.55 -0.504
-0.041 -0.048 0.919 -3.145 -0.992 -0.817
-0.037 -0.062 0.925 -2.58 0.084 0.099
-0.041 -0.075 0.929 -2.893 -0.053 0.084
-0.035 -0.068 0.932 -1.878 0.13 0.198
-0.02 -0.07 0.94 -1.985 -0.282 0.076
-0.018 -0.068 0.933 -3.115 -0.893 -0.511
-0.018 -0.072 0.928 -3.679 -1.13 -0.824
-0.017 -0.06 0.933 -4.672 -1.458 -0.962
-0.023 -0.075 0.945 -3.328 -1.511 -0.916
-0.015 -0.091 0.955 -2.427 -1.656 -0.336
-0.02 -0.102 0.958 -1.366 -1.328 -1.038
-0.013 -0.106 0.959 0.824 -0.939 -1.74
-0.01 -0.102 0.944 1.931 -0.992 -2.924
-0.011 -0.085 0.936 2.458 -1.382 -3.664
-0.019 -0.077 0.923 2.374 -2.153 -4.267
-0.029 -0.052 0.921 1.824 -2.305 -4.634
-0.026 -0.047 0.931 2.588 -1.855 -4.191
-0.035 -0.047 0.907 3.153 -0.756 -2.244
-0.025 -0.047 0.902 3.824 -0.107 -1.55
-0.021 -0.03 0.898 2.71 -0.046 -1.046
-0.028 -0.022 0.897 1.015 -0.145 -1.55
-0.03 -0.02 0.904 0.16 0.443 -1.366
-0.046 -0.022 0.914 -0.74 0.977 -1.542
-0.045 -0.034 0.92 -0.595 0.969 -1.183
-0.029 -0.043 0.909 -0.374 0.794 -0.824
-0.03 -0.047 0.915 1.023 1.557 -0.779
-0.053 -0.026 0.916 0.817 0.992 -0.122
-0.051 -0.018 0.926 -0.29 -0.45 0.336
-0.046 -0.01 0.91 -1.71 -0.489 1.046
-0.053 -0.009 0.911 -3.802 -0.443 1.466
-0.057 -0.006 0.908 -6.084 -0.916 1.748
-0.054 -0.013 0.92 -7.725 -0.954 2.664
-0.043 -0.027 0.937 -7.366 -0.649 3.885
-0.036 -0.043 0.949 -7.168 -0.473 4.664
-0.036 -0.05 0.951 -7.595 -2.115 4.534
-0.03 -0.066 0.948 -7.26 -2.748 4.641
-0.015 -0.074 0.94 -6.489 -2.74 5.122
-0.01 -0.087 0.943 -6.687 -3.435 4.069
-0.013 -0.091 0.938 -6.702 -3.802 3.458
-0.01 -0.091 0.93 -5.588 -3.931 3.359
-0.01 -0.084 0.93 -4.756 -3.702 2.779
0.001 -0.091 0.93 -4.252 -4.29 1.847
-0.002 -0.082 0.922 -4.382 -5.359 0.908
0.003 -0.089 0.919 -3.771 -4.458 0.832
0.009 -0.082 0.919 -3.038 -4.191 0.366
0.006 -0.073 0.916 -2.687 -2.595 0.351
0.006 -0.071 0.921 -2.137 -2.107 0.427
0.011 -0.074 0.912 -2.427 -2.29 0.389
0.007 -0.07 0.926 -3.008 -2.695 0.168
0.009 -0.074 0.914 -2.344 -2.0 0.191
0.008 -0.072 0.92 -1.809 -1.534 0.321
0.009 -0.074 0.92 -1.275 -1.641 0.214
0.012 -0.069 0.921 -1.26 -1.427 0.168
0.001 -0.07 0.921 -1.397 -1.809 -0.107
0.002 -0.064 0.919 -2.053 -2.725 -0.603
0.003 -0.052 0.916 -2.496 -3.008 -0.847
-0.001 -0.061 0.917 -2.718 -2.87 -0.901
0.001 -0.055 0.912 -2.511 -2.015 -0.687
0.011 -0.053 0.913 -2.473 -1.137 -0.328
0.008 -0.054 0.918 -2.069 -0.405 0.45
0.012 -0.056 0.911 -2.107 0.374 0.58
0.0 -0.06 0.917 -1.672 -0.023 0.908
-0.006 -0.062 0.931 -2.145 -0.733 0.573
-0.005 -0.062 0.928 -2.16 -0.725 0.221
-0.011 -0.055 0.938 -0.985 -0.962 0.382
-0.01 -0.057 0.942 -0.328 -0.267 0.305
-0.017 -0.044 0.953 -0.366 -1.351 0.733
-0.011 -0.04 0.95 -0.504 -1.679 0.878
-0.021 -0.037 0.948 -1.405 -2.405 0.977
-0.016 -0.041 0.956 -1.58 -2.603 1.489
-0.023 -0.047 0.955 -2.198 -3.458 1.832
-0.024 -0.058 0.973 -2.046 -4.649 2.023
-0.021 -0.063 0.99 -1.809 -5.863 1.611
-0.028 -0.06 0.992 -1.527 -7.718 1.191
-0.041 -0.044 1.024 -1.901 -9.008 1.122
-0.043 -0.042 1.043 -3.641 -11.351 0.878
-0.053 -0.042 1.069 -6.153 -13.802 1.718
-0.047 -0.056 1.103 -6.855 -17.076 2.55
-0.055 -0.065 1.148 -7.481 -20.473 3.931
-0.046 -0.081 1.172 -6.252 -22.74 5.855
-0.042 -0.091 1.184 -3.191 -23.718 7.855
-0.031 -0.09 1.194 -0.42 -23.672 9.16
-0.055 -0.073 1.209 1.344 -25.374 11.176
-0.066 -0.054 1.234 -0.679 -30.145 13.267
-0.081 -0.064 1.272 -4.084 -33.954 16.496
-0.038 -0.141 1.302 -4.443 -37.519 17.496
-0.019 -0.184 1.287 -1.244 -36.282 15.237
-0.021 -0.175 1.284 3.824 -33.542 13.084
-0.04 -0.128 1.253 8.58 -32.779 13.473
-0.053 -0.08 1.186 12.794 -39.29 19.137
-0.062 -0.02 1.13 10.779 -43.321 22.809
-0.05 -0.019 1.091 6.214 -47.496 25.824
-0.022 -0.026 1.084 1.107 -52.298 27.611
-0.012 -0.039 1.097 -5.092 -55.374 27.069
-0.016 -0.035 1.136 -10.87 -60.374 24.412
-0.023 -0.044 1.152 -10.275 -64.992 25.412
-0.049 0.024 1.117 -7.344 -69.679 25.198
-0.031 -0.026 1.095 -8.58 -72.153 28.947
0.01 -0.061 1.125 -5.863 -71.603 26.168
0.093 -0.065 1.095 -8.863 -65.45 24.382
0.061 -0.09 1.179 -7.786 -73.885 25.634
0.069 -0.062 1.155 -1.588 -85.603 30.0
0.132 -0.104 1.17 8.763 -95.244 23.061
0.159 -0.085 1.106 15.947 -112.565 20.916
0.143 0.03 1.027 15.13 -102.374 21.679
0.174 0.045 0.994 9.733 -101.802 21.901
0.154 0.069 0.982 6.504 -98.412 22.58
0.163 0.049 1.02 4.664 -103.214 22.985
0.16 0.023 1.075 3.206 -114.756 23.412
0.215 -0.03 1.062 7.397 -123.458 21.84
0.223 -0.034 1.066 13.214 -129.595 16.405
0.238 -0.015 1.024 16.145 -133.359 10.29
0.25 -0.002 0.963 14.985 -137.061 5.374
0.248 0.024 0.933 11.947 -141.824 1.588
0.268 0.031 0.898 10.382 -149.214 -0.405
0.288 0.025 0.85 12.031 -150.611 -1.618
0.297 0.035 0.854 15.374 -148.489 -2.221
0.308 0.044 0.815 19.275 -148.832 -0.641
0.338 0.034 0.761 20.137 -150.13 -1.115
0.357 0.033 0.755 17.504 -152.0 -3.145
0.391 -0.002 0.707 13.282 -155.802 -6.756
0.421 -0.014 0.677 10.466 -156.847 -7.916
0.419 -0.014 0.641 10.847 -155.954 -9.206
0.417 0.019 0.666 10.115 -156.542 -9.45
0.457 -0.004 0.613 15.038 -154.763 -5.634
0.486 -0.017 0.577 20.305 -151.58 -3.015
0.502 -0.022 0.556 21.74 -148.504 -1.702
0.514 0.002 0.547 19.519 -144.656 -1.802
0.525 0.014 0.524 17.282 -142.015 -1.305
0.557 0.024 0.49 15.985 -139.282 1.321
0.593 0.012 0.421 16.42 -137.282 4.771
0.61 0.004 0.422 15.725 -134.267 6.824
0.621 -0.033 0.407 14.924 -133.13 6.924
0.648 -0.067 0.439 14.58 -132.55 3.817
0.68 -0.086 0.43 16.466 -132.397 0.931
0.656 -0.069 0.432 18.832 -132.176 -2.29
0.684 -0.027 0.382 22.58 -130.611 0.153
0.735 -0.005 0.278 22.771 -124.366 3.336
0.732 0.029 0.275 19.42 -119.145 6.634
0.74 0.021 0.289 13.641 -119.542 8.137
0.758 -0.021 0.324 9.664 -118.847 7.847
0.789 -0.05 0.313 10.366 -118.023 7.481
0.79 -0.042 0.303 13.687 -114.771 8.626
0.766 -0.014 0.306 15.374 -114.969 9.427
0.784 -0.001 0.256 11.656 -116.336 9.252
0.865 -0.074 0.217 6.649 -115.275 11.58
0.853 -0.049 0.146 1.695 -112.542 7.656
0.854 -0.066 0.151 1.947 -108.321 6.458
0.87 -0.073 0.164 5.214 -106.206 6.519
0.88 -0.054 0.147 8.595 -104.076 6.672
0.898 -0.044 0.087 10.359 -100.053 6.908
0.889 -0.019 0.096 10.931 -97.16 8.023
0.887 0.002 0.058 10.397 -97.382 9.656
0.918 -0.016 0.036 8.16 -94.55 9.443
0.946 -0.045 0.012 7.748 -92.092 10.198
0.965 -0.064 -0.038 7.412 -91.779 9.229
0.967 -0.062 -0.018 7.718 -87.969 8.779
0.972 -0.042 -0.071 9.435 -84.397 9.16
0.969 -0.026 -0.084 7.046 -80.641 8.405
0.962 -0.006 -0.065 4.779 -79.397 8.832
0.984 -0.007 -0.112 2.718 -78.908 10.412
0.994 -0.019 -0.124 0.229 -76.817 10.176
1.01 -0.045 -0.129 -0.74 -76.183 9.809
1.019 -0.057 -0.151 0.405 -73.221 8.412
1.016 -0.055 -0.145 1.947 -70.649 7.092
1.02 -0.047 -0.17 3.779 -68.489 6.13
1.033 -0.02 -0.241 3.198 -64.588 6.74
1.019 -0.006 -0.237 0.504 -60.893 6.634
1.019 -0.001 -0.215 -0.519 -58.885 6.824
1.011 -0.009 -0.16 -1.74 -57.855 5.779
1.041 -0.023 -0.174 -1.397 -57.397 5.008
1.046 -0.011 -0.206 -0.924 -55.573 5.115
1.037 -0.021 -0.188 -0.534 -53.42 4.763
1.032 -0.031 -0.203 0.649 -51.687 4.489
1.027 -0.021 -0.221 0.573 -49.725 3.947
1.022 -0.004 -0.245 -0.16 -48.053 4.595
1.047 -0.006 -0.277 -0.58 -45.145 5.656
1.051 -0.007 -0.28 -0.664 -42.458 7.137
1.056 -0.01 -0.284 -1.496 -40.244 7.45
1.066 -0.014 -0.309 -2.565 -37.13 7.382
1.056 -0.031 -0.306 -3.107 -33.405 6.969
1.063 -0.026 -0.308 -3.626 -29.908 6.191
1.057 -0.025 -0.289 -3.924 -27.084 4.969
1.046 -0.022 -0.273 -4.0 -25.931 4.756
1.056 -0.009 -0.299 -4.84 -23.336 4.931
1.061 -0.012 -0.31 -5.206 -20.305 6.168
1.064 -0.027 -0.301 -3.893 -16.649 7.588
1.075 -0.033 -0.318 -1.344 -13.092 8.366
1.075 -0.03 -0.318 -0.779 -10.267 8.153
1.054 -0.029 -0.314 -1.382 -9.046 6.824
1.063 -0.027 -0.323 -3.527 -7.771 5.664
1.038 -0.007 -0.315 -6.038 -6.45 4.878
1.097 -0.014 -0.307 -8.084 -2.901 7.168
1.114 -0.063 -0.268 -9.107 -3.87 7.779
1.058 -0.081 -0.205 -5.344 -3.901 6.74
1.069 -0.072 -0.218 -0.053 1.527 6.137
1.059 -0.073 -0.199 5.221 3.466 5.26
1.042 -0.036 -0.204 5.344 1.595 4.191
1.047 -0.028 -0.237 1.229 -2.038 2.244
1.055 -0.024 -0.249 -3.344 -3.359 0.412
1.037 -0.006 -0.264 -7.053 -2.939 -0.015
1.051 -0.022 -0.234 -8.511 -0.405 1.534
1.063 -0.055 -0.224 -8.466 1.573 1.969
1.047 -0.045 -0.189 -8.214 2.71 2.076
1.049 -0.067 -0.166 -5.687 3.137 2.809
1.056 -0.053 -0.181 -3.351 3.466 2.496
1.036 -0.033 -0.194 -1.641 3.389 0.718
1.051 -0.045 -0.171 -1.374 2.023 1.023
1.063 -0.03 -0.201 0.466 4.076 0.565
1.041 -0.008 -0.217 2.046 6.992 2.29
1.032 0.016 -0.208 1.183 6.015 3.336
1.045 -0.002 -0.209 -1.695 4.206 3.626
1.056 -0.027 -0.213 -4.099 3.374 2.786
1.044 -0.047 -0.18 -3.634 3.496 1.916
1.048 -0.034 -0.163 -1.443 4.137 1.71
1.058 -0.027 -0.199 -0.435 5.023 1.649
1.07 -0.029 -0.199 -0.504 4.824 0.809
1.057 -0.027 -0.195 -0.939 5.26 1.382
1.036 -0.015 -0.171 -1.649 5.664 1.321
1.047 -0.016 -0.17 -1.099 5.13 1.519
1.062 -0.015 -0.182 -1.313 5.802 1.26
1.046 -0.021 -0.17 -1.679 5.443 1.023
1.042 -0.008 -0.155 -1.802 5.267 1.099
1.049 -0.008 -0.164 -1.305 6.626 1.374
1.051 -0.012 -0.177 -1.817 8.321 1.687
1.04 0.001 -0.173 -3.519 8.939 2.099
1.041 -0.004 -0.159 -6.229 8.489 1.855
1.047 -0.029 -0.154 -7.718 9.191 1.573
1.042 -0.037 -0.125 -7.282 8.649 1.275
1.052 -0.044 -0.12 -7.031 8.122 0.229
1.053 -0.05 -0.116 -7.008 7.954 -0.466
1.053 -0.035 -0.119 -7.443 7.557 -0.458
1.042 -0.028 -0.105 -6.725 7.656 -0.321
1.045 -0.026 -0.099 -5.176 7.168 1.725
1.047 -0.027 -0.102 -4.099 7.031 1.847
1.049 -0.036 -0.09 -2.42 5.672 1.794
1.048 -0.037 -0.099 -0.878 4.496 1.412
1.04 -0.024 -0.105 0.26 2.351 1.298
1.041 -0.003 -0.12 0.58 1.084 1.389
1.035 0.002 -0.15 0.359 0.527 1.679
1.043 0.008 -0.165 0.649 0.481 3.191
1.042 0.007 -0.187 0.466 1.115 4.061
1.035 -0.006 -0.179 -0.053 1.366 4.901
1.047 -0.012 -0.167 -0.298 1.71 5.382
1.049 -0.022 -0.18 0.466 2.061 5.634
1.057 -0.039 -0.173 1.221 2.969 6.466
1.057 -0.038 -0.173 0.893 3.374 5.16
1.059 -0.041 -0.178 0.176 3.389 4.695
1.055 -0.032 -0.182 -0.84 4.389 3.992
1.045 -0.033 -0.148 -2.053 5.611 4.267
1.058 -0.032 -0.156 -2.084 5.115 5.206
1.057 -0.042 -0.15 -3.802 5.588 5.16
1.057 -0.052 -0.142 -4.618 5.977 5.191
1.049 -0.055 -0.121 -5.298 5.649 4.42
1.056 -0.066 -0.117 -5.557 5.214 3.328
1.061 -0.073 -0.116 -5.427 4.771 2.015
1.049 -0.071 -0.099 -4.832 4.015 0.893
1.042 -0.06 -0.105 -4.145 3.198 0.359
1.044 -0.049 -0.111 -3.382 2.634 0.344
1.051 -0.037 -0.117 -2.969 2.893 0.359
1.044 -0.031 -0.121 -3.557 2.733 0.45
1.047 -0.022 -0.131 -4.229 2.435 0.649
1.04 -0.021 -0.145 -4.71 2.26 1.519
1.04 -0.022 -0.135 -5.733 1.718 1.786
1.052 -0.029 -0.14 -6.504 0.473 2.229
1.052 -0.05 -0.148 -6.275 0.168 0.977
1.053 -0.051 -0.148 -5.389 0.229 0.191
1.059 -0.042 -0.161 -3.511 0.008 0.237
1.052 -0.029 -0.17 -2.779 0.229 -0.176
1.038 -0.012 -0.177 -1.939 0.519 0.542
1.045 -0.015 -0.168 -2.038 1.076 0.985
1.054 -0.021 -0.172 -1.588 1.87 1.969
1.05 -0.027 -0.18 -1.305 3.107 2.198
1.053 -0.024 -0.175 -0.611 4.092 2.847
1.043 -0.009 -0.184 -0.71 4.229 3.466
1.041 -0.016 -0.177 -2.565 3.893 3.672
1.046 -0.023 -0.171 -4.794 3.649 3.511
1.057 -0.031 -0.165 -7.237 4.214 3.115
1.056 -0.046 -0.144 -8.405 4.802 2.893
1.05 -0.05 -0.136 -8.13 4.641 2.466
1.053 -0.051 -0.126 -7.702 5.412 1.901
1.047 -0.059 -0.118 -6.824 5.382 1.641
1.054 -0.056 -0.106 -6.519 5.542 1.496
1.047 -0.053 -0.094 -5.947 4.679 1.962
1.048 -0.062 -0.087 -4.84 4.603 2.015
1.059 -0.058 -0.1 -4.664 4.794 1.366
1.049 -0.055 -0.082 -4.321 3.756 0.718
1.051 -0.06 -0.076 -3.214 3.198 -0.229
1.062 -0.062 -0.09 -2.023 2.947 -0.511
1.044 -0.039 -0.103 -1.817 2.237 -0.84
1.037 -0.025 -0.092 -1.947 0.771 -0.397
1.044 -0.027 -0.105 -2.122 0.74 -0.099
1.043 -0.021 -0.118 -2.679 0.534 -0.092
1.04 -0.025 -0.113 -2.763 0.221 0.168
1.046 -0.02 -0.122 -3.237 -0.45 0.244
1.048 -0.031 -0.126 -3.565 -0.687 0.137
1.039 -0.034 -0.118 -3.977 -0.656 -0.145
1.039 -0.031 -0.124 -4.313 -0.55 0.176
1.045 -0.036 -0.132 -4.695 -0.084 0.565
1.046 -0.039 -0.127 -4.542 0.061 0.84
1.052 -0.046 -0.13 -3.893 -0.435 1.038
1.056 -0.049 -0.151 -3.817 0.26 0.786
1.046 -0.048 -0.145 -3.786 0.435 0.153
1.051 -0.044 -0.139 -3.939 0.664 -0.588
1.055 -0.044 -0.147 -3.397 0.13 -0.611
1.057 -0.049 -0.163 -3.038 1.053 -0.038
1.061 -0.045 -0.154 -3.015 1.412 0.061
1.049 -0.029 -0.158 -3.565 2.275 -0.099
1.045 -0.032 -0.15 -4.26 2.718 -0.511
1.047 -0.028 -0.141 -4.137 2.634 -0.511
1.057 -0.04 -0.141 -3.191 2.664 0.099
1.05 -0.034 -0.138 -2.374 2.809 0.191
1.047 -0.03 -0.136 -1.527 2.794 0.466
1.05 -0.023 -0.144 -1.626 3.267 0.687
1.044 -0.027 -0.134 -2.321 3.168 0.031
1.044 -0.028 -0.132 -2.382 3.313 0.206
1.043 -0.026 -0.127 -2.466 3.74 0.931
1.039 -0.027 -0.118 -2.649 2.893 1.206
1.049 -0.031 -0.128 -3.489 3.053 1.069
1.053 -0.041 -0.116 -3.527 2.863 1.374
1.056 -0.038 -0.112 -3.382 2.412 1.45
1.056 -0.042 -0.101 -2.885 2.466 1.023
1.045 -0.042 -0.1 -2.221 2.924 0.527
1.052 -0.037 -0.089 -1.618 2.802 0.641
1.054 -0.037 -0.095 -1.229 2.504 0.527
1.049 -0.033 -0.111 -1.779 2.435 0.244
1.044 -0.028 -0.117 -2.542 2.168 0.252
1.047 -0.033 -0.107 -3.313 1.069 0.412
1.043 -0.035 -0.108 -3.649 0.55 1.008
1.049 -0.032 -0.117 -3.298 1.053 0.985
1.048 -0.038 -0.105 -3.26 0.573 1.069
1.05 -0.033 -0.107 -3.382 0.611 0.588
1.046 -0.044 -0.114 -3.641 0.061 0.443
1.048 -0.028 -0.122 -3.748 -0.031 0.366
1.054 -0.028 -0.12 -3.344 0.168 0.794
1.046 -0.036 -0.124 -3.679 0.504 0.878
1.047 -0.041 -0.12 -3.389 0.611 1.435
1.056 -0.042 -0.121 -2.603 0.122 1.305
1.048 -0.042 -0.133 -2.298 -0.275 1.176
1.046 -0.033 -0.123 -2.435 -0.519 0.916
1.056 -0.042 -0.135 -2.145 -0.321 0.458
1.058 -0.036 -0.137 -2.115 0.687 0.107
1.048 -0.032 -0.148 -2.29 0.527 0.076
1.057 -0.033 -0.128 -2.603 0.321 0.122
1.058 -0.031 -0.142 -2.473 0.763 -0.107
1.046 -0.029 -0.138 -2.893 0.756 -0.122
1.05 -0.031 -0.12 -3.023 0.427 0.336
1.05 -0.027 -0.137 -3.183 0.595 0.687
1.046 -0.028 -0.138 -3.008 1.389 0.718
1.044 -0.039 -0.13 -3.206 1.87 1.115
1.045 -0.037 -0.113 -3.092 1.55 1.389
1.056 -0.035 -0.12 -2.45 1.641 1.359
1.054 -0.044 -0.126 -1.863 1.916 0.748
1.041 -0.04 -0.119 -1.603 1.473 0.176
1.039 -0.025 -0.129 -1.397 1.534 0.351
1.045 -0.024 -0.119 -1.557 1.702 0.359
1.049 -0.026 -0.133 -1.84 1.588 1.191
1.052 -0.034 -0.125 -1.916 1.443 1.344
1.051 -0.032 -0.125 -2.221 1.359 1.031
1.05 -0.038 -0.119 -2.29 1.198 0.71
1.046 -0.026 -0.128 -2.29 1.817 0.321
1.047 -0.027 -0.137 -3.145 1.519 0.832
1.054 -0.029 -0.118 -3.16 1.496 1.099
1.051 -0.033 -0.113 -2.962 1.489 1.015
1.051 -0.036 -0.112 -2.374 0.763 0.687
1.055 -0.034 -0.109 -1.794 1.359 0.153
1.048 -0.034 -0.132 -1.542 1.809 -0.145
1.042 -0.024 -0.127 -2.237 1.55 0.13
1.053 -0.031 -0.138 -3.031 2.115 0.427
1.052 -0.032 -0.137 -2.939 2.076 1.015
1.049 -0.037 -0.116 -2.137 2.344 0.969
1.047 -0.036 -0.116 -2.427 2.244 0.641
1.047 -0.026 -0.114 -3.282 2.313 0.282
1.05 -0.026 -0.126 -3.16 2.145 0.771
1.046 -0.031 -0.122 -2.847 2.344 0.87
1.048 -0.041 -0.134 -2.901 1.847 1.275
1.052 -0.038 -0.136 -3.26 1.809 0.542
1.06 -0.039 -0.14 -2.878 2.137 -0.061
1.051 -0.039 -0.125 -2.466 2.542 -0.191
1.05 -0.032 -0.133 -2.038 2.656 0.137
1.043 -0.021 -0.128 -3.0 2.817 -0.313
1.051 -0.03 -0.12 -2.893 2.817 -0.038
1.053 -0.035 -0.109 -2.504 3.176 -0.275
1.045 -0.029 -0.116 -1.504 3.489 -0.031
1.052 -0.024 -0.124 -0.626 3.046 0.244
1.047 -0.021 -0.133 -0.756 3.664 0.664
1.042 -0.012 -0.118 -1.107 3.458 1.664
1.039 -0.019 -0.125 -1.908 3.473 2.122
1.05 -0.026 -0.108 -2.298 2.817 2.298
1.048 -0.032 -0.11 -2.695 2.092 2.328
1.049 -0.037 -0.101 -2.702 1.298 1.794
1.05 -0.036 -0.098 -3.924 1.336 1.031
1.058 -0.048 -0.111 -3.71 0.908 1.298
1.055 -0.053 -0.111 -3.405 1.344 1.527
1.048 -0.04 -0.1 -2.985 1.649 1.405
1.05 -0.047 -0.1 -3.191 2.107 1.084
1.052 -0.048 -0.103 -3.695 1.74 0.588