-0.007 -0.095 0.924 -4.267 -1.298 0.26
-0.001 -0.101 0.931 -4.366 -1.0 0.244
0.012 -0.108 0.929 -5.099 -1.664 0.641
0.007 -0.115 0.923 -5.496 -1.008 0.672
0.009 -0.112 0.927 -5.618 -1.053 0.359
0.014 -0.118 0.928 -4.733 0.008 1.397
0.015 -0.119 0.918 -3.817 -0.481 2.565
0.019 -0.129 0.921 -3.672 -0.718 2.748
0.031 -0.134 0.925 -2.954 -1.183 2.595
0.027 -0.129 0.921 -2.656 -0.863 1.603
0.03 -0.129 0.92 -2.855 -1.031 1.588
0.027 -0.122 0.92 -2.252 -0.992 1.832
0.03 -0.125 0.914 -1.626 -1.008 2.908
0.025 -0.116 0.913 -2.084 -1.649 2.794
0.018 -0.133 0.933 -2.176 -3.092 3.099
0.022 -0.132 0.948 -2.611 -3.13 2.672
0.014 -0.13 0.943 -2.015 -2.855 1.664
0.021 -0.124 0.943 -1.359 -1.275 1.916
0.018 -0.115 0.926 -1.183 -1.061 1.771
0.03 -0.116 0.919 -0.863 -1.496 2.366
0.027 -0.109 0.914 -1.534 -1.947 2.298
0.018 -0.113 0.917 -3.0 -2.237 1.588
0.018 -0.132 0.945 -2.153 -3.16 1.221
0.015 -0.142 0.939 -0.58 -3.542 2.298
0.018 -0.132 0.937 0.702 -3.313 1.878
0.019 -0.161 0.928 1.954 -2.389 -1.519
0.017 -0.118 0.927 0.366 -2.267 1.901
0.018 -0.123 0.94 -0.237 -1.985 1.748
0.018 -0.125 0.941 -0.397 -1.947 0.84
0.018 -0.123 0.938 -0.221 -2.084 0.053
0.021 -0.119 0.93 -0.183 -1.466 -0.695
0.025 -0.113 0.917 -0.87 -1.366 -1.519
0.025 -0.11 0.919 -1.771 -1.557 -2.229
0.022 -0.117 0.931 -1.611 -1.924 -2.107
0.021 -0.107 0.926 -0.374 -2.901 -0.763
0.022 -0.102 0.934 0.458 -2.748 0.206
0.011 -0.095 0.938 0.221 -3.328 1.595
0.026 -0.089 0.929 -0.351 -3.939 2.191
0.019 -0.095 0.933 -1.13 -4.305 2.168
0.031 -0.104 0.926 -1.649 -5.489 2.573
0.021 -0.118 0.945 -2.168 -5.992 1.687
0.024 -0.121 0.967 -2.191 -6.588 0.55
0.022 -0.127 0.981 -1.145 -7.672 0.901
0.017 -0.114 0.983 -0.115 -7.908 0.634
0.013 -0.109 1.003 0.427 -8.061 0.672
0.012 -0.113 1.013 1.198 -10.321 0.473
0.013 -0.103 1.041 1.015 -13.214 0.527
-0.0 -0.115 1.087 1.534 -17.412 0.649
-0.003 -0.134 1.125 2.489 -20.939 2.153
-0.021 -0.149 1.188 6.427 -25.29 5.069
-0.033 -0.163 1.254 10.359 -28.855 6.641
-0.058 -0.164 1.363 15.931 -34.29 5.649
-0.097 -0.169 1.455 21.977 -43.527 10.519
-0.17 -0.124 1.605 21.901 -57.153 14.641
-0.116 -0.198 1.739 21.855 -67.74 11.45
-0.14 -0.181 1.859 17.947 -79.817 11.435
-0.08 -0.21 1.916 16.031 -92.992 11.649
-0.073 -0.158 1.902 14.023 -103.008 11.389
-0.065 -0.113 1.807 11.244 -112.26 10.534
-0.072 -0.14 1.829 14.71 -119.489 12.939
-0.043 -0.162 1.741 21.015 -129.229 16.443
-0.01 -0.178 1.653 25.977 -141.55 17.458
0.015 -0.189 1.59 29.183 -148.443 12.725
0.004 -0.174 1.538 31.069 -157.496 3.473
-0.007 -0.126 1.481 33.122 -167.641 -1.061
-0.007 -0.097 1.466 38.076 -176.504 -6.809
-0.03 -0.025 1.382 45.496 -184.252 -5.511
-0.059 0.003 1.287 56.229 -190.618 -2.42
-0.061 0.068 1.178 61.954 -196.351 1.229
-0.083 0.13 1.045 62.336 -201.015 5.817
-0.054 0.158 0.948 58.863 -204.481 9.359
-0.056 0.168 0.841 56.053 -208.221 13.076
-0.047 0.179 0.784 50.603 -210.351 16.321
-0.007 0.179 0.703 41.763 -213.023 18.718
0.013 0.204 0.679 29.42 -214.244 20.656
0.036 0.186 0.628 21.672 -215.664 19.809
0.075 0.143 0.545 19.45 -215.725 23.641
0.116 0.096 0.505 20.924 -213.763 26.458
0.164 0.059 0.465 19.679 -212.786 27.092
0.218 0.04 0.419 15.13 -211.557 25.718
0.284 -0.018 0.371 13.214 -210.191 22.756
0.306 -0.043 0.365 13.809 -207.412 20.099
0.329 -0.075 0.348 18.672 -208.519 18.962
0.344 -0.068 0.308 21.496 -206.282 16.275
0.355 -0.039 0.257 20.985 -205.901 13.534
0.409 -0.013 0.166 14.107 -207.473 12.321
0.448 -0.023 0.19 3.458 -208.198 15.916
0.462 0.016 0.045 -3.038 -203.473 12.893
0.501 -0.004 0.004 -4.58 -193.466 13.45
0.524 0.011 -0.044 -9.374 -195.015 14.786
0.583 -0.073 -0.032 -12.527 -199.779 11.412
0.634 -0.088 -0.081 -13.748 -195.176 9.916
0.69 -0.094 -0.138 -7.626 -184.74 10.992
0.726 -0.093 -0.165 -0.29 -177.45 12.466
0.77 -0.069 -0.23 2.237 -168.076 15.252
0.772 -0.051 -0.296 1.786 -158.191 16.756
0.801 -0.065 -0.296 1.29 -148.908 19.275
0.851 -0.037 -0.365 -2.321 -139.443 21.344
0.891 -0.05 -0.387 -5.237 -130.786 23.496
0.92 -0.118 -0.336 -3.305 -123.069 23.008
0.949 -0.182 -0.313 3.061 -116.374 18.817
0.999 -0.2 -0.332 9.718 -110.435 12.679
0.974 -0.148 -0.345 11.679 -107.885 6.809
0.995 -0.06 -0.417 12.008 -104.542 5.198
0.992 -0.013 -0.504 8.794 -100.305 5.29
0.976 -0.008 -0.469 3.443 -95.412 3.557
0.984 -0.011 -0.452 1.649 -91.824 3.443
1.019 -0.018 -0.497 5.252 -83.824 5.29
1.02 0.021 -0.538 8.16 -77.359 8.809
1.007 0.046 -0.555 6.252 -70.588 11.565
0.996 0.043 -0.537 -0.71 -67.496 12.573
1.019 -0.003 -0.545 -8.916 -64.985 10.985
1.05 -0.065 -0.5 -14.275 -60.092 8.748
1.08 -0.099 -0.469 -12.237 -54.824 6.817
1.104 -0.115 -0.503 -5.573 -47.115 5.87
1.088 -0.1 -0.478 1.13 -39.313 4.87
1.061 -0.056 -0.477 5.305 -32.397 4.366
1.042 -0.015 -0.493 6.992 -27.71 6.305
1.046 -0.016 -0.504 9.023 -23.008 8.649
1.032 0.003 -0.486 9.992 -18.656 9.985
1.037 0.016 -0.472 6.198 -16.527 9.87
1.043 0.002 -0.47 1.84 -14.038 10.763
1.045 -0.013 -0.438 -0.786 -11.443 11.534
1.047 -0.04 -0.404 -1.595 -8.863 12.534
1.055 -0.055 -0.396 -1.733 -6.427 12.481
1.056 -0.083 -0.364 -3.435 -5.145 10.534
1.06 -0.081 -0.328 -4.443 -5.298 8.267
1.075 -0.103 -0.334 -3.397 -3.008 6.603
1.068 -0.107 -0.323 -2.588 -1.611 6.191
1.069 -0.109 -0.302 -5.328 -2.214 4.198
1.067 -0.117 -0.273 -8.031 -2.176 1.023
1.053 -0.107 -0.268 -8.366 -0.023 -2.153
0.966 -0.068 -0.227 -7.847 2.351 -1.74
1.06 -0.098 -0.237 -11.489 -0.985 0.137
1.086 -0.181 -0.151 -3.763 4.435 0.901
1.061 -0.143 -0.188 5.29 7.985 -0.885
1.055 -0.1 -0.195 8.053 5.557 -3.779
1.048 -0.052 -0.201 5.947 0.382 -5.031
1.057 -0.012 -0.229 3.137 -3.603 -5.641
1.048 -0.049 -0.218 1.45 -7.412 -6.954
0.999 0.036 -0.272 -1.832 -0.504 -7.939
0.979 0.096 -0.24 -5.794 0.359 -4.389
1.022 0.041 -0.263 -13.473 -5.313 -1.618
1.065 -0.063 -0.212 -14.481 -10.458 -2.641
1.071 -0.115 -0.182 -3.809 -3.71 -3.794
1.031 -0.027 -0.213 5.977 2.366 -2.771
1.032 0.034 -0.267 5.191 -1.336 -2.023
1.021 0.034 -0.286 -2.214 -2.779 -3.145
1.023 0.014 -0.289 -5.412 -1.664 -1.878
1.01 0.036 -0.279 -7.802 1.176 -0.435
1.017 0.026 -0.264 -9.634 2.389 0.985
1.018 -0.006 -0.224 -9.481 3.595 1.58
1.039 -0.029 -0.232 -6.359 4.687 2.893
1.048 -0.019 -0.244 -3.588 6.107 3.244
1.046 -0.01 -0.244 -2.58 7.298 3.58
1.044 0.002 -0.261 -2.55 7.656 3.313
1.046 0.01 -0.274 -2.565 8.252 2.969
1.003 0.06 -0.314 -4.55 13.893 3.824
1.041 -0.026 -0.263 -6.069 6.595 7.328
1.07 -0.061 -0.286 -4.527 7.832 4.489
1.06 -0.066 -0.25 0.542 12.794 3.351
1.051 -0.057 -0.249 5.756 16.397 4.58
1.033 -0.03 -0.233 7.931 13.969 4.412
1.058 -0.037 -0.274 4.618 7.321 2.84
1.063 -0.054 -0.266 -0.908 4.107 -0.565
1.047 -0.06 -0.241 -3.015 3.603 -1.649
1.061 -0.054 -0.229 -3.489 5.145 -1.0
1.048 -0.059 -0.231 -5.214 6.389 -1.038
1.053 -0.06 -0.203 -7.672 7.084 -1.664
1.055 -0.074 -0.199 -8.527 6.679 -2.397
1.049 -0.079 -0.181 -6.588 8.183 -3.366
1.033 -0.054 -0.162 -4.901 8.458 -3.832
1.03 -0.031 -0.152 -4.443 8.511 -2.939
1.032 -0.024 -0.155 -3.435 8.099 -1.809
1.032 -0.014 -0.146 -2.42 7.962 -0.626
1.033 -0.015 -0.13 -0.687 7.802 -0.015
1.029 -0.011 -0.138 0.58 6.985 0.008
1.04 0.003 -0.167 1.504 6.55 0.145
1.036 0.026 -0.197 1.55 6.809 0.893
1.035 0.037 -0.214 0.42 5.84 1.947
1.024 0.035 -0.222 -0.939 5.061 3.122
1.03 0.027 -0.22 -1.557 6.038 4.573
1.033 0.016 -0.227 -2.092 6.786 5.145
1.041 0.003 -0.227 -1.702 7.527 6.397
1.054 -0.014 -0.21 -0.687 6.817 7.557
1.057 -0.032 -0.207 0.656 7.122 7.786
1.057 -0.054 -0.177 1.42 6.84 7.771
1.052 -0.065 -0.173 1.748 6.481 6.504
1.06 -0.063 -0.172 2.405 6.359 6.13
1.047 -0.058 -0.167 2.466 6.115 5.603
1.044 -0.068 -0.168 1.962 5.603 4.794
1.045 -0.072 -0.172 0.198 4.969 3.107
1.041 -0.067 -0.177 -1.534 5.237 2.13
1.052 -0.072 -0.166 -2.878 5.45 1.542
1.044 -0.061 -0.168 -4.542 4.992 1.679
1.037 -0.062 -0.168 -5.634 4.29 1.282
1.051 -0.064 -0.174 -6.756 3.977 1.29
1.049 -0.067 -0.171 -7.832 3.878 1.015
1.051 -0.073 -0.168 -8.038 4.122 0.427
1.048 -0.072 -0.152 -6.321 4.366 -0.145
1.057 -0.058 -0.17 -5.405 5.038 -1.038
1.041 -0.054 -0.161 -5.382 4.656 -2.099
1.052 -0.047 -0.161 -4.656 4.023 -2.618
1.051 -0.032 -0.179 -4.122 2.824 -2.084
1.044 -0.009 -0.19 -4.87 2.855 -1.855
1.043 -0.004 -0.186 -5.87 1.832 -1.198
1.035 -0.007 -0.178 -6.191 1.847 -0.763
1.04 -0.015 -0.163 -4.954 1.344 -0.26
1.044 -0.016 -0.177 -3.397 1.649 -0.13
1.043 -0.015 -0.183 -2.916 2.115 -0.198
1.038 -0.018 -0.174 -3.122 1.779 0.328
1.044 -0.009 -0.182 -3.298 1.573 -0.191
1.039 -0.014 -0.195 -4.214 1.344 -0.183
1.039 -0.021 -0.195 -4.534 1.916 0.427
1.046 -0.024 -0.192 -4.084 2.214 1.58
1.048 -0.022 -0.197 -4.84 2.794 1.916
1.049 -0.03 -0.194 -5.206 3.107 2.046
1.055 -0.044 -0.184 -4.947 3.779 2.244
1.048 -0.041 -0.182 -4.176 4.794 2.42
1.053 -0.042 -0.182 -2.817 4.771 2.405
1.053 -0.036 -0.181 -3.168 4.206 1.939
1.047 -0.032 -0.175 -4.534 3.733 1.611
1.054 -0.042 -0.166 -4.405 3.321 1.26
1.051 -0.043 -0.167 -3.435 3.55 1.565
1.057 -0.039 -0.174 -2.489 3.962 1.664
1.049 -0.042 -0.166 -2.023 3.229 1.053
1.045 -0.034 -0.162 -2.221 2.397 1.046
1.04 -0.034 -0.168 -2.405 2.489 1.061
1.046 -0.029 -0.183 -2.962 2.389 1.374
1.033 -0.019 -0.171 -4.221 3.183 1.336
1.042 -0.042 -0.151 -4.779 2.656 1.573
1.05 -0.04 -0.153 -4.267 2.305 1.458
1.048 -0.05 -0.148 -2.679 2.427 1.702
1.047 -0.046 -0.137 -0.542 2.588 1.374
1.045 -0.044 -0.135 1.076 2.863 0.763
1.042 -0.033 -0.157 1.817 2.099 0.771
1.044 -0.021 -0.16 0.504 1.939 0.45
1.045 -0.025 -0.155 -0.473 1.069 0.573
1.043 -0.029 -0.16 -1.153 0.771 0.313
1.048 -0.031 -0.16 -0.191 0.527 0.679
1.047 -0.022 -0.167 0.16 0.656 0.809
1.04 -0.025 -0.175 0.267 0.954 1.931
1.045 -0.032 -0.172 -0.198 0.473 1.695
1.047 -0.031 -0.171 -1.122 -0.031 1.275
1.048 -0.034 -0.179 -2.053 -0.046 1.084
1.052 -0.039 -0.187 -1.557 0.031 1.328
1.041 -0.036 -0.183 -2.313 0.901 1.489
1.049 -0.041 -0.171 -2.267 0.802 1.603
1.051 -0.05 -0.181 -2.481 1.008 0.733
1.048 -0.045 -0.172 -3.321 1.45 -0.092
1.047 -0.052 -0.175 -3.084 1.832 -0.244
1.055 -0.045 -0.177 -2.733 2.695 -0.489
1.055 -0.045 -0.174 -2.519 2.511 -0.71
1.038 -0.038 -0.163 -2.466 2.458 -0.718
1.04 -0.041 -0.156 -2.45 1.947 -0.313
1.046 -0.035 -0.172 -2.26 2.023 -0.153
1.038 -0.033 -0.161 -2.664 1.466 -0.458
1.049 -0.037 -0.154 -3.046 1.214 -0.481
1.045 -0.037 -0.157 -3.26 1.702 -0.634
1.05 -0.038 -0.153 -3.061 2.214 -0.695
1.047 -0.031 -0.153 -2.687 1.832 -0.725
1.044 -0.033 -0.158 -2.55 1.634 -0.527
1.051 -0.03 -0.157 -1.786 1.244 -0.511
1.04 -0.015 -0.143 -1.817 1.718 -0.389
1.042 -0.022 -0.144 -1.672 1.374 -0.107
1.053 -0.021 -0.161 -1.137 1.374 0.237
1.05 -0.013 -0.168 -0.763 1.618 0.885
1.038 -0.002 -0.18 -1.756 1.076 1.198
1.04 -0.005 -0.177 -2.855 1.069 1.901
1.035 -0.014 -0.172 -3.748 1.473 2.206
1.05 -0.038 -0.167 -4.405 1.649 2.786
1.056 -0.057 -0.171 -4.374 1.359 2.412
1.056 -0.058 -0.171 -3.244 1.344 1.985
1.047 -0.052 -0.165 -2.557 1.397 1.779
1.053 -0.046 -0.173 -2.183 1.29 1.313
1.052 -0.051 -0.169 -1.802 1.641 0.649
1.053 -0.048 -0.167 -0.924 1.817 0.832
1.049 -0.034 -0.17 -1.16 1.473 0.519
1.038 -0.032 -0.169 -1.534 1.466 0.878
1.045 -0.027 -0.174 -1.687 1.588 1.695
1.047 -0.03 -0.163 -2.366 1.252 2.336
1.049 -0.045 -0.165 -2.702 1.107 1.748
1.05 -0.051 -0.152 -3.191 0.229 1.382
1.059 -0.048 -0.165 -2.763 0.145 0.756
1.05 -0.04 -0.16 -2.695 0.443 0.55
1.044 -0.035 -0.162 -3.214 0.176 0.313
1.047 -0.03 -0.169 -3.214 0.771 0.244
1.047 -0.026 -0.161 -3.145 1.237 0.489
1.045 -0.024 -0.171 -3.137 1.366 0.672
1.043 -0.024 -0.154 -3.481 1.031 0.802
1.045 -0.031 -0.169 -3.794 1.26 0.87
1.046 -0.023 -0.165 -4.084 1.0 0.443
1.044 -0.033 -0.165 -4.16 0.626 0.71
1.044 -0.033 -0.16 -4.13 0.389 0.626
1.052 -0.044 -0.161 -4.504 0.267 0.641
1.042 -0.035 -0.161 -4.893 0.092 0.137
1.044 -0.04 -0.159 -4.908 0.382 0.229
1.06 -0.043 -0.154 -3.924 0.229 0.305
1.047 -0.038 -0.153 -2.809 1.023 -0.115
1.045 -0.041 -0.153 -1.366 0.725 0.023
1.043 -0.022 -0.162 -0.817 0.412 0.321
1.04 -0.013 -0.176 -1.924 0.618 0.939
1.032 -0.01 -0.174 -2.847 0.382 1.359
1.047 -0.027 -0.165 -3.809 0.435 1.466
1.048 -0.038 -0.172 -3.565 0.229 1.443
1.051 -0.046 -0.167 -2.695 0.878 1.023
1.047 -0.036 -0.168 -2.282 0.916 0.687
1.045 -0.037 -0.179 -2.214 0.832 0.275
1.05 -0.026 -0.175 -1.71 0.359 0.725
1.046 -0.032 -0.184 -2.084 1.511 1.214
1.039 -0.03 -0.168 -2.015 1.878 1.733
1.047 -0.035 -0.168 -1.771 1.695 1.885
1.039 -0.03 -0.166 -2.0 1.328 1.687
1.047 -0.033 -0.154 -2.145 1.84 1.634
1.054 -0.03 -0.164 -1.756 2.061 1.618
1.05 -0.032 -0.167 -2.336 1.779 1.557
1.051 -0.031 -0.17 -2.107 1.641 1.947
1.042 -0.033 -0.155 -2.496 1.382 1.947
1.045 -0.033 -0.159 -2.817 1.901 2.053
1.047 -0.04 -0.157 -2.45 1.649 2.069
1.045 -0.035 -0.151 -1.954 1.336 1.687
1.052 -0.037 -0.162 -1.855 1.42 1.718
1.044 -0.031 -0.166 -2.344 1.275 2.053
1.048 -0.042 -0.15 -3.16 1.122 1.756
1.043 -0.048 -0.141 -2.626 1.656 1.389
1.059 -0.043 -0.156 -1.794 1.267 1.252
1.046 -0.039 -0.157 -2.45 1.008 0.466
1.051 -0.034 -0.143 -1.992 -0.046 0.565
1.05 -0.033 -0.167 -1.786 0.328 1.084
1.041 -0.023 -0.165 -2.282 0.618 1.389
1.04 -0.029 -0.16 -2.511 0.267 1.878
1.05 -0.036 -0.165 -2.504 0.893 1.763
1.047 -0.041 -0.162 -2.496 1.046 1.458
1.048 -0.041 -0.169 -2.809 0.763 1.092
1.046 -0.039 -0.156 -2.756 0.74 1.191
1.054 -0.037 -0.165 -2.137 0.947 1.237
1.052 -0.039 -0.167 -2.145 1.0 1.038
1.045 -0.031 -0.171 -3.282 0.71 0.321
1.043 -0.029 -0.164 -3.595 0.87 0.115
1.038 -0.023 -0.162 -3.0 1.679 0.756
1.04 -0.024 -0.162 -2.939 1.649 1.13
1.047 -0.031 -0.167 -3.008 1.061 1.29
1.052 -0.045 -0.16 -3.13 1.0 1.237
1.049 -0.036 -0.162 -2.924 0.779 1.13
1.046 -0.036 -0.151 -2.908 1.145 0.916
1.047 -0.034 -0.168 -2.87 1.183 1.198
1.044 -0.035 -0.162 -3.038 1.389 0.824
1.05 -0.044 -0.161 -2.557 0.916 1.092
1.047 -0.04 -0.165 -2.397 1.359 1.015
1.054 -0.036 -0.163 -2.168 1.519 0.977
1.048 -0.036 -0.165 -2.282 1.504 1.061
1.049 -0.034 -0.174 -2.695 1.573 0.916
1.039 -0.034 -0.172 -2.786 2.053 0.901
1.036 -0.032 -0.175 -2.901 2.412 1.176
1.046 -0.035 -0.18 -3.237 3.313 1.405
1.052 -0.047 -0.182 -2.634 3.481 2.191
1.049 -0.045 -0.158 -2.221 3.42 1.817
1.049 -0.053 -0.167 -1.664 3.626 1.496
1.047 -0.05 -0.152 -1.466 2.908 1.198
1.047 -0.036 -0.163 -2.198 2.802 0.443
1.042 -0.039 -0.167 -2.847 2.931 -0.427
1.052 -0.029 -0.156 -2.092 2.962 0.496
1.048 -0.02 -0.169 -2.71 3.115 0.611
1.032 -0.022 -0.157 -2.557 2.809 1.191
1.046 -0.035 -0.161 -2.527 3.382 1.45
1.053 -0.033 -0.163 -2.504 3.718 1.756
1.049 -0.036 -0.159 -2.328 3.71 1.496
1.047 -0.03 -0.156 -2.71 3.817 1.321
1.047 -0.037 -0.156 -2.809 3.908 2.099
1.043 -0.033 -0.15 -2.855 3.229 2.069
1.048 -0.037 -0.147 -3.603 3.252 1.641
1.05 -0.041 -0.15 -3.618 2.992 1.885
1.048 -0.046 -0.147 -3.473 2.977 1.664
1.052 -0.043 -0.147 -3.0 3.511 1.267
1.05 -0.041 -0.153 -3.099 3.649 1.092
1.051 -0.037 -0.15 -3.634 3.321 0.779
1.046 -0.045 -0.15 -3.42 2.962 1.023
1.05 -0.034 -0.151 -3.053 2.809 0.985
1.049 -0.035 -0.156 -3.183 2.924 1.122
1.042 -0.035 -0.147 -3.824 2.458 0.771
1.051 -0.036 -0.154 -4.344 3.244 0.992
1.044 -0.039 -0.151 -4.046 3.473 0.931
1.038 -0.043 -0.139 -3.824 2.992 0.588
1.055 -0.051 -0.146 -3.489 2.649 0.069
1.05 -0.048 -0.147 -2.573 2.985 0.0
1.045 -0.035 -0.152 -2.145 2.298 0.305
1.048 -0.025 -0.156 -2.458 2.771 0.55
1.042 -0.026 -0.149 -2.382 2.824 0.885
1.036 -0.03 -0.15 -2.618 3.061 0.626
1.04 -0.035 -0.148 -2.214 3.015 1.092
1.044 -0.033 -0.158 -1.786 2.74 1.786
1.043 -0.032 -0.151 -2.115 2.924 1.702
1.045 -0.041 -0.162 -2.198 3.084 1.565
1.047 -0.045 -0.146 -2.168 3.534 1.344
1.052 -0.044 -0.144 -1.29 3.115 1.588
1.053 -0.039 -0.145 -0.511 2.985 1.405
1.047 -0.017 -0.143 -1.588 2.145 1.107
1.042 -0.015 -0.15 -3.183 1.679 1.618
1.044 -0.028 -0.132 -4.542 1.58 2.244
1.058 -0.051 -0.13 -5.328 1.885 2.115