0.052, -0.046, 0.939, -4.206, 0.45, -4.824
0.043, -0.037, 0.935, -5.092, -0.618, -4.649
0.052, -0.045, 0.931, -5.153, -0.214, -4.557
0.047, -0.048, 0.932, -5.092, 0.947, -3.832
0.036, -0.058, 0.931, -4.756, 1.511, -4.969
0.036, -0.065, 0.936, -3.794, 1.168, -5.435
0.036, -0.049, 0.955, -3.069, 0.565, -6.443
0.043, -0.043, 0.952, -3.122, -0.351, -7.366
0.036, -0.039, 0.95, -4.252, -1.053, -7.031
0.051, -0.033, 0.942, -4.695, -1.84, -7.076
0.05, -0.034, 0.936, -5.382, -2.344, -7.229
0.051, -0.034, 0.92, -5.771, -1.229, -6.053
0.038, -0.042, 0.924, -4.534, -2.099, -6.366
0.038, -0.034, 0.925, -4.748, -2.153, -6.244
0.032, -0.036, 0.94, -4.847, -2.023, -5.084
0.046, -0.044, 0.938, -4.481, -1.748, -4.351
0.052, -0.05, 0.931, -4.183, -2.053, -3.893
0.056, -0.053, 0.919, -4.412, -1.771, -3.962
0.051, -0.055, 0.931, -4.84, -2.031, -4.718
0.049, -0.05, 0.937, -4.13, -2.092, -4.611
0.052, -0.049, 0.932, -3.542, -1.748, -4.168
0.059, -0.04, 0.934, -3.809, -1.099, -4.313
0.061, -0.043, 0.927, -4.656, -1.16, -4.321
0.063, -0.037, 0.938, -5.267, -1.405, -4.076
0.066, -0.032, 0.939, -5.321, -2.092, -3.618
0.074, -0.027, 0.936, -5.725, -2.366, -2.42
0.068, -0.031, 0.93, -5.939, -2.794, -1.756
0.073, -0.038, 0.925, -4.527, -2.237, -0.969
0.07, -0.043, 0.924, -3.893, -2.237, -0.588
0.07, -0.045, 0.922, -4.649, -2.656, -0.74
0.072, -0.053, 0.925, -4.366, -2.588, -0.901
0.073, -0.064, 0.933, -3.153, -2.336, -1.031
0.068, -0.05, 0.926, -1.817, -1.641, -0.924
0.057, -0.044, 0.92, -1.023, -0.527, -0.656
0.062, -0.02, 0.909, -1.466, -0.885, 0.16
0.06, -0.014, 0.907, -2.893, -0.183, 1.336
0.055, -0.019, 0.916, -4.366, 0.145, 2.099
0.059, -0.036, 0.918, -6.122, -0.198, 1.779
0.061, -0.042, 0.918, -7.542, 0.191, 1.397
0.061, -0.07, 0.941, -7.153, -0.198, 0.969
0.047, -0.063, 0.948, -5.962, -0.832, 0.71
0.059, -0.063, 0.946, -5.595, -0.985, 0.855
0.052, -0.063, 0.956, -5.588, -1.634, 0.275
0.057, -0.067, 0.965, -4.992, -1.977, -0.351
0.063, -0.067, 0.957, -4.137, -2.557, -0.412
0.067, -0.068, 0.953, -3.023, -3.275, 0.328
0.063, -0.046, 0.955, -3.298, -3.656, 0.878
0.075, -0.053, 0.932, -2.542, -3.931, 1.672
0.077, -0.056, 0.915, -2.328, -4.634, 1.794
0.076, -0.047, 0.896, -3.29, -3.519, 2.145
0.07, -0.044, 0.893, -4.977, -2.71, 2.321
0.083, -0.053, 0.89, -7.038, -2.359, 2.969
0.083, -0.076, 0.878, -7.45, -2.313, 3.053
0.075, -0.06, 0.888, -7.427, -1.733, 3.046
0.063, -0.068, 0.884, -7.519, -0.718, 4.023
0.068, -0.069, 0.88, -8.214, 0.046, 4.313
0.063, -0.083, 0.908, -9.305, 0.641, 4.229
0.061, -0.096, 0.925, -8.519, 0.832, 4.634
0.058, -0.11, 0.94, -7.13, 0.901, 4.779
0.071, -0.12, 0.939, -6.221, 1.145, 4.115
0.064, -0.111, 0.951, -6.168, 0.855, 3.015
0.071, -0.103, 0.941, -5.763, 0.931, 2.26
0.064, -0.108, 0.945, -4.878, 0.84, 1.756
0.069, -0.109, 0.936, -3.282, 0.534, 1.725
0.076, -0.108, 0.936, -1.573, 0.031, 0.542
0.064, -0.09, 0.928, -1.595, -0.534, 0.031
0.077, -0.071, 0.926, -2.107, 0.0, 0.267
0.064, -0.072, 0.922, -2.725, 0.366, 0.221
0.073, -0.066, 0.909, -3.45, 0.023, 0.45
0.077, -0.073, 0.919, -3.756, 0.183, 0.519
0.079, -0.086, 0.915, -3.565, -0.069, 0.802
0.083, -0.08, 0.912, -2.679, 0.809, 0.534
0.074, -0.072, 0.923, -2.534, 1.008, 0.069
0.071, -0.07, 0.929, -3.0, 0.939, 0.092
0.07, -0.068, 0.926, -2.87, 1.779, 0.168
0.078, -0.07, 0.937, -1.695, 2.053, 1.427
0.065, -0.081, 0.927, -1.481, 1.809, 1.519
0.076, -0.067, 0.929, -1.29, 1.534, 1.366
0.073, -0.062, 0.928, -1.489, 0.985, 1.473
0.065, -0.053, 0.923, -1.435, 1.053, 2.046
0.072, -0.052, 0.931, -1.931, 0.351, 2.107
0.067, -0.064, 0.921, -2.023, 0.427, 2.718
0.071, -0.071, 0.93, -1.672, 0.252, 3.046
0.068, -0.07, 0.934, -1.649, 0.656, 2.855
0.062, -0.073, 0.935, -1.87, 0.122, 2.748
0.064, -0.073, 0.937, -2.496, 0.092, 2.656
0.071, -0.071, 0.931, -2.069, 0.29, 3.061
0.071, -0.085, 0.936, -1.603, -0.038, 3.489
0.074, -0.088, 0.932, -1.809, -0.069, 2.756
0.075, -0.087, 0.923, -1.802, -0.084, 2.313
0.068, -0.081, 0.924, -1.924, -0.298, 2.359
0.067, -0.077, 0.921, -2.611, -0.313, 2.282
0.071, -0.07, 0.927, -2.374, -0.008, 2.656
0.062, -0.082, 0.925, -2.74, 0.053, 2.672
0.069, -0.084, 0.941, -2.786, -0.573, 2.382
0.068, -0.095, 0.929, -2.748, -0.863, 1.794
0.077, -0.091, 0.933, -2.153, -1.069, 1.42
0.072, -0.087, 0.943, -1.672, -0.985, 1.176
0.07, -0.081, 0.936, -1.053, -0.595, 1.092
0.065, -0.067, 0.927, -0.313, -0.351, 1.282
0.064, -0.068, 0.94, -0.298, -0.718, 1.588
0.068, -0.069, 0.941, -1.191, -0.962, 1.443
0.068, -0.083, 0.939, -1.542, -1.328, 1.069
0.068, -0.08, 0.949, -2.16, -1.832, 0.443
0.079, -0.081, 0.943, -1.58, -2.229, 0.542
0.061, -0.067, 0.944, -0.847, -2.198, 1.031
0.071, -0.057, 0.938, -0.137, -2.122, 1.656
0.073, -0.055, 0.927, 1.366, -1.939, 3.252
0.064, -0.06, 0.937, 0.809, -1.573, 3.649
0.081, -0.063, 0.93, 0.176, -2.221, 3.511
0.079, -0.065, 0.927, -0.588, -2.313, 2.901
0.071, -0.078, 0.941, -0.71, -2.427, 2.618
0.076, -0.076, 0.927, -0.107, -2.031, 3.122
0.076, -0.064, 0.94, 0.656, -1.71, 3.351
0.078, -0.07, 0.924, -0.26, -1.771, 3.221
0.065, -0.063, 0.931, -0.481, -2.198, 3.076
0.072, -0.063, 0.933, -1.13, -2.481, 2.672
0.071, -0.082, 0.929, -0.939, -1.863, 2.527
0.088, -0.094, 0.923, -0.221, -2.107, 2.13
0.089, -0.084, 0.927, -0.427, -2.305, 1.107
0.081, -0.087, 0.936, -0.305, -2.489, 0.13
0.074, -0.084, 0.944, -0.031, -3.42, 0.137
0.072, -0.077, 0.953, 0.756, -3.725, 0.076
0.06, -0.054, 0.965, 1.702, -4.137, 0.45
0.056, -0.038, 0.99, 1.504, -5.679, 0.824
0.044, -0.028, 0.999, 1.336, -6.321, 1.267
0.035, -0.017, 1.008, 0.542, -7.916, 2.145
0.036, -0.02, 1.011, -0.069, -8.092, 3.45
0.042, -0.044, 1.036, 0.649, -9.489, 4.275
0.052, -0.055, 1.06, 2.71, -11.634, 5.023
0.04, -0.063, 1.086, 3.542, -13.107, 4.84
0.023, -0.062, 1.092, 4.534, -15.359, 4.74
0.022, -0.05, 1.099, 6.389, -18.038, 5.069
0.026, -0.037, 1.106, 7.885, -20.908, 6.145
0.02, -0.014, 1.103, 8.611, -23.382, 7.977
0.016, -0.002, 1.096, 9.252, -25.092, 10.336
0.015, 0.007, 1.102, 9.237, -27.779, 12.893
0.025, 0.005, 1.081, 6.71, -28.84, 16.038
0.057, -0.026, 1.064, 4.053, -29.939, 18.099
0.066, -0.055, 1.077, 2.649, -31.557, 19.145
0.097, -0.098, 1.077, 4.557, -32.305, 17.901
0.119, -0.104, 1.059, 7.137, -35.756, 15.855
0.129, -0.089, 1.046, 7.702, -38.901, 14.878
0.144, -0.104, 1.05, 5.794, -41.74, 12.344
0.14, -0.081, 1.095, 2.763, -44.939, 9.672
0.151, -0.073, 1.097, -0.229, -46.321, 8.198
0.173, -0.077, 1.117, -3.191, -48.504, 8.26
0.195, -0.044, 1.131, -4.931, -50.137, 13.168
0.198, -0.082, 1.167, -3.641, -53.87, 10.046
0.205, -0.109, 1.19, -2.0, -58.962, 9.389
0.215, -0.128, 1.208, 0.168, -62.794, 7.794
0.209, -0.13, 1.25, 1.45, -65.962, 6.206
-0.085, -0.157, 1.45, 19.076, -76.969, 6.496
0.265, 0.019, 1.115, 0.053, -57.328, 5.863
0.19, -0.029, 1.253, 2.198, -65.29, 7.954
0.192, -0.028, 1.229, 0.443, -93.634, 6.542
0.235, -0.07, 1.229, -0.344, -94.595, 9.282
0.259, -0.089, 1.219, 3.053, -95.374, 7.863
0.263, -0.082, 1.18, 2.832, -92.565, 3.679
0.253, -0.062, 1.193, 6.221, -94.366, 2.626
0.23, -0.061, 1.185, 12.29, -97.969, 2.595
0.233, -0.025, 1.156, 16.634, -104.344, 2.557
0.245, -0.001, 1.099, 20.153, -108.313, 3.038
0.247, 0.01, 1.114, 23.916, -107.748, 3.977
0.235, 0.035, 1.094, 24.527, -109.466, 4.878
0.237, 0.046, 1.043, 21.565, -114.053, 6.733
0.261, 0.021, 1.034, 17.74, -121.061, 6.214
0.256, 0.002, 1.046, 15.641, -129.336, 4.824
0.273, 0.013, 1.02, 14.023, -134.626, 3.511
0.297, 0.033, 0.932, 13.687, -136.916, 4.344
0.291, 0.035, 0.9, 13.992, -136.435, 5.954
0.321, -0.0, 0.892, 18.481, -136.962, 7.565
0.336, -0.011, 0.883, 24.168, -138.389, 8.366
0.363, -0.03, 0.813, 30.687, -139.924, 9.023
0.381, -0.033, 0.754, 34.282, -141.023, 8.076
0.43, 0.034, 0.67, 33.542, -142.321, 9.328
0.418, 0.024, 0.636, 29.748, -144.038, 4.664
0.411, 0.056, 0.63, 23.244, -143.588, 3.198
0.413, 0.037, 0.653, 21.344, -144.679, 3.443
0.447, 0.026, 0.622, 22.573, -144.061, 4.046
0.455, 0.014, 0.553, 24.053, -142.71, 4.618
0.462, 0.016, 0.502, 24.183, -143.321, 5.756
0.466, 0.021, 0.484, 20.336, -146.191, 7.145
0.49, 0.008, 0.427, 17.168, -145.893, 7.969
0.511, -0.011, 0.392, 12.855, -146.992, 7.366
0.528, -0.022, 0.388, 9.206, -146.618, 5.573
0.572, -0.035, 0.294, 5.855, -146.458, 4.397
0.622, -0.055, 0.225, 3.29, -143.275, 1.565
0.613, -0.042, 0.26, 3.16, -138.351, 0.153
0.641, -0.016, 0.214, 3.336, -134.313, 0.344
0.652, 0.012, 0.181, 1.122, -129.046, 0.992
0.684, -0.006, 0.187, -0.031, -123.565, 2.061
0.699, -0.003, 0.193, -2.008, -119.534, 1.122
0.707, 0.015, 0.211, -4.733, -115.275, -0.031
0.753, 0.05, 0.143, -5.977, -114.252, 2.26
0.786, 0.053, 0.107, -6.687, -110.527, 4.87
0.822, 0.043, 0.11, -8.832, -109.473, 8.573
0.836, 0.007, 0.124, -13.069, -108.115, 7.817
0.876, -0.032, 0.188, -16.397, -107.939, 6.061
0.881, -0.021, 0.154, -16.802, -107.702, 2.924
0.9, -0.03, 0.158, -13.145, -101.42, 1.374
0.896, -0.01, 0.192, -8.481, -100.992, 2.496
0.887, 0.008, 0.198, -7.298, -99.359, 1.786
0.89, 0.01, 0.182, -10.122, -100.71, 0.595
0.9, 0.012, 0.156, -14.771, -104.107, -0.405
0.905, 0.036, 0.132, -16.321, -105.084, 1.053
0.909, 0.032, 0.092, -15.008, -103.809, 4.382
0.933, 0.007, 0.071, -14.031, -101.939, 6.206
0.965, -0.029, 0.04, -13.557, -102.122, 4.29
0.977, -0.058, 0.029, -13.695, -103.153, -0.519
0.965, -0.038, 0.009, -10.603, -101.832, -3.519
0.953, -0.012, -0.004, -7.321, -100.588, -4.405
0.964, 0.032, -0.102, -7.214, -97.855, -4.511
0.966, 0.036, -0.141, -10.443, -96.214, -5.969
0.971, 0.044, -0.167, -14.191, -92.038, -7.603
0.97, 0.064, -0.199, -16.557, -92.092, -6.71
0.971, 0.062, -0.224, -18.832, -92.229, -5.29
1.0, 0.057, -0.288, -20.58, -88.718, -4.153
1.014, 0.057, -0.293, -22.382, -86.053, -4.076
1.028, 0.05, -0.311, -19.679, -80.305, -2.962
1.025, 0.046, -0.34, -15.473, -73.771, -0.802
1.027, 0.062, -0.356, -13.008, -68.092, 1.924
1.017, 0.066, -0.342, -12.725, -64.947, 2.626
1.024, 0.068, -0.353, -15.771, -63.511, 2.855
1.023, 0.05, -0.35, -17.977, -62.382, 2.847
1.038, 0.036, -0.345, -17.13, -58.466, 3.099
1.047, 0.053, -0.382, -15.473, -53.771, 4.977
1.045, 0.061, -0.389, -15.771, -48.603, 5.985
1.057, 0.056, -0.385, -16.489, -43.527, 7.076
1.052, 0.03, -0.351, -16.397, -40.313, 7.168
1.073, 0.015, -0.355, -11.672, -33.763, 8.191
1.073, 0.019, -0.363, -9.099, -31.038, 7.855
1.048, 0.046, -0.351, -8.954, -29.863, 6.481
1.03, 0.052, -0.355, -10.649, -29.496, 4.344
1.047, 0.064, -0.381, -11.382, -26.878, 4.344
1.053, 0.061, -0.385, -10.282, -22.496, 6.115
1.042, 0.061, -0.371, -9.046, -19.595, 7.427
1.046, 0.052, -0.361, -7.351, -18.183, 8.443
1.053, 0.035, -0.354, -6.206, -16.969, 8.809
1.05, 0.017, -0.326, -3.947, -13.878, 8.786
1.049, 0.004, -0.305, -1.55, -12.702, 8.191
1.054, 0.017, -0.312, -0.664, -10.496, 7.695
1.043, 0.031, -0.312, -0.588, -9.183, 7.267
1.043, 0.028, -0.302, -2.328, -8.87, 7.252
0.974, 0.15, -0.395, -6.282, -6.748, 4.076
0.999, -0.007, -0.198, -5.031, -14.45, 9.779
1.063, -0.075, -0.232, -3.191, -8.634, 8.427
1.067, -0.071, -0.248, 2.71, -5.191, 7.504
1.07, -0.035, -0.265, 6.763, -1.504, 5.947
1.061, -0.017, -0.285, 5.435, -5.573, 4.847
1.048, 0.01, -0.311, -1.191, -9.779, 0.802
1.055, -0.006, -0.317, -6.305, -10.809, -0.969
1.055, 0.011, -0.335, -9.198, -9.076, -0.656
1.05, -0.001, -0.305, -10.656, -5.076, 0.153
1.051, -0.015, -0.292, -8.679, -1.168, 0.267
1.045, -0.014, -0.268, -6.443, 1.511, 0.435
1.035, 0.001, -0.26, -3.718, 2.611, 0.412
1.038, 0.02, -0.25, -2.656, 2.229, 0.26
1.051, 0.016, -0.271, -2.443, 2.489, 2.053
1.038, 0.014, -0.252, -0.069, 3.733, 1.275
1.034, 0.031, -0.262, 1.542, 6.664, 1.595
1.022, 0.063, -0.261, 1.55, 6.611, 3.092
1.025, 0.057, -0.243, 0.107, 3.626, 3.557
1.029, 0.039, -0.245, -1.374, 2.252, 2.916
1.038, 0.026, -0.24, -1.397, 2.534, 2.534
1.045, 0.022, -0.217, 1.855, 2.275, 3.351
1.039, 0.043, -0.239, 3.649, 3.71, 3.947
1.031, 0.048, -0.235, 3.176, 2.649, 5.229
1.023, 0.036, -0.22, 2.336, 1.855, 6.115
1.039, 0.021, -0.215, 2.206, 1.321, 5.702
1.045, 0.02, -0.221, 2.679, 0.992, 5.618
1.046, 0.018, -0.246, 1.237, 0.74, 4.947
1.049, 0.008, -0.236, 0.023, 0.107, 4.58
1.045, 0.004, -0.248, -0.298, 1.855, 4.084
1.05, -0.004, -0.246, 0.061, 4.611, 4.511
1.039, 0.015, -0.238, -0.565, 4.618, 5.107
1.048, 0.001, -0.23, -1.863, 5.069, 5.336
1.042, -0.006, -0.207, -2.794, 5.893, 5.641
1.039, -0.02, -0.188, -3.115, 5.015, 5.672
1.044, -0.036, -0.187, -3.237, 4.924, 4.626
1.052, -0.037, -0.195, -2.053, 5.489, 3.687
1.054, -0.035, -0.207, -0.344, 5.847, 3.519
1.039, -0.031, -0.203, 0.649, 6.176, 3.0
1.042, -0.022, -0.195, 0.542, 6.802, 2.29
1.039, -0.026, -0.206, 0.481, 6.397, 2.046
1.031, -0.01, -0.189, -0.45, 4.321, 1.13
1.037, -0.01, -0.191, -0.076, 2.679, 0.489
1.028, 0.01, -0.197, -0.069, 2.321, 0.237
1.033, 0.025, -0.199, 0.626, 0.832, 1.412
1.025, 0.028, -0.21, 1.023, -0.756, 2.809
1.037, 0.024, -0.233, 0.733, -0.206, 3.351
1.034, 0.021, -0.245, 0.275, -0.42, 3.282
1.035, 0.01, -0.241, 0.107, -0.954, 3.046
1.046, 0.011, -0.256, -0.389, 0.282, 3.313
1.038, 0.008, -0.258, -0.344, 1.45, 3.649
1.045, -0.017, -0.25, 0.527, 2.252, 4.71
1.056, -0.022, -0.253, 1.244, 2.931, 4.649
1.055, -0.024, -0.246, 1.397, 4.412, 3.374
1.045, -0.024, -0.238, 1.183, 4.969, 2.351
1.046, -0.016, -0.225, 1.397, 4.84, 1.786
1.047, -0.018, -0.216, 1.427, 4.397, 1.672
1.053, -0.022, -0.212, 1.221, 4.809, 1.374
1.05, -0.026, -0.213, 1.74, 5.664, 1.725
1.045, -0.016, -0.222, 1.763, 5.42, 2.0
1.04, -0.014, -0.216, 0.496, 5.046, 1.771
1.044, -0.023, -0.204, -0.412, 5.267, 1.595
1.044, -0.036, -0.189, -0.603, 5.603, 0.885
1.038, -0.032, -0.192, -0.771, 5.527, 0.321
1.047, -0.017, -0.181, -0.664, 4.847, -0.069
1.034, -0.002, -0.177, -1.031, 4.336, 0.244
1.026, 0.011, -0.182, -2.748, 3.977, 0.435
1.025, 0.016, -0.172, -5.427, 3.198, 1.16
1.026, 0.01, -0.169, -6.053, 2.229, 2.122
1.035, -0.005, -0.169, -5.969, 1.351, 2.107
1.039, -0.026, -0.167, -4.29, -0.031, 2.221
1.044, -0.02, -0.174, -2.275, -0.527, 1.298
1.045, -0.01, -0.185, -1.206, -0.29, 0.527
1.039, 0.006, -0.199, -0.947, -1.298, 0.885
1.034, 0.019, -0.222, -1.527, -1.221, 1.206
1.047, 0.01, -0.227, -1.786, -0.023, 1.878
1.05, 0.007, -0.246, -1.237, 0.237, 2.87
1.048, 0.001, -0.25, -0.794, 1.382, 2.855
1.048, 0.002, -0.245, -0.313, 1.656, 2.817
1.032, 0.01, -0.236, -0.695, 1.0, 2.809
1.041, -0.001, -0.219, -0.427, 0.588, 3.603
1.041, -0.004, -0.229, -0.389, 0.969, 3.466
1.054, -0.017, -0.225, 0.13, 0.817, 3.588
1.049, -0.026, -0.222, -0.336, 0.878, 2.878
1.056, -0.027, -0.237, -0.809, 1.626, 1.855
1.047, -0.017, -0.231, -1.305, 1.725, 1.573
1.035, -0.016, -0.227, -2.374, 2.542, 1.611
1.034, -0.018, -0.218, -2.878, 2.87, 1.679
1.044, -0.02, -0.214, -3.771, 2.855, 2.382
1.046, -0.026, -0.198, -4.595, 3.069, 2.069
1.043, -0.027, -0.188, -4.198, 3.55, 1.794
1.054, -0.04, -0.186, -3.092, 3.435, 1.397
1.042, -0.028, -0.178, -2.115, 3.275, 0.588
1.039, -0.012, -0.182, -1.901, 2.969, 0.435
1.026, -0.003, -0.188, -1.282, 2.588, 0.542
1.032, -0.002, -0.191, -1.031, 2.466, 1.351
1.042, 0.004, -0.189, -1.733, 1.947, 1.954
1.039, 0.006, -0.201, -2.588, 1.542, 1.802
1.032, 0.004, -0.201, -3.435, 1.107, 2.069
1.036, -0.005, -0.197, -3.298, 1.031, 2.435
1.041, -0.01, -0.207, -2.359, 0.649, 3.298
1.044, -0.014, -0.212, -2.015, 0.687, 2.687
1.047, -0.012, -0.212, -1.588, 0.565, 1.855
1.04, -0.012, -0.217, -1.252, 0.489, 2.061
1.044, -0.001, -0.222, -0.985, 0.42, 2.481
1.045, -0.004, -0.213, -1.71, 0.252, 3.519
1.046, -0.004, -0.204, -2.267, 0.672, 3.87
1.046, -0.015, -0.209, -2.443, 0.969, 3.626
1.047, -0.019, -0.203, -2.481, 1.412, 3.344
1.046, -0.023, -0.218, -2.0, 1.099, 3.534
1.046, -0.023, -0.218, -1.13, 1.145, 3.527
1.042, -0.027, -0.22, 0.031, 1.634, 4.038
1.044, -0.018, -0.215, -0.046, 1.802, 4.084
1.049, -0.015, -0.217, -0.664, 1.794, 4.061
1.041, -0.017, -0.219, -1.824, 2.42, 4.076
1.042, -0.03, -0.204, -2.397, 2.542, 3.504
1.04, -0.043, -0.197, -2.351, 2.046, 3.137
1.05, -0.04, -0.212, -1.954, 1.672, 2.695
1.05, -0.041, -0.206, -1.786, 1.916, 2.275
1.051, -0.043, -0.208, -1.336, 1.626, 1.977
1.054, -0.035, -0.203, -2.573, 1.947, 1.176
1.05, -0.044, -0.186, -3.038, 1.679, 0.405
1.041, -0.042, -0.185, -3.198, 0.763, 0.328
1.044, -0.038, -0.174, -1.931, 0.992, -0.023
1.05, -0.033, -0.191, -0.626, 0.962, 0.015
1.053, -0.022, -0.191, -0.855, 0.718, -0.702
1.047, -0.009, -0.195, -1.595, 0.695, -1.26
1.028, 0.0, -0.207, -3.076, 0.695, -1.389
1.034, 0.003, -0.207, -3.427, 0.16, -0.374
1.032, -0.003, -0.198, -3.878, 0.153, 0.137
1.044, -0.01, -0.204, -3.229, 1.099, 0.305
1.045, -0.015, -0.213, -2.748, 0.824, 0.015
1.045, -0.011, -0.196, -2.786, 0.466, -0.115
1.038, -0.008, -0.212, -2.0, 1.038, -0.084
1.041, 0.0, -0.213, -2.328, 1.481, 0.748
1.038, -0.002, -0.206, -2.893, 1.298, 0.817
1.036, -0.01, -0.212, -3.672, 1.748, 1.252
1.051, -0.015, -0.203, -4.45, 1.893, 1.374
1.044, -0.021, -0.206, -4.779, 1.779, 1.496
1.042, -0.025, -0.205, -5.122, 1.977, 1.244
1.052, -0.027, -0.194, -4.794, 1.824, 1.092
1.049, -0.028, -0.208, -3.779, 2.397, 0.687
1.04, -0.024, -0.21, -3.191, 2.214, 0.542
1.039, -0.017, -0.198, -2.931, 2.29, 0.565
1.039, -0.013, -0.196, -2.748, 2.42, 0.435
1.037, -0.022, -0.197, -2.336, 1.969, 0.702
1.048, -0.029, -0.198, -1.634, 1.748, 1.458
1.053, -0.031, -0.203, -1.046, 2.076, 1.008
1.046, -0.032, -0.208, -1.397, 1.756, 0.573
1.044, -0.027, -0.204, -0.695, 2.595, 0.679
1.042, -0.018, -0.211, -0.84, 2.076, 0.779
1.045, -0.013, -0.207, -1.298, 2.298, 0.779
1.033, -0.018, -0.213, -2.267, 2.321, 0.885
1.042, -0.021, -0.209, -2.618, 2.153, 0.802
1.052, -0.022, -0.204, -2.55, 2.588, 0.786
1.049, -0.028, -0.22, -2.191, 2.718, 0.908
1.042, -0.031, -0.196, -2.053, 2.13, 1.229
1.046, -0.032, -0.199, -1.733, 2.481, 0.779
1.051, -0.029, -0.207, -1.58, 3.122, 0.58
1.051, -0.02, -0.194, -1.756, 2.802, -0.046
1.041, -0.027, -0.189, -2.237, 2.855, -0.305
1.046, -0.025, -0.183, -2.45, 2.718, -0.809
1.041, -0.018, -0.179, -2.42, 2.954, -0.458
1.033, -0.014, -0.181, -2.824, 2.603, -0.229
1.037, -0.013, -0.184, -2.687, 1.763, 0.595
1.045, -0.019, -0.193, -2.359, 2.298, 0.786
1.038, -0.021, -0.177, -1.901, 2.359, 1.099
1.039, -0.02, -0.183, -1.908, 2.504, 0.809
1.035, -0.021, -0.19, -2.435, 1.496, 0.504
1.04, -0.013, -0.182, -2.214, 1.046, 0.55
1.048, -0.015, -0.195, -1.885, 1.153, 0.427
1.044, -0.001, -0.191, -2.008, 1.16, 0.763
1.044, -0.005, -0.189, -2.115, 1.336, 0.794
1.051, -0.007, -0.193, -2.237, 1.229, 1.595
1.043, -0.01, -0.188, -2.038, 0.779, 1.969
1.045, -0.022, -0.208, -2.214, 1.038, 1.504
1.039, -0.013, -0.194, -1.58, 0.771, 1.893
1.037, -0.014, -0.189, -1.26, 1.092, 1.641
1.042, -0.012, -0.197, -1.55, 0.908, 1.565
1.041, -0.017, -0.202, -1.519, 0.817, 1.664
1.041, -0.017, -0.207, -1.26, 0.885, 1.359
1.046, -0.01, -0.2, -1.45, 1.0, 2.023
1.039, -0.014, -0.194, -2.557, 1.397, 1.779
1.05, -0.031, -0.202, -2.221, 1.794, 1.87
1.05, -0.031, -0.199, -2.351, 1.763, 1.412
1.039, -0.025, -0.188, -1.977, 1.718, 1.031
1.046, -0.029, -0.198, -1.13, 2.053, 1.107
1.043, -0.021, -0.208, -1.328, 2.122, 1.145
1.04, -0.021, -0.197, -1.618, 1.962, 0.992
1.044, -0.019, -0.19, -1.718, 1.45, 1.458
1.039, -0.015, -0.196, -1.626, 1.641, 1.527
1.042, -0.018, -0.196, -1.595, 1.679, 1.687
1.045, -0.021, -0.193, -1.504, 1.344, 1.595
1.045, -0.027, -0.202, -1.588, 1.489, 1.183
1.046, -0.027, -0.196, -1.985, 1.878, 1.107
1.037, -0.028, -0.192, -2.634, 2.023, 0.71
1.048, -0.029, -0.185, -2.183, 1.916, 0.542
1.047, -0.024, -0.188, -2.198, 2.595, 0.817
1.04, -0.02, -0.192, -2.29, 2.573, 0.74
1.032, -0.016, -0.189, -2.176, 1.74, 1.076
1.043, -0.027, -0.188, -2.061, 1.42, 1.023
1.046, -0.014, -0.192, -2.214, 1.397, 1.084
1.045, -0.022, -0.184, -1.863, 0.55, 1.504
1.043, -0.024, -0.171, -2.038, 0.191, 1.031
1.047, -0.021, -0.191, -1.427, 0.756, 0.893
1.05, -0.023, -0.201, -1.374, 0.916, 0.634
1.055, -0.021, -0.204, -1.824, 0.702, 0.527
1.043, -0.02, -0.21, -2.74, 1.122, 0.099
1.042, -0.02, -0.204, -2.389, 2.214, 0.206
1.048, -0.021, -0.19, -1.656, 2.45, 0.832
1.04, -0.026, -0.18, -1.328, 0.924, 1.244
1.042, -0.022, -0.188, -0.824, 0.191, 1.443
1.039, -0.018, -0.195, -1.458, 0.725, 1.382
1.039, -0.01, -0.193, -2.473, 0.374, 1.71
1.038, -0.016, -0.191, -3.389, 0.725, 1.962
1.054, -0.032, -0.188, -3.412, 0.924, 2.145
1.061, -0.048, -0.188, -2.611, 1.038, 2.061
1.048, -0.036, -0.199, -2.183, 1.061, 1.389
1.041, -0.04, -0.179, -2.542, 1.061, 0.618
