0.094 -0.195 0.931 -1.855 -1.252 0.595
0.099 -0.199 0.915 -2.74 -0.817 2.092
0.104 -0.202 0.892 -3.16 -0.267 0.962
0.105 -0.21 0.9 -2.382 -1.099 -0.137
0.091 -0.218 0.896 -0.718 -1.29 -0.664
0.094 -0.213 0.917 0.198 -2.237 0.397
0.085 -0.208 0.917 0.29 -1.145 0.809
0.083 -0.207 0.92 -0.679 -0.542 -1.122
0.089 -0.212 0.918 -2.008 0.695 -2.672
0.098 -0.204 0.909 -3.229 1.412 -3.802
0.099 -0.205 0.92 -3.489 2.061 -2.931
0.104 -0.202 0.916 -3.336 1.55 -2.214
0.109 -0.207 0.913 -2.794 0.313 -0.786
0.097 -0.212 0.921 -2.702 0.771 -0.962
0.095 -0.218 0.901 -1.855 -1.26 -2.267
0.095 -0.214 0.91 -2.053 -0.237 -4.557
0.097 -0.203 0.918 -2.26 1.794 -3.756
0.094 -0.203 0.924 -2.466 2.679 -3.718
0.097 -0.201 0.922 -2.221 3.099 -1.916
0.103 -0.19 0.93 -2.359 3.664 -1.252
0.099 -0.191 0.934 -2.504 2.565 -0.466
0.098 -0.19 0.922 -2.351 1.435 0.412
0.102 -0.194 0.924 -2.542 1.229 0.832
0.097 -0.197 0.917 -2.458 1.115 -0.023
0.104 -0.193 0.918 -2.626 0.893 0.076
0.093 -0.2 0.922 -3.137 1.359 -0.588
0.096 -0.2 0.924 -3.351 0.977 -0.527
0.091 -0.206 0.915 -2.885 2.145 -0.405
0.083 -0.201 0.927 -2.374 1.664 -0.817
0.084 -0.203 0.93 -2.168 -0.214 -1.13
0.106 -0.188 0.932 -2.634 0.366 -2.076
0.102 -0.197 0.931 -2.519 -0.107 -1.634
0.097 -0.188 0.943 -2.977 0.038 -0.542
0.098 -0.201 0.93 -3.695 0.107 0.252
0.1 -0.198 0.915 -4.153 1.198 0.42
0.104 -0.206 0.92 -4.756 1.45 -0.626
0.111 -0.212 0.901 -4.466 2.092 -0.84
0.103 -0.203 0.901 -3.863 1.344 -1.092
0.104 -0.205 0.892 -2.962 1.618 -0.412
0.097 -0.203 0.897 -1.725 0.534 -0.634
0.109 -0.199 0.905 -2.168 0.992 -0.542
0.106 -0.2 0.898 -2.603 2.351 -0.305
0.12 -0.203 0.904 -3.305 3.847 0.947
0.113 -0.202 0.895 -3.42 4.305 0.626
0.115 -0.201 0.874 -2.595 1.885 0.344
0.109 -0.203 0.886 -1.771 2.267 0.206
0.079 -0.211 0.905 -2.344 2.702 -0.802
0.078 -0.213 0.911 -2.71 3.038 -1.71
0.09 -0.208 0.905 -2.985 4.229 -2.298
0.094 -0.206 0.902 -2.313 4.511 -2.794
0.104 -0.197 0.916 -1.672 3.176 -2.679
0.097 -0.193 0.922 -1.489 3.267 -2.672
0.09 -0.188 0.924 -1.718 2.656 -2.748
0.09 -0.187 0.928 -1.618 2.397 -2.29
0.084 -0.175 0.951 -1.802 1.115 -1.237
0.085 -0.182 0.952 -2.817 0.122 -0.962
0.088 -0.19 0.95 -3.733 0.046 -0.511
0.085 -0.188 0.923 -4.458 1.534 0.26
0.09 -0.198 0.915 -4.053 1.038 0.725
0.077 -0.203 0.933 -3.962 0.985 0.496
0.091 -0.201 0.926 -3.901 0.489 0.336
0.092 -0.199 0.934 -4.0 1.13 -0.168
0.094 -0.206 0.924 -3.137 -1.13 -0.29
0.093 -0.207 0.912 -2.015 -1.282 0.527
0.079 -0.2 0.933 -2.26 -0.977 1.107
0.071 -0.213 0.938 -2.466 -2.565 -0.489
0.081 -0.21 0.928 -3.244 -2.229 -0.863
0.099 -0.206 0.919 -3.802 -1.267 -2.198
0.087 -0.214 0.93 -2.847 -2.198 -1.282
0.094 -0.208 0.93 -2.405 -2.58 0.328
0.093 -0.208 0.927 -2.664 -2.252 1.954
0.093 -0.224 0.914 -3.328 -1.389 0.908
0.099 -0.231 0.906 -3.237 -1.237 -0.16
0.094 -0.232 0.894 -3.084 0.947 -1.015
0.094 -0.225 0.902 -1.84 -0.359 -2.885
0.103 -0.223 0.902 -0.771 -0.954 -4.267
0.106 -0.202 0.91 0.412 -1.664 -2.053
0.108 -0.192 0.924 0.626 -1.763 -1.084
0.104 -0.197 0.924 0.191 -2.321 -0.641
0.101 -0.191 0.934 -0.679 -2.611 -1.198
0.111 -0.192 0.93 -2.275 -1.183 -0.985
0.103 -0.193 0.921 -3.13 -0.275 0.168
0.115 -0.206 0.907 -3.26 0.183 0.26
0.108 -0.206 0.901 -2.58 0.191 1.153
0.108 -0.202 0.912 -2.023 0.359 1.771
0.095 -0.207 0.906 -1.099 -1.084 0.252
0.093 -0.211 0.908 -1.252 0.954 -1.031
0.095 -0.21 0.916 -1.771 1.557 -2.0
0.086 -0.204 0.922 -2.183 2.076 -2.023
0.101 -0.193 0.942 -2.214 1.168 -1.153
0.114 -0.185 0.932 -2.504 1.008 0.26
0.121 -0.193 0.912 -2.847 0.115 0.237
0.118 -0.191 0.909 -2.931 0.153 0.695
0.103 -0.203 0.895 -3.206 1.092 1.573
0.097 -0.208 0.89 -3.252 0.924 0.573
0.095 -0.211 0.901 -3.176 1.153 0.359
0.101 -0.218 0.895 -2.382 1.382 -0.16
0.102 -0.213 0.905 -2.244 1.427 -0.985
0.099 -0.195 0.914 -2.908 2.611 -1.191
0.102 -0.194 0.928 -3.29 2.557 -0.908
0.106 -0.201 0.912 -3.382 0.977 -0.618
0.103 -0.207 0.905 -3.0 1.145 -1.015
0.11 -0.213 0.901 -2.847 0.885 -0.595
0.105 -0.208 0.903 -2.664 1.855 -0.969
0.104 -0.209 0.917 -2.405 1.924 -1.183
0.104 -0.211 0.913 -2.351 2.58 -1.122
0.1 -0.218 0.906 -2.191 2.015 -1.053
0.108 -0.215 0.906 -2.802 2.695 -1.771
0.107 -0.213 0.893 -1.939 4.267 -0.992
0.098 -0.217 0.911 -1.244 1.725 -1.802
0.091 -0.224 0.915 -1.756 1.458 -1.908
0.088 -0.222 0.933 -2.527 1.046 -2.092
0.094 -0.23 0.918 -4.168 1.954 -3.267
0.091 -0.253 0.917 -6.076 3.534 -5.336
0.1 -0.271 0.895 -6.046 4.168 -6.137
0.1 -0.277 0.884 -5.817 3.84 -6.313
0.103 -0.293 0.885 -6.122 4.962 -6.336
0.083 -0.34 0.865 -6.351 4.229 -7.076
0.077 -0.403 0.854 -6.74 4.695 -6.527
0.065 -0.48 0.857 -6.954 2.901 -8.809
0.092 -0.55 0.815 -7.763 1.229 -8.26
0.116 -0.647 0.791 -9.985 3.061 -6.969
0.123 -0.737 0.707 -11.855 0.687 -5.947
0.086 -0.825 0.663 -15.29 2.214 2.015
0.025 -0.928 0.619 -17.061 2.084 8.916
-0.018 -1.008 0.614 -26.298 -2.115 37.267
-0.064 -1.161 0.583 -28.992 0.626 35.168
-0.108 -1.214 0.599 -31.099 -3.443 28.412
-0.022 -1.281 0.491 -33.435 4.084 25.252
-0.15 -1.366 0.398 -29.885 7.534 1.611
-0.246 -1.402 0.345 -23.038 7.634 -30.206
-0.251 -1.357 0.273 -15.282 14.992 -65.977
-0.297 -1.248 0.307 -6.748 22.313 -102.046
-0.244 -1.113 0.368 1.504 27.084 -127.168
-0.228 -0.979 0.445 6.672 33.901 -137.221
-0.237 -0.903 0.523 11.183 30.809 -146.649
-0.155 -0.798 0.537 9.679 31.16 -151.198
-0.21 -0.721 0.685 -0.344 38.26 -152.321
-0.209 -0.662 0.656 -12.168 44.878 -160.634
-0.148 -0.608 0.55 -25.267 67.16 -164.153
-0.103 -0.622 0.448 -24.687 92.847 -163.374
-0.139 -0.622 0.344 -10.489 103.504 -157.092
-0.326 -0.558 0.444 16.092 106.137 -155.962
-0.49 -0.386 0.751 40.282 93.817 -155.916
-0.489 -0.148 1.061 40.534 88.069 -157.427
-0.485 -0.036 1.107 33.885 92.443 -156.359
-0.381 0.004 1.082 16.527 101.748 -157.366
-0.401 -0.006 0.918 20.489 102.0 -156.466
-0.449 0.08 0.981 42.206 86.366 -147.779
-0.556 0.204 1.201 59.779 65.718 -137.053
-0.599 0.349 1.464 66.351 31.397 -132.191
-0.504 0.46 1.58 60.863 3.855 -125.832
-0.374 0.521 1.526 43.687 -4.74 -121.573
-0.257 0.473 1.325 26.786 -1.267 -120.58
-0.205 0.428 1.111 21.328 4.87 -122.092
-0.208 0.469 1.119 24.573 2.634 -125.74
-0.094 0.547 1.134 25.802 7.244 -125.29
-0.082 0.583 1.23 24.229 16.366 -119.076
-0.07 0.613 1.312 17.641 19.473 -111.26
-0.133 0.556 1.27 14.351 22.809 -100.626
-0.182 0.518 1.23 14.061 11.305 -87.824
-0.224 0.494 1.244 13.191 4.443 -79.374
-0.237 0.46 1.192 17.336 -6.076 -71.435
-0.182 0.529 1.23 9.13 -2.504 -71.496
-0.123 0.514 1.214 5.435 0.626 -59.0
-0.098 0.434 1.127 0.397 -1.046 -48.435
-0.071 0.331 1.156 -5.931 14.634 -50.969
-0.083 0.272 1.044 -1.481 -5.183 -38.626
-0.032 0.246 0.897 7.099 -21.954 -22.962
0.02 0.205 0.865 20.031 -40.931 1.115
-0.041 0.229 1.028 5.443 -30.756 -20.519
-0.104 0.204 1.102 -11.718 0.718 -37.107
-0.157 0.111 1.087 -21.435 5.282 -56.84
-0.013 0.105 1.021 -14.046 11.527 -52.511
0.009 0.148 0.992 -6.038 17.916 -35.779
-0.028 0.095 0.927 0.405 3.786 -17.733
-0.036 0.07 0.967 9.198 -10.107 -10.168
-0.068 0.065 1.01 9.038 -15.298 -7.427
-0.095 0.036 1.034 5.115 -26.206 -10.336
-0.046 0.003 0.995 1.26 -25.885 -15.076
-0.062 -0.017 0.959 0.099 -26.13 -13.267
-0.008 -0.033 0.963 -3.695 -24.649 -11.779
-0.037 -0.093 0.723 6.092 -32.679 4.282
0.007 0.055 1.063 6.366 -1.298 -9.405
-0.011 0.104 1.085 -4.344 13.244 -14.237
0.006 0.059 1.05 -11.504 2.718 -13.366
0.058 0.017 0.965 -11.626 0.26 -7.405
0.046 -0.004 0.96 -10.496 -5.206 -4.015
0.051 -0.019 0.941 -11.092 -10.542 -1.359
0.069 -0.045 0.893 -11.015 -11.718 -0.298
0.093 -0.079 0.865 -9.42 -10.244 0.824
0.085 -0.084 0.873 -8.435 -2.618 -1.107
0.046 -0.089 0.894 -9.611 1.817 -2.221
0.053 -0.118 0.839 -7.969 0.443 -0.206
0.055 -0.123 0.866 -4.374 2.046 0.031
0.034 -0.101 0.881 -2.855 9.382 -4.702
0.029 -0.105 0.884 -3.802 8.443 -4.252
0.031 -0.102 0.875 -2.771 9.603 -2.191
0.059 -0.113 0.872 -0.924 8.015 -1.466
0.06 -0.128 0.854 2.092 6.374 0.733
0.055 -0.132 0.892 4.328 4.779 2.382
0.048 -0.125 0.898 4.924 5.527 3.366
0.024 -0.122 0.939 5.573 2.954 4.397
0.04 -0.132 0.907 5.786 0.893 5.176
0.03 -0.154 0.913 8.198 0.565 6.466
0.009 -0.135 0.914 8.344 1.305 5.802
0.017 -0.124 0.929 8.824 0.191 4.466
0.036 -0.063 1.07 0.824 7.656 -3.496
0.015 -0.12 0.809 8.29 -2.626 9.344
0.131 -0.108 1.029 2.733 2.183 0.786
-0.019 -0.094 0.981 -3.87 15.031 0.153
0.046 -0.133 0.961 -3.191 9.71 2.26
0.111 -0.191 0.829 8.328 15.763 4.977
0.041 -0.068 0.951 5.305 9.168 7.947
0.004 -0.094 1.027 -1.435 11.252 3.313
0.007 -0.133 0.969 -0.931 7.29 2.962
0.022 -0.149 0.968 -1.198 11.588 -0.519
-0.005 -0.152 0.917 2.733 2.336 4.176
0.007 -0.126 0.979 -1.725 1.702 0.504
0.015 -0.112 0.954 -0.076 2.244 1.71
0.014 -0.1 0.964 -5.885 6.603 -0.473
0.037 -0.137 0.842 0.679 1.626 3.305
0.078 -0.127 0.924 -2.427 1.397 1.092
0.021 -0.132 0.941 -5.702 6.336 -0.145
0.027 -0.128 0.935 -9.519 8.412 -3.511
0.027 -0.154 0.901 -6.534 8.504 -0.725
0.031 -0.161 0.886 -1.427 1.954 1.725
0.027 -0.15 0.898 1.626 -0.924 3.496
0.076 -0.128 0.893 1.168 10.122 1.305
0.021 -0.13 0.923 -4.313 4.412 0.779
0.031 -0.138 0.927 -5.763 3.504 -0.794
0.031 -0.153 0.92 -2.924 1.336 0.74
0.026 -0.152 0.925 -1.855 0.359 1.496
0.022 -0.155 0.938 -2.427 1.588 0.137
0.031 -0.141 0.926 -2.992 2.405 -0.779
0.027 -0.125 0.933 -3.115 2.008 -1.366
0.027 -0.119 0.942 -3.824 1.763 -0.947
0.026 -0.116 0.926 -4.214 0.611 -0.26
0.011 -0.129 0.955 -5.786 0.489 -0.847
0.007 -0.135 0.94 -4.824 2.107 -0.351
-0.004 -0.128 0.938 -6.435 4.168 -0.649
0.011 -0.133 0.908 -4.076 -2.466 -0.198
0.016 -0.137 0.919 -3.29 -1.359 0.931
0.0 -0.122 0.951 -4.046 -1.427 -0.214
0.013 -0.121 0.938 -5.748 0.031 0.611
0.033 -0.132 0.907 -5.87 0.115 -0.099
0.032 -0.14 0.901 -4.0 0.061 0.87
0.017 -0.133 0.907 -3.45 -0.458 0.214
0.043 -0.132 0.915 -3.992 1.351 -0.137
0.009 -0.14 0.917 -3.588 2.397 0.427
0.032 -0.142 0.906 -4.099 4.733 -0.511
0.025 -0.138 0.926 -4.977 8.206 -2.397
0.019 -0.135 0.939 -5.908 9.87 -3.557
0.026 -0.13 0.922 -5.405 8.473 -3.672
0.037 -0.114 0.924 -4.168 7.305 -2.191
0.045 -0.107 0.926 -3.649 4.969 -0.351
0.034 -0.12 0.923 -3.008 4.458 1.878
0.043 -0.132 0.922 -3.55 6.076 1.687
0.031 -0.145 0.925 -4.611 8.634 0.595
0.023 -0.142 0.928 -5.038 8.763 -0.71
0.018 -0.132 0.925 -4.748 10.084 -1.221
0.01 -0.122 0.927 -4.794 9.031 -1.084
0.011 -0.129 0.931 -3.634 6.435 0.55
0.024 -0.12 0.927 -2.771 4.611 1.863
0.011 -0.126 0.934 -2.947 5.496 2.298
0.016 -0.128 0.939 -4.481 6.511 2.443
0.01 -0.137 0.926 -5.473 8.298 1.756
-0.001 -0.145 0.938 -5.863 9.053 0.313
-0.004 -0.151 0.918 -4.71 6.214 0.939
0.007 -0.147 0.926 -3.008 4.382 1.405
-0.007 -0.147 0.92 -1.718 1.611 2.275
-0.014 -0.157 0.929 -0.855 0.931 3.115
-0.014 -0.154 0.927 -0.695 1.137 2.817
-0.015 -0.159 0.947 -1.427 1.901 2.695
-0.006 -0.148 0.93 -1.855 1.397 2.748
-0.008 -0.15 0.923 -1.412 0.832 2.718
-0.008 -0.138 0.932 -1.74 1.26 2.611
-0.01 -0.14 0.934 -2.855 3.214 2.389
-0.003 -0.152 0.934 -3.763 4.26 1.611
-0.01 -0.158 0.922 -3.427 3.389 1.069
-0.022 -0.153 0.91 -2.382 3.29 0.985
-0.027 -0.151 0.928 -1.84 2.298 0.809
-0.021 -0.151 0.92 -1.458 1.427 0.16
-0.016 -0.153 0.916 -1.145 1.038 -0.336
-0.014 -0.142 0.924 -0.924 0.458 -0.389
-0.012 -0.142 0.928 -0.969 -1.779 -0.664
0.002 -0.131 0.911 -0.359 -2.145 -0.26
0.019 -0.127 0.914 -0.405 -3.153 0.397
0.024 -0.124 0.913 -0.611 -2.779 1.527
0.022 -0.13 0.921 -1.13 -2.802 1.786
0.008 -0.127 0.916 -2.565 0.198 0.931
0.006 -0.132 0.925 -3.649 2.221 0.977
0.001 -0.14 0.926 -3.74 3.29 0.534
-0.01 -0.143 0.92 -3.122 1.779 0.26
0.005 -0.142 0.913 -0.519 -1.527 0.924
0.01 -0.126 0.925 -0.336 -1.847 1.038
0.001 -0.126 0.929 -0.802 -2.107 1.611
0.005 -0.131 0.939 -1.672 -2.389 1.809
0.009 -0.131 0.922 -1.847 -1.832 2.008
0.002 -0.132 0.931 -2.42 -1.618 2.145
0.014 -0.135 0.919 -3.031 -1.092 1.901
0.0 -0.151 0.917 -3.237 1.13 1.282
-0.012 -0.155 0.929 -3.214 1.099 0.405
-0.018 -0.143 0.931 -2.748 -1.244 0.58
-0.003 -0.141 0.933 -2.481 -1.962 0.931
0.01 -0.137 0.92 -2.29 -2.267 1.458
-0.007 -0.139 0.94 -2.405 -2.382 1.618
-0.003 -0.142 0.944 -3.183 -3.221 1.191
0.007 -0.146 0.922 -3.053 -1.656 1.061
0.001 -0.144 0.915 -2.58 -1.328 0.603
-0.005 -0.15 0.922 -2.847 -0.053 0.458
-0.002 -0.147 0.919 -2.42 1.053 0.29
0.007 -0.14 0.926 -2.183 -0.519 -0.115
0.004 -0.128 0.934 -2.405 -0.008 -0.504
0.009 -0.129 0.942 -2.618 -0.282 -0.542
0.011 -0.137 0.918 -2.527 0.672 0.603
0.013 -0.135 0.932 -2.26 0.244 0.863
0.015 -0.141 0.92 -1.908 -1.145 2.153
0.018 -0.141 0.91 -1.252 -1.26 2.733
0.012 -0.144 0.906 -0.672 0.153 2.718
0.012 -0.134 0.921 -0.542 0.038 1.603
0.015 -0.131 0.923 -0.832 -0.794 1.168
0.021 -0.129 0.927 -1.038 -0.29 1.305
0.028 -0.133 0.921 -1.031 0.374 1.099
0.016 -0.134 0.935 -2.122 2.221 1.275
0.02 -0.13 0.928 -2.565 1.893 1.405
0.025 -0.139 0.924 -1.947 0.611 1.924
0.015 -0.134 0.919 -1.221 -0.305 1.969
0.019 -0.127 0.924 -1.672 0.473 1.29
0.008 -0.128 0.926 -2.023 1.641 1.115
0.023 -0.12 0.92 -2.847 2.931 0.511
0.016 -0.134 0.918 -3.672 3.87 0.718
0.011 -0.129 0.93 -4.74 4.878 0.931
0.007 -0.145 0.928 -4.931 4.702 1.092
0.001 -0.152 0.914 -4.328 3.26 1.603
-0.015 -0.163 0.92 -2.885 1.412 0.588
-0.016 -0.14 0.931 -2.252 -0.786 0.817
-0.002 -0.131 0.938 -2.771 -0.053 0.863
-0.004 -0.135 0.938 -3.481 0.076 0.557
0.004 -0.132 0.932 -3.573 -0.046 0.649
0.005 -0.146 0.932 -3.534 0.641 0.588
0.002 -0.143 0.931 -3.74 1.672 -0.206
0.003 -0.147 0.925 -3.58 1.542 -0.107
-0.004 -0.138 0.927 -3.603 1.725 -0.389
0.007 -0.135 0.925 -3.267 1.42 -0.305
0.009 -0.136 0.92 -2.626 -0.282 0.321
0.01 -0.144 0.91 -1.878 -1.0 0.672
0.014 -0.145 0.931 -2.435 -1.397 0.015
0.011 -0.142 0.931 -2.13 -0.458 0.092
0.012 -0.136 0.938 -2.13 -0.527 0.557
0.011 -0.141 0.941 -2.008 -0.328 1.084
0.016 -0.125 0.937 -2.802 -0.427 0.481
0.017 -0.132 0.935 -2.237 -2.573 0.939
0.019 -0.136 0.927 -2.412 -1.824 1.298
0.005 -0.133 0.931 -2.29 -1.573 1.588
0.007 -0.142 0.934 -2.519 -1.015 1.786
0.01 -0.14 0.926 -2.389 -0.435 1.29
0.009 -0.148 0.924 -1.71 -1.053 0.847
0.012 -0.135 0.932 -1.672 -1.344 0.046
0.009 -0.138 0.937 -2.153 -0.992 -0.076
0.019 -0.132 0.926 -3.489 1.084 -0.122
0.009 -0.14 0.917 -3.664 1.092 0.107
0.012 -0.146 0.913 -2.771 0.74 1.069
0.01 -0.141 0.912 -2.275 0.099 1.031
0.019 -0.142 0.918 -2.038 -0.618 0.763
0.02 -0.146 0.918 -2.122 -0.145 0.611
0.017 -0.141 0.926 -2.473 1.55 1.473
0.001 -0.151 0.919 -2.634 1.466 1.122
0.007 -0.148 0.914 -2.13 1.954 0.901
0.011 -0.139 0.911 -1.397 1.298 0.893
0.009 -0.138 0.918 -1.664 2.397 0.809
0.001 -0.139 0.925 -1.901 1.748 0.298
0.01 -0.145 0.92 -1.351 0.794 0.466
0.01 -0.144 0.929 -1.069 0.84 0.756
0.008 -0.133 0.938 -1.397 0.962 0.962
0.013 -0.133 0.926 -1.611 1.298 0.733
0.015 -0.139 0.931 -1.687 1.145 0.908
0.013 -0.134 0.936 -1.565 0.565 0.351
0.024 -0.137 0.931 -1.076 0.198 0.504
0.021 -0.13 0.933 -1.863 1.221 0.939
0.015 -0.131 0.931 -2.252 0.87 0.679
0.018 -0.133 0.937 -2.374 0.885 1.435
0.021 -0.126 0.932 -2.771 0.695 1.351
0.016 -0.126 0.931 -2.679 0.802 1.641
0.014 -0.135 0.927 -2.885 0.893 1.427
0.011 -0.144 0.907 -1.679 -0.511 1.618
0.005 -0.135 0.916 -0.977 -0.969 1.87
0.011 -0.129 0.927 -1.42 -0.87 1.641
0.017 -0.132 0.92 -2.519 0.847 1.947
0.012 -0.133 0.916 -3.183 1.313 1.901
0.023 -0.139 0.904 -2.763 2.107 2.542
0.022 -0.138 0.914 -3.053 2.511 3.328
0.023 -0.145 0.919 -2.977 1.237 3.748
0.012 -0.147 0.92 -2.489 1.344 3.565
0.009 -0.148 0.917 -2.26 1.534 2.985
0.007 -0.145 0.931 -2.26 0.794 2.542
0.011 -0.136 0.927 -2.718 1.206 2.58
0.016 -0.133 0.933 -3.321 1.412 2.511
0.011 -0.144 0.933 -3.252 1.863 2.107
-0.005 -0.155 0.925 -3.076 2.13 1.786