0.095 -0.249 0.895 1.122 -2.061 -2.939
0.101 -0.241 0.888 1.595 0.29 -2.916
0.103 -0.242 0.895 2.595 0.985 -2.748
0.105 -0.233 0.922 4.107 -1.092 -4.0
0.107 -0.214 0.923 5.092 -3.069 -4.794
0.103 -0.208 0.915 4.008 -4.473 -3.656
0.121 -0.209 0.925 3.45 -4.962 -3.695
0.117 -0.218 0.905 2.496 -2.435 -3.237
0.113 -0.222 0.91 2.122 -0.092 -3.962
0.115 -0.221 0.902 2.038 2.687 -4.969
0.101 -0.208 0.911 2.55 4.099 -4.092
0.103 -0.211 0.934 2.863 1.389 -4.344
0.115 -0.193 0.933 2.603 -0.038 -2.931
0.125 -0.183 0.937 1.405 1.115 -0.664
0.119 -0.173 0.948 0.153 2.191 1.45
0.118 -0.189 0.941 -0.191 0.038 2.031
0.104 -0.209 0.917 -0.779 2.198 1.168
0.088 -0.229 0.905 -0.275 2.794 -0.603
0.083 -0.231 0.903 1.092 1.244 -4.359
0.089 -0.232 0.908 2.191 2.107 -6.191
0.101 -0.213 0.907 3.153 3.115 -5.901
0.123 -0.208 0.948 2.969 7.26 -5.672
0.107 -0.186 0.921 1.489 5.237 -3.527
0.12 -0.167 0.925 0.336 4.122 -2.069
0.126 -0.163 0.926 0.16 2.099 -0.16
0.098 -0.175 0.936 -0.962 1.0 0.817
0.099 -0.217 0.907 0.061 0.756 -1.328
0.083 -0.241 0.896 0.069 3.29 -3.55
0.066 -0.226 0.896 -0.328 4.641 -4.267
0.104 -0.216 0.893 0.916 5.26 -5.962
0.093 -0.201 0.912 2.16 2.557 -5.168
0.117 -0.175 0.925 2.779 2.916 -4.023
0.128 -0.161 0.935 1.053 2.977 -1.718
0.1 -0.168 0.948 0.099 1.275 -0.931
0.123 -0.16 0.926 -1.069 1.237 0.115
0.107 -0.178 0.939 -2.519 5.511 2.382
0.073 -0.21 0.938 -1.397 2.397 1.321
0.084 -0.206 0.921 -1.198 1.473 -0.679
0.083 -0.205 0.927 -0.809 0.519 -2.298
0.104 -0.199 0.923 0.336 2.115 -3.618
0.107 -0.205 0.916 0.107 2.374 -3.802
0.106 -0.201 0.917 0.954 2.389 -3.656
0.113 -0.188 0.935 -0.336 2.511 -2.229
0.101 -0.183 0.936 -0.267 1.076 -1.031
0.104 -0.18 0.944 -0.496 0.687 0.084
0.101 -0.181 0.938 -0.244 0.962 -1.221
0.09 -0.179 0.941 -0.962 -0.023 -1.237
0.085 -0.189 0.942 -1.748 -0.809 -0.893
0.093 -0.196 0.946 -3.565 -1.809 -1.328
0.094 -0.219 0.915 -3.695 -1.489 -2.611
0.109 -0.212 0.908 -3.496 -0.863 -2.244
0.121 -0.201 0.898 -2.282 0.359 -0.863
0.115 -0.189 0.906 -1.405 1.649 -0.221
0.117 -0.184 0.91 -0.435 -0.328 -0.847
0.124 -0.176 0.917 0.122 -0.305 0.496
0.117 -0.18 0.92 0.076 -0.809 0.718
0.114 -0.181 0.926 -2.427 0.038 1.29
0.098 -0.196 0.922 -5.061 3.603 0.733
0.079 -0.218 0.905 -4.374 2.282 -2.092
0.106 -0.21 0.885 -2.588 2.626 -2.977
0.107 -0.203 0.888 -0.519 3.504 -2.924
0.108 -0.174 0.922 0.985 0.664 -2.847
0.122 -0.165 0.929 0.817 0.344 -1.969
0.121 -0.158 0.931 -1.176 1.725 -0.458
0.091 -0.172 0.938 -1.397 0.794 -0.412
0.095 -0.17 0.945 -2.496 0.687 -0.053
0.096 -0.178 0.933 -3.252 0.443 0.252
0.09 -0.186 0.938 -4.038 0.656 -0.137
0.1 -0.19 0.921 -3.87 0.137 -0.771
0.108 -0.186 0.928 -3.779 1.626 -0.183
0.1 -0.193 0.927 -3.42 0.985 0.382
0.093 -0.19 0.925 -1.832 -1.092 -0.466
0.114 -0.185 0.934 -1.382 0.443 0.221
0.097 -0.168 0.941 -2.71 -0.366 0.023
0.108 -0.162 0.937 -3.817 0.649 0.198
0.102 -0.186 0.944 -4.382 -0.412 -0.908
0.117 -0.179 0.919 -6.099 -0.786 -1.305
0.116 -0.19 0.902 -6.885 4.137 0.038
0.101 -0.213 0.899 -3.954 1.344 -0.611
0.117 -0.199 0.904 -1.977 0.565 0.359
0.113 -0.19 0.913 -0.939 1.0 1.786
0.102 -0.19 0.93 -0.389 -1.069 0.786
0.107 -0.183 0.924 -1.305 -0.519 1.237
0.112 -0.188 0.93 -1.84 0.511 0.672
0.107 -0.189 0.932 -2.847 1.954 0.16
0.1 -0.2 0.922 -3.282 2.916 -0.473
0.094 -0.195 0.927 -3.87 3.084 -0.328
0.099 -0.188 0.925 -3.26 1.321 -1.45
0.103 -0.184 0.925 -2.618 1.527 -0.824
0.101 -0.193 0.918 -1.817 0.847 -0.969
0.112 -0.187 0.918 -1.542 1.076 -1.092
0.11 -0.192 0.924 -1.992 2.427 -0.176
0.102 -0.192 0.917 -2.13 3.046 0.031
0.094 -0.19 0.933 -1.702 0.74 -0.427
0.099 -0.184 0.928 -1.794 1.901 0.336
0.096 -0.175 0.933 -2.252 0.954 0.84
0.108 -0.179 0.943 -2.748 0.557 1.824
0.112 -0.174 0.93 -4.412 1.885 3.29
0.096 -0.189 0.93 -4.702 2.817 2.855
0.082 -0.2 0.93 -3.679 0.221 1.718
0.101 -0.194 0.926 -2.931 -0.473 1.748
0.106 -0.19 0.93 -2.786 -0.542 0.725
0.103 -0.2 0.928 -2.061 -1.153 1.527
0.106 -0.203 0.925 -0.771 -2.824 0.382
0.105 -0.199 0.916 -1.229 -1.214 0.573
0.086 -0.207 0.938 -2.107 -1.282 0.534
0.098 -0.194 0.936 -3.076 -0.977 0.206
0.104 -0.206 0.921 -4.137 0.183 1.153
0.105 -0.209 0.914 -5.053 0.641 0.183
0.108 -0.207 0.906 -5.069 0.244 0.076
0.112 -0.214 0.898 -3.718 2.496 -0.763
0.098 -0.216 0.899 -2.58 2.321 -1.0
0.099 -0.218 0.908 -1.015 1.153 -1.015
0.117 -0.197 0.915 -0.55 0.885 -0.664
0.11 -0.194 0.926 -1.153 0.641 -0.855
0.11 -0.193 0.934 -1.244 -0.969 -1.397
0.117 -0.192 0.926 -2.45 -2.221 -1.237
0.129 -0.191 0.914 -4.206 -0.42 -0.145
0.125 -0.202 0.908 -5.29 2.687 0.42
0.115 -0.215 0.914 -5.611 3.137 0.115
0.111 -0.23 0.896 -6.641 5.26 -0.374
0.119 -0.25 0.892 -6.282 4.947 -0.794
0.127 -0.26 0.892 -5.504 3.573 -1.557
0.128 -0.259 0.873 -4.649 3.855 -0.351
0.128 -0.265 0.863 -4.908 6.29 -2.725
0.109 -0.275 0.909 -3.832 7.824 -3.145
0.114 -0.249 0.918 -1.42 4.725 -4.16
0.12 -0.23 0.935 -1.649 5.603 -1.496
0.114 -0.239 0.945 -2.802 5.389 -3.664
0.116 -0.239 0.918 -2.099 7.84 2.664
0.101 -0.254 0.92 -2.397 6.947 -1.084
0.08 -0.244 0.91 0.45 6.137 -0.702
0.071 -0.229 0.923 1.557 6.595 -4.603
0.068 -0.204 0.942 2.939 5.504 -7.168
0.067 -0.186 0.971 2.908 5.672 -7.382
0.053 -0.174 0.959 3.16 2.313 -8.939
0.068 -0.153 0.986 2.519 4.046 -7.695
0.063 -0.141 0.975 3.313 1.672 -7.145
0.07 -0.12 0.97 2.771 -0.412 -6.611
0.065 -0.107 0.988 1.099 -1.573 -6.137
0.064 -0.112 0.996 -1.405 -3.534 -6.855
0.077 -0.108 0.991 -3.924 -4.206 -7.053
0.09 -0.114 0.968 -5.794 -3.618 -5.252
0.092 -0.124 0.967 -6.008 -3.183 -3.13
0.081 -0.134 0.959 -5.832 -5.466 -1.244
0.076 -0.146 0.951 -5.588 -7.733 -0.664
0.066 -0.161 0.962 -5.176 -10.29 -1.557
0.082 -0.163 0.964 -5.916 -11.832 -1.267
0.092 -0.168 0.969 -8.229 -9.031 -1.168
0.066 -0.185 0.951 -9.282 -10.321 -1.26
0.105 -0.184 0.949 -8.962 -12.412 -2.107
0.126 -0.185 0.931 -10.786 -9.374 -1.313
0.123 -0.193 0.897 -10.855 -8.252 -1.176
0.131 -0.207 0.881 -8.969 -8.221 -1.405
0.139 -0.212 0.859 -6.71 -7.237 -1.618
0.151 -0.21 0.855 -4.947 -4.435 -1.13
0.139 -0.217 0.847 -3.855 -1.153 -1.435
0.135 -0.209 0.857 -1.634 -0.634 -1.702
0.139 -0.195 0.892 0.206 -1.908 -2.832
0.144 -0.185 0.896 -1.725 0.405 -1.237
0.138 -0.2 0.888 -2.282 0.969 -1.565
0.148 -0.203 0.865 -3.481 2.252 -1.443
0.172 -0.198 0.847 -3.122 7.397 -0.176
0.156 -0.205 0.819 -1.626 12.275 0.947
0.133 -0.207 0.859 1.733 14.58 2.687
0.122 -0.187 0.857 6.573 10.427 0.802
0.116 -0.156 0.903 8.496 9.313 1.336
0.096 -0.15 0.937 7.924 9.427 2.191
0.1 -0.153 0.953 6.466 5.931 1.771
0.108 -0.151 0.955 4.153 7.206 1.458
0.096 -0.14 0.949 1.55 7.702 2.626
0.095 -0.146 0.954 0.427 6.55 3.55
0.094 -0.151 0.95 -1.237 5.756 5.595
0.094 -0.164 0.954 -1.366 4.947 5.794
0.09 -0.177 0.934 -2.336 5.58 5.748
0.082 -0.188 0.942 -2.145 5.832 5.893
0.083 -0.199 0.93 -0.496 1.664 4.389
0.097 -0.185 0.941 -0.198 -1.756 4.618
0.09 -0.191 0.943 -1.176 -1.145 4.618
0.081 -0.201 0.953 -1.466 -1.618 3.969
0.074 -0.216 0.948 -2.084 -3.405 2.16
0.093 -0.208 0.931 -3.832 -3.931 0.992
0.115 -0.203 0.923 -4.191 -2.16 1.771
0.119 -0.201 0.913 -4.099 -0.771 2.802
0.117 -0.21 0.904 -3.511 0.542 3.802
0.11 -0.208 0.904 -2.13 0.511 3.664
0.108 -0.225 0.895 -1.031 0.756 4.267
0.112 -0.219 0.9 0.527 0.725 2.519
0.099 -0.221 0.919 1.099 0.206 0.71
0.092 -0.216 0.924 0.977 -0.802 0.015
0.1 -0.209 0.937 -0.145 -0.847 -0.817
0.104 -0.222 0.924 -0.511 -0.389 -0.672
0.101 -0.241 0.902 0.779 -0.252 -1.328
0.112 -0.261 0.89 3.183 0.954 -3.466
0.109 -0.255 0.901 4.901 1.214 -4.069
0.139 -0.257 0.887 4.794 2.176 -3.893
0.142 -0.256 0.895 5.076 4.336 -2.053
0.153 -0.259 0.902 4.031 4.595 -1.351
0.143 -0.281 0.923 3.122 4.786 1.122
0.122 -0.339 0.942 2.137 -0.855 1.641
0.195 -0.394 0.917 1.55 0.763 4.55
0.183 -0.487 0.899 1.031 4.679 12.908
0.177 -0.63 0.89 6.71 -3.038 20.267
0.138 -0.729 0.857 8.893 -10.244 21.947
0.117 -0.886 0.893 9.496 -8.298 20.344
0.016 -0.981 0.971 2.244 -11.519 2.679
0.123 -1.08 0.951 -9.29 -17.542 0.183
0.188 -1.096 0.906 -17.481 -10.458 2.092
0.329 -1.259 0.783 -19.321 -11.847 -6.763
0.385 -1.284 0.668 -16.069 -12.344 6.802
0.403 -1.312 0.501 -14.298 -13.359 -9.443
0.201 -1.359 0.457 -0.794 2.771 -10.557
0.07 -1.248 0.528 14.42 4.405 -4.275
-0.045 -1.097 0.754 25.221 -12.45 -15.985
-0.053 -1.002 0.77 19.382 -16.878 -17.672
-0.074 -0.92 0.894 -2.725 -10.084 -25.16
0.048 -0.841 0.787 -34.336 12.153 -23.053
-0.112 -0.927 0.586 -53.053 31.145 -34.015
0.015 -0.932 0.179 -34.435 52.107 -21.534
-0.253 -0.85 0.302 -14.107 56.824 -50.336
-0.444 -0.74 0.469 18.321 39.481 -69.29
-0.495 -0.548 0.709 26.779 20.427 -90.855
-0.342 -0.378 0.953 7.13 17.153 -112.672
-0.077 -0.229 0.805 -23.878 41.847 -127.198
-0.053 -0.214 0.661 -30.626 71.214 -126.817
-0.055 -0.182 0.743 -27.183 79.809 -128.733
-0.15 -0.185 0.748 -12.42 82.389 -125.168
-0.388 -0.22 0.957 11.87 52.076 -125.656
-0.34 -0.129 1.21 8.206 25.13 -132.962
-0.307 -0.153 1.241 -11.977 38.634 -138.206
-0.263 -0.207 1.134 -32.351 56.359 -146.55
-0.285 -0.328 0.764 -32.176 87.733 -149.313
-0.407 -0.258 0.69 -2.229 83.519 -157.244
-0.406 -0.024 0.822 31.641 77.427 -152.733
-0.526 0.186 1.126 50.382 51.71 -144.855
-0.504 0.358 1.419 50.435 15.626 -135.611
-0.37 0.393 1.388 37.534 -4.275 -121.412
-0.311 0.244 1.097 29.985 -17.84 -111.824
-0.243 0.143 0.815 34.786 -21.519 -105.733
-0.317 0.114 0.659 53.198 -31.084 -111.565
-0.296 0.314 0.711 65.542 -46.191 -130.695
-0.111 0.524 0.704 64.221 -30.565 -142.496
-0.042 0.644 0.765 59.748 -3.992 -146.084
-0.0 0.748 0.95 48.511 14.527 -139.969
0.065 0.809 1.05 32.45 29.336 -123.473
0.018 0.777 1.054 23.382 38.16 -99.389
-0.021 0.723 1.013 27.748 31.153 -78.183
-0.098 0.691 1.018 38.053 20.29 -58.191
-0.187 0.725 1.096 44.534 -6.023 -40.397
-0.063 0.742 1.288 28.389 21.863 -39.015
-0.166 0.634 1.154 19.733 16.656 -18.466
-0.037 0.607 0.975 22.427 13.015 6.992
-0.012 0.512 1.01 23.832 16.389 25.847
-0.082 0.475 1.063 16.786 39.344 35.702
-0.085 0.476 1.114 -4.008 57.282 9.855
0.108 0.844 1.36 -38.29 18.779 39.756
0.009 -0.291 1.21 26.901 -38.87 70.565
-0.012 0.596 1.39 25.298 32.366 9.672
-0.18 0.318 1.163 -10.985 26.275 26.595
-0.062 0.256 0.978 9.878 -21.16 7.0
0.068 0.233 0.939 6.893 -11.824 17.405
-0.005 0.203 1.003 7.771 8.351 22.557
-0.098 0.171 1.083 1.924 13.824 7.389
-0.08 0.191 1.091 -5.115 12.985 0.916
-0.032 0.18 1.032 -5.397 3.252 -3.519
0.016 0.189 0.994 -6.122 4.267 -1.122
-0.007 0.167 0.973 -5.397 0.618 -0.832
0.004 0.11 0.912 -0.099 -15.45 -0.863
0.06 0.061 0.86 10.221 -25.023 0.74
0.061 0.053 0.881 12.0 -11.191 3.321
-0.005 0.058 0.927 7.702 -6.099 -3.611
0.026 0.067 0.903 5.275 -0.351 -7.214
0.029 0.087 0.932 4.405 2.389 -6.733
0.025 0.087 0.917 6.046 -8.305 -5.115
0.115 0.103 0.963 5.916 -0.183 -1.962
0.054 0.091 0.951 0.634 5.313 2.832
0.026 0.072 0.934 0.038 6.969 2.458
0.018 0.06 0.929 -0.641 6.168 3.863
0.034 0.052 0.952 1.824 2.382 5.771
0.05 0.052 0.957 -0.634 6.214 8.0
0.011 0.005 0.953 -3.275 7.145 8.473
-0.004 -0.004 0.943 -2.229 4.336 6.985
0.012 0.006 0.981 -2.107 5.176 7.023
-0.092 0.012 0.982 -6.282 -0.481 3.901
0.027 -0.011 0.888 0.656 -12.588 -0.733
0.021 0.013 1.072 -8.565 8.802 3.695
-0.061 -0.011 0.934 -6.008 -2.855 5.656
0.052 -0.023 0.91 -5.809 1.847 8.061
0.018 -0.042 0.875 1.534 0.42 11.947
-0.0 -0.018 0.964 1.519 -1.939 4.473
0.017 -0.029 0.94 -5.145 1.992 1.847
0.029 -0.031 0.905 -7.809 7.13 1.313
0.017 -0.067 0.909 -6.55 4.527 1.252
-0.001 -0.06 0.919 -3.809 1.664 1.748
-0.019 -0.048 0.943 -3.069 1.931 3.588
-0.016 -0.045 0.963 -1.977 -1.794 3.435
0.005 -0.03 0.962 -1.603 -8.893 0.588
0.035 -0.027 0.942 -2.298 -6.176 1.351
0.014 -0.045 0.93 -2.649 -3.282 1.092
0.02 -0.043 0.954 -4.252 0.26 -0.176
0.018 -0.049 0.944 -5.511 3.008 -0.809
0.025 -0.04 0.938 -6.305 5.282 -1.534
0.021 -0.05 0.953 -5.458 4.664 -2.542
0.094 -0.042 0.931 3.435 -3.374 2.321
0.112 -0.015 0.983 -4.672 6.954 0.794
0.049 -0.02 0.993 -8.992 14.924 5.405
0.002 -0.025 0.971 -7.763 10.443 7.389
0.007 -0.026 0.967 -6.466 8.618 1.321
0.03 -0.002 0.96 -6.611 9.099 0.336
0.034 0.017 0.96 -8.298 8.901 -0.26
0.019 -0.006 0.952 -8.321 5.977 -1.053
0.037 -0.006 0.946 -8.626 1.527 -4.099
0.031 -0.021 0.924 -8.328 0.382 -4.985
0.054 -0.019 0.926 -8.969 1.985 -5.046
0.063 -0.026 0.924 -9.115 5.298 -3.275
0.038 -0.028 0.926 -8.023 6.481 -2.359
0.029 -0.027 0.934 -7.366 6.267 -2.168
0.024 -0.013 0.957 -6.435 5.366 -0.496
0.028 -0.008 0.943 -6.015 2.588 -0.496
0.02 -0.016 0.935 -6.771 4.634 0.26
0.011 -0.022 0.942 -8.366 7.611 -2.336
-0.003 -0.029 0.942 -9.435 8.985 -3.336
0.022 -0.028 0.94 -6.748 10.29 -4.176
-0.0 -0.012 0.949 -9.137 14.336 -1.282
-0.02 -0.008 0.954 -8.565 7.71 0.046
0.01 -0.026 0.949 -6.962 4.511 1.969
0.001 -0.046 0.936 -6.252 2.908 4.282
-0.007 -0.052 0.922 -5.824 2.366 4.527
-0.01 -0.047 0.93 -5.58 0.947 2.611
0.013 -0.037 0.932 -6.542 4.366 2.191
0.022 -0.033 0.922 -7.031 7.229 2.626
0.006 -0.052 0.917 -6.519 8.405 2.336
-0.004 -0.048 0.924 -7.183 9.527 1.763
-0.018 -0.045 0.934 -7.656 7.496 0.779
-0.01 -0.042 0.922 -7.328 3.153 -0.763
0.003 -0.043 0.91 -6.771 3.176 -0.42
-0.003 -0.044 0.91 -6.557 1.626 -0.405
0.01 -0.04 0.906 -6.382 -1.191 -0.786
0.021 -0.05 0.898 -6.244 0.809 -0.527
0.014 -0.06 0.896 -5.855 3.229 0.023
0.001 -0.06 0.906 -5.069 2.58 0.87
0.001 -0.063 0.9 -3.954 0.405 1.786
0.003 -0.055 0.898 -3.534 0.611 2.26
0.014 -0.058 0.927 -4.55 0.794 2.183
0.036 -0.058 0.907 -6.069 2.443 2.534
0.022 -0.064 0.923 -6.45 3.954 1.855
0.018 -0.066 0.916 -9.023 9.458 1.985
-0.003 -0.075 0.915 -9.13 9.427 0.252
-0.005 -0.075 0.916 -7.763 7.168 -0.618
0.007 -0.086 0.922 -6.466 7.595 -0.405
-0.014 -0.074 0.936 -6.031 7.588 -0.534
-0.026 -0.065 0.939 -5.786 6.565 -0.542
-0.024 -0.069 0.938 -3.58 0.237 2.038
-0.005 -0.059 0.96 -3.985 5.824 2.275
-0.037 -0.059 0.935 -3.878 3.092 3.565
0.002 -0.06 0.933 -3.733 1.015 2.351
-0.02 -0.079 0.947 -4.107 5.008 3.344
-0.034 -0.07 0.942 -5.191 4.878 2.611
-0.033 -0.075 0.957 -6.008 5.725 1.321
-0.029 -0.069 0.938 -5.969 6.702 1.26
-0.036 -0.062 0.946 -4.87 6.763 0.718
-0.032 -0.049 0.943 -4.626 5.076 0.611
-0.034 -0.054 0.943 -3.725 1.122 0.122
-0.009 -0.046 0.937 -4.588 1.16 0.458
-0.017 -0.058 0.935 -5.366 1.466 -0.58
-0.01 -0.054 0.919 -6.023 1.511 -0.076
-0.023 -0.069 0.904 -5.046 2.466 -0.229
-0.012 -0.07 0.944 -3.153 0.496 -1.191
-0.005 -0.068 0.907 -4.344 0.603 -0.779
-0.003 -0.081 0.91 -3.191 1.84 0.351
-0.018 -0.082 0.924 -3.565 4.718 0.557
-0.026 -0.082 0.937 -3.023 5.198 -0.389
-0.039 -0.076 0.938 -2.481 3.229 -0.252
-0.024 -0.064 0.946 -1.053 0.634 0.496
-0.016 -0.057 0.941 -2.45 3.397 1.008
-0.023 -0.065 0.947 -3.832 6.511 0.473
-0.024 -0.074 0.946 -5.817 8.924 0.947
-0.027 -0.08 0.946 -4.183 7.618 0.618
-0.037 -0.08 0.942 -4.122 5.168 -0.214
-0.029 -0.073 0.936 -3.13 3.076 -0.061
-0.026 -0.061 0.939 -2.282 3.992 -0.13
-0.04 -0.055 0.965 -2.473 2.244 -0.366
-0.03 -0.052 0.954 -2.611 1.198 -0.603
-0.031 -0.039 0.958 -3.328 1.221 -0.092
-0.024 -0.052 0.95 -3.847 1.16 0.183
-0.02 -0.063 0.931 -4.435 2.496 0.695
-0.027 -0.062 0.934 -5.13 2.153 0.634
-0.027 -0.076 0.921 -4.794 0.244 0.435
-0.023 -0.074 0.926 -3.695 0.237 0.29
-0.005 -0.069 0.933 -3.969 0.137 0.092
-0.005 -0.068 0.929 -4.55 2.412 0.313
-0.019 -0.083 0.916 -4.328 0.748 -0.031
-0.026 -0.08 0.922 -3.634 0.229 -0.443
-0.03 -0.078 0.923 -3.74 -0.763 -0.672
-0.03 -0.067 0.925 -3.634 0.015 0.214
-0.034 -0.065 0.926 -3.786 -1.13 0.183
-0.026 -0.05 0.929 -3.855 -0.824 0.664
-0.022 -0.049 0.933 -4.267 0.595 1.74
-0.035 -0.045 0.93 -5.626 1.71 2.122
-0.038 -0.045 0.938 -5.931 2.198 1.863