0.091 -0.152 0.925 -7.893 3.649 -1.702
0.078 -0.173 0.925 -7.916 3.183 -5.687
0.101 -0.156 0.883 -6.305 3.099 -7.992
0.143 -0.133 0.883 -4.305 3.656 -8.687
0.147 -0.109 0.892 -2.458 4.031 -4.046
0.143 -0.09 0.921 -0.573 2.756 -0.611
0.139 -0.075 0.922 -1.0 3.878 2.397
0.124 -0.079 0.938 -2.351 4.115 4.664
0.094 -0.083 0.966 -4.237 4.588 4.527
0.068 -0.104 0.967 -6.183 2.733 1.916
0.078 -0.129 0.94 -8.557 3.763 -2.198
0.09 -0.147 0.914 -8.817 4.725 -4.664
0.108 -0.137 0.895 -7.176 3.832 -6.611
0.132 -0.125 0.905 -6.244 3.809 -4.282
0.135 -0.106 0.903 -2.924 3.733 -1.435
0.125 -0.089 0.917 -2.038 3.191 1.603
0.119 -0.075 0.934 -1.794 1.695 3.214
0.112 -0.08 0.928 -2.931 2.061 3.55
0.093 -0.117 0.936 -4.183 3.931 0.351
0.074 -0.146 0.909 -3.771 3.832 -1.405
0.087 -0.136 0.924 -3.29 2.611 -3.931
0.093 -0.135 0.925 -2.817 4.092 -5.84
0.108 -0.121 0.915 -1.237 2.87 -5.489
0.128 -0.103 0.914 -1.137 4.092 -4.687
0.148 -0.086 0.914 -0.931 6.221 -3.763
0.132 -0.077 0.925 -1.344 6.466 -1.382
0.117 -0.074 0.951 -1.611 3.824 1.145
0.102 -0.082 0.962 -2.977 1.099 1.756
0.086 -0.079 0.96 -5.908 0.649 2.153
0.093 -0.11 0.944 -7.282 1.275 0.0
0.085 -0.138 0.909 -7.802 2.275 -1.45
0.099 -0.136 0.9 -6.29 3.069 -2.115
0.12 -0.126 0.903 -3.885 3.771 -1.771
0.126 -0.113 0.909 -1.214 3.718 -0.015
0.118 -0.1 0.919 0.351 3.557 2.504
0.107 -0.083 0.945 1.313 0.832 5.695
0.092 -0.079 0.968 -0.374 -0.748 7.229
0.089 -0.083 0.974 -4.183 0.534 6.634
0.092 -0.093 0.954 -7.069 0.397 5.397
0.095 -0.121 0.932 -6.962 1.282 2.763
0.087 -0.129 0.909 -5.13 -0.168 0.924
0.084 -0.126 0.921 -2.87 -2.084 0.84
0.095 -0.138 0.909 -0.26 -4.481 0.42
0.113 -0.115 0.919 0.885 -4.504 2.931
0.124 -0.1 0.935 0.198 -2.634 3.244
0.113 -0.101 0.953 -1.351 -1.969 5.008
0.113 -0.087 0.948 -3.351 -0.359 4.74
0.114 -0.107 0.927 -5.122 -0.771 3.878
0.118 -0.123 0.918 -5.947 0.298 3.389
0.116 -0.132 0.917 -5.458 0.985 1.29
0.104 -0.156 0.895 -2.763 -1.168 0.649
0.121 -0.152 0.88 0.885 -0.603 1.84
0.111 -0.146 0.908 3.74 0.069 3.649
0.113 -0.115 0.923 5.511 -0.405 5.756
0.105 -0.087 0.954 4.573 -0.809 7.496
0.101 -0.074 0.986 -0.374 2.298 5.748
0.093 -0.083 0.963 -3.672 1.481 3.954
0.086 -0.089 0.952 -5.313 -0.519 2.145
0.096 -0.13 0.926 -6.214 2.237 -2.527
0.083 -0.177 0.895 -4.145 1.359 -2.87
0.106 -0.143 0.882 -0.969 -1.595 -2.649
0.126 -0.138 0.895 1.092 -0.832 -0.275
0.132 -0.113 0.896 2.328 -0.389 1.992
0.143 -0.088 0.904 1.908 2.107 2.565
0.114 -0.08 0.954 0.947 0.771 4.344
0.094 -0.105 0.956 -2.275 2.076 1.305
0.076 -0.151 0.939 -3.855 4.076 -1.748
0.075 -0.169 0.909 -2.802 1.321 -4.611
0.103 -0.14 0.915 -0.71 0.168 -4.038
0.12 -0.106 0.926 -0.031 0.954 -1.977
0.115 -0.109 0.921 0.214 0.145 0.275
0.109 -0.109 0.929 0.008 -0.336 -0.366
0.124 -0.109 0.93 -1.267 -0.244 -1.015
0.117 -0.101 0.938 -2.634 0.603 -0.084
0.127 -0.102 0.92 -4.26 1.878 -0.435
0.128 -0.097 0.913 -4.641 2.0 0.359
0.12 -0.096 0.912 -3.366 -0.267 3.176
0.122 -0.092 0.933 -3.42 -0.168 4.183
0.104 -0.111 0.942 -4.634 1.267 2.962
0.1 -0.146 0.918 -4.656 1.664 0.71
0.102 -0.149 0.917 -5.153 2.366 -2.107
0.116 -0.138 0.906 -5.885 4.695 -5.031
0.132 -0.13 0.889 -4.374 4.198 -4.527
0.132 -0.116 0.915 -2.733 3.656 -2.023
0.123 -0.109 0.939 -2.412 3.275 -0.16
0.122 -0.095 0.945 -3.282 1.695 1.763
0.107 -0.106 0.948 -4.756 2.282 2.092
0.09 -0.147 0.917 -5.847 4.183 -2.061
0.084 -0.186 0.884 -3.008 3.435 -3.786
0.094 -0.164 0.903 -0.969 2.863 -4.084
0.102 -0.132 0.926 -0.015 3.267 -3.733
0.1 -0.103 0.945 -0.534 2.412 -1.863
0.112 -0.082 0.954 -2.031 2.29 0.305
0.117 -0.069 0.957 -4.771 3.496 0.71
0.1 -0.08 0.954 -8.153 4.557 0.695
0.094 -0.107 0.942 -9.489 4.779 -1.427
0.086 -0.14 0.92 -8.649 4.702 -3.069
0.082 -0.164 0.902 -6.786 4.153 -4.313
0.109 -0.139 0.907 -5.756 4.366 -6.084
0.126 -0.122 0.915 -4.168 3.74 -5.458
0.133 -0.096 0.921 -2.885 2.496 -1.908
0.122 -0.092 0.933 -3.71 3.611 -0.344
0.11 -0.097 0.939 -5.397 2.863 1.137
0.089 -0.118 0.944 -6.489 2.412 1.237
0.091 -0.146 0.926 -7.557 4.542 -1.748
0.102 -0.159 0.914 -6.794 4.611 -4.313
0.098 -0.161 0.904 -4.359 4.374 -3.992
0.124 -0.125 0.911 -3.42 5.122 -3.069
0.118 -0.111 0.926 -2.389 5.427 -1.664
0.116 -0.096 0.931 -2.618 4.214 -0.473
0.117 -0.096 0.939 -3.595 5.756 -0.13
0.102 -0.095 0.94 -3.939 4.084 0.198
0.088 -0.12 0.921 -3.366 5.878 -1.489
0.055 -0.144 0.917 -0.786 4.206 -2.107
0.073 -0.138 0.93 1.931 1.702 -0.725
0.072 -0.113 0.959 1.718 2.443 -0.962
0.073 -0.098 0.963 -0.832 2.29 -0.878
0.076 -0.097 0.955 -1.794 1.832 -1.351
0.08 -0.098 0.961 -3.511 2.351 -1.931
0.083 -0.094 0.954 -3.939 1.443 -1.588
0.088 -0.099 0.94 -2.992 1.252 -1.153
0.064 -0.104 0.941 -1.885 -1.74 1.16
0.061 -0.107 0.962 -2.588 -4.489 1.168
0.069 -0.119 0.958 -4.542 -5.496 -1.557
0.1 -0.116 0.925 -5.969 -5.595 -3.053
0.107 -0.101 0.919 -6.473 -4.557 -3.679
0.115 -0.093 0.917 -6.756 -3.351 -1.58
0.114 -0.107 0.914 -6.008 -2.87 0.321
0.118 -0.14 0.898 -4.962 -0.496 0.412
0.097 -0.149 0.893 -2.221 -2.069 1.71
0.121 -0.138 0.887 -0.183 -1.573 1.939
0.103 -0.126 0.917 0.046 -0.855 3.74
0.121 -0.113 0.909 0.321 -3.878 4.252
0.13 -0.093 0.915 -1.298 -2.183 5.618
0.116 -0.104 0.918 -2.664 -0.542 4.718
0.111 -0.133 0.899 -2.084 0.321 3.595
0.097 -0.155 0.894 -0.435 2.458 3.008
0.087 -0.156 0.893 0.153 2.901 0.954
0.107 -0.141 0.9 1.26 2.947 0.382
0.118 -0.115 0.914 2.046 2.702 2.168
0.106 -0.103 0.93 1.664 3.977 4.351
0.092 -0.094 0.956 1.099 0.588 6.16
0.098 -0.087 0.972 -1.244 -1.504 5.779
0.086 -0.104 0.956 -5.023 0.359 3.557
0.095 -0.125 0.933 -6.817 -0.939 1.13
0.114 -0.157 0.9 -6.038 -0.763 -0.87
0.114 -0.162 0.884 -3.908 1.336 -1.771
0.098 -0.176 0.884 -0.611 1.687 -0.786
0.1 -0.153 0.917 1.153 1.298 0.13
0.102 -0.124 0.932 0.328 3.0 0.878
0.117 -0.125 0.931 -1.382 3.664 -0.26
0.125 -0.119 0.924 -3.489 5.153 -0.656
0.125 -0.116 0.926 -3.122 3.641 1.099
0.106 -0.124 0.919 -2.634 2.557 2.649
0.102 -0.14 0.918 -2.443 2.603 1.901
0.09 -0.162 0.909 -0.718 2.947 0.0
0.093 -0.159 0.912 0.145 4.053 -2.0
0.09 -0.152 0.921 0.748 4.42 -4.153
0.092 -0.135 0.924 0.076 6.397 -3.58
0.093 -0.126 0.946 0.885 2.328 -2.695
0.11 -0.103 0.937 -0.321 2.076 -1.145
0.109 -0.109 0.937 -1.359 3.29 -0.573
0.107 -0.109 0.939 -2.824 4.16 -1.069
0.087 -0.134 0.927 -2.817 2.031 -1.427
0.086 -0.16 0.917 -2.321 3.641 -3.565
0.097 -0.173 0.92 -2.908 4.756 -4.153
0.111 -0.187 0.913 -3.137 5.214 -2.672
0.113 -0.198 0.944 -3.458 3.672 -3.023
0.13 -0.18 0.953 -5.328 3.229 0.427
0.139 -0.225 0.947 -6.336 3.336 0.13
0.148 -0.247 0.981 -10.511 8.023 3.13
0.102 -0.347 1.024 -15.634 8.405 5.473
0.114 -0.452 1.035 -22.695 9.893 9.672
0.12 -0.62 1.023 -26.786 12.687 8.45
0.123 -0.799 1.033 -28.137 9.45 3.061
0.194 -0.871 0.995 -30.473 4.496 8.885
0.264 -0.938 0.983 -32.74 7.237 15.916
0.276 -0.996 0.966 -35.389 6.328 25.359
0.278 -1.023 0.917 -28.489 -1.282 54.366
0.211 -1.087 0.939 -28.947 -10.611 65.687
0.19 -1.136 0.929 -34.42 -11.511 63.344
0.126 -1.266 0.795 -34.901 -5.412 35.656
0.065 -1.58 0.52 -21.107 6.389 -9.015
-0.162 -1.512 0.611 1.618 -7.061 -33.13
-0.011 -1.218 0.773 14.534 -16.366 -46.847
-0.001 -1.083 0.775 17.198 -3.664 -49.847
-0.083 -1.06 0.794 17.641 0.733 -59.038
-0.059 -0.97 0.819 10.008 -5.519 -79.008
0.1 -0.777 0.807 -3.679 7.076 -95.855
0.186 -0.651 0.797 -24.427 13.992 -102.084
0.26 -0.679 0.623 -46.16 25.282 -107.29
0.229 -0.77 0.387 -50.313 50.489 -119.45
0.258 -0.748 0.231 -44.344 68.916 -116.527
0.146 -0.934 0.044 -19.771 90.595 -112.382
-0.1 -1.059 0.065 30.71 79.939 -101.244
-0.196 -0.823 0.288 60.122 72.824 -95.908
-0.249 -0.537 0.526 70.992 81.603 -101.603
-0.291 -0.29 0.723 79.374 87.939 -99.527
-0.246 -0.044 0.756 59.496 90.198 -95.534
-0.292 -0.034 0.648 51.229 104.344 -88.412
-0.549 -0.058 0.809 34.038 119.107 -118.092
-0.635 0.001 0.955 36.557 102.649 -135.931
-0.482 0.091 1.012 17.863 110.908 -157.389
-0.317 0.03 0.814 11.305 119.908 -158.733
-0.276 -0.118 0.482 31.702 125.71 -143.412
-0.654 -0.076 0.607 77.527 97.771 -127.008
-0.95 0.125 0.821 114.092 51.366 -121.084
-0.914 0.435 0.866 127.603 15.084 -127.16
-0.642 0.685 0.892 122.214 7.802 -122.771
-0.452 0.857 0.853 103.443 18.313 -122.168
-0.363 0.949 0.805 78.969 34.611 -118.458
-0.397 0.939 0.793 71.168 33.031 -101.137
-0.509 0.959 0.82 69.321 28.809 -86.634
-0.577 0.989 0.917 65.198 30.206 -79.695
-0.669 0.977 0.981 57.099 28.824 -75.832
-0.694 0.981 1.041 50.885 23.679 -72.298
-0.658 1.071 1.137 34.214 27.137 -69.992
-0.624 1.027 1.111 16.824 32.328 -69.061
-0.691 0.902 1.083 9.817 24.878 -62.344
-0.718 0.828 1.129 5.534 10.099 -50.237
-0.722 0.788 1.141 5.366 -7.137 -35.718
-0.62 0.641 1.043 1.153 -25.29 -15.198
-0.334 0.54 0.964 5.763 -46.969 7.16
-0.31 0.476 0.805 -0.214 -26.687 10.924
-0.139 0.407 0.9 -4.496 -43.802 6.397
-0.176 0.242 0.646 -4.427 -43.229 11.557
-0.194 0.183 0.804 -14.137 -30.168 -12.496
-0.288 0.129 0.911 -28.26 0.412 -39.42
-0.26 0.194 1.004 -26.336 3.527 -51.015
-0.207 0.19 0.929 -2.321 4.229 -30.038
-0.196 0.188 0.888 10.74 -17.664 -4.122
-0.107 0.152 0.912 19.985 -26.214 4.542
-0.136 0.267 0.844 2.87 -4.16 11.076
0.097 0.162 1.04 25.71 -26.557 17.947
-0.078 0.174 1.016 17.496 6.305 4.427
-0.202 0.15 0.995 23.435 -8.55 2.679
-0.012 0.202 1.012 13.817 -2.023 -4.206
-0.175 0.199 1.043 10.725 4.45 -7.771
-0.139 0.207 1.012 13.992 -16.206 1.099
-0.187 0.203 0.97 8.573 -15.969 -3.748
-0.153 0.212 0.978 10.855 -37.122 4.626
-0.087 0.202 0.939 5.603 -38.26 6.496
-0.067 0.112 0.869 10.542 -40.931 17.771
-0.124 0.081 0.808 18.466 -23.718 21.618
-0.112 0.124 0.959 12.137 4.71 2.931
-0.149 0.177 0.993 13.298 2.626 2.153
-0.142 0.156 0.926 16.542 -14.229 15.511
-0.08 0.146 0.949 21.305 -24.031 25.099
-0.115 0.166 0.985 18.115 -16.13 21.412
-0.124 0.189 1.006 10.206 -12.412 21.038
-0.11 0.162 0.974 6.687 -10.473 19.198
-0.128 0.14 0.96 3.435 -8.237 15.687
-0.094 0.118 0.92 3.313 -9.321 15.756
-0.087 0.089 0.888 4.565 -9.931 15.832
-0.066 0.101 0.887 8.29 -8.527 15.107
-0.081 0.092 0.877 10.046 -10.099 16.351
-0.067 0.11 0.877 9.832 -12.695 15.603
-0.024 0.098 0.878 7.061 -5.473 10.924
-0.065 0.078 0.806 8.267 -4.527 7.076
-0.0 0.101 0.848 6.641 -2.756 4.733
-0.024 0.099 0.91 2.206 0.931 1.137
-0.049 0.145 0.907 -6.58 11.16 -3.885
-0.047 0.062 0.762 -1.542 1.336 10.191
-0.008 0.032 0.825 7.374 1.466 14.237
-0.097 0.071 0.913 8.496 8.153 6.74
-0.139 0.098 0.907 2.405 8.435 4.229
-0.089 0.091 0.87 0.061 3.427 7.962
-0.047 0.067 0.889 1.634 3.679 4.366
-0.073 0.068 0.908 -0.42 5.458 1.061
-0.097 0.064 0.906 -1.389 7.588 -0.328
-0.11 0.043 0.889 1.916 2.443 2.45
-0.099 0.05 0.88 5.664 -0.588 3.137
-0.111 0.073 0.894 6.954 -4.176 3.092
-0.094 0.077 0.906 6.496 -5.359 2.084
-0.091 0.073 0.909 5.74 -5.397 1.031
-0.073 0.082 0.908 4.695 -4.702 0.71
-0.056 0.097 0.922 2.885 -2.282 -0.962
-0.054 0.084 0.919 0.924 0.031 -2.809
-0.07 0.081 0.927 -1.214 0.679 -5.046
-0.055 0.075 0.919 -2.74 2.076 -5.771
-0.05 0.091 0.929 -4.466 3.29 -5.977
-0.055 0.078 0.933 -5.305 4.328 -7.183
-0.11 0.068 0.979 -5.366 -1.344 -5.802
-0.056 0.072 0.922 -4.794 0.389 -7.26
-0.034 0.079 0.863 -1.809 -4.511 1.023
-0.07 0.081 1.008 -4.519 3.137 -11.84
-0.07 0.074 0.927 -3.412 -6.359 -1.13
-0.053 0.116 0.973 -5.885 3.466 -8.71
-0.076 0.104 0.95 -6.718 2.779 -5.847
-0.06 0.084 0.933 -6.481 1.023 -7.565
-0.045 0.101 0.938 -6.733 1.435 -6.954
-0.052 0.122 0.949 -9.389 6.351 -9.221
-0.064 0.117 0.952 -11.962 7.641 -9.496
-0.058 0.097 0.931 -11.863 4.679 -9.366
-0.05 0.096 0.917 -10.443 2.183 -8.107
-0.056 0.08 0.914 -9.145 1.328 -7.412
-0.052 0.089 0.932 -9.015 1.977 -6.221
-0.079 0.082 0.931 -8.672 1.008 -6.214
-0.083 0.07 0.938 -7.779 -0.565 -6.26
-0.06 0.069 0.928 -5.977 -0.924 -6.771
-0.066 0.081 0.923 -5.618 0.298 -4.748
-0.051 0.065 0.916 -5.122 -0.092 -5.214
-0.031 0.052 0.906 -4.611 1.74 -4.702
-0.061 0.055 0.921 -3.183 4.321 -3.977
-0.088 0.052 0.915 -3.832 5.038 -6.206
-0.076 0.063 0.927 -3.061 4.924 -5.45
-0.075 0.077 0.93 -2.687 4.198 -5.588
-0.05 0.079 0.918 -1.832 2.656 -3.611
-0.055 0.083 0.942 -3.252 3.458 -4.771
-0.067 0.086 0.933 -4.191 2.328 -2.389
-0.066 0.079 0.929 -4.695 4.366 -4.389
-0.08 0.093 0.95 -4.031 4.511 -3.748
-0.066 0.086 0.932 -6.763 5.321 -3.901
-0.072 0.079 0.927 -7.557 6.489 -4.511
-0.087 0.062 0.917 -7.443 5.718 -4.076
-0.094 0.067 0.923 -5.71 3.557 -3.359
-0.083 0.074 0.912 -4.885 1.855 -1.893
-0.077 0.08 0.918 -4.13 0.595 -1.153
-0.091 0.078 0.919 -3.504 -0.588 0.29
-0.08 0.064 0.902 -3.214 -1.374 0.405
-0.079 0.056 0.906 -3.046 -0.359 -0.053
-0.063 0.052 0.9 -2.863 -1.275 0.229
-0.07 0.057 0.895 -1.916 -0.878 -0.336
-0.083 0.072 0.908 -3.534 0.427 -0.771
-0.084 0.078 0.915 -4.26 0.924 -0.58
-0.064 0.067 0.907 -4.412 0.45 0.634
-0.052 0.062 0.898 -3.985 1.145 -0.046
-0.066 0.062 0.89 -3.183 1.359 0.466
-0.076 0.058 0.898 -3.115 1.137 0.313
-0.077 0.064 0.905 -2.252 0.344 0.389
-0.07 0.064 0.913 -1.115 -1.397 1.924
-0.058 0.075 0.9 -0.664 -2.008 2.931
-0.064 0.07 0.913 -1.664 -0.137 1.924
-0.068 0.057 0.897 -2.649 2.252 0.725
-0.077 0.065 0.906 -3.443 5.237 -1.015
-0.088 0.072 0.917 -2.985 3.656 0.099
-0.072 0.085 0.916 -2.74 1.008 0.656
-0.072 0.082 0.885 -2.053 -1.756 4.26
-0.066 0.064 0.932 -3.244 2.145 2.099
-0.08 0.059 0.917 -3.229 2.58 1.924
-0.088 0.058 0.916 -4.13 3.763 1.237
-0.07 0.062 0.908 -3.221 3.557 1.069
-0.073 0.066 0.929 -3.695 3.328 1.145
-0.076 0.073 0.921 -3.649 3.519 1.229
-0.093 0.068 0.933 -5.313 4.237 1.649
-0.094 0.059 0.927 -5.115 3.969 0.885
-0.093 0.058 0.922 -5.023 3.702 0.893
-0.094 0.053 0.925 -3.992 2.702 0.802
-0.085 0.06 0.919 -2.198 0.71 1.527
-0.087 0.068 0.92 -2.221 0.45 1.809
-0.089 0.071 0.917 -2.168 -1.244 2.092
-0.074 0.069 0.912 -2.649 0.443 0.985
-0.075 0.073 0.914 -3.473 2.443 -0.435
-0.059 0.054 0.9 -2.977 1.29 -0.366
-0.07 0.053 0.897 -2.511 1.053 0.031
-0.075 0.067 0.897 -2.389 0.656 1.084
-0.059 0.074 0.908 -2.969 3.046 1.038
-0.065 0.071 0.905 -3.985 4.695 1.084
-0.072 0.068 0.897 -3.237 4.26 1.511
-0.074 0.061 0.899 -3.55 6.595 0.855
-0.091 0.057 0.902 -3.153 5.878 0.435
-0.11 0.061 0.909 -3.565 4.191 -0.076
-0.08 0.058 0.9 -1.023 3.267 1.939
-0.093 0.061 0.92 -1.649 2.328 1.099
-0.091 0.059 0.917 -2.672 4.267 0.664
-0.084 0.058 0.931 -3.252 4.939 -0.374
-0.094 0.045 0.923 -3.687 5.351 -0.702
-0.092 0.046 0.919 -2.336 5.588 -1.565
-0.102 0.047 0.926 -2.107 5.473 -1.023
-0.099 0.067 0.928 -1.878 4.649 -0.618
-0.093 0.064 0.938 -2.763 4.885 0.405
-0.098 0.053 0.93 -3.076 3.84 0.359
-0.107 0.044 0.925 -2.786 3.885 0.137
-0.114 0.057 0.936 -3.008 4.137 -0.137
-0.102 0.052 0.927 -2.718 3.153 0.099
-0.107 0.06 0.932 -1.855 1.527 0.847
-0.096 0.068 0.921 -1.26 0.221 2.0
-0.102 0.076 0.939 -1.611 -0.504 0.939
-0.1 0.081 0.933 -2.779 0.481 0.557
-0.099 0.065 0.927 -3.16 -0.885 1.42
-0.089 0.055 0.913 -2.198 -1.786 1.809
-0.093 0.064 0.921 -1.634 -2.168 2.107
-0.084 0.066 0.922 -1.931 -2.351 1.374
-0.073 0.066 0.92 -2.893 -0.122 0.573
-0.085 0.062 0.912 -3.26 0.351 0.595
-0.086 0.063 0.918 -2.977 0.573 1.115
-0.084 0.068 0.917 -3.183 -0.008 1.397
-0.083 0.068 0.914 -2.824 -0.595 3.008
-0.083 0.06 0.905 -2.916 0.107 2.397
-0.086 0.062 0.909 -2.382 -1.023 2.206
-0.062 0.044 0.929 0.336 2.366 3.45
-0.078 0.062 0.919 -1.885 -1.084 4.084
-0.083 0.068 0.909 -3.947 1.267 2.351
-0.084 0.055 0.912 -3.16 0.198 3.076
-0.09 0.066 0.918 -3.908 2.786 1.374
-0.105 0.072 0.926 -5.046 2.595 0.756
-0.111 0.062 0.915 -5.473 3.809 -0.351
-0.11 0.062 0.909 -5.031 2.656 0.137
-0.113 0.057 0.899 -3.901 1.137 0.672
-0.11 0.056 0.913 -3.198 0.725 -0.237