0.155 -0.219 0.931 0.183 0.756 1.008
0.15 -0.208 0.947 -0.664 -1.908 1.191
0.152 -0.214 0.943 -2.901 0.924 1.328
0.125 -0.243 0.94 -5.206 1.29 -0.656
0.129 -0.25 0.912 -4.344 -0.084 -1.977
0.161 -0.24 0.897 -2.695 -1.069 -1.885
0.177 -0.224 0.896 -1.046 0.122 -0.832
0.164 -0.235 0.908 0.992 0.298 -1.427
0.18 -0.229 0.905 1.252 1.031 -0.74
0.165 -0.219 0.921 0.366 1.832 0.679
0.168 -0.21 0.916 0.313 1.893 0.489
0.172 -0.204 0.936 -1.611 2.588 1.206
0.147 -0.217 0.931 -3.023 1.534 0.443
0.162 -0.22 0.921 -4.336 2.053 0.0
0.164 -0.225 0.909 -4.824 2.656 -0.504
0.167 -0.231 0.901 -3.519 3.252 -1.046
0.171 -0.231 0.896 -2.458 3.008 -0.695
0.161 -0.235 0.891 -0.962 0.405 -0.84
0.169 -0.229 0.915 -0.794 1.298 0.344
0.155 -0.219 0.924 -1.282 2.053 0.198
0.152 -0.222 0.927 -2.84 2.275 -0.947
0.149 -0.225 0.937 -4.084 3.099 -1.527
0.135 -0.228 0.933 -4.084 0.664 -2.374
0.143 -0.221 0.929 -4.244 0.534 -2.55
0.148 -0.222 0.935 -4.229 0.252 -2.16
0.16 -0.226 0.929 -4.641 1.336 -1.794
0.147 -0.222 0.933 -4.282 0.58 -2.008
0.16 -0.214 0.942 -3.84 -0.481 -2.198
0.17 -0.211 0.924 -3.916 0.115 -0.931
0.15 -0.217 0.921 -4.435 1.489 -0.191
0.151 -0.228 0.908 -3.359 -0.55 -1.008
0.163 -0.228 0.901 -2.351 -1.252 -0.611
0.165 -0.226 0.909 -1.855 -0.534 -0.214
0.166 -0.214 0.922 -2.229 -0.664 0.557
0.178 -0.21 0.918 -3.023 -1.252 0.527
0.177 -0.218 0.922 -4.084 0.191 1.031
0.172 -0.217 0.905 -3.901 0.885 1.046
0.159 -0.226 0.913 -2.397 -1.649 0.107
0.157 -0.223 0.915 -2.298 -1.908 0.084
0.153 -0.225 0.91 -2.847 -1.855 -0.015
0.164 -0.232 0.906 -3.389 -0.374 -0.969
0.178 -0.24 0.91 -3.046 2.824 -1.947
0.169 -0.238 0.888 -2.695 1.168 -2.679
0.175 -0.228 0.891 -1.382 2.534 -1.313
0.173 -0.211 0.929 -0.573 1.901 -0.969
0.16 -0.209 0.918 0.305 -2.435 -1.435
0.171 -0.2 0.937 -0.969 -0.802 -0.641
0.155 -0.201 0.94 -2.023 -0.679 -0.656
0.182 -0.196 0.919 -2.779 -0.878 -0.725
0.17 -0.202 0.913 -3.466 1.45 0.458
0.177 -0.209 0.895 -1.58 -0.092 0.519
0.171 -0.21 0.902 -0.504 1.244 1.664
0.156 -0.225 0.919 0.649 1.802 2.847
0.135 -0.229 0.921 1.405 0.802 2.992
0.138 -0.223 0.917 0.954 2.008 2.832
0.146 -0.218 0.92 0.389 2.55 3.137
0.151 -0.212 0.928 1.046 1.0 3.458
0.152 -0.204 0.917 2.84 -2.183 3.786
0.156 -0.193 0.937 2.664 -4.679 4.092
0.159 -0.199 0.941 1.916 -5.26 3.885
0.167 -0.202 0.949 -0.191 -3.908 3.771
0.151 -0.222 0.927 -2.015 -2.74 3.71
0.162 -0.228 0.917 -3.183 -1.893 3.099
0.162 -0.242 0.896 -2.763 -2.282 2.924
0.17 -0.24 0.889 -1.389 -3.092 3.252
0.173 -0.235 0.896 0.198 -2.947 4.031
0.176 -0.222 0.927 0.74 -4.321 3.74
0.172 -0.21 0.92 -1.0 -2.267 3.229
0.169 -0.224 0.929 -3.206 -0.519 3.588
0.162 -0.225 0.929 -4.71 -0.115 2.733
0.152 -0.233 0.911 -4.962 -3.008 0.947
0.167 -0.237 0.895 -4.855 -1.931 0.237
0.159 -0.238 0.899 -5.87 -0.748 -1.16
0.184 -0.237 0.87 -5.145 -0.588 -1.924
0.193 -0.232 0.865 -3.847 0.565 -0.252
0.194 -0.233 0.871 -0.847 -0.893 -0.74
0.199 -0.218 0.867 1.725 -1.366 0.565
0.181 -0.214 0.894 2.74 0.038 1.45
0.176 -0.199 0.921 2.389 -0.511 1.092
0.176 -0.186 0.921 0.244 1.435 1.275
0.181 -0.184 0.916 -1.763 4.137 1.076
0.177 -0.186 0.902 -2.29 5.053 1.115
0.167 -0.192 0.902 -1.221 3.626 1.344
0.175 -0.182 0.911 -0.702 2.565 1.786
0.167 -0.182 0.916 -1.74 4.061 1.87
0.159 -0.192 0.902 -1.267 3.489 1.733
0.17 -0.187 0.906 -0.038 2.573 2.863
0.165 -0.185 0.92 0.962 1.702 3.214
0.165 -0.172 0.937 1.16 1.084 4.527
0.172 -0.175 0.94 -0.466 1.824 4.931
0.167 -0.183 0.934 -2.473 4.985 5.878
0.155 -0.207 0.933 -2.893 5.305 5.649
0.132 -0.22 0.92 -2.542 4.542 4.931
0.148 -0.206 0.933 -2.458 2.557 4.565
0.154 -0.223 0.933 -2.313 1.496 3.733
0.172 -0.213 0.924 -2.252 1.145 4.237
0.173 -0.218 0.92 -2.275 2.435 4.916
0.164 -0.23 0.912 -2.183 1.901 4.824
0.165 -0.226 0.922 -1.481 0.359 4.885
0.17 -0.24 0.907 -1.893 0.611 4.282
0.169 -0.249 0.908 -1.939 1.038 4.069
0.174 -0.246 0.911 -1.534 1.183 3.504
0.168 -0.248 0.912 -1.29 1.359 3.863
0.172 -0.251 0.92 -1.901 3.252 3.679
0.166 -0.261 0.912 -2.137 3.664 2.878
0.158 -0.261 0.918 -2.023 2.107 1.305
0.162 -0.26 0.91 -1.252 1.214 0.107
0.169 -0.246 0.924 -1.023 0.55 -0.611
0.163 -0.239 0.916 -0.344 0.374 -0.985
0.171 -0.249 0.912 -0.069 0.496 -1.0
0.159 -0.246 0.914 0.328 1.595 -1.046
0.169 -0.238 0.914 0.878 0.794 -1.13
0.164 -0.241 0.924 0.87 1.672 -1.183
0.162 -0.23 0.938 1.55 0.099 -1.771
0.161 -0.219 0.93 0.977 0.344 -1.458
0.159 -0.227 0.925 0.389 1.244 -2.458
0.158 -0.23 0.925 -0.29 1.405 -3.359
0.153 -0.229 0.932 -1.076 2.214 -4.42
0.161 -0.224 0.919 -1.038 2.557 -4.939
0.161 -0.218 0.917 -0.359 2.168 -5.221
0.16 -0.211 0.916 0.519 0.809 -4.763
0.15 -0.2 0.928 1.786 -0.977 -4.557
0.16 -0.196 0.936 2.084 -2.802 -4.282
0.165 -0.191 0.944 0.168 -1.26 -2.962
0.161 -0.207 0.933 -1.771 0.023 -3.794
0.166 -0.215 0.932 -3.321 0.267 -5.053
0.172 -0.223 0.899 -3.954 1.206 -4.947
0.184 -0.226 0.884 -2.702 1.832 -4.626
0.179 -0.223 0.897 -0.985 1.435 -3.794
0.18 -0.23 0.912 -0.908 1.939 -3.42
0.167 -0.25 0.918 -2.626 2.649 -3.962
0.147 -0.279 0.946 -5.206 2.031 -6.481
0.169 -0.305 0.917 -8.313 2.947 -8.679
0.179 -0.339 0.891 -10.603 5.359 -8.802
0.182 -0.38 0.902 -10.252 2.847 -10.84
0.2 -0.459 0.89 -13.557 5.557 -12.336
0.23 -0.513 0.831 -14.282 9.824 -9.931
0.201 -0.609 0.811 -15.29 10.313 -12.855
0.224 -0.698 0.74 -12.626 12.427 -6.977
0.234 -0.802 0.715 -3.466 15.603 5.359
0.178 -0.86 0.778 0.29 15.023 11.771
0.127 -0.951 0.843 5.458 7.901 17.931
0.191 -0.956 0.846 3.557 7.008 31.794
0.106 -1.02 0.908 -4.031 4.733 27.664
0.017 -1.109 0.888 -17.221 -0.42 7.641
0.041 -1.14 0.807 -28.901 3.885 2.13
0.037 -1.096 0.735 -36.931 14.779 3.771
-0.023 -1.165 0.603 -41.366 14.664 -23.229
-0.067 -1.08 0.657 -34.351 4.389 -27.824
0.029 -1.051 0.642 -37.504 11.924 -33.229
0.056 -1.028 0.552 -39.626 23.496 -43.458
0.004 -1.034 0.497 -34.435 34.26 -33.687
0.014 -0.963 0.462 -35.939 44.931 -47.611
-0.061 -0.928 0.366 -34.221 61.26 -64.496
-0.156 -0.888 0.4 -24.267 60.985 -81.641
-0.195 -0.812 0.406 -13.061 65.534 -95.099
-0.261 -0.672 0.543 -4.473 69.26 -100.053
-0.136 -0.552 0.581 -9.122 71.435 -116.916
-0.091 -0.528 0.521 -6.641 86.26 -113.29
-0.123 -0.49 0.642 -10.305 98.718 -120.992
-0.163 -0.488 0.578 -11.794 118.26 -122.603
-0.316 -0.495 0.524 2.366 125.847 -123.908
-0.48 -0.426 0.638 27.282 107.725 -126.954
-0.537 -0.233 0.703 48.16 83.115 -140.038
-0.49 -0.063 0.802 66.595 65.099 -145.008
-0.45 0.128 0.949 70.122 67.16 -146.053
-0.537 0.178 1.049 66.916 74.038 -147.397
-0.533 0.205 1.046 59.191 70.916 -151.763
-0.518 0.183 0.889 76.817 49.832 -148.588
-0.456 0.311 0.896 105.725 1.107 -142.511
-0.254 0.526 0.911 130.504 -36.107 -129.458
-0.106 0.756 1.065 142.725 -69.26 -113.733
0.036 0.968 1.212 130.443 -81.489 -103.16
0.091 1.05 1.249 98.733 -52.023 -99.733
0.041 0.993 1.323 60.282 -9.58 -104.008
0.013 0.902 1.242 29.397 21.664 -109.076
-0.007 0.824 1.207 16.496 32.58 -107.489
0.042 0.77 1.208 18.26 22.611 -91.893
0.058 0.712 1.197 17.405 12.061 -73.695
0.015 0.61 1.133 17.924 6.832 -56.298
-0.083 0.506 1.15 15.221 0.954 -44.382
-0.146 0.444 1.159 8.779 1.901 -40.725
-0.058 0.441 1.242 -0.366 19.115 -49.282
-0.153 0.436 1.165 -19.221 28.847 -44.366
0.01 0.37 1.137 -11.924 19.282 -45.466
0.019 0.356 1.076 -17.718 25.275 -29.069
0.026 0.236 1.003 -6.115 12.496 -17.962
-0.072 0.175 0.933 9.198 -7.718 -0.443
-0.069 0.164 0.993 8.267 -18.0 11.153
-0.091 0.107 1.014 5.092 -18.893 2.313
-0.037 0.098 1.007 -6.305 0.092 -15.794
-0.057 0.099 1.019 -16.122 11.55 -31.092
-0.048 0.109 1.073 -20.008 15.153 -29.351
0.01 0.114 1.021 -11.076 -1.107 -26.053
0.018 0.106 1.102 -14.031 13.916 -16.435
-0.081 0.075 1.049 -12.092 -0.427 -13.595
-0.026 0.048 1.029 -9.099 -8.672 -6.832
-0.052 0.025 1.012 -7.985 -6.84 -8.687
-0.06 0.006 1.023 -7.038 -14.969 -9.206
0.015 0.009 1.015 -7.328 -10.282 -12.55
-0.059 -0.031 1.029 -5.473 -12.71 -12.053
-0.041 0.004 1.039 -9.802 -11.359 -14.252
0.004 -0.034 0.992 -7.084 -11.756 -6.473
-0.034 0.004 1.031 -5.145 -8.099 -8.092
-0.002 0.01 1.037 -7.939 -4.321 -9.076
0.015 0.018 0.998 -10.679 -4.076 -9.168
0.026 0.004 0.973 -11.275 -6.221 -8.824
0.054 -0.01 0.928 -10.481 -5.45 -7.366
0.048 -0.032 0.919 -9.023 -3.061 -5.481
0.038 -0.028 0.926 -7.046 -4.305 -5.473
0.065 -0.039 0.917 -5.504 -2.504 -4.847
0.051 -0.044 0.918 -5.557 1.817 -4.069
0.044 -0.051 0.938 -5.718 0.053 -4.183
0.05 -0.041 0.911 -4.855 -0.634 -3.489
0.026 -0.029 0.92 -4.221 -1.504 -2.13
0.028 -0.034 0.94 -4.817 -3.099 -2.443
0.048 -0.045 0.955 -6.771 3.435 -4.901
0.038 -0.08 0.908 -6.656 1.458 -4.168
0.009 -0.099 0.918 -6.313 5.237 -6.053
0.036 -0.074 0.897 -5.092 3.298 -6.573
0.041 -0.083 0.881 -2.26 2.771 -6.962
0.047 -0.079 0.876 1.771 0.405 -5.206
0.047 -0.058 0.895 1.679 3.313 -2.473
0.022 -0.057 0.915 1.206 1.076 -3.924
0.042 -0.06 0.925 -0.328 4.366 -4.748
0.041 -0.068 0.915 -0.985 6.26 -3.695
0.016 -0.073 0.926 -0.824 4.985 -4.908
0.023 -0.074 0.914 -1.0 4.298 -5.221
0.04 -0.058 0.908 -2.275 6.061 -5.931
0.039 -0.053 0.916 -2.748 5.939 -5.076
0.074 -0.065 0.893 -2.031 5.557 -2.847
0.057 -0.078 0.928 -3.305 5.313 -1.153
0.044 -0.1 0.9 -3.076 5.031 -1.435
0.027 -0.104 0.908 -1.176 4.718 -1.534
0.029 -0.098 0.917 -0.786 2.916 -2.511
0.039 -0.081 0.933 -0.985 3.389 -1.878
0.054 -0.072 0.927 -1.29 4.656 -0.702
0.055 -0.077 0.967 -3.588 9.519 0.168
0.063 -0.077 0.949 -4.664 9.053 -0.16
0.065 -0.089 0.947 -5.168 8.74 0.122
0.049 -0.089 0.942 -3.557 7.321 0.489
0.027 -0.08 0.938 -3.305 5.84 -0.061
0.034 -0.089 0.958 -3.626 5.656 0.359
0.049 -0.091 0.952 -3.817 5.443 0.824
0.055 -0.098 0.971 -4.87 6.16 1.069
0.026 -0.11 0.949 -3.763 3.901 1.366
0.022 -0.115 0.944 -3.969 2.145 1.069
0.016 -0.112 0.95 -3.313 0.13 -0.092
0.01 -0.104 0.951 -4.626 3.023 -1.74
0.009 -0.089 0.953 -5.908 6.702 -2.069
0.01 -0.092 0.963 -6.359 6.107 -2.763
0.025 -0.082 0.953 -6.214 5.282 -3.023
0.023 -0.087 0.964 -6.74 6.359 -1.786
0.015 -0.089 0.939 -5.679 1.656 -0.282
0.022 -0.094 0.935 -4.603 -0.031 0.305
0.015 -0.094 0.942 -4.885 0.702 1.389
0.022 -0.112 0.939 -4.504 -0.527 0.924
0.034 -0.105 0.938 -5.443 2.588 -0.511
0.025 -0.114 0.921 -5.511 4.092 -1.26
0.021 -0.111 0.917 -4.58 3.244 -2.008
0.049 -0.101 0.908 -4.618 3.924 -2.924
0.045 -0.093 0.917 -3.344 3.863 -1.198
0.035 -0.082 0.917 -4.16 2.145 -0.649
0.052 -0.095 0.895 -4.534 3.557 -0.649
0.036 -0.109 0.898 -4.565 6.351 -0.183
0.024 -0.132 0.886 -3.595 6.122 -1.069
0.024 -0.122 0.885 -1.344 5.336 -1.321
0.025 -0.115 0.909 0.649 3.344 -0.977
0.028 -0.103 0.912 0.26 4.458 -0.771
0.041 -0.099 0.939 -1.214 6.214 -0.244
0.042 -0.116 0.92 -1.137 7.252 -0.244
0.026 -0.112 0.916 -0.679 9.504 0.893
-0.002 -0.113 0.935 0.695 6.168 0.748
0.013 -0.112 0.94 2.061 3.504 1.405
0.006 -0.092 0.955 2.198 3.603 2.351
0.004 -0.093 0.937 2.168 3.145 2.466
0.013 -0.096 0.937 2.328 1.779 1.748
0.027 -0.087 0.959 1.603 3.305 2.489
0.03 -0.093 0.944 0.466 4.695 2.099
0.006 -0.097 0.937 0.221 7.321 2.046
-0.007 -0.089 0.959 -0.359 5.718 1.29
-0.002 -0.084 0.951 -0.489 4.832 1.053
0.003 -0.073 0.955 -1.084 4.84 1.45
0.016 -0.075 0.954 -1.374 4.084 1.885
0.018 -0.091 0.941 -1.305 4.557 2.672
0.003 -0.096 0.931 -1.466 3.817 2.351
0.002 -0.096 0.933 -0.924 4.214 2.313
-0.003 -0.103 0.942 -0.45 2.924 1.328
0.005 -0.086 0.947 -1.13 2.0 0.84
0.021 -0.076 0.943 -1.901 2.656 1.351
0.02 -0.081 0.947 -2.931 4.305 1.855
0.006 -0.099 0.937 -4.061 5.969 1.55
-0.004 -0.107 0.934 -4.321 7.504 1.198
-0.013 -0.098 0.944 -4.092 6.069 0.366
-0.002 -0.096 0.931 -3.489 6.107 0.351
-0.016 -0.097 0.948 -2.893 5.198 1.053
-0.005 -0.103 0.938 -2.565 2.42 0.557
0.001 -0.113 0.936 -1.496 2.557 0.328
-0.002 -0.11 0.928 -0.336 1.672 0.405
-0.009 -0.113 0.941 0.122 3.282 0.015
-0.01 -0.091 0.946 -0.008 2.863 0.008
-0.012 -0.088 0.945 0.244 1.817 0.58
0.007 -0.082 0.946 0.397 1.183 0.771
-0.002 -0.085 0.949 -0.229 1.015 1.206
0.007 -0.079 0.942 -0.389 0.389 1.786
0.003 -0.078 0.95 -1.076 1.603 1.962
-0.011 -0.088 0.945 -0.863 1.412 1.122
-0.001 -0.079 0.939 -0.71 0.137 0.702
0.003 -0.069 0.951 -1.595 -1.191 0.985
0.008 -0.077 0.943 -1.282 -0.931 1.206
0.008 -0.075 0.942 -2.076 0.061 1.061
0.01 -0.077 0.942 -3.031 1.153 0.977
0.008 -0.085 0.935 -3.237 0.824 1.458
0.011 -0.088 0.926 -2.496 -0.13 2.031
-0.002 -0.091 0.927 -2.427 -0.412 2.214
0.003 -0.09 0.933 -2.847 -0.275 1.626
0.01 -0.089 0.922 -3.855 0.855 1.779
0.011 -0.084 0.934 -3.992 1.374 2.389
-0.006 -0.092 0.932 -4.679 1.595 2.481
-0.007 -0.105 0.927 -4.344 1.618 2.137
-0.002 -0.113 0.9 -2.969 -0.42 1.809
0.003 -0.103 0.924 -1.504 -0.939 2.031
0.008 -0.099 0.934 -2.29 -0.275 1.26
0.012 -0.092 0.934 -3.282 2.573 1.344
-0.009 -0.093 0.943 -3.328 1.733 1.282
0.009 -0.102 0.925 -2.954 0.366 1.656
-0.011 -0.103 0.93 -1.779 0.748 2.214
-0.007 -0.109 0.94 -1.824 -0.267 1.748
0.002 -0.105 0.934 -2.038 0.763 1.679
0.001 -0.097 0.949 -2.137 1.397 0.74
0.002 -0.093 0.937 -2.252 1.534 0.557
-0.002 -0.089 0.939 -2.389 2.397 0.557
0.0 -0.093 0.941 -2.374 2.13 0.29
0.003 -0.089 0.955 -3.076 1.687 -0.069
0.008 -0.089 0.938 -2.947 0.321 0.183
0.005 -0.093 0.944 -3.076 0.496 0.221
-0.004 -0.095 0.935 -3.351 1.527 -0.115
-0.005 -0.091 0.949 -4.13 2.977 -0.153
0.002 -0.089 0.95 -3.977 1.687 0.305
0.0 -0.084 0.941 -2.832 0.611 1.344
-0.015 -0.079 0.946 -2.924 -0.45 1.824
-0.01 -0.088 0.94 -3.519 -0.344 1.634
-0.009 -0.084 0.938 -3.992 -0.145 1.588
-0.005 -0.087 0.924 -4.679 0.802 1.305
0.001 -0.088 0.927 -4.695 1.0 1.008
0.009 -0.088 0.923 -4.794 0.389 0.763
0.004 -0.093 0.915 -3.802 0.145 0.885
0.015 -0.094 0.922 -3.71 0.107 0.779
0.008 -0.087 0.909 -3.748 1.458 0.885
0.005 -0.093 0.915 -3.443 2.168 1.313
0.004 -0.092 0.927 -2.641 0.664 1.855
0.009 -0.089 0.913 -1.878 0.313 2.229
0.004 -0.095 0.932 -1.954 0.176 2.153
0.019 -0.089 0.912 -1.603 -1.015 1.802
0.015 -0.082 0.908 -0.885 0.412 2.321
0.007 -0.085 0.928 -1.733 1.779 1.573
0.004 -0.079 0.928 -2.298 3.641 0.908
0.008 -0.085 0.929 -2.405 3.702 0.954
0.01 -0.087 0.921 -1.954 2.611 1.443
0.013 -0.082 0.92 -1.817 3.626 2.206
0.005 -0.08 0.929 -2.046 2.603 2.168
0.015 -0.076 0.906 -2.076 2.969 2.664
0.0 -0.075 0.924 -1.74 2.74 3.313
0.017 -0.079 0.931 -1.397 1.641 3.336
0.012 -0.085 0.935 -1.748 3.656 3.603
-0.001 -0.098 0.938 -2.466 5.084 2.954
-0.009 -0.115 0.934 -2.695 6.221 2.84
-0.015 -0.113 0.931 -1.74 5.237 2.42
-0.019 -0.102 0.941 -0.473 2.901 2.656
-0.014 -0.094 0.942 -0.053 0.832 2.618
-0.005 -0.083 0.941 -0.267 0.656 2.695
-0.007 -0.093 0.95 -0.695 1.023 2.374
-0.002 -0.095 0.938 -1.328 2.687 2.42
-0.012 -0.102 0.951 -1.855 3.282 2.374
-0.012 -0.094 0.965 -2.405 3.115 2.176
-0.015 -0.1 0.941 -2.153 2.87 2.26
-0.019 -0.104 0.948 -1.672 1.733 2.344
-0.007 -0.098 0.948 -1.74 0.718 2.382
-0.008 -0.094 0.952 -2.076 1.305 2.344
-0.021 -0.098 0.955 -2.863 1.71 1.779
-0.019 -0.102 0.935 -2.947 1.252 1.412
-0.015 -0.097 0.937 -2.794 0.71 1.183
-0.012 -0.088 0.945 -3.13 0.069 1.282
0.004 -0.096 0.929 -3.962 0.702 1.092
0.009 -0.109 0.916 -3.687 2.267 1.115
-0.008 -0.117 0.924 -2.87 2.794 0.832
-0.011 -0.109 0.926 -2.382 3.298 0.511
-0.02 -0.102 0.934 -2.191 1.427 0.382
-0.004 -0.091 0.923 -1.145 0.29 0.511
-0.014 -0.082 0.944 -2.374 0.26 1.282
-0.003 -0.089 0.927 -2.924 0.992 1.542
-0.002 -0.092 0.918 -3.038 1.817 0.519
-0.014 -0.093 0.925 -4.168 4.389 -0.038
-0.031 -0.104 0.937 -4.168 4.695 -0.679
-0.024 -0.104 0.92 -3.527 3.374 -0.672
-0.024 -0.096 0.931 -2.947 3.282 -0.191
-0.032 -0.095 0.938 -2.786 2.954 0.198
-0.025 -0.085 0.936 -2.603 2.679 0.45
-0.023 -0.083 0.946 -2.275 2.405 0.916
-0.011 -0.071 0.941 -2.695 2.947 0.962