0.154 -0.198 0.9 -3.481 6.328 -0.153
0.158 -0.203 0.917 -3.962 8.595 -0.298
0.141 -0.199 0.92 -4.137 7.748 -0.802
0.146 -0.196 0.92 -4.252 8.74 -0.969
0.164 -0.184 0.92 -4.366 8.534 -2.237
0.154 -0.196 0.917 -3.885 6.565 -2.305
0.147 -0.198 0.928 -4.504 8.382 -0.992
0.146 -0.192 0.916 -3.786 7.527 -1.496
0.141 -0.188 0.923 -3.015 8.313 0.786
0.133 -0.172 0.935 -1.779 6.191 -0.145
0.13 -0.175 0.951 -2.099 2.275 -0.595
0.146 -0.165 0.965 -4.153 4.366 0.58
0.136 -0.173 0.938 -5.435 4.527 2.221
0.128 -0.193 0.927 -5.397 2.809 1.779
0.124 -0.208 0.917 -4.611 3.191 1.137
0.128 -0.196 0.927 -4.099 3.29 -0.183
0.121 -0.199 0.919 -2.962 1.298 -0.298
0.142 -0.189 0.93 -3.389 1.42 -0.252
0.133 -0.198 0.923 -2.053 0.634 0.885
0.134 -0.197 0.915 -2.573 1.382 1.145
0.117 -0.195 0.919 -1.878 -0.931 1.817
0.12 -0.192 0.927 -2.099 -1.252 2.473
0.123 -0.179 0.937 -2.275 -2.679 3.626
0.126 -0.2 0.92 -2.412 -2.366 2.275
0.146 -0.199 0.914 -3.084 -0.756 2.0
0.144 -0.218 0.893 -2.985 -0.244 1.679
0.15 -0.234 0.881 -2.359 -0.748 -1.336
0.152 -0.225 0.885 -1.336 0.237 -3.931
0.144 -0.212 0.887 0.855 -0.557 -4.26
0.153 -0.188 0.917 2.313 -1.198 -2.382
0.154 -0.173 0.933 1.489 -0.565 -1.153
0.14 -0.185 0.935 -0.061 -0.634 -0.992
0.141 -0.184 0.934 -2.344 0.092 -1.038
0.148 -0.181 0.927 -3.282 0.366 -1.069
0.135 -0.191 0.922 -4.359 0.282 -0.817
0.147 -0.174 0.918 -4.374 0.55 -0.534
0.133 -0.186 0.919 -3.954 -0.634 1.771
0.154 -0.182 0.891 -2.466 -1.145 1.084
0.142 -0.187 0.91 -2.145 -0.221 0.992
0.141 -0.193 0.917 -1.725 0.962 0.71
0.145 -0.193 0.921 -1.443 0.779 0.13
0.154 -0.179 0.922 -2.359 1.397 0.786
0.155 -0.178 0.925 -2.855 1.557 1.511
0.146 -0.181 0.929 -3.977 1.519 0.672
0.133 -0.188 0.934 -4.595 0.405 1.756
0.127 -0.196 0.923 -4.58 -0.87 1.412
0.137 -0.201 0.927 -5.435 -1.985 0.908
0.146 -0.222 0.893 -4.931 -2.275 0.466
0.15 -0.222 0.892 -4.137 -1.878 -0.809
0.152 -0.215 0.883 -2.878 -0.763 -0.924
0.159 -0.201 0.901 -2.084 -0.046 -1.084
0.148 -0.195 0.922 -2.244 0.908 0.481
0.146 -0.197 0.928 -3.191 1.168 0.924
0.159 -0.196 0.911 -3.74 1.649 0.458
0.16 -0.207 0.9 -3.786 1.023 1.244
0.157 -0.21 0.908 -3.603 0.244 0.527
0.144 -0.224 0.907 -2.832 -0.305 0.84
0.156 -0.212 0.911 -2.672 0.733 0.244
0.142 -0.223 0.915 -2.168 0.542 -0.313
0.159 -0.212 0.92 -2.359 0.26 -1.183
0.148 -0.223 0.909 -2.878 0.374 -2.58
0.156 -0.237 0.904 -3.229 0.237 -2.58
0.151 -0.248 0.906 -4.389 1.771 -2.328
0.163 -0.235 0.896 -4.053 2.611 -1.595
0.156 -0.241 0.907 -4.817 2.695 -2.603
0.164 -0.245 0.905 -5.672 4.55 -2.595
0.146 -0.259 0.9 -6.489 4.176 -2.832
0.145 -0.288 0.92 -8.802 4.42 -4.58
0.155 -0.329 0.899 -11.573 5.733 -7.916
0.146 -0.344 0.95 -16.321 4.779 -11.565
0.129 -0.369 0.961 -21.557 1.718 -14.878
0.161 -0.417 0.915 -24.26 -0.771 -12.962
0.19 -0.452 0.89 -24.366 -4.282 -8.939
0.259 -0.503 0.817 -22.84 -0.481 -0.626
0.227 -0.615 0.799 -16.374 -4.214 8.0
0.217 -0.695 0.76 -8.802 -5.71 16.969
0.122 -0.771 0.805 -5.221 -7.023 18.649
0.155 -0.808 0.846 -6.359 -7.924 16.282
0.143 -0.863 0.859 -16.58 -1.336 6.962
0.119 -0.91 0.812 -24.962 -5.229 0.29
0.149 -0.995 0.689 -29.145 0.336 -6.939
0.211 -1.066 0.569 -20.443 -0.023 -6.046
0.274 -1.094 0.482 -4.969 2.962 5.534
0.281 -1.045 0.524 9.458 5.779 22.153
0.224 -0.992 0.648 16.397 11.313 39.389
0.052 -1.075 0.742 12.824 19.763 47.137
-0.181 -1.159 0.767 6.313 21.115 37.084
-0.284 -1.295 0.655 -1.221 16.13 15.969
-0.251 -1.337 0.578 -14.092 21.641 -20.519
-0.062 -1.242 0.323 -18.557 39.061 -39.824
0.092 -1.043 0.356 -8.802 53.237 -38.389
0.082 -0.984 0.409 9.679 54.534 -34.282
-0.125 -0.955 0.549 31.023 58.038 -28.321
-0.287 -0.758 0.76 41.802 49.855 -36.13
-0.325 -0.676 0.8 39.58 58.656 -54.115
-0.476 -0.616 0.846 32.527 58.863 -81.74
-0.29 -0.361 0.928 2.137 60.611 -105.542
-0.184 -0.427 0.689 -2.817 72.794 -118.748
-0.124 -0.405 0.587 0.672 77.71 -123.191
-0.162 -0.427 0.392 25.74 80.229 -117.237
-0.317 -0.266 0.452 61.679 71.168 -113.473
-0.358 0.042 0.795 71.763 65.511 -114.137
-0.529 0.224 1.018 66.153 63.847 -123.557
-0.522 0.375 1.194 56.031 47.802 -137.962
-0.286 0.504 1.12 40.511 45.328 -141.931
-0.14 0.578 0.936 40.328 41.26 -137.061
-0.105 0.601 0.888 47.29 33.397 -124.214
-0.205 0.585 0.882 51.679 12.626 -116.435
-0.228 0.641 0.91 72.26 -9.771 -99.053
-0.094 0.787 1.077 86.359 -40.939 -83.84
-0.114 0.917 1.189 89.26 -63.069 -66.878
-0.052 1.009 1.391 66.229 -64.557 -58.122
0.033 0.931 1.266 32.847 -40.282 -66.42
0.113 0.861 1.111 13.427 -15.557 -74.588
0.157 0.82 1.069 -0.672 0.908 -78.824
0.166 0.792 1.074 -11.191 16.954 -73.672
0.107 0.734 1.162 -23.733 29.267 -63.916
0.041 0.589 1.126 -29.618 37.786 -51.71
-0.064 0.453 1.135 -27.71 35.893 -37.504
-0.105 0.331 1.05 -20.42 25.313 -27.244
-0.073 0.323 1.205 -24.252 43.893 -22.718
-0.108 0.199 0.998 -22.718 33.45 -30.672
0.003 0.199 0.972 -21.695 34.885 -27.122
-0.072 0.155 0.893 -14.275 20.214 -20.183
-0.028 0.173 0.929 -13.748 18.359 -19.656
-0.135 0.179 1.065 -20.718 17.359 -23.771
-0.167 0.138 1.095 -24.466 16.443 -46.802
0.037 0.107 0.971 -21.16 10.863 -24.405
-0.004 0.082 0.971 -4.115 16.0 -31.069
-0.047 0.085 1.016 0.947 12.206 -18.206
-0.113 0.082 1.012 -3.374 3.519 -9.496
-0.051 0.056 0.986 -2.473 0.336 -9.863
-0.101 0.076 1.042 -3.298 -4.496 -12.649
-0.054 0.068 1.022 -5.198 -7.885 -15.076
0.002 0.063 1.003 -8.481 -4.847 -11.168
-0.005 0.027 0.999 -6.939 1.084 -7.931
-0.041 -0.049 0.984 -4.947 1.382 -6.412
-0.044 -0.031 0.953 1.939 0.786 -4.794
-0.069 0.001 1.012 3.595 4.206 -6.802
-0.063 0.026 1.021 0.305 3.802 -7.832
-0.028 0.043 1.048 -2.985 0.282 -7.412
-0.01 0.021 0.992 -3.802 -5.092 -4.0
-0.011 -0.012 0.972 -2.046 -6.107 -2.137
-0.025 -0.026 0.958 -0.954 -6.863 -0.26
-0.011 -0.037 0.915 0.878 -6.962 0.618
-0.009 -0.062 0.897 3.626 -8.824 0.229
-0.027 -0.08 0.906 5.099 -5.382 -0.038
-0.049 -0.078 0.918 4.092 -5.763 -2.725
-0.006 -0.026 0.94 2.847 2.427 -6.374
0.012 -0.073 0.833 8.176 -8.824 -2.145
0.004 -0.049 0.927 10.16 -4.58 -0.405
0.002 -0.052 0.91 8.931 -5.275 0.504
0.045 -0.066 0.895 8.74 -1.985 0.206
0.049 -0.038 0.905 8.336 -3.145 0.527
0.041 -0.052 0.904 9.137 -2.229 1.672
0.014 -0.064 0.916 8.908 -2.954 1.168
0.016 -0.065 0.908 7.817 -0.718 -1.832
0.024 -0.061 0.917 7.015 3.542 -2.405
-0.002 -0.076 0.922 6.809 2.824 -3.527
0.027 -0.076 0.907 6.656 4.42 -3.977
-0.003 -0.087 0.909 6.939 5.053 -4.198
-0.001 -0.076 0.91 6.885 4.878 -4.618
-0.012 -0.073 0.935 8.031 4.405 -4.641
-0.005 -0.06 0.929 6.817 3.588 -2.916
0.011 -0.054 0.963 5.969 3.336 -2.397
0.023 -0.076 0.934 4.588 2.817 -0.504
0.01 -0.099 0.927 5.191 1.634 0.084
0.019 -0.084 0.929 4.107 2.305 -1.267
0.005 -0.072 0.936 1.954 5.344 -4.084
-0.012 -0.06 0.928 1.099 4.504 -3.939
-0.006 -0.045 0.937 1.191 3.229 -3.863
0.0 -0.048 0.934 0.977 0.969 -2.069
-0.009 -0.063 0.933 0.924 2.389 -1.412
-0.0 -0.071 0.908 0.992 3.061 -1.351
0.02 -0.063 0.904 1.603 3.855 -2.031
0.033 -0.054 0.921 1.626 5.099 -2.099
0.036 -0.037 0.946 0.328 5.206 -0.779
0.029 -0.036 0.936 -0.779 3.863 0.435
0.008 -0.053 0.936 -1.221 4.206 1.466
-0.021 -0.076 0.933 -1.565 4.267 1.305
-0.018 -0.062 0.936 -1.908 3.626 -1.137
0.001 -0.052 0.939 -2.206 2.733 -0.847
0.006 -0.048 0.958 -3.74 4.351 -0.252
-0.015 -0.07 0.945 -4.45 5.069 0.496
-0.005 -0.074 0.951 -4.893 4.229 -0.954
-0.017 -0.076 0.939 -5.893 2.504 -0.718
-0.004 -0.065 0.952 -6.427 3.557 -1.275
-0.003 -0.069 0.95 -7.313 2.992 -2.725
-0.004 -0.057 0.949 -8.641 3.023 -2.664
0.0 -0.052 0.962 -10.069 4.954 -2.573
0.016 -0.06 0.944 -10.344 3.443 -0.069
0.022 -0.072 0.927 -9.939 3.519 1.794
-0.007 -0.092 0.933 -11.015 3.649 1.756
-0.014 -0.12 0.914 -11.252 3.908 -0.588
-0.011 -0.125 0.9 -9.931 3.473 -0.939
-0.019 -0.114 0.917 -8.298 3.092 0.122
-0.009 -0.117 0.937 -6.687 1.237 1.603
-0.028 -0.125 0.939 -5.733 0.458 1.573
-0.023 -0.121 0.937 -5.733 0.435 1.13
-0.026 -0.116 0.924 -5.809 0.626 0.0
-0.025 -0.118 0.92 -5.427 1.321 -1.053
-0.024 -0.11 0.924 -4.237 0.519 -1.351
-0.017 -0.103 0.917 -4.328 0.977 -2.863
0.0 -0.105 0.921 -4.427 0.977 -3.389
-0.013 -0.118 0.93 -4.473 0.939 -4.611
-0.028 -0.11 0.922 -3.42 0.977 -4.725
-0.031 -0.098 0.915 -3.137 -0.389 -5.527
-0.011 -0.1 0.909 -2.58 -0.878 -6.145
0.007 -0.078 0.906 -2.954 -1.0 -5.931
0.005 -0.087 0.898 -3.26 -0.496 -5.832
0.001 -0.112 0.911 -2.55 1.183 -4.916
-0.001 -0.092 0.92 -2.046 1.969 -4.183
0.007 -0.101 0.903 -0.748 1.466 -2.122
0.005 -0.09 0.911 0.924 1.26 -1.511
0.007 -0.072 0.932 0.763 0.924 -1.412
0.023 -0.075 0.935 0.885 1.29 -1.695
0.023 -0.076 0.924 1.672 1.817 -0.71
0.013 -0.083 0.947 1.221 1.672 -1.84
0.001 -0.066 0.959 -0.687 1.733 -3.183
-0.01 -0.07 0.939 -1.527 3.214 -2.565
0.01 -0.069 0.951 -1.145 4.588 -2.771
-0.007 -0.072 0.952 -1.878 4.458 -1.58
-0.002 -0.085 0.94 -0.992 4.405 -1.611
-0.029 -0.088 0.953 -0.557 2.305 0.366
-0.012 -0.063 0.952 -1.015 4.076 -0.305
-0.016 -0.073 0.955 -1.664 1.679 -0.344
-0.004 -0.079 0.938 -1.214 1.718 0.489
-0.009 -0.066 0.959 -1.931 1.496 0.71
0.007 -0.074 0.937 -2.626 2.672 0.84
-0.003 -0.082 0.939 -2.115 0.733 2.229
-0.017 -0.068 0.942 -2.489 0.847 2.519
-0.023 -0.084 0.95 -2.931 -0.115 2.489
-0.013 -0.086 0.925 -3.382 0.84 2.008
-0.016 -0.086 0.934 -2.573 0.649 0.809
-0.017 -0.085 0.924 -3.092 0.16 0.84
-0.003 -0.082 0.921 -2.481 0.214 0.351
0.009 -0.064 0.919 -2.824 0.916 1.328
0.017 -0.076 0.912 -3.542 2.466 1.237
0.01 -0.091 0.917 -3.679 3.656 1.496
-0.012 -0.104 0.897 -3.992 2.015 1.298
0.007 -0.094 0.912 -2.954 4.084 0.405
-0.018 -0.101 0.904 -1.954 1.74 1.252
-0.014 -0.087 0.902 -0.779 0.786 1.504
-0.03 -0.07 0.928 -1.931 -0.26 0.855
-0.013 -0.072 0.934 -2.046 1.847 1.71
0.0 -0.07 0.932 -3.885 3.565 0.954
0.005 -0.082 0.921 -3.122 1.466 2.023
-0.007 -0.082 0.922 -2.847 2.985 1.176
-0.005 -0.083 0.901 -2.695 4.076 0.443
-0.012 -0.078 0.912 -2.359 2.053 1.252
0.007 -0.065 0.927 -2.626 2.336 1.786
-0.001 -0.075 0.947 -3.679 2.351 2.115
-0.006 -0.089 0.934 -4.527 4.328 1.832
-0.012 -0.088 0.931 -5.649 4.855 1.405
-0.016 -0.103 0.916 -5.099 4.244 0.977
-0.003 -0.096 0.922 -4.405 4.214 1.252
-0.021 -0.11 0.914 -3.832 4.092 1.542
-0.027 -0.103 0.929 -3.756 3.489 1.198
-0.029 -0.098 0.93 -3.229 2.931 1.634
-0.024 -0.098 0.929 -3.282 2.573 2.252
-0.02 -0.105 0.923 -3.321 1.992 2.466
-0.017 -0.102 0.926 -3.939 2.702 2.282
-0.022 -0.101 0.933 -4.519 3.29 0.763
-0.038 -0.104 0.927 -4.214 3.702 0.687
-0.034 -0.119 0.926 -3.542 2.595 0.0
-0.02 -0.106 0.931 -2.679 2.008 0.489
-0.026 -0.105 0.931 -2.076 0.664 0.298
-0.02 -0.092 0.939 -2.298 0.405 0.16
-0.027 -0.099 0.929 -1.519 -0.611 0.473
-0.029 -0.097 0.934 -1.298 0.015 0.656
-0.028 -0.091 0.935 -2.214 0.641 -0.237
-0.005 -0.081 0.924 -2.183 1.305 -0.74
-0.001 -0.075 0.926 -2.786 1.42 -1.0
0.002 -0.073 0.931 -3.015 1.969 -0.176
0.015 -0.089 0.914 -3.046 2.595 -1.008
0.0 -0.084 0.924 -2.153 1.947 -0.26
-0.005 -0.081 0.934 -2.298 2.137 -0.511
-0.009 -0.07 0.934 -3.061 2.397 -0.817
-0.004 -0.065 0.924 -3.198 2.252 -0.13
-0.015 -0.065 0.951 -4.244 2.282 0.382
-0.015 -0.081 0.928 -4.489 2.382 1.473
-0.006 -0.089 0.919 -3.71 2.267 1.412
-0.007 -0.095 0.933 -3.252 1.916 1.931
-0.017 -0.096 0.93 -3.618 2.595 1.137
-0.031 -0.102 0.934 -3.511 2.985 0.405
-0.028 -0.096 0.939 -3.656 3.489 -0.313
-0.027 -0.092 0.947 -3.603 3.603 -0.679
-0.019 -0.088 0.935 -3.954 3.557 0.374
-0.017 -0.089 0.936 -4.16 3.374 0.244
-0.025 -0.102 0.919 -4.359 3.611 -0.344
-0.024 -0.09 0.92 -4.176 4.595 -0.519
-0.026 -0.097 0.931 -3.901 3.397 0.084
-0.027 -0.093 0.923 -2.901 1.809 0.282
-0.033 -0.097 0.926 -2.435 1.519 1.122
-0.031 -0.096 0.929 -2.557 0.725 0.412
-0.027 -0.093 0.931 -2.542 1.176 1.405
-0.034 -0.102 0.922 -2.992 2.389 1.87
-0.035 -0.109 0.924 -2.855 2.366 1.336
-0.029 -0.099 0.912 -2.718 2.191 1.046
-0.031 -0.106 0.898 -1.458 1.0 0.427
-0.034 -0.102 0.911 -1.038 1.366 0.466
-0.017 -0.096 0.922 -1.305 1.389 0.275
-0.024 -0.096 0.926 -1.412 1.344 0.168
-0.011 -0.084 0.926 -1.649 2.122 0.542
-0.015 -0.096 0.917 -1.382 1.824 0.397
-0.009 -0.081 0.913 -2.061 2.466 -0.023
-0.023 -0.094 0.92 -2.672 3.145 0.107
-0.015 -0.095 0.917 -2.878 3.107 -0.168
-0.024 -0.101 0.912 -2.489 3.336 -0.237
-0.02 -0.094 0.924 -1.458 3.588 -0.221
-0.021 -0.084 0.944 -2.191 3.16 -0.206
-0.031 -0.08 0.955 -2.939 3.336 0.771
-0.039 -0.094 0.933 -3.008 2.802 0.573
-0.052 -0.096 0.94 -1.763 1.412 0.802
-0.055 -0.085 0.954 -1.397 0.267 0.931
-0.054 -0.071 0.954 -1.977 0.282 0.786
-0.044 -0.065 0.942 -2.359 -0.137 0.42
-0.02 -0.064 0.931 -2.122 -0.534 1.176
-0.018 -0.065 0.948 -2.733 -0.832 2.321
-0.014 -0.075 0.945 -3.634 0.122 1.901
-0.012 -0.082 0.923 -3.885 -0.412 2.046
-0.015 -0.087 0.937 -4.618 1.412 1.71
-0.027 -0.098 0.924 -5.214 2.183 1.206
-0.027 -0.105 0.919 -4.55 2.824 1.511
-0.014 -0.096 0.928 -3.321 0.962 2.672
-0.017 -0.102 0.922 -2.214 -0.458 3.985
-0.013 -0.105 0.923 -1.496 -1.061 4.527
-0.038 -0.101 0.931 -1.794 -0.702 3.565
-0.021 -0.09 0.927 -3.015 1.611 2.656
-0.026 -0.095 0.913 -3.122 2.053 1.679
-0.038 -0.094 0.926 -2.672 2.527 2.107
-0.026 -0.09 0.924 -3.649 2.336 1.84
-0.023 -0.11 0.915 -3.893 3.298 1.656
-0.025 -0.118 0.911 -3.656 3.237 0.206
-0.033 -0.113 0.929 -4.206 3.901 -0.573
-0.026 -0.105 0.905 -3.908 3.977 -1.244
-0.031 -0.101 0.911 -3.282 3.649 -0.802
-0.037 -0.088 0.917 -3.435 3.733 0.344
-0.027 -0.094 0.923 -3.542 3.191 0.076
-0.027 -0.077 0.933 -3.969 3.359 0.573
-0.032 -0.096 0.926 -4.275 3.374 0.435
-0.046 -0.097 0.921 -4.137 4.214 0.412
-0.038 -0.099 0.917 -4.046 4.061 -0.061
-0.03 -0.092 0.918 -4.511 4.534 0.244
-0.027 -0.091 0.916 -4.702 5.168 1.244
-0.014 -0.097 0.917 -4.855 6.023 1.718
-0.024 -0.109 0.922 -4.573 5.725 1.725
-0.03 -0.114 0.92 -3.74 4.344 2.099
-0.04 -0.113 0.928 -3.26 2.824 1.496
-0.049 -0.111 0.926 -3.16 2.229 1.237
-0.045 -0.119 0.929 -3.176 2.42 1.534
-0.054 -0.119 0.93 -2.817 1.985 1.237
-0.056 -0.118 0.93 -2.824 2.153 0.534
-0.063 -0.122 0.932 -2.885 3.168 -0.229
-0.053 -0.105 0.928 -2.466 2.794 -0.573
-0.051 -0.102 0.931 -3.069 2.45 -0.542
-0.038 -0.098 0.938 -3.031 2.092 -0.092
-0.051 -0.108 0.931 -2.252 1.542 0.473
-0.052 -0.113 0.942 -1.466 0.008 0.679
-0.048 -0.113 0.943 -1.267 -0.885 0.977
-0.041 -0.104 0.933 -0.641 -1.252 0.611
-0.033 -0.099 0.933 -1.053 -1.397 0.29
-0.023 -0.092 0.934 -2.351 -0.145 -0.313
-0.023 -0.097 0.923 -3.183 0.924 -0.664
-0.029 -0.097 0.924 -2.893 1.092 -0.015
-0.041 -0.1 0.93 -2.786 1.466 0.298
-0.028 -0.1 0.925 -2.412 1.321 0.55
-0.035 -0.097 0.933 -1.603 0.351 1.267
-0.039 -0.094 0.924 -2.282 -0.885 0.969
-0.043 -0.1 0.936 -2.672 -0.183 0.374
-0.031 -0.1 0.941 -3.298 0.389 0.405
-0.035 -0.099 0.926 -3.427 0.939 0.611
-0.039 -0.105 0.941 -3.885 1.198 0.366
-0.041 -0.114 0.917 -3.321 1.481 0.221
-0.041 -0.108 0.922 -2.992 0.321 0.42
-0.046 -0.108 0.925 -2.107 -0.061 0.229
-0.041 -0.103 0.924 -2.351 -0.588 0.496
-0.03 -0.108 0.918 -2.252 0.137 0.618
-0.035 -0.104 0.926 -2.206 -0.237 0.466
-0.032 -0.099 0.928 -2.885 -0.115 0.573
-0.03 -0.106 0.91 -2.924 -0.008 0.992
-0.037 -0.1 0.922 -3.046 0.519 1.023
-0.031 -0.104 0.916 -3.611 0.779 0.45
-0.033 -0.115 0.914 -3.221 1.237 0.458
-0.039 -0.113 0.909 -2.58 1.382 0.183
-0.046 -0.106 0.903 -2.389 1.771 -0.191
-0.043 -0.104 0.912 -1.382 1.298 0.244
-0.035 -0.094 0.927 -1.573 0.847 0.489
-0.025 -0.088 0.908 -2.267 1.275 1.008
-0.027 -0.091 0.902 -3.084 2.748 1.023
-0.029 -0.096 0.894 -3.603 3.863 0.26
-0.028 -0.092 0.906 -3.397 3.771 0.076
-0.04 -0.093 0.915 -3.313 4.008 0.588
-0.058 -0.102 0.922 -2.87 4.092 0.656
-0.054 -0.096 0.93 -2.786 3.824 1.313
-0.058 -0.098 0.924 -3.275 3.221 0.939
-0.053 -0.105 0.92 -3.45 3.977 1.412
-0.058 -0.1 0.939 -3.496 4.588 1.183
-0.062 -0.105 0.933 -2.725 3.824 1.267
-0.057 -0.104 0.938 -1.779 3.763 0.802