0.036 -0.188 0.889 -5.29 -1.046 0.817
0.027 -0.198 0.893 -3.305 -1.069 1.176
0.025 -0.181 0.921 -1.893 -1.977 0.282
0.041 -0.15 0.93 -1.985 -0.763 0.588
0.033 -0.14 0.933 -3.649 -0.87 -1.168
0.059 -0.143 0.919 -5.534 -1.298 0.504
0.058 -0.142 0.916 -5.351 0.389 2.725
0.047 -0.154 0.914 -5.137 1.351 3.885
0.032 -0.166 0.909 -4.252 1.519 5.351
0.033 -0.166 0.926 -4.275 1.42 4.206
0.027 -0.176 0.924 -5.504 0.084 3.847
0.02 -0.172 0.921 -4.985 1.672 3.672
0.034 -0.184 0.905 -4.771 0.84 1.397
0.056 -0.159 0.903 -4.779 2.183 0.786
0.031 -0.166 0.92 -3.29 0.962 1.557
0.043 -0.144 0.923 -2.916 -0.832 3.771
0.031 -0.156 0.926 -3.519 1.145 5.832
0.023 -0.163 0.933 -5.466 1.29 6.458
0.025 -0.184 0.914 -5.046 2.137 6.092
0.01 -0.204 0.922 -5.656 4.42 2.634
0.014 -0.208 0.914 -5.298 6.168 1.366
0.007 -0.205 0.903 -4.672 7.595 1.74
0.011 -0.19 0.926 -2.588 5.298 2.641
0.029 -0.158 0.929 -1.183 2.481 1.763
0.021 -0.147 0.941 -1.092 1.641 1.458
-0.001 -0.161 0.949 -1.015 -1.244 2.046
0.024 -0.155 0.941 -2.344 -1.435 0.267
0.027 -0.166 0.931 -7.496 3.954 0.061
0.002 -0.17 0.934 -7.611 5.534 -0.458
-0.001 -0.179 0.924 -5.008 0.84 -0.435
0.026 -0.168 0.915 -4.13 1.947 -1.16
0.022 -0.174 0.908 -4.137 3.046 1.061
0.025 -0.179 0.916 -2.0 1.061 1.687
0.027 -0.181 0.906 -1.527 0.611 1.771
0.012 -0.19 0.914 -1.916 2.687 0.908
0.023 -0.177 0.925 -3.748 4.809 -0.771
0.01 -0.172 0.933 -4.389 5.779 -1.321
0.021 -0.15 0.936 -5.405 5.588 -0.214
0.02 -0.152 0.927 -9.489 6.214 0.779
0.025 -0.171 0.913 -8.069 6.176 1.527
0.025 -0.186 0.885 -5.198 5.763 0.954
0.025 -0.188 0.887 -3.611 6.351 0.427
0.0 -0.184 0.91 -0.718 3.275 -0.832
0.001 -0.162 0.936 -0.008 -0.489 -0.824
-0.016 -0.17 0.901 -0.008 -2.634 1.824
0.001 -0.165 0.95 -0.145 -3.954 0.855
0.007 -0.198 0.933 -3.588 -3.351 1.321
0.037 -0.141 0.925 -5.611 1.115 -0.015
0.013 -0.159 0.926 -5.099 1.176 2.603
0.003 -0.18 0.941 -3.832 -1.221 -0.206
0.009 -0.173 0.929 -2.42 -7.504 0.435
0.048 -0.187 0.909 -2.466 -4.863 0.779
0.01 -0.202 0.921 -4.382 0.916 0.611
0.0 -0.201 0.922 -4.069 2.137 0.099
0.003 -0.18 0.876 -7.519 -0.595 0.214
0.023 -0.165 0.941 -3.939 -0.015 0.328
0.038 -0.142 0.951 -7.55 0.145 2.168
0.014 -0.169 0.948 -8.511 1.206 2.626
0.006 -0.183 0.931 -7.687 -2.29 0.947
0.045 -0.198 0.914 -8.267 -1.046 1.206
0.045 -0.221 0.971 -9.779 1.863 -0.847
0.037 -0.213 0.878 -4.176 -4.229 0.893
0.071 -0.215 0.882 -2.145 -0.412 3.687
0.042 -0.205 0.89 -2.252 3.084 7.771
0.036 -0.233 0.922 -1.947 2.893 3.198
0.037 -0.19 0.925 -0.664 2.282 4.557
0.031 -0.18 0.938 -2.084 2.664 3.733
0.034 -0.179 0.943 -4.038 3.756 1.061
0.015 -0.203 0.922 -5.099 4.794 0.794
0.005 -0.222 0.929 -4.298 4.198 0.542
0.009 -0.221 0.879 -2.695 2.092 0.015
0.003 -0.219 0.909 1.466 0.397 -1.427
0.017 -0.202 0.93 0.374 2.298 -1.916
0.029 -0.191 0.926 -0.122 3.366 -1.137
0.034 -0.177 0.941 -0.939 2.87 -1.26
0.034 -0.195 0.95 -0.496 1.611 -0.206
0.06 -0.176 0.909 -4.046 4.649 2.473
0.017 -0.21 0.914 -3.519 5.099 0.076
0.019 -0.229 0.888 -1.504 0.214 0.71
0.032 -0.226 0.915 -0.626 0.061 0.534
0.027 -0.242 0.923 -0.718 -2.527 2.962
0.061 -0.23 0.903 -2.947 -1.588 0.809
0.069 -0.262 0.915 -3.824 -1.038 5.298
0.073 -0.29 0.887 -4.45 -1.725 8.16
0.109 -0.323 0.893 -6.473 -0.443 9.076
0.084 -0.361 0.92 -10.718 0.29 11.985
0.099 -0.426 0.952 -11.824 -3.58 17.924
0.148 -0.477 0.93 -13.16 -5.511 26.992
0.073 -0.639 0.996 -16.214 -9.802 27.84
0.001 -0.799 1.012 -22.13 -9.183 26.122
-0.001 -0.944 0.961 -32.389 -17.901 9.443
0.047 -1.108 0.918 -45.947 -9.473 -9.992
0.175 -1.216 0.647 -48.55 -3.763 -21.344
0.322 -1.271 0.489 -37.588 4.908 -27.794
0.279 -1.308 0.505 -14.374 9.198 -16.008
0.189 -1.299 0.622 10.359 -2.046 0.092
0.062 -1.236 0.818 23.412 -14.061 14.87
0.019 -1.128 0.951 14.794 -18.809 23.374
-0.085 -1.058 1.036 -14.305 -20.168 6.267
-0.11 -1.102 0.993 -40.832 -14.779 -21.443
-0.006 -1.081 0.666 -73.985 0.069 -39.641
-0.167 -1.103 0.303 -108.435 19.863 -74.954
0.096 -1.404 -0.105 -66.908 56.397 -53.237
-0.055 -1.529 -0.176 -18.13 68.092 -40.328
-0.001 -1.514 0.028 13.992 61.305 -65.626
-0.326 -1.136 0.314 54.359 61.992 -66.366
-0.443 -0.949 0.498 55.145 57.863 -89.588
-0.387 -0.65 0.578 49.221 69.122 -105.832
-0.406 -0.524 0.526 39.947 88.71 -116.458
-0.465 -0.446 0.616 37.511 93.939 -126.344
-0.513 -0.371 0.634 39.092 97.954 -133.687
-0.549 -0.347 0.666 51.198 93.901 -135.374
-0.513 -0.189 0.769 56.588 89.191 -138.008
-0.452 -0.05 0.84 50.634 91.695 -132.901
-0.541 -0.054 0.76 52.008 93.153 -130.84
-0.694 -0.129 0.726 40.321 89.313 -144.656
-0.722 -0.041 0.697 50.305 89.84 -145.641
-0.741 0.134 0.698 63.863 87.008 -154.466
-0.779 0.423 0.851 76.519 85.718 -152.977
-0.74 0.71 1.061 82.084 79.176 -149.916
-0.788 0.851 1.211 87.573 60.618 -140.542
-0.804 0.908 1.268 91.176 18.473 -123.473
-0.721 0.937 1.278 100.809 -29.008 -101.863
-0.522 1.01 1.18 103.374 -62.092 -79.0
-0.471 1.034 1.132 104.863 -96.511 -65.908
-0.247 1.129 1.133 92.847 -104.046 -75.664
0.001 1.21 1.11 63.053 -67.977 -82.809
0.083 1.158 1.094 32.786 -23.779 -89.015
0.131 1.052 1.121 11.695 9.672 -89.954
-0.07 0.823 1.058 6.908 21.137 -78.824
-0.199 0.749 1.13 4.214 11.344 -70.198
-0.233 0.688 1.167 1.229 -1.305 -57.443
-0.19 0.594 1.205 -0.924 -14.748 -47.023
-0.216 0.431 1.126 -7.74 -18.244 -41.832
-0.205 0.292 0.961 -14.214 -19.824 -41.229
0.042 0.188 1.107 -17.931 21.099 -51.115
-0.376 0.159 0.897 -35.901 18.794 -38.863
-0.135 0.155 0.959 -16.763 -0.977 -31.244
-0.129 0.206 0.944 -12.718 -5.969 -17.336
-0.185 0.156 1.051 -11.992 -7.916 -14.969
-0.244 0.078 1.057 -13.71 -11.931 -15.565
-0.226 0.008 1.009 -12.153 -14.038 -13.397
-0.227 -0.005 1.001 -9.725 -9.565 -13.588
-0.169 0.042 1.015 -13.015 -2.924 -15.313
-0.108 0.029 0.979 -14.015 2.061 -13.901
-0.104 -0.023 0.929 -8.565 1.061 -9.374
-0.092 -0.019 0.933 1.031 0.023 -2.176
-0.13 -0.01 0.94 5.672 -1.053 5.641
-0.123 -0.02 0.957 10.603 2.687 7.397
-0.113 0.054 1.018 7.214 3.565 12.74
-0.118 0.056 1.02 6.695 -4.458 16.748
-0.044 0.034 0.998 4.206 -6.725 17.557
-0.126 0.047 0.998 -3.748 13.305 19.176
-0.137 -0.032 0.933 -0.962 1.794 25.969
-0.113 -0.023 0.916 0.298 3.275 34.237
-0.139 -0.033 0.954 2.397 -2.16 28.176
-0.139 -0.047 0.956 3.366 -0.206 19.267
-0.133 -0.042 0.925 1.893 1.985 16.779
-0.095 -0.041 0.924 2.794 -3.733 16.275
-0.061 -0.029 0.91 3.496 -0.351 17.42
-0.117 -0.03 0.908 4.496 -6.176 12.198
-0.088 0.005 0.949 -0.176 -9.206 9.985
-0.061 -0.003 0.941 0.099 -3.282 7.58
-0.099 -0.049 0.872 0.908 -5.435 9.305
-0.062 -0.078 0.9 2.908 -10.374 7.733
-0.022 -0.081 0.889 2.496 -5.466 4.817
-0.053 -0.098 0.884 1.885 0.053 2.473
-0.048 -0.096 0.868 2.542 2.802 1.389
-0.08 -0.094 0.872 4.473 5.992 -0.511
-0.098 -0.064 0.891 5.427 2.374 -3.145
-0.051 -0.04 0.914 5.29 0.985 -2.71
-0.02 -0.026 0.932 3.847 -3.176 0.176
-0.015 -0.034 0.926 1.931 -4.794 2.122
-0.01 -0.067 0.911 0.489 -2.29 3.122
-0.053 -0.085 0.9 0.595 -0.168 4.527
-0.074 -0.083 0.909 0.84 0.344 4.939
-0.088 -0.084 0.911 1.672 -0.527 5.092
-0.086 -0.079 0.903 3.618 -2.519 4.099
-0.084 -0.071 0.886 6.855 -4.45 4.855
-0.038 -0.056 0.894 7.351 -4.015 5.107
-0.053 -0.035 0.939 3.718 -2.55 4.443
-0.041 -0.027 0.929 -0.641 1.0 3.26
-0.029 -0.049 0.892 -2.725 3.863 3.771
-0.034 -0.054 0.875 -2.115 4.901 6.092
-0.058 -0.056 0.89 -2.481 4.496 4.557
-0.029 -0.043 0.906 -2.58 3.87 5.489
-0.03 -0.041 0.904 -2.931 1.481 3.053
-0.029 -0.059 0.895 -1.366 3.221 3.412
-0.051 -0.079 0.918 -1.305 7.13 2.969
-0.071 -0.077 0.906 -0.466 7.489 0.603
-0.06 -0.059 0.922 -0.183 9.924 0.679
-0.081 -0.053 0.927 -0.466 11.092 0.802
-0.077 -0.03 0.948 0.588 8.519 2.924
-0.094 -0.029 0.965 0.611 4.794 7.069
-0.07 -0.03 0.953 0.824 0.809 7.237
-0.084 -0.068 0.93 1.809 -0.13 9.382
-0.096 -0.07 0.925 3.275 -3.191 6.023
-0.075 -0.054 0.921 2.519 -1.557 3.534
-0.052 -0.049 0.928 1.389 2.015 0.87
-0.051 -0.023 0.939 0.076 2.374 0.672
-0.032 -0.006 0.948 -1.023 2.359 2.244
-0.052 -0.021 0.943 -3.008 3.115 3.756
-0.051 -0.046 0.952 -4.443 4.702 4.336
-0.067 -0.085 0.929 -4.496 5.718 4.71
-0.075 -0.086 0.927 -3.573 5.58 1.74
-0.072 -0.072 0.933 -3.519 5.092 -1.145
-0.076 -0.064 0.95 -5.618 7.55 -2.496
-0.07 -0.065 0.939 -6.366 6.893 -3.351
-0.068 -0.079 0.922 -5.0 6.344 -2.893
-0.061 -0.079 0.922 -3.924 6.084 -2.595
-0.092 -0.067 0.942 -3.389 5.954 -1.756
-0.112 -0.07 0.965 -2.489 3.023 -0.802
-0.105 -0.062 0.947 -1.611 -0.229 -0.489
-0.108 -0.053 0.937 -1.405 -0.939 -0.405
-0.075 -0.037 0.944 -3.168 -0.771 -0.221
-0.059 -0.047 0.927 -4.672 1.626 0.13
-0.058 -0.063 0.916 -4.863 1.664 -0.275
-0.051 -0.071 0.914 -4.679 4.237 -0.298
-0.057 -0.06 0.913 -5.13 5.779 -0.412
-0.067 -0.06 0.908 -5.031 5.489 -0.305
-0.078 -0.065 0.915 -4.214 4.962 0.542
-0.087 -0.047 0.927 -3.374 2.214 -0.42
-0.087 -0.043 0.925 -3.84 0.603 -0.58
-0.073 -0.048 0.918 -3.496 1.771 -0.206
-0.073 -0.058 0.913 -4.405 4.588 -0.092
-0.079 -0.061 0.912 -3.656 5.992 -0.427
-0.086 -0.068 0.923 -2.748 3.786 -0.504
-0.091 -0.067 0.913 -1.099 1.71 -0.336
-0.099 -0.066 0.909 0.153 1.969 0.069
-0.091 -0.07 0.91 0.076 2.786 -0.763
-0.101 -0.059 0.921 1.038 2.748 -1.321
-0.082 -0.054 0.915 1.305 0.748 -1.374
-0.091 -0.035 0.942 0.115 0.924 -1.122
-0.074 -0.039 0.941 -1.557 1.076 -0.42
-0.075 -0.043 0.913 -2.519 2.145 0.069
-0.063 -0.054 0.921 -2.435 1.626 -0.107
-0.062 -0.051 0.917 -2.389 4.099 0.084
-0.084 -0.056 0.919 -1.779 2.847 0.137
-0.069 -0.049 0.927 -1.183 3.863 0.847
-0.073 -0.04 0.93 -1.748 4.504 1.053
-0.088 -0.038 0.939 -2.038 1.374 0.649
-0.08 -0.046 0.924 -0.893 -1.473 0.634
-0.077 -0.034 0.924 -1.878 -0.42 1.405
-0.066 -0.037 0.936 -3.962 1.183 0.824
-0.06 -0.05 0.915 -5.328 4.931 0.794
-0.069 -0.057 0.913 -5.466 3.748 0.275
-0.065 -0.057 0.906 -4.481 3.924 1.244
-0.074 -0.053 0.924 -4.061 2.863 2.397
-0.073 -0.073 0.915 -2.977 0.321 3.405
-0.072 -0.061 0.917 -1.71 0.519 4.038
-0.091 -0.069 0.922 -2.893 1.885 3.321
-0.092 -0.063 0.934 -3.229 2.183 1.901
-0.095 -0.06 0.921 -4.191 4.618 2.076
-0.106 -0.058 0.931 -4.282 2.969 2.405
-0.085 -0.061 0.917 -3.985 1.45 2.618
-0.076 -0.062 0.919 -3.863 3.16 2.985
-0.091 -0.066 0.926 -3.817 3.626 2.229
-0.09 -0.065 0.914 -3.885 4.382 2.069
-0.1 -0.064 0.918 -3.435 3.733 1.534
-0.081 -0.066 0.913 -3.221 2.412 1.87
-0.084 -0.071 0.909 -1.786 0.038 1.481
-0.061 -0.075 0.901 -1.13 1.137 1.931
-0.078 -0.063 0.925 -1.885 2.313 1.695
-0.084 -0.064 0.918 -2.954 2.84 1.168
-0.091 -0.069 0.921 -2.244 3.031 1.069
-0.094 -0.069 0.919 -2.237 2.061 1.13
-0.1 -0.074 0.927 -1.802 1.527 0.702
-0.094 -0.073 0.92 -0.817 0.137 0.214
-0.094 -0.071 0.923 -1.076 0.954 0.435
-0.087 -0.063 0.918 -1.328 1.878 0.107
-0.083 -0.063 0.918 -2.221 3.908 -0.183
-0.082 -0.064 0.912 -2.061 4.481 -0.031
-0.09 -0.06 0.92 -2.58 4.435 -0.29
-0.091 -0.073 0.916 -2.435 4.443 0.038
-0.095 -0.067 0.931 -2.046 3.359 -0.237
-0.095 -0.061 0.924 -2.176 4.008 -0.397
-0.107 -0.058 0.927 -1.733 3.137 -1.16
-0.105 -0.054 0.922 -1.817 3.153 -0.71
-0.103 -0.048 0.933 -1.626 1.756 0.267
-0.089 -0.042 0.922 -2.267 0.58 1.901
-0.081 -0.052 0.913 -2.634 1.87 2.26
-0.095 -0.065 0.918 -2.466 0.26 2.366
-0.086 -0.073 0.9 -1.046 -0.145 1.87
-0.095 -0.067 0.916 -0.84 1.344 1.328
-0.112 -0.065 0.917 -1.618 2.0 0.206
-0.082 -0.059 0.912 -1.573 2.87 -0.176
-0.087 -0.06 0.914 -1.466 4.435 -0.427
-0.097 -0.051 0.93 -2.0 4.557 -0.779
-0.088 -0.054 0.926 -2.931 5.893 -0.298
-0.088 -0.059 0.919 -1.832 2.718 0.405
-0.095 -0.059 0.924 -0.748 1.573 1.634
-0.106 -0.052 0.925 -0.511 0.122 1.916
-0.094 -0.043 0.919 -0.847 0.191 2.0
-0.072 -0.032 0.914 -1.595 1.473 2.435
-0.083 -0.036 0.921 -2.786 1.794 2.84
-0.077 -0.046 0.919 -3.0 1.824 2.206
-0.083 -0.066 0.902 -3.015 4.092 1.901
-0.094 -0.071 0.903 -2.466 3.771 0.824
-0.109 -0.058 0.911 -2.962 6.504 0.015
-0.102 -0.046 0.923 -3.466 5.733 -0.58
-0.098 -0.056 0.906 -3.435 5.473 -0.29
-0.098 -0.061 0.907 -2.947 4.557 0.962
-0.094 -0.061 0.921 -2.656 4.145 1.55
-0.095 -0.061 0.926 -2.695 3.802 1.832
-0.11 -0.068 0.922 -2.847 3.183 1.328
-0.108 -0.065 0.919 -3.115 4.229 1.237
-0.107 -0.056 0.93 -3.466 5.015 0.985
-0.109 -0.052 0.934 -3.641 4.893 1.008
-0.118 -0.062 0.936 -3.71 3.405 0.977
-0.109 -0.069 0.928 -3.305 3.969 0.901
-0.12 -0.069 0.938 -2.847 2.214 0.733
-0.109 -0.068 0.927 -2.466 2.565 1.168
-0.11 -0.064 0.952 -3.153 2.359 1.214
-0.114 -0.06 0.926 -3.58 1.023 0.565
-0.093 -0.058 0.923 -3.053 1.305 0.847
-0.105 -0.074 0.929 -3.305 1.84 0.802
-0.097 -0.076 0.931 -2.885 1.092 0.603
-0.104 -0.071 0.925 -2.992 2.55 0.565
-0.098 -0.06 0.926 -2.511 1.115 0.084
-0.095 -0.058 0.917 -2.344 2.603 0.0
-0.097 -0.063 0.918 -3.023 3.58 -0.191
-0.096 -0.059 0.931 -2.809 3.267 0.282
-0.105 -0.061 0.927 -3.702 3.954 -0.046
-0.123 -0.055 0.928 -4.008 1.794 -0.206
-0.115 -0.06 0.928 -4.198 2.74 0.649
-0.121 -0.065 0.917 -4.756 2.885 1.374
-0.113 -0.05 0.913 -4.084 2.092 1.481
-0.104 -0.053 0.903 -3.786 1.504 1.832
-0.103 -0.062 0.918 -2.84 1.427 2.748
-0.079 -0.066 0.915 -2.71 0.832 3.382
-0.097 -0.064 0.906 -2.679 2.076 3.786
-0.1 -0.056 0.906 -3.58 3.42 1.908
-0.11 -0.061 0.909 -3.672 2.985 1.076
-0.116 -0.061 0.914 -2.794 1.458 1.107
-0.113 -0.053 0.922 -3.153 1.298 1.008
-0.104 -0.043 0.915 -3.359 1.344 0.962
-0.098 -0.061 0.914 -2.557 -0.115 1.366
-0.103 -0.062 0.91 -2.389 0.496 1.687
-0.119 -0.07 0.919 -2.802 -0.015 1.336
-0.117 -0.073 0.908 -2.893 1.198 0.733
-0.126 -0.068 0.913 -3.023 1.046 0.29
-0.109 -0.063 0.92 -3.29 1.595 0.229
-0.111 -0.064 0.917 -3.595 2.786 0.191
-0.115 -0.065 0.913 -3.458 2.214 0.809
-0.111 -0.073 0.923 -2.641 2.466 0.802
-0.11 -0.077 0.907 -1.878 1.305 0.87
-0.121 -0.075 0.897 -1.015 0.924 0.511
-0.121 -0.07 0.913 -1.252 0.29 0.023
-0.123 -0.062 0.93 -1.87 0.794 -0.198
-0.106 -0.062 0.917 -1.412 -2.13 -0.16
-0.096 -0.063 0.919 -1.183 -1.443 0.565
-0.109 -0.053 0.914 -1.878 -1.542 -0.046
-0.097 -0.053 0.919 -2.412 -0.58 0.382
-0.094 -0.044 0.908 -2.504 -0.649 1.26
-0.098 -0.045 0.925 -2.252 -0.656 0.901
-0.097 -0.051 0.924 -3.122 0.076 1.588
-0.091 -0.07 0.912 -3.412 1.198 1.565
-0.083 -0.067 0.922 -3.015 1.366 2.687
-0.097 -0.074 0.925 -3.275 2.885 2.534
-0.12 -0.077 0.917 -2.878 0.641 2.458
-0.123 -0.07 0.915 -2.634 1.115 1.511
-0.128 -0.062 0.926 -2.71 1.13 1.412
-0.122 -0.061 0.933 -3.191 0.84 0.397
-0.111 -0.062 0.931 -3.008 0.809 0.786
-0.12 -0.079 0.93 -2.947 0.389 0.748
-0.123 -0.071 0.924 -3.115 1.71 0.481
-0.119 -0.07 0.932 -3.542 1.824 0.29
-0.113 -0.067 0.933 -3.824 2.328 0.573
-0.127 -0.072 0.928 -3.618 1.206 1.0
-0.11 -0.078 0.912 -2.756 0.237 0.763
-0.119 -0.064 0.925 -2.282 -1.176 0.282
-0.115 -0.068 0.926 -1.931 -1.374 0.26
-0.108 -0.065 0.923 -1.786 -2.176 0.473
-0.098 -0.063 0.92 -1.534 -1.824 0.366
-0.104 -0.049 0.919 -2.13 -0.809 0.252
-0.106 -0.054 0.92 -2.763 -0.344 -0.16
-0.101 -0.055 0.911 -3.29 0.168 -0.069
-0.099 -0.053 0.909 -3.061 -1.58 0.115
-0.101 -0.064 0.915 -2.565 -1.374 0.74
-0.094 -0.065 0.896 -2.229 -1.565 1.061
-0.093 -0.06 0.914 -2.099 -1.305 0.603
-0.097 -0.056 0.899 -1.985 -0.275 1.099
-0.1 -0.056 0.919 -2.412 0.534 1.313
-0.095 -0.062 0.92 -2.863 0.069 1.527
-0.103 -0.072 0.908 -2.427 1.0 1.817
-0.105 -0.067 0.907 -2.344 1.115 1.244
-0.105 -0.056 0.917 -2.672 2.42 1.176
-0.117 -0.048 0.934 -2.618 2.58 1.244
-0.111 -0.065 0.923 -2.779 0.626 1.649
-0.104 -0.069 0.917 -1.641 -2.237 2.634
-0.089 -0.068 0.902 -1.267 -1.565 2.779
-0.107 -0.073 0.91 -1.534 -0.137 2.168
-0.102 -0.064 0.915 -1.885 0.908 1.847
-0.106 -0.056 0.915 -2.992 0.702 1.015
-0.099 -0.064 0.903 -2.191 -0.679 1.191
-0.106 -0.06 0.915 -2.405 0.443 2.107
-0.113 -0.064 0.909 -2.557 0.84 1.504
-0.114 -0.055 0.919 -2.771 2.496 1.0
-0.119 -0.056 0.921 -3.282 2.481 0.634
-0.125 -0.057 0.918 -2.969 3.107 0.748