-0.001, -0.222, 0.919, -2.229, -0.916, -1.779
0.001, -0.218, 0.905, -0.511, -0.504, -2.137
0.023, -0.211, 0.906, 1.924, -1.893, -2.519
0.024, -0.206, 0.917, 4.122, -3.153, 1.985
0.021, -0.197, 0.931, 3.237, -4.145, 6.191
0.019, -0.203, 0.929, 3.099, -4.206, 7.176
0.023, -0.196, 0.92, 1.206, -3.679, 3.924
0.01, -0.204, 0.932, 1.046, -3.603, 0.603
0.02, -0.208, 0.921, 1.229, -5.473, -1.198
0.048, -0.195, 0.902, 1.328, -2.176, -1.473
0.009, -0.208, 0.912, 1.092, -2.466, -0.374
0.017, -0.21, 0.927, 0.305, -3.305, -2.244
0.021, -0.21, 0.912, 1.099, -5.084, -4.237
0.034, -0.21, 0.92, 2.626, -9.756, -2.298
0.065, -0.194, 0.922, 3.817, -9.382, -0.275
0.066, -0.179, 0.91, 3.969, -8.359, 1.664
0.062, -0.189, 0.94, 2.305, -4.466, 3.427
0.047, -0.192, 0.932, -1.061, -3.145, 2.13
0.037, -0.197, 0.92, -3.168, 2.87, 0.634
0.0, -0.216, 0.919, -3.901, -0.595, -4.656
0.005, -0.227, 0.92, -0.985, -5.58, -4.588
0.052, -0.21, 0.917, 0.519, -6.137, -3.176
0.039, -0.218, 0.926, 0.389, -5.374, -3.603
0.036, -0.212, 0.934, -0.725, -3.321, -4.626
0.061, -0.197, 0.932, -3.176, 0.824, -6.863
0.048, -0.191, 0.927, -5.672, 4.779, -7.969
0.04, -0.197, 0.927, -6.649, 4.595, -10.153
0.037, -0.186, 0.943, -7.145, 1.435, -11.229
0.034, -0.186, 0.945, -8.802, 0.107, -10.183
0.061, -0.195, 0.936, -10.557, 2.405, -11.206
0.044, -0.211, 0.908, -11.298, 3.802, -11.58
0.056, -0.207, 0.932, -12.092, 6.489, -9.779
0.053, -0.205, 0.917, -11.168, 4.26, -6.786
0.073, -0.208, 0.905, -9.939, 6.321, -4.298
0.051, -0.215, 0.897, -8.267, 5.687, -2.641
0.048, -0.217, 0.913, -7.405, 5.931, -2.626
0.043, -0.227, 0.913, -7.023, 6.519, -1.802
0.021, -0.252, 0.909, -4.954, 5.0, -1.771
0.036, -0.244, 0.904, -2.855, 1.58, 0.176
0.054, -0.23, 0.916, -2.046, 2.939, 0.87
0.017, -0.216, 0.949, -1.664, 1.504, 0.221
0.015, -0.219, 0.944, -1.901, 0.122, 1.198
0.026, -0.221, 0.933, -3.405, 1.901, -0.893
0.031, -0.223, 0.928, -6.45, 6.412, -3.802
0.032, -0.247, 0.908, -7.252, 8.771, -7.198
0.031, -0.245, 0.901, -5.427, 6.191, -5.718
0.044, -0.229, 0.911, -2.924, 4.511, -2.076
0.036, -0.223, 0.914, -0.939, 0.382, 0.145
0.053, -0.215, 0.921, 0.214, -0.939, 1.359
0.036, -0.221, 0.922, -0.427, 0.252, 0.298
0.045, -0.227, 0.914, -1.374, 1.885, 0.099
0.007, -0.24, 0.918, -1.145, 1.473, -1.489
-0.003, -0.249, 0.953, -0.878, 1.802, -3.473
0.015, -0.253, 0.896, -0.641, 0.672, -2.725
-0.002, -0.248, 0.925, -1.977, 4.397, -4.985
0.06, -0.228, 0.875, 1.076, 1.794, -1.015
0.04, -0.217, 0.933, 0.031, 4.611, -1.412
0.041, -0.207, 0.926, -0.076, 3.618, -2.038
0.038, -0.2, 0.92, -1.71, 1.099, -1.702
0.037, -0.201, 0.942, -3.702, 4.885, -4.214
0.024, -0.203, 0.934, -4.489, 2.939, -2.595
0.037, -0.205, 0.91, -5.344, 3.405, -4.298
0.018, -0.229, 0.912, -3.885, 1.977, -3.863
0.001, -0.235, 0.911, -1.046, -2.275, -2.824
0.021, -0.229, 0.905, -0.397, -3.351, -2.565
0.021, -0.228, 0.904, 0.321, -1.824, -3.481
0.035, -0.211, 0.919, 0.031, -2.382, -3.115
0.045, -0.205, 0.918, -1.046, -1.969, -2.649
0.045, -0.208, 0.919, -3.618, 0.916, -2.58
0.05, -0.219, 0.904, -4.618, 2.756, -2.542
0.047, -0.227, 0.895, -4.237, 4.092, -0.779
0.032, -0.235, 0.894, -3.412, 3.29, -2.122
0.031, -0.243, 0.891, -2.382, 2.031, -3.817
0.03, -0.23, 0.907, -1.336, 3.229, -5.603
0.035, -0.226, 0.908, -0.924, 1.611, -6.687
0.029, -0.227, 0.907, -0.107, 1.687, -7.214
0.013, -0.223, 0.929, 0.519, -0.427, -7.481
0.031, -0.211, 0.918, 0.206, -0.641, -7.267
0.048, -0.205, 0.914, -0.221, 0.969, -5.954
0.043, -0.193, 0.926, -0.16, 0.527, -4.092
0.051, -0.185, 0.931, -0.565, -0.71, -3.397
0.052, -0.186, 0.923, -1.305, 0.473, -2.099
0.05, -0.189, 0.92, -2.214, 1.473, 0.061
0.041, -0.196, 0.938, -3.282, 0.328, -0.275
0.034, -0.211, 0.926, -4.71, 1.649, -0.947
0.042, -0.208, 0.917, -5.473, 1.794, 0.244
0.046, -0.222, 0.905, -4.87, 3.26, 1.771
0.024, -0.235, 0.901, -3.229, 2.847, 3.023
0.007, -0.248, 0.919, -1.748, -0.244, 0.863
0.022, -0.248, 0.911, -0.183, -3.13, -2.031
0.039, -0.232, 0.92, -0.13, -1.015, -4.168
0.042, -0.221, 0.93, -0.55, -0.84, -3.198
0.053, -0.215, 0.921, -0.847, 0.405, -1.687
0.041, -0.223, 0.93, -0.656, 0.725, 0.382
0.035, -0.219, 0.925, -0.389, -1.565, 2.313
0.032, -0.216, 0.928, -0.954, -0.954, 2.313
0.034, -0.224, 0.912, -1.603, 0.053, 0.229
0.04, -0.238, 0.902, -0.992, -0.031, -0.237
0.033, -0.241, 0.906, -1.061, 0.947, -0.817
0.033, -0.23, 0.904, -0.573, 2.504, -0.427
0.053, -0.211, 0.913, -1.115, 2.824, 1.725
0.07, -0.211, 0.911, -3.069, 5.458, 2.725
0.058, -0.201, 0.921, -4.038, 5.763, 4.183
0.054, -0.211, 0.904, -4.55, 6.588, 1.71
0.035, -0.23, 0.903, -3.664, 6.336, 0.374
0.021, -0.238, 0.897, -1.733, 3.817, -1.382
0.029, -0.233, 0.9, 0.298, 1.313, -0.916
0.028, -0.229, 0.914, 0.756, 2.489, -1.687
0.022, -0.219, 0.929, 1.206, 0.206, -1.779
0.04, -0.195, 0.935, -0.519, -0.252, -1.214
0.046, -0.193, 0.942, -3.053, 1.26, -1.756
0.035, -0.205, 0.923, -4.115, 1.511, -2.908
0.033, -0.204, 0.924, -4.649, 2.328, -3.74
0.026, -0.22, 0.915, -4.015, 2.336, -4.267
0.021, -0.217, 0.92, -2.611, 1.519, -4.282
0.017, -0.221, 0.92, -0.947, 0.321, -1.878
0.016, -0.216, 0.924, -0.168, -1.366, -1.786
0.023, -0.217, 0.932, -0.718, -0.794, -2.481
0.02, -0.221, 0.913, -1.183, -2.748, -4.115
0.047, -0.202, 0.94, -1.679, -3.069, -4.832
0.068, -0.198, 0.923, -3.229, -0.565, -2.885
0.065, -0.194, 0.92, -4.023, -0.527, -1.969
0.054, -0.196, 0.922, -3.618, -3.221, -0.687
0.039, -0.216, 0.899, -3.198, -0.908, -0.023
0.011, -0.227, 0.917, -2.427, -1.947, -0.679
0.022, -0.231, 0.921, -2.969, -1.901, -2.221
0.03, -0.21, 0.919, -3.885, -0.649, -5.916
0.05, -0.217, 0.91, -3.908, -0.855, -4.893
0.072, -0.22, 0.894, -3.718, -0.45, -3.595
0.08, -0.212, 0.884, -2.817, 0.206, -2.244
0.058, -0.196, 0.915, -2.183, -0.733, -1.733
0.053, -0.198, 0.927, -2.687, 0.718, -0.244
0.051, -0.198, 0.918, -4.229, 0.191, -0.176
0.055, -0.221, 0.908, -5.565, 1.863, -2.611
0.046, -0.25, 0.878, -4.718, 2.145, -4.916
0.056, -0.244, 0.871, -3.695, 2.695, -4.282
0.058, -0.242, 0.885, -2.191, 4.214, -3.58
0.047, -0.229, 0.882, -1.305, 4.359, -1.42
0.061, -0.218, 0.903, -1.366, 2.298, 0.603
0.049, -0.236, 0.908, -2.42, 3.817, 0.962
0.036, -0.244, 0.898, -3.145, 4.496, 0.344
0.025, -0.265, 0.916, -4.763, 5.824, -2.634
0.025, -0.29, 0.914, -5.679, 6.664, -6.389
0.03, -0.311, 0.907, -6.885, 7.176, -9.565
0.044, -0.346, 0.892, -7.573, 6.664, -12.824
0.072, -0.363, 0.881, -8.214, 7.328, -12.557
0.062, -0.406, 0.88, -8.573, 5.702, -13.229
0.066, -0.474, 0.86, -9.779, 8.489, -11.725
0.044, -0.569, 0.863, -11.573, 11.74, -10.389
-0.005, -0.734, 0.813, -10.473, 16.557, -4.55
-0.05, -0.885, 0.768, -10.145, 20.939, 6.527
-0.157, -1.103, 0.722, -1.71, 19.473, 11.527
-0.189, -1.242, 0.665, 5.061, 13.702, 5.924
-0.215, -1.316, 0.651, 10.931, 12.031, -16.198
-0.16, -1.309, 0.631, 21.122, 5.313, -49.275
-0.128, -1.253, 0.63, 33.015, -4.282, -65.237
-0.131, -1.232, 0.619, 43.824, -10.603, -64.298
-0.17, -1.165, 0.656, 49.153, -14.702, -71.649
-0.157, -1.055, 0.701, 44.046, -14.237, -89.038
-0.097, -0.995, 0.643, 33.382, -10.634, -104.427
-0.005, -1.011, 0.498, 30.031, 0.008, -109.901
0.04, -1.037, 0.361, 35.504, 2.885, -109.779
0.007, -1.013, 0.306, 52.282, 8.443, -105.206
-0.005, -0.891, 0.388, 72.565, 8.893, -105.557
-0.027, -0.678, 0.532, 88.374, 19.168, -97.748
-0.159, -0.531, 0.684, 91.565, 19.084, -82.229
-0.313, -0.402, 0.808, 82.443, 11.481, -75.008
-0.312, -0.291, 0.888, 63.763, 16.13, -78.885
-0.312, -0.215, 0.866, 34.519, 28.275, -100.756
-0.148, -0.114, 0.802, 4.771, 55.855, -122.748
-0.086, -0.076, 0.576, -12.046, 86.252, -129.427
-0.031, -0.124, 0.619, 0.321, 94.702, -115.0
-0.083, -0.026, 0.687, 27.053, 79.489, -81.389
-0.379, 0.063, 0.944, 39.832, 48.832, -50.489
-0.486, 0.111, 1.07, 35.992, 23.511, -40.916
-0.523, 0.149, 1.04, 17.115, 20.45, -67.779
-0.338, 0.201, 1.012, -8.947, 47.084, -96.763
-0.122, 0.064, 0.712, -22.13, 89.863, -118.168
-0.099, -0.006, 0.674, -2.344, 83.405, -127.511
-0.198, 0.212, 0.849, 23.595, 71.649, -109.977
-0.337, 0.448, 1.127, 35.634, 41.015, -80.939
-0.495, 0.543, 1.317, 30.893, 3.069, -53.42
-0.446, 0.473, 1.254, 21.29, -25.282, -40.053
-0.49, 0.303, 1.007, 11.29, -35.626, -45.779
-0.359, 0.161, 0.896, 14.015, -41.443, -59.603
-0.236, 0.302, 0.858, 13.053, -27.42, -88.893
-0.042, 0.495, 0.874, 12.718, -23.595, -99.061
-0.115, 0.702, 0.909, -0.893, -21.626, -126.237
0.096, 0.573, 0.915, 5.221, -0.26, -80.885
-0.082, 0.692, 1.005, -9.985, 12.634, -84.71
-0.059, 0.485, 1.089, -1.435, 26.924, -45.198
-0.181, 0.451, 1.062, 6.985, 16.527, -26.031
-0.214, 0.482, 1.048, 24.557, -5.481, 10.863
-0.163, 0.488, 1.131, 20.458, -14.397, -5.023
-0.04, 0.561, 1.009, 7.229, -19.206, -9.275
-0.06, 0.492, 1.055, -7.771, -0.214, -17.053
-0.141, 0.441, 1.03, -10.092, 5.344, -15.191
-0.263, 0.454, 1.111, -31.718, 15.176, -56.595
-0.286, 0.426, 1.21, -40.924, 18.176, -72.305
-0.263, 0.494, 1.234, -35.618, 16.71, -80.656
-0.2, 0.451, 1.238, -23.366, -6.885, -51.16
-0.131, 0.415, 1.15, -22.756, -23.618, -35.634
-0.126, 0.275, 1.075, -22.748, -36.023, -17.58
-0.131, 0.189, 1.044, -26.023, -47.985, -19.305
-0.055, 0.188, 0.99, -30.901, -41.893, -25.527
-0.054, 0.259, 1.046, -43.901, -37.344, -33.947
0.008, 0.148, 1.087, -49.847, -32.573, -37.382
0.03, 0.059, 1.0, -45.145, -20.718, -22.29
0.013, -0.0, 0.97, -19.664, -6.191, -13.656
-0.029, -0.012, 0.992, -10.176, 4.313, -17.664
-0.066, -0.025, 0.927, -1.817, -0.084, -15.183
-0.089, 0.019, 1.017, -4.0, 0.649, -23.115
-0.036, 0.053, 1.017, -5.061, -15.458, -17.824
0.049, 0.066, 1.032, -9.557, -4.863, -23.695
-0.029, 0.034, 0.948, -12.809, -8.092, -16.031
0.029, -0.006, 0.941, -8.046, -21.023, -11.771
0.061, -0.043, 0.875, -6.443, -19.145, -7.015
0.074, -0.052, 0.897, -1.26, -17.031, -8.328
0.101, -0.062, 0.886, -0.756, -8.771, -8.817
0.079, -0.052, 0.896, 1.542, -2.771, -9.313
0.066, -0.03, 0.891, 2.374, 6.794, -9.687
0.005, -0.068, 0.885, 5.496, 4.305, -4.847
-0.006, -0.05, 0.892, 7.634, -3.366, -2.939
0.033, -0.035, 0.927, 6.466, -3.206, 0.176
0.051, -0.049, 0.916, 8.046, -5.053, 0.985
0.051, -0.052, 0.899, 8.977, -2.74, 1.191
0.015, -0.059, 0.886, 9.153, -1.42, -0.511
0.04, -0.036, 0.896, 9.313, 0.893, -0.863
0.03, -0.05, 0.886, 8.817, 1.534, -0.397
0.031, -0.077, 0.887, 9.725, 2.0, 0.053
0.042, -0.077, 0.887, 10.664, 5.427, -1.298
0.03, -0.056, 0.912, 11.779, 9.061, -1.855
0.034, -0.029, 0.941, 9.863, 7.954, 1.099
0.018, -0.023, 0.925, 9.534, 4.84, 4.626
0.038, -0.022, 0.936, 8.519, 5.237, 7.863
0.036, -0.066, 0.911, 6.397, 6.595, 12.099
0.002, -0.062, 0.913, 7.328, 6.939, 11.092
-0.003, -0.055, 0.946, 5.58, 5.542, 5.931
-0.0, -0.068, 0.916, 5.489, 6.832, 3.733
0.01, -0.002, 1.077, -6.412, 17.687, -9.679
-0.022, -0.082, 0.833, 11.954, -0.031, 14.321
0.003, -0.049, 1.02, 0.069, 7.42, -2.756
0.011, -0.016, 0.924, -0.359, 7.313, -1.84
0.042, -0.049, 0.923, -2.221, 9.489, 5.87
0.079, -0.11, 0.888, 7.931, 7.863, 20.565
0.004, -0.084, 0.957, 4.046, 11.191, 13.053
-0.03, -0.069, 0.983, -2.595, 14.718, 4.053
-0.031, -0.094, 0.942, -3.557, 16.702, 1.634
-0.034, -0.128, 0.934, -2.534, 14.183, 0.305
-0.027, -0.122, 0.952, -2.107, 7.924, -5.015
-0.024, -0.137, 0.943, -0.16, 8.046, -7.328
-0.02, -0.141, 0.938, 2.298, 4.305, -6.573
-0.029, -0.127, 0.936, 3.473, 1.939, -5.863
-0.017, -0.09, 0.971, 1.336, 3.107, -5.328
-0.005, -0.07, 0.966, -1.191, 4.336, -3.702
0.002, -0.07, 0.949, -3.588, 4.351, -3.0
-0.019, -0.077, 0.903, -2.13, 4.198, 0.679
0.005, -0.087, 0.962, -4.58, 6.939, -1.382
-0.023, -0.093, 0.956, -5.687, 2.901, -1.458
-0.023, -0.086, 0.95, -6.458, 3.069, -1.214
-0.03, -0.109, 0.937, -6.45, 2.252, -1.641
-0.026, -0.133, 0.919, -4.519, -0.084, -1.687
-0.02, -0.124, 0.927, -3.473, 1.977, -3.763
-0.021, -0.098, 0.961, -5.0, 1.626, -6.733
-0.004, -0.093, 0.954, -6.534, 5.794, -7.985
0.008, -0.096, 0.94, -8.031, 6.321, -8.366
-0.011, -0.098, 0.949, -9.099, 8.053, -10.42
-0.028, -0.112, 0.939, -7.473, 6.344, -6.305
-0.062, -0.121, 0.928, -6.954, 1.153, -5.176
-0.067, -0.123, 0.927, -4.282, -2.771, -4.061
-0.036, -0.108, 0.942, -4.718, -2.198, -4.611
-0.034, -0.117, 0.941, -4.603, -2.55, -6.58
-0.016, -0.116, 0.934, -3.687, -2.74, -6.519
-0.028, -0.117, 0.93, -2.969, -0.74, -7.435
-0.037, -0.101, 0.933, -2.595, -1.023, -9.29
-0.007, -0.091, 0.924, -2.435, -1.916, -6.626
-0.004, -0.063, 0.953, -4.244, -1.145, -7.718
0.004, -0.069, 0.958, -4.672, -1.649, -5.053
0.013, -0.074, 0.947, -6.13, 1.084, -4.344
0.012, -0.092, 0.938, -6.832, 1.855, -3.382
0.011, -0.104, 0.901, -5.702, 2.153, -2.733
0.004, -0.096, 0.902, -4.55, 2.985, -1.71
0.016, -0.08, 0.91, -3.389, 1.679, -0.092
-0.007, -0.073, 0.924, -2.992, 0.252, -2.534
0.035, -0.077, 0.914, -3.16, -0.122, -0.969
0.032, -0.083, 0.887, -3.931, 5.779, -2.0
0.011, -0.092, 0.898, -3.733, 7.55, -2.695
0.008, -0.088, 0.908, -3.878, 7.443, -2.336
0.019, -0.091, 0.9, -3.221, 6.45, -0.443
0.028, -0.083, 0.913, -3.985, 9.015, 1.313
0.034, -0.08, 0.914, -5.656, 12.458, 2.061
0.019, -0.102, 0.903, -5.557, 14.985, 1.183
-0.001, -0.105, 0.891, -4.221, 14.176, 2.473
-0.032, -0.113, 0.914, -2.237, 12.863, 3.267
-0.046, -0.099, 0.906, -1.061, 9.389, 3.931
-0.049, -0.096, 0.942, -1.26, 5.344, 2.916
-0.029, -0.094, 0.926, -2.008, 5.611, 2.031
-0.046, -0.101, 0.938, -3.015, 9.229, 2.038
-0.04, -0.106, 0.935, -3.962, 9.634, 0.916
-0.052, -0.109, 0.922, -3.16, 9.336, 0.626
-0.042, -0.103, 0.93, -2.656, 9.267, 0.786
-0.049, -0.104, 0.935, -2.466, 7.962, 1.015
-0.067, -0.107, 0.943, -2.008, 7.099, -0.305
-0.052, -0.093, 0.958, -3.176, 9.061, -1.244
-0.047, -0.09, 0.946, -3.305, 9.55, -1.038
-0.045, -0.093, 0.939, -2.786, 6.435, 0.427
-0.039, -0.094, 0.941, -2.427, 4.328, 1.336
-0.043, -0.096, 0.937, -2.092, 2.412, 2.092
-0.037, -0.103, 0.927, -2.099, 1.779, 2.282
-0.042, -0.097, 0.931, -2.87, 1.183, 1.16
-0.04, -0.089, 0.935, -3.45, 1.321, 1.832
-0.036, -0.088, 0.933, -4.427, 2.664, 0.527
-0.043, -0.081, 0.937, -6.267, 4.038, -2.168
-0.025, -0.098, 0.912, -7.191, 8.634, -3.565
-0.037, -0.105, 0.909, -7.076, 8.74, -2.832
-0.039, -0.111, 0.899, -6.26, 7.901, -1.496
-0.04, -0.098, 0.925, -5.901, 6.191, 0.366
-0.045, -0.103, 0.907, -5.282, 2.878, 2.901
-0.035, -0.099, 0.92, -5.267, 0.847, 4.992
-0.041, -0.114, 0.915, -6.115, 2.763, 4.229
-0.047, -0.14, 0.922, -6.099, 5.26, 0.794
-0.059, -0.145, 0.909, -5.473, 4.824, -1.58
-0.059, -0.14, 0.908, -4.282, 4.893, -3.595
-0.063, -0.136, 0.917, -3.305, 4.061, -2.328
-0.059, -0.137, 0.924, -1.969, 2.198, -1.397
-0.058, -0.132, 0.919, -0.626, 1.336, -0.832
-0.054, -0.125, 0.928, -0.756, 0.046, -0.359
-0.064, -0.115, 0.926, -0.603, 1.649, -0.26
-0.065, -0.093, 0.95, -1.588, 3.13, -0.534
-0.047, -0.092, 0.951, -3.023, 3.038, -1.733
-0.066, -0.097, 0.956, -3.42, 1.87, -1.855
-0.072, -0.111, 0.949, -3.183, 0.458, -1.13
-0.064, -0.114, 0.942, -2.107, -1.061, -0.374
-0.059, -0.107, 0.935, -1.458, -2.321, 0.153
-0.041, -0.1, 0.94, -1.924, -2.038, 0.137
-0.046, -0.108, 0.939, -2.58, -0.473, -0.214
-0.052, -0.121, 0.936, -2.244, 1.611, -0.878
-0.052, -0.114, 0.929, -1.954, 1.496, -1.649
-0.043, -0.104, 0.936, -1.84, 0.649, -0.87
-0.048, -0.092, 0.941, -1.634, -0.885, -0.015
-0.04, -0.097, 0.929, -1.931, -2.053, 1.427
-0.03, -0.093, 0.924, -2.198, -1.038, 2.0
-0.034, -0.102, 0.93, -2.786, 0.252, 1.153
-0.036, -0.102, 0.93, -3.588, 2.885, 0.198
-0.048, -0.107, 0.931, -3.344, 1.221, 0.702
-0.052, -0.102, 0.917, -2.489, 0.473, 1.198
-0.064, -0.111, 0.918, -2.198, -0.832, 0.298
-0.048, -0.096, 0.931, -2.13, -0.733, 0.611
-0.055, -0.101, 0.926, -2.489, 0.092, 1.115
-0.041, -0.094, 0.932, -2.748, 0.29, 1.511
-0.044, -0.101, 0.922, -3.557, 1.542, 0.931
-0.051, -0.103, 0.92, -3.206, 1.183, 1.794
-0.048, -0.114, 0.917, -3.298, 2.237, 1.366
-0.041, -0.109, 0.911, -3.397, 1.893, 1.641
-0.05, -0.126, 0.913, -3.237, 2.351, 0.832
-0.045, -0.13, 0.898, -2.649, 3.206, 0.107
-0.058, -0.104, 0.925, -3.221, 4.641, -1.145
-0.068, -0.103, 0.928, -4.718, 4.618, -1.176
-0.05, -0.111, 0.917, -4.817, 5.069, -1.145
-0.055, -0.117, 0.911, -3.947, 4.237, -0.092
-0.041, -0.121, 0.909, -2.992, 2.626, 0.405
-0.036, -0.131, 0.896, -2.55, 2.908, -0.756
-0.035, -0.134, 0.876, -1.389, 4.863, -0.58
-0.056, -0.117, 0.908, -1.145, 6.176, -3.252
-0.061, -0.103, 0.904, -0.962, 5.824, -2.145
-0.058, -0.099, 0.906, -0.176, 3.244, -0.794
-0.045, -0.102, 0.912, -0.397, 2.092, 0.313
-0.037, -0.094, 0.914, -0.847, 2.641, 1.817
-0.037, -0.097, 0.916, -1.45, 2.183, 1.947
-0.054, -0.099, 0.921, -1.389, 0.885, 1.206
-0.04, -0.097, 0.921, -1.687, 3.076, 1.198
-0.047, -0.083, 0.936, -1.718, 2.519, 0.45
-0.036, -0.095, 0.929, -1.931, 3.58, 1.153
-0.045, -0.095, 0.923, -1.71, 3.374, 1.802
-0.044, -0.102, 0.929, -2.183, 1.756, 2.053
-0.045, -0.109, 0.922, -1.405, -0.779, 3.13
-0.058, -0.111, 0.927, -0.878, -1.466, 3.779
-0.044, -0.097, 0.938, -1.427, -0.092, 3.015
-0.039, -0.1, 0.929, -2.603, 3.427, 2.656
-0.05, -0.107, 0.936, -3.237, 4.748, 2.053
-0.056, -0.118, 0.933, -3.115, 5.389, 1.702
-0.065, -0.123, 0.933, -2.641, 5.649, -0.069
-0.061, -0.111, 0.92, -2.992, 6.153, -0.84
-0.077, -0.107, 0.933, -2.55, 4.718, 0.221
-0.068, -0.096, 0.942, -3.321, 2.374, 0.168
-0.068, -0.1, 0.942, -3.374, 0.031, 1.641
-0.07, -0.116, 0.928, -3.786, -1.282, 2.969
-0.063, -0.12, 0.926, -3.985, 0.527, 2.565
-0.048, -0.125, 0.914, -4.031, 2.061, 2.664
-0.06, -0.128, 0.915, -3.366, 2.649, 1.588
-0.06, -0.127, 0.922, -3.084, 1.817, 1.74
-0.064, -0.114, 0.921, -3.595, 2.45, 1.198
-0.038, -0.119, 0.912, -3.328, 1.0, 2.656
-0.082, -0.125, 0.922, -3.763, 3.008, 0.237
-0.082, -0.112, 0.934, -4.779, 3.916, -0.435
-0.084, -0.118, 0.93, -4.466, 3.366, -1.015
-0.082, -0.133, 0.926, -4.099, 0.718, -1.046
-0.078, -0.132, 0.927, -2.84, 0.427, -0.542
-0.077, -0.13, 0.927, -2.695, -0.137, -0.107
-0.082, -0.139, 0.918, -2.496, -0.252, -0.328
-0.081, -0.137, 0.924, -1.351, -0.305, -0.885
-0.073, -0.131, 0.92, -0.985, 0.038, -1.863
-0.077, -0.118, 0.926, -0.58, -0.954, -0.779
-0.074, -0.095, 0.951, -1.221, -1.382, -1.496
-0.056, -0.095, 0.932, -1.603, -1.58, -1.145
-0.054, -0.092, 0.939, -2.328, -0.832, -0.244
-0.066, -0.102, 0.937, -2.626, -0.832, -0.435
-0.053, -0.106, 0.919, -3.252, 0.649, -0.794
-0.056, -0.112, 0.908, -2.565, 0.695, -0.84
-0.037, -0.108, 0.908, -2.237, 0.725, -0.076
-0.054, -0.097, 0.924, -2.298, 0.878, 0.008
-0.046, -0.109, 0.912, -2.191, -0.237, 1.237
-0.049, -0.102, 0.918, -1.168, -0.55, 2.023
-0.037, -0.105, 0.918, -1.45, -1.618, 1.901
-0.042, -0.102, 0.914, -1.634, 0.405, 2.588
-0.059, -0.116, 0.92, -2.092, 2.183, 0.985
-0.065, -0.111, 0.906, -1.817, 1.901, 0.977
-0.07, -0.108, 0.93, -1.168, 0.725, 0.71
-0.056, -0.095, 0.939, -1.885, 0.947, 1.725
-0.066, -0.1, 0.937, -2.603, 0.985, 1.725
-0.06, -0.116, 0.918, -2.481, 0.863, 2.16
-0.064, -0.125, 0.913, -2.061, 0.603, 1.053
-0.069, -0.113, 0.927, -2.939, -0.405, 0.672
-0.072, -0.109, 0.92, -1.977, -0.405, 1.206
-0.067, -0.11, 0.926, -2.26, 0.214, 1.771
-0.06, -0.111, 0.92, -2.061, -0.832, 0.931
-0.061, -0.104, 0.915, -2.038, -2.008, 0.321
-0.054, -0.104, 0.925, -3.252, -0.221, 0.099
-0.052, -0.115, 0.914, -4.069, 1.847, 0.466
-0.063, -0.123, 0.911, -3.55, 1.809, 0.672
-0.053, -0.099, 0.919, -3.252, 1.344, 0.74
-0.062, -0.095, 0.925, -3.206, 0.71, 1.901
-0.066, -0.085, 0.937, -4.832, 1.908, 1.122
