0.075 -0.029 0.939 -4.786 5.466 -0.298
0.075 -0.027 0.948 -5.481 5.366 -0.893
0.073 -0.024 0.938 -5.183 3.962 -0.061
0.077 -0.03 0.931 -4.901 4.084 0.809
0.062 -0.026 0.956 -4.29 2.198 1.153
0.052 -0.023 0.969 -4.924 2.618 1.947
0.055 -0.018 0.978 -6.359 1.649 1.771
0.049 -0.032 0.965 -7.763 1.42 2.641
0.052 -0.054 0.946 -7.275 -1.718 2.809
0.055 -0.061 0.942 -7.687 -2.069 1.878
0.061 -0.053 0.943 -8.29 -2.679 -0.252
0.086 -0.049 0.937 -8.443 -3.466 -1.031
0.108 -0.04 0.916 -7.427 -1.511 0.45
0.092 -0.037 0.93 -5.664 -2.191 3.275
0.093 -0.035 0.931 -5.16 -0.435 4.786
0.077 -0.047 0.939 -4.733 -0.542 6.038
0.076 -0.044 0.949 -5.16 -2.328 6.74
0.067 -0.067 0.932 -5.748 -1.565 5.718
0.072 -0.064 0.931 -6.267 -2.252 3.87
0.074 -0.064 0.923 -6.748 -2.305 2.031
0.09 -0.055 0.931 -6.763 -2.328 1.344
0.099 -0.044 0.912 -6.229 -1.947 2.099
0.111 -0.049 0.907 -4.893 -1.672 3.58
0.108 -0.026 0.925 -3.656 -2.107 6.321
0.112 -0.016 0.95 -4.634 -2.305 8.817
0.105 -0.027 0.939 -6.427 -0.618 10.237
0.073 -0.053 0.939 -8.038 -0.511 10.221
0.045 -0.069 0.931 -7.244 -3.656 9.405
0.062 -0.072 0.922 -6.802 -3.626 7.84
0.079 -0.079 0.909 -4.939 -2.824 5.725
0.088 -0.066 0.906 -3.885 -2.985 5.527
0.105 -0.053 0.919 -3.092 -2.092 4.916
0.095 -0.049 0.925 -2.748 -0.55 4.702
0.099 -0.051 0.926 -2.481 0.618 4.008
0.093 -0.051 0.924 -2.298 1.13 3.954
0.09 -0.05 0.919 -1.969 1.481 3.534
0.083 -0.044 0.936 -2.397 0.939 1.679
0.086 -0.046 0.935 -2.779 0.427 1.275
0.072 -0.04 0.943 -3.908 0.069 0.802
0.079 -0.049 0.93 -4.26 -0.221 0.107
0.081 -0.054 0.934 -5.145 1.046 -0.542
0.097 -0.068 0.918 -4.115 2.115 -0.504
0.088 -0.068 0.915 -2.42 -0.405 0.557
0.095 -0.044 0.922 -2.237 1.26 2.328
0.091 -0.039 0.931 -1.74 1.176 3.634
0.067 -0.05 0.951 -1.908 0.389 4.534
0.07 -0.047 0.945 -3.542 2.145 4.092
0.065 -0.059 0.957 -4.824 1.206 2.198
0.074 -0.075 0.922 -5.336 1.893 1.023
0.087 -0.067 0.916 -4.756 0.466 0.87
0.089 -0.07 0.906 -3.847 -0.008 0.206
0.073 -0.075 0.908 -1.038 -1.771 1.924
0.085 -0.061 0.929 -0.779 -1.145 3.901
0.067 -0.062 0.955 -2.42 0.908 3.26
0.074 -0.068 0.943 -4.328 2.366 2.496
0.082 -0.077 0.935 -4.718 2.328 2.389
0.081 -0.073 0.924 -4.557 1.794 2.656
0.089 -0.079 0.919 -2.733 0.962 4.29
0.076 -0.064 0.926 -1.092 -0.115 5.893
0.058 -0.066 0.945 -0.473 -0.099 5.763
0.061 -0.066 0.939 -1.664 0.527 3.733
0.064 -0.063 0.938 -2.634 1.267 1.046
0.072 -0.06 0.942 -3.573 1.053 -0.611
0.065 -0.06 0.953 -2.885 -0.885 0.489
0.088 -0.052 0.92 -3.237 -1.13 0.954
0.103 -0.052 0.919 -2.962 -1.191 1.191
0.112 -0.049 0.917 -2.832 -0.366 1.481
0.108 -0.051 0.922 -2.13 1.107 2.031
0.087 -0.065 0.919 -1.74 1.939 2.038
0.086 -0.065 0.929 -2.145 2.832 1.542
0.085 -0.063 0.92 -2.954 4.321 0.786
0.082 -0.069 0.917 -2.183 3.42 0.542
0.084 -0.064 0.92 -2.0 3.099 1.008
0.089 -0.055 0.932 -2.817 3.542 0.954
0.078 -0.062 0.925 -3.0 3.664 0.656
0.086 -0.055 0.918 -3.16 3.618 0.443
0.097 -0.059 0.923 -4.198 6.618 -0.962
0.077 -0.08 0.924 -3.008 5.16 -1.511
0.077 -0.074 0.92 -2.099 5.015 -0.069
0.092 -0.059 0.922 -1.267 4.618 1.313
0.068 -0.063 0.926 -1.153 4.695 1.595
0.05 -0.06 0.944 -2.702 4.534 0.534
0.071 -0.052 0.941 -3.687 4.611 -1.427
0.075 -0.052 0.939 -4.55 4.588 -1.878
0.074 -0.052 0.954 -5.481 3.664 -1.206
0.083 -0.06 0.931 -5.626 4.176 -1.42
0.08 -0.067 0.933 -4.756 2.885 -0.916
0.091 -0.063 0.916 -3.008 3.229 1.275
0.078 -0.056 0.945 -2.336 2.626 2.076
0.081 -0.036 0.946 -3.366 3.16 1.313
0.073 -0.051 0.942 -4.115 3.84 0.382
0.058 -0.062 0.941 -4.786 3.855 -0.794
0.068 -0.069 0.927 -5.168 3.55 -1.939
0.065 -0.082 0.93 -3.443 1.527 -1.84
0.087 -0.07 0.91 -1.786 0.389 -0.855
0.087 -0.065 0.926 -0.45 0.58 1.069
0.086 -0.055 0.934 -0.412 1.191 2.626
0.079 -0.062 0.947 -1.55 3.061 2.382
0.063 -0.074 0.925 -2.244 4.58 1.534
0.069 -0.076 0.926 -2.351 3.55 -0.328
0.074 -0.071 0.931 -2.489 2.611 -0.397
0.071 -0.084 0.918 -1.107 1.031 0.634
0.079 -0.067 0.923 0.542 -0.252 1.55
0.086 -0.046 0.945 0.55 0.092 2.008
0.07 -0.056 0.963 -0.382 0.153 2.313
0.068 -0.051 0.949 -1.832 0.565 1.305
0.08 -0.065 0.931 -2.595 1.298 0.191
0.067 -0.07 0.934 -2.298 -0.725 1.038
0.094 -0.06 0.919 -2.0 0.115 1.42
0.08 -0.056 0.912 -0.901 -1.519 3.031
0.075 -0.049 0.933 -1.756 -0.038 2.618
0.068 -0.045 0.934 -3.198 0.519 0.901
0.07 -0.056 0.942 -4.046 0.878 -1.618
0.072 -0.069 0.925 -4.229 1.16 -1.74
0.082 -0.071 0.915 -4.344 1.71 -1.802
0.07 -0.08 0.93 -3.687 0.84 -1.473
0.074 -0.072 0.94 -3.076 -0.466 -0.481
0.064 -0.062 0.935 -3.45 0.221 -0.87
0.056 -0.061 0.934 -3.786 -0.229 -0.634
0.068 -0.074 0.935 -3.916 -0.748 -1.924
0.07 -0.071 0.929 -2.802 -1.099 -1.656
0.093 -0.062 0.914 -1.916 -2.198 -1.656
0.106 -0.044 0.908 -0.985 -1.969 0.237
0.098 -0.042 0.912 -0.878 -1.412 2.267
0.07 -0.053 0.941 -1.084 -0.84 2.588
0.076 -0.047 0.949 -2.198 -0.878 2.412
0.078 -0.062 0.94 -3.573 0.649 1.305
0.078 -0.069 0.93 -4.55 0.863 0.336
0.076 -0.074 0.918 -3.611 0.847 0.443
0.085 -0.071 0.915 -2.519 0.534 0.115
0.083 -0.073 0.919 -0.099 -0.13 0.137
0.078 -0.056 0.926 1.145 -0.26 2.298
0.083 -0.047 0.935 0.908 0.282 2.092
0.07 -0.043 0.945 -0.015 1.031 2.588
0.07 -0.051 0.943 -1.0 0.649 1.672
0.071 -0.045 0.951 -2.87 0.489 -0.473
0.071 -0.056 0.944 -4.198 1.237 -0.282
0.079 -0.069 0.927 -4.275 0.313 -0.137
0.078 -0.071 0.923 -3.687 0.481 -0.275
0.074 -0.08 0.911 -2.076 0.588 -0.061
0.073 -0.071 0.925 -0.893 0.565 0.496
0.071 -0.077 0.929 -0.031 2.145 0.679
0.056 -0.075 0.936 1.015 0.771 0.504
0.063 -0.058 0.945 1.008 0.344 0.885
0.056 -0.043 0.954 -0.168 -0.534 1.122
0.055 -0.042 0.965 -3.198 0.321 1.061
0.061 -0.041 0.972 -6.374 0.443 -0.977
0.055 -0.049 0.935 -8.71 1.252 -3.023
0.072 -0.069 0.919 -9.046 0.252 -4.313
0.079 -0.063 0.917 -8.573 -0.695 -4.71
0.081 -0.073 0.916 -7.695 -0.534 -3.298
0.1 -0.072 0.896 -6.695 0.489 -3.374
0.09 -0.078 0.897 -4.962 1.458 -2.153
0.09 -0.072 0.899 -3.298 1.687 -1.656
0.085 -0.064 0.917 -2.595 2.336 -0.412
0.092 -0.045 0.935 -2.336 2.115 0.557
0.083 -0.05 0.927 -2.733 2.473 1.481
0.093 -0.044 0.93 -4.397 2.58 1.069
0.086 -0.071 0.928 -5.496 3.733 0.939
0.076 -0.064 0.916 -4.847 2.221 0.565
0.076 -0.065 0.927 -4.252 3.229 0.427
0.074 -0.065 0.937 -3.832 2.992 1.443
0.052 -0.067 0.954 -4.695 2.893 -0.099
0.055 -0.068 0.944 -6.137 4.084 -1.237
0.064 -0.074 0.939 -6.557 3.313 -1.336
0.056 -0.094 0.926 -6.389 2.748 -0.695
0.081 -0.099 0.916 -5.443 2.573 -0.275
0.091 -0.093 0.897 -3.863 2.382 1.275
0.075 -0.094 0.927 -2.771 1.802 3.053
0.062 -0.106 0.927 -2.908 2.198 3.008
0.066 -0.113 0.942 -4.145 2.58 2.634
0.064 -0.135 0.947 -8.557 2.817 1.267
0.061 -0.165 0.951 -11.412 1.534 2.412
0.088 -0.19 0.933 -16.313 4.542 1.519
0.081 -0.258 0.921 -17.496 4.626 4.405
0.132 -0.339 0.886 -16.405 6.557 15.481
0.09 -0.466 0.901 -13.832 6.565 31.84
0.002 -0.572 0.979 -19.008 6.191 40.397
-0.034 -0.696 1.033 -31.824 6.107 47.71
-0.114 -0.842 1.112 -50.115 4.313 41.542
-0.115 -1.033 1.065 -71.74 -0.282 35.374
-0.001 -1.244 0.876 -86.504 5.244 28.183
-0.023 -1.491 0.617 -84.473 -5.679 16.725
0.041 -1.61 0.473 -72.595 -11.275 9.786
0.127 -1.646 0.329 -52.092 -6.435 9.046
0.036 -1.712 0.264 -23.336 -1.137 15.58
-0.161 -1.621 0.419 -5.748 5.802 6.214
-0.391 -1.549 0.529 6.16 15.45 -13.298
-0.465 -1.514 0.454 10.855 22.252 -51.427
-0.46 -1.297 0.498 -0.16 38.71 -94.847
-0.365 -1.176 0.4 -13.206 50.221 -135.847
-0.206 -1.049 0.258 -7.748 64.573 -155.748
0.047 -0.767 0.213 4.053 88.649 -160.481
0.008 -0.646 0.281 12.16 111.244 -143.939
-0.197 -0.591 0.328 24.84 113.382 -141.496
-0.325 -0.482 0.356 37.885 122.794 -153.916
-0.332 -0.173 0.52 32.695 131.511 -155.252
-0.446 0.036 0.575 33.542 135.771 -146.221
-0.546 0.148 0.729 27.679 142.832 -145.053
-0.57 0.175 0.744 26.389 148.817 -144.221
-0.633 0.15 0.739 34.237 139.702 -146.588
-0.667 0.129 0.677 45.748 136.336 -149.87
-0.722 0.182 0.605 74.092 122.496 -150.771
-0.849 0.525 0.912 99.718 108.908 -147.893
-1.035 0.83 1.245 109.214 80.542 -150.359
-0.981 1.019 1.464 104.191 46.817 -143.634
-0.79 1.035 1.439 94.336 15.313 -127.916
-0.558 1.023 1.352 84.023 -7.58 -104.954
-0.476 0.956 1.241 83.282 -21.618 -74.847
-0.492 0.89 1.248 83.29 -40.489 -63.847
-0.423 0.853 1.152 83.557 -46.893 -61.397
-0.368 0.79 1.135 78.824 -37.969 -71.611
-0.295 0.817 1.152 68.679 -23.458 -83.55
-0.241 0.789 1.091 57.573 -8.802 -93.893
-0.21 0.838 1.15 45.901 -2.511 -97.038
-0.149 0.86 1.117 34.573 -8.137 -88.053
-0.14 0.745 1.059 31.282 -13.855 -71.45
-0.159 0.692 1.046 27.321 -17.092 -51.992
-0.191 0.587 1.065 21.832 -18.511 -41.206
-0.223 0.544 1.07 13.687 -17.16 -36.885
-0.222 0.379 1.092 4.534 -0.71 -47.931
-0.33 0.293 0.892 1.481 -17.046 -45.977
-0.147 0.329 0.926 10.786 -15.962 -44.29
-0.188 0.396 1.039 2.542 -10.954 -44.832
-0.231 0.349 1.012 -1.321 -21.0 -39.0
-0.141 0.265 0.926 11.992 -38.687 -12.458
-0.179 0.253 0.974 15.588 -29.275 -6.458
-0.269 0.241 1.043 12.458 -30.496 -7.908
-0.2 0.247 1.068 6.992 -22.336 -12.153
-0.203 0.227 0.99 8.26 -15.374 4.656
-0.104 0.225 0.983 11.107 -26.145 11.832
-0.023 0.214 0.942 15.733 -23.099 22.733
0.024 0.243 0.968 16.473 1.153 27.824
-0.104 0.142 0.927 14.794 -21.244 24.305
-0.013 0.108 0.806 15.397 -12.305 20.588
-0.164 0.135 0.904 17.206 -27.908 20.817
-0.101 0.179 1.142 -0.137 5.359 -19.924
-0.187 0.188 1.038 -23.328 21.489 -31.115
-0.088 0.136 1.018 -23.305 6.641 -33.038
-0.047 0.101 0.882 -7.168 0.473 -16.969
-0.099 0.233 0.971 -3.611 -10.282 -2.71
-0.175 0.142 0.94 -3.443 -21.725 -2.42
-0.131 0.146 0.955 -4.802 -19.145 -8.038
-0.092 0.116 0.92 -7.031 -15.809 -5.389
-0.049 0.079 0.899 -7.031 -13.45 -5.71
-0.042 0.04 0.854 -4.962 -11.908 -4.733
-0.085 0.077 0.896 -5.809 -8.328 -1.733
-0.015 0.074 0.889 -4.359 -3.374 -6.618
0.012 0.09 0.862 -3.939 0.214 -5.153
0.006 0.127 0.906 -7.092 3.0 -2.183
-0.01 0.117 0.917 -10.229 2.847 -0.29
-0.011 0.062 0.872 -10.26 4.26 1.45
-0.06 0.012 0.856 -6.13 -0.328 4.786
-0.089 0.05 0.889 -3.947 -2.115 5.069
-0.065 0.057 0.901 -3.29 -3.038 5.954
-0.05 0.04 0.891 -2.244 -3.458 7.0
-0.036 0.064 0.927 -3.985 0.26 7.336
-0.052 0.042 0.878 -4.954 0.45 6.229
-0.034 0.031 0.883 -3.847 4.763 6.405
-0.065 0.02 0.872 -3.305 5.977 7.168
-0.058 0.019 0.882 -1.649 4.603 8.305
-0.093 0.008 0.889 0.344 2.237 9.641
-0.117 0.017 0.895 1.397 0.511 9.557
-0.092 0.018 0.893 1.183 1.191 8.176
-0.084 0.028 0.903 1.031 2.672 7.557
-0.083 0.026 0.902 -0.229 4.985 6.58
-0.087 0.008 0.893 -0.153 6.954 6.092
-0.097 -0.002 0.899 -1.168 7.702 4.687
-0.107 0.006 0.92 -0.977 7.802 3.42
-0.082 -0.013 0.913 1.053 7.26 3.748
-0.099 -0.009 0.911 1.458 5.061 3.87
-0.109 0.006 0.925 1.237 5.084 2.802
-0.115 -0.004 0.924 -0.153 5.16 0.16
-0.105 -0.024 0.905 1.779 3.863 -0.969
-0.12 -0.008 0.912 3.573 1.901 -0.374
-0.1 0.031 0.942 4.26 -0.58 0.626
-0.087 0.055 0.948 1.947 -0.626 0.84
-0.065 0.046 0.94 -0.214 -0.115 1.366
-0.056 0.021 0.917 -1.695 0.756 0.382
-0.065 0.02 0.923 -3.115 2.389 -0.198
-0.091 -0.007 0.91 -2.214 2.58 -1.008
-0.078 0.004 0.917 -2.115 2.0 -2.527
-0.067 0.001 0.908 -2.244 2.153 -3.145
-0.064 0.025 0.921 -2.672 2.115 -2.779
-0.037 0.025 0.906 -3.366 3.275 -0.802
-0.057 -0.01 0.917 -3.672 3.351 -0.534
-0.069 -0.005 0.917 -3.42 4.695 -1.687
-0.076 0.002 0.927 -3.588 5.0 -4.267
-0.075 0.029 0.94 -5.015 4.489 -3.542
-0.085 0.019 0.928 -5.244 4.382 -1.359
-0.109 0.018 0.934 -5.588 3.824 -0.145
-0.133 0.002 0.931 -4.779 2.198 -0.275
-0.127 0.012 0.933 -5.344 2.672 -1.947
-0.114 0.02 0.927 -5.618 2.626 -2.565
-0.097 0.021 0.923 -6.351 3.847 -2.328
-0.103 0.01 0.919 -5.565 3.015 -2.198
-0.095 0.004 0.909 -4.313 2.382 -2.389
-0.111 0.01 0.919 -4.405 3.832 -3.107
-0.128 0.004 0.931 -5.031 4.374 -4.664
-0.11 0.01 0.908 -4.733 3.107 -5.55
-0.101 0.022 0.911 -3.863 0.511 -3.863
-0.115 0.034 0.926 -4.153 0.153 -2.824
-0.09 0.032 0.912 -4.534 1.557 -2.55
-0.093 0.014 0.919 -3.168 0.504 -2.038
-0.078 0.038 0.922 -3.405 0.115 -1.733
-0.077 0.036 0.923 -2.763 0.809 -0.649
-0.086 0.032 0.924 -4.229 3.206 -1.252
-0.093 0.031 0.92 -5.473 4.977 -2.29
-0.096 0.034 0.92 -6.244 6.969 -3.481
-0.098 0.025 0.928 -6.122 6.466 -3.023
-0.104 0.023 0.914 -5.389 6.084 -2.771
-0.115 0.018 0.904 -3.389 4.42 -2.908
-0.093 0.032 0.937 -2.863 3.267 -3.137
-0.09 0.034 0.914 -3.191 2.954 -2.84
-0.075 0.032 0.919 -2.939 3.115 -2.053
-0.073 0.026 0.897 -2.855 3.756 -1.534
-0.081 0.019 0.905 -2.26 4.924 -1.595
-0.075 0.016 0.89 -1.023 4.137 -1.885
-0.074 0.019 0.904 -0.626 4.0 -0.557
-0.08 0.02 0.913 -1.481 4.947 -1.176
-0.097 0.018 0.918 -2.061 6.237 -1.733
-0.099 0.026 0.923 -1.84 5.504 -1.221
-0.121 0.036 0.925 -1.763 4.679 0.115
-0.122 0.029 0.928 -1.763 3.58 0.672
-0.114 0.019 0.905 -0.153 1.366 1.412
-0.106 0.039 0.927 -0.74 1.221 2.42
-0.094 0.032 0.916 -1.382 1.145 2.229
-0.098 0.026 0.935 -2.214 2.565 2.069
-0.099 0.018 0.916 -2.901 2.763 1.969
-0.104 0.024 0.918 -3.122 2.802 2.168
-0.101 0.018 0.923 -3.076 2.977 2.511
-0.102 0.025 0.92 -2.748 1.924 3.046
-0.097 0.007 0.927 -2.947 1.237 2.931
-0.112 -0.011 0.906 -2.45 1.855 3.573
-0.12 -0.01 0.925 -1.702 1.275 3.206
-0.126 -0.003 0.919 -1.771 1.389 2.206
-0.119 -0.005 0.924 -2.115 1.626 1.015
-0.11 -0.002 0.916 -1.672 1.137 0.534
-0.126 0.013 0.925 -1.908 1.13 1.244
-0.118 0.026 0.934 -3.26 1.069 0.473
-0.109 0.002 0.916 -2.954 1.282 0.58
-0.111 0.004 0.917 -2.198 1.305 0.901
-0.105 0.011 0.929 -2.573 2.023 0.618
-0.106 0.004 0.929 -2.947 2.481 0.481
-0.095 0.008 0.915 -3.031 2.55 0.038
-0.106 0.009 0.925 -2.511 1.947 0.061
-0.116 0.015 0.931 -2.214 0.992 0.511
-0.121 0.009 0.93 -2.389 0.931 0.534
-0.12 0.006 0.918 -2.183 0.832 -0.053
-0.103 0.017 0.919 -2.061 1.115 -0.756
-0.107 0.029 0.914 -2.153 0.618 -0.817
-0.106 0.025 0.919 -2.504 0.809 -1.008
-0.093 0.036 0.917 -2.191 1.26 -1.466
-0.094 0.043 0.917 -3.649 2.84 -1.0
-0.089 0.036 0.923 -4.122 3.832 -0.779
-0.107 0.016 0.912 -3.817 3.412 -0.702
-0.109 0.023 0.929 -4.0 2.382 -1.008
-0.115 0.018 0.919 -3.954 1.069 -0.229
-0.099 0.03 0.922 -3.679 1.87 0.252
-0.114 0.029 0.933 -4.076 1.595 0.084
-0.103 0.02 0.911 -4.229 2.313 -0.023
-0.095 0.027 0.922 -3.74 2.504 0.511
-0.103 0.025 0.916 -4.092 3.198 0.458
-0.112 0.017 0.919 -4.237 3.504 0.664
-0.12 0.009 0.916 -4.305 3.649 0.496
-0.117 0.005 0.901 -3.565 3.13 0.489
-0.116 0.021 0.925 -4.275 2.489 0.168
-0.121 0.009 0.926 -4.443 2.435 0.061
-0.109 0.017 0.923 -4.359 2.305 0.802
-0.107 0.013 0.913 -3.885 1.153 1.924
-0.12 0.013 0.908 -3.481 1.008 2.42
-0.127 0.002 0.911 -3.397 0.893 1.473
-0.118 0.014 0.914 -3.321 1.191 1.008
-0.117 0.012 0.913 -3.328 1.412 1.099
-0.128 0.0 0.912 -3.122 1.176 1.71
-0.126 -0.001 0.906 -2.718 1.153 0.71
-0.112 -0.013 1.023 -1.473 1.695 -5.183
-0.122 0.025 0.931 -3.305 2.366 1.947
-0.105 0.013 0.901 -3.511 3.366 3.443
-0.117 0.007 0.913 -4.481 3.672 0.985
-0.074 0.005 0.878 -3.458 4.595 -0.267
-0.087 0.002 0.897 -2.29 2.26 1.405
-0.124 -0.012 0.927 -2.656 1.779 -0.71
-0.118 0.006 0.921 -2.55 2.649 0.664
-0.117 0.012 0.917 -2.496 2.229 0.679
-0.121 0.032 0.927 -3.626 2.099 0.595
-0.126 0.028 0.935 -4.099 1.748 0.42
-0.115 0.011 0.922 -3.847 1.382 1.565
-0.127 0.01 0.934 -4.153 1.046 1.992
-0.117 0.001 0.918 -4.29 1.618 1.427
-0.126 -0.009 0.913 -3.145 0.214 1.344
-0.121 0.003 0.916 -1.893 -0.595 1.275
-0.125 0.025 0.926 -2.473 -0.328 0.771
-0.113 0.022 0.936 -3.412 0.542 -0.305
-0.115 0.021 0.914 -3.817 0.863 0.443
-0.115 0.017 0.917 -3.939 1.16 0.618
-0.132 0.014 0.913 -3.992 1.634 0.382
-0.124 0.023 0.921 -4.573 1.649 0.489
-0.117 0.013 0.911 -4.58 1.962 0.626
-0.173 0.019 0.866 -4.893 0.366 -1.069