0.118 -0.183 0.934 -4.198 -1.733 5.321
0.131 -0.226 0.892 -2.015 0.183 7.244
0.121 -0.202 0.892 -5.802 0.58 4.45
0.141 -0.203 0.873 -4.786 1.817 1.893
0.148 -0.192 0.859 -2.87 6.366 1.015
0.128 -0.184 0.875 -1.023 6.656 1.725
0.126 -0.171 0.918 1.076 6.427 2.58
0.113 -0.154 0.929 0.557 6.145 4.305
0.123 -0.152 0.942 -0.794 7.336 6.344
0.111 -0.153 0.947 -3.756 7.824 5.626
0.069 -0.19 0.938 -3.672 3.389 2.84
0.088 -0.177 0.938 -4.107 3.008 -0.076
0.094 -0.179 0.938 -5.137 3.374 0.031
0.099 -0.172 0.935 -4.794 4.153 -0.351
0.095 -0.178 0.935 -4.092 3.092 0.534
0.109 -0.183 0.917 -3.198 2.374 1.153
0.083 -0.198 0.931 -2.817 0.725 1.802
0.098 -0.188 0.932 -2.214 0.542 0.924
0.097 -0.188 0.945 -4.626 1.679 0.573
0.098 -0.182 0.932 -5.359 1.725 -0.366
0.111 -0.17 0.937 -5.802 1.962 0.366
0.102 -0.176 0.933 -5.672 2.26 1.641
0.105 -0.181 0.935 -4.977 -1.244 1.84
0.094 -0.197 0.916 -3.779 -2.947 1.71
0.11 -0.19 0.914 -3.992 -2.29 0.084
0.114 -0.2 0.899 -3.718 -1.183 -0.344
0.112 -0.184 0.905 -3.656 -0.649 0.084
0.114 -0.191 0.922 -3.481 -0.649 0.221
0.116 -0.186 0.91 -2.855 -3.305 1.198
0.133 -0.182 0.914 -3.481 -2.595 2.695
0.128 -0.188 0.903 -3.817 -1.641 2.733
0.126 -0.189 0.9 -4.015 0.107 2.794
0.103 -0.209 0.881 -3.015 1.023 1.534
0.118 -0.206 0.897 -1.565 0.595 1.076
0.121 -0.197 0.907 -1.031 0.985 1.695
0.128 -0.175 0.934 -0.427 0.221 1.588
0.128 -0.168 0.931 -3.237 4.84 3.275
0.098 -0.194 0.926 -3.0 1.931 1.763
0.108 -0.18 0.915 -2.641 0.374 0.168
0.11 -0.188 0.928 -3.618 0.519 -0.504
0.115 -0.183 0.92 -4.198 0.458 -0.565
0.117 -0.197 0.907 -4.145 -0.702 -0.244
0.135 -0.194 0.904 -3.847 1.603 -0.008
0.129 -0.195 0.912 -1.794 -0.511 0.71
0.131 -0.181 0.931 -1.435 1.458 2.313
0.11 -0.18 0.943 -2.084 1.45 3.489
0.105 -0.173 0.948 -3.382 1.435 2.992
0.105 -0.186 0.952 -4.985 0.229 1.656
0.119 -0.186 0.943 -6.824 2.763 1.855
0.117 -0.189 0.929 -7.595 3.084 0.893
0.115 -0.211 0.927 -7.176 2.786 1.29
0.13 -0.203 0.885 -4.298 0.702 0.237
0.115 -0.21 0.895 -2.725 0.664 1.557
0.119 -0.212 0.902 -1.542 4.351 1.817
0.1 -0.206 0.914 -0.748 3.084 1.802
0.115 -0.19 0.919 -0.534 2.191 1.435
0.122 -0.177 0.933 -1.29 3.084 2.656
0.146 -0.162 0.925 -3.031 4.427 3.458
0.065 -0.22 0.948 -3.87 4.16 3.061
0.109 -0.198 0.923 -3.71 1.954 1.405
0.123 -0.201 0.914 -5.137 4.397 2.611
0.113 -0.202 0.897 -5.031 5.382 1.244
0.126 -0.204 0.879 -2.977 3.145 1.756
0.106 -0.224 0.913 -3.344 4.0 1.366
0.132 -0.215 0.884 -0.42 0.626 0.328
0.132 -0.185 0.89 -0.611 4.382 4.344
0.135 -0.215 0.899 -0.679 5.473 2.191
0.136 -0.229 0.895 -0.847 3.458 1.046
0.147 -0.227 0.898 -1.763 6.55 1.84
0.119 -0.243 0.922 -1.344 3.16 1.084
0.176 -0.254 0.904 -3.466 6.641 3.939
0.163 -0.268 0.929 -6.122 7.542 7.962
0.11 -0.331 0.902 -6.748 5.252 5.092
0.154 -0.355 0.871 -5.237 7.092 10.771
0.206 -0.366 0.85 -4.405 12.435 10.534
0.222 -0.385 0.862 -2.084 13.641 12.916
0.211 -0.396 0.867 -1.397 9.389 17.901
0.196 -0.448 0.931 -3.099 12.412 22.687
0.151 -0.533 0.929 -7.855 13.191 24.13
0.119 -0.638 0.967 -13.321 4.672 11.275
0.181 -0.633 0.969 -23.824 -3.29 12.519
0.361 -0.676 0.889 -33.191 5.023 14.031
0.428 -0.671 0.794 -37.13 31.985 35.641
0.379 -0.792 0.701 -27.74 35.748 31.901
0.381 -0.737 0.587 -6.832 35.412 47.435
0.184 -0.753 0.734 10.573 31.13 49.573
0.001 -0.816 0.821 24.847 21.45 49.771
-0.137 -0.844 0.86 26.183 16.069 35.443
-0.199 -0.886 0.925 21.344 16.954 22.947
-0.158 -0.823 0.9 8.603 17.038 -19.397
-0.071 -0.758 0.881 -4.847 25.0 -53.695
0.043 -0.668 0.847 -12.847 31.275 -70.733
0.107 -0.64 0.689 -8.679 33.595 -74.145
0.142 -0.579 0.586 3.565 36.267 -71.389
0.157 -0.508 0.604 20.0 24.908 -67.031
0.183 -0.411 0.677 32.397 15.221 -59.74
0.119 -0.397 0.804 31.87 10.824 -55.985
0.16 -0.362 0.84 19.214 22.366 -55.206
0.09 -0.404 0.874 6.046 27.557 -58.42
0.094 -0.417 0.827 -3.573 26.008 -65.786
0.068 -0.445 0.671 -4.863 36.595 -68.802
-0.003 -0.441 0.696 3.672 28.336 -69.023
-0.05 -0.425 0.709 12.786 21.527 -67.519
-0.088 -0.381 0.817 15.855 20.214 -65.794
-0.093 -0.36 0.892 8.229 20.618 -69.092
-0.03 -0.372 0.904 -3.58 30.008 -72.511
0.007 -0.401 0.868 -16.771 35.901 -76.824
0.073 -0.461 0.602 -19.084 52.863 -72.015
-0.077 -0.518 0.564 -4.26 52.397 -69.0
-0.228 -0.534 0.635 13.351 40.664 -70.55
-0.312 -0.472 0.804 23.672 33.42 -75.145
-0.405 -0.415 0.995 19.847 29.908 -85.405
-0.298 -0.368 1.044 4.366 30.023 -91.366
-0.161 -0.412 0.942 -8.634 34.84 -89.397
-0.057 -0.467 0.826 -17.527 39.679 -92.901
-0.008 -0.572 0.554 -9.153 51.969 -91.092
-0.221 -0.626 0.492 21.595 48.435 -91.573
-0.346 -0.514 0.595 48.786 41.298 -92.802
-0.459 -0.348 0.777 59.534 42.824 -99.588
-0.465 -0.207 1.104 49.649 39.176 -104.359
-0.367 -0.135 1.194 30.13 39.71 -101.71
-0.33 -0.2 1.046 17.359 37.611 -88.023
-0.285 -0.31 0.779 18.573 35.397 -86.824
-0.473 -0.358 0.589 39.847 33.565 -86.679
-0.63 -0.264 0.644 71.359 11.038 -90.878
-0.73 -0.104 0.737 94.382 -12.115 -104.015
-0.548 0.167 0.883 98.931 -25.321 -120.916
-0.335 0.442 0.979 82.885 -8.366 -129.771
-0.213 0.585 1.024 59.641 1.412 -124.618
-0.119 0.631 0.973 43.229 14.733 -104.031
-0.055 0.622 1.0 39.466 31.107 -94.405
-0.344 0.663 0.986 43.313 13.099 -74.588
-0.324 0.645 1.083 55.321 -22.099 -60.641
-0.31 0.659 1.147 44.893 -21.053 -44.13
-0.401 0.591 1.128 25.954 -11.725 -31.885
-0.392 0.527 1.042 17.634 -22.626 -26.046
-0.287 0.479 1.009 -2.641 -3.122 -37.389
-0.277 0.472 0.942 -12.786 14.626 -37.115
-0.278 0.405 0.983 -10.0 8.557 -43.817
-0.288 0.408 1.012 -5.893 -12.725 -38.069
-0.24 0.398 1.016 6.344 -23.229 -31.321
-0.231 0.44 1.108 -1.145 -17.954 -24.466
0.011 0.819 0.691 -18.954 61.962 68.542
-0.301 0.361 0.649 25.198 -117.252 71.664
-0.087 0.355 1.215 -21.0 39.191 18.634
-0.43 0.245 0.958 -0.229 -12.328 13.237
0.05 0.241 0.963 5.42 -40.924 -20.366
-0.019 0.243 0.844 -14.405 32.168 -5.931
-0.227 0.153 0.905 -1.565 9.336 0.305
-0.212 0.18 0.948 1.023 10.107 -0.733
-0.322 0.14 0.987 7.931 -11.603 -6.504
-0.209 0.191 1.045 10.969 -36.634 -3.649
-0.144 0.162 1.02 8.649 -31.229 -3.809
-0.102 0.131 1.002 1.885 -11.573 -0.954
-0.094 0.101 0.964 -2.679 5.809 -4.229
-0.106 0.101 0.924 0.565 16.695 2.702
-0.148 0.123 0.968 3.061 8.466 -2.847
-0.117 0.144 0.982 7.656 3.42 -1.863
-0.124 0.133 0.982 7.13 0.878 -2.275
-0.099 0.127 0.985 6.87 -9.176 -4.702
-0.06 0.102 0.951 9.237 -13.74 -2.298
-0.067 0.099 0.898 12.534 -19.0 -0.55
-0.032 0.109 0.934 12.076 -18.687 -0.366
-0.004 0.135 0.976 7.931 -14.924 -0.221
0.055 0.132 0.977 0.878 -3.336 0.611
0.028 0.094 0.941 -3.405 2.618 1.412
0.018 0.051 0.878 -1.863 4.198 3.351
-0.007 0.03 0.878 -0.588 3.977 2.58
0.032 0.059 0.905 -0.611 8.122 1.687
0.026 0.055 0.93 -2.748 11.954 2.611
0.011 0.063 0.932 -5.023 14.137 6.313
0.012 0.038 0.912 -5.397 13.87 6.702
-0.033 0.001 0.926 -7.023 12.542 8.656
-0.029 0.007 0.882 -4.626 4.672 7.634
0.03 0.019 0.903 -4.908 4.916 9.771
0.017 0.008 0.898 -4.832 5.427 11.137
0.01 -0.015 0.89 -6.298 10.061 13.954
-0.049 -0.07 0.876 -5.412 10.687 13.26
-0.072 -0.077 0.877 -3.55 9.405 14.374
-0.078 -0.064 0.895 -2.45 6.603 11.099
-0.039 -0.043 0.895 -4.206 12.672 9.183
-0.073 -0.043 0.91 -6.542 13.863 5.687
-0.065 -0.028 0.916 -7.954 16.427 4.16
-0.048 -0.048 0.917 -7.634 16.16 5.931
-0.071 -0.059 0.925 -6.672 14.626 7.359
-0.069 -0.05 0.94 -5.366 10.389 8.275
-0.066 -0.046 0.923 -4.924 9.969 10.015
-0.064 -0.052 0.923 -4.824 9.992 10.069
-0.084 -0.069 0.931 -4.16 9.885 7.618
-0.089 -0.06 0.925 -3.893 11.267 4.565
-0.082 -0.061 0.938 -4.313 12.137 2.344
-0.089 -0.06 0.927 -2.45 9.916 2.374
-0.087 -0.055 0.923 -1.344 8.939 1.389
-0.088 -0.043 0.945 -2.153 6.672 0.618
-0.077 -0.041 0.945 -2.45 3.641 0.29
-0.06 -0.031 0.955 -3.313 3.779 0.55
-0.058 -0.034 0.943 -3.832 2.611 0.366
-0.052 -0.043 0.938 -4.634 4.466 0.328
-0.053 -0.034 0.944 -5.893 6.076 0.939
-0.064 -0.049 0.942 -4.931 4.206 1.931
-0.061 -0.055 0.92 -3.038 0.427 1.84
-0.062 -0.06 0.929 -2.046 -0.71 1.351
-0.063 -0.054 0.924 -2.031 0.641 1.061
-0.076 -0.062 0.917 -2.809 3.42 -0.046
-0.082 -0.081 0.92 -2.313 3.817 -1.443
-0.078 -0.072 0.935 -1.115 0.878 -3.359
-0.054 -0.063 0.933 -0.733 1.679 -2.863
-0.046 -0.031 0.964 -2.771 5.405 -0.611
-0.052 -0.029 0.971 -3.855 5.122 0.634
-0.046 -0.032 0.972 -4.198 3.496 1.237
-0.066 -0.044 0.963 -5.053 2.603 1.267
-0.06 -0.064 0.941 -5.885 3.427 -0.809
-0.062 -0.073 0.934 -6.344 5.664 -1.015
-0.092 -0.073 0.952 -6.809 6.031 -1.718
-0.105 -0.072 0.94 -6.481 4.397 -3.069
-0.101 -0.055 0.937 -5.733 4.695 -3.321
-0.116 -0.051 0.935 -4.573 2.351 -2.832
-0.099 -0.038 0.932 -3.275 0.206 -2.557
-0.083 -0.032 0.924 -3.489 -0.015 -1.344
-0.084 -0.025 0.924 -5.489 0.718 -1.58
-0.053 -0.03 0.918 -8.305 2.847 -1.756
-0.073 -0.048 0.909 -9.573 5.412 -2.382
-0.081 -0.054 0.905 -10.221 5.664 -2.947
-0.091 -0.064 0.888 -9.664 6.534 -3.618
-0.072 -0.063 0.872 -7.107 4.214 -2.397
-0.081 -0.067 0.878 -3.969 -2.443 -1.664
-0.051 -0.045 0.9 -3.893 -2.863 -0.504
-0.065 -0.048 0.91 -5.275 1.168 -0.137
-0.063 -0.052 0.921 -5.58 1.412 -1.267
-0.067 -0.039 0.944 -5.229 0.794 -0.504
-0.05 -0.036 0.94 -5.618 0.557 -0.649
-0.051 -0.028 0.941 -5.878 0.389 0.084
-0.062 -0.027 0.942 -6.008 -0.443 0.779
-0.045 -0.039 0.945 -6.359 -0.076 1.16
-0.051 -0.048 0.927 -7.527 1.695 2.458
-0.068 -0.05 0.932 -8.489 2.885 1.84
-0.074 -0.06 0.928 -8.885 4.389 1.687
-0.084 -0.074 0.918 -7.42 2.634 1.824
-0.079 -0.068 0.926 -5.809 1.115 2.504
-0.075 -0.071 0.934 -5.031 0.061 2.626
-0.086 -0.072 0.92 -5.496 0.046 1.237
-0.09 -0.074 0.924 -5.969 2.573 -0.053
-0.098 -0.079 0.935 -6.565 2.053 -0.557
-0.062 -0.063 0.937 -6.992 3.298 -0.557
-0.065 -0.072 0.919 -6.511 2.695 0.076
-0.077 -0.088 0.913 -4.641 0.031 1.481
-0.085 -0.086 0.911 -3.534 -0.481 2.382
-0.104 -0.081 0.924 -3.58 -0.802 1.817
-0.1 -0.079 0.918 -3.847 0.496 1.427
-0.092 -0.074 0.917 -3.718 2.366 0.985
-0.079 -0.077 0.908 -3.573 3.435 0.977
-0.088 -0.086 0.92 -2.733 1.176 0.267
-0.079 -0.094 0.902 -0.695 -0.16 -0.145
-0.072 -0.071 0.916 0.29 0.298 -0.321
-0.071 -0.05 0.92 -0.534 2.252 -0.725
-0.067 -0.05 0.934 -1.344 4.038 -0.649
-0.074 -0.052 0.929 -1.931 2.656 -0.427
-0.07 -0.058 0.915 -1.176 0.687 0.458
-0.083 -0.067 0.922 -0.656 0.115 0.786
-0.095 -0.062 0.931 -1.87 0.672 0.221
-0.082 -0.058 0.93 -1.74 -0.221 0.13
-0.07 -0.046 0.93 -1.466 0.053 2.015
-0.066 -0.054 0.931 -2.267 -0.107 1.863
-0.068 -0.064 0.923 -2.603 2.008 2.038
-0.074 -0.08 0.917 -2.87 3.519 1.443
-0.081 -0.073 0.919 -2.351 3.824 0.985
-0.095 -0.075 0.923 -2.26 4.458 0.458
-0.084 -0.062 0.924 -2.595 4.832 0.137
-0.075 -0.051 0.935 -3.542 5.023 0.344
-0.063 -0.044 0.955 -5.351 4.603 0.435
-0.052 -0.048 0.926 -6.832 5.87 0.611
-0.08 -0.063 0.918 -7.42 6.137 0.855
-0.088 -0.088 0.909 -5.679 3.359 1.527
-0.094 -0.092 0.902 -3.527 1.779 2.504
-0.114 -0.089 0.924 -2.389 -2.122 1.313
-0.083 -0.073 0.931 -3.16 -0.206 0.595
-0.064 -0.07 0.929 -4.221 3.023 0.779
-0.079 -0.081 0.913 -3.924 4.45 1.336
-0.094 -0.089 0.913 -3.29 3.687 1.252
-0.1 -0.075 0.923 -2.939 3.473 1.0
-0.09 -0.077 0.928 -2.443 3.527 1.084
-0.095 -0.069 0.926 -2.229 3.122 1.344
-0.107 -0.078 0.927 -2.641 4.0 1.053
-0.109 -0.086 0.927 -2.733 3.275 0.763
-0.102 -0.088 0.918 -1.229 0.565 -0.412
-0.088 -0.082 0.91 -0.168 -3.939 -1.107
-0.077 -0.085 0.926 -0.718 -0.649 -0.863
-0.073 -0.077 0.926 -1.718 1.55 -1.641
-0.078 -0.072 0.934 -2.756 3.718 -1.145
-0.087 -0.065 0.931 -2.931 3.725 -1.237
-0.08 -0.051 0.938 -2.618 2.626 0.664
-0.073 -0.05 0.934 -2.885 0.893 1.611
-0.068 -0.063 0.916 -2.931 1.832 2.687
-0.081 -0.07 0.921 -3.206 2.863 2.634
-0.094 -0.074 0.919 -3.374 3.382 1.282
-0.099 -0.066 0.918 -4.664 6.313 0.382
-0.106 -0.07 0.924 -4.992 4.031 -0.931
-0.081 -0.062 0.917 -4.809 3.58 -0.084
-0.082 -0.065 0.917 -4.427 2.725 0.534
-0.078 -0.073 0.918 -3.672 1.046 0.901
-0.086 -0.065 0.92 -3.931 1.489 1.802
-0.08 -0.068 0.911 -4.046 1.26 2.13
-0.087 -0.074 0.912 -4.038 3.046 2.313
-0.09 -0.075 0.909 -4.641 3.931 1.084
-0.076 -0.06 0.905 -5.443 5.412 0.13
-0.085 -0.073 0.908 -5.168 4.435 -0.328
-0.084 -0.078 0.91 -4.802 4.267 -0.076
-0.08 -0.078 0.916 -5.046 3.763 0.397
-0.082 -0.08 0.916 -4.427 3.565 1.069
-0.094 -0.095 0.911 -3.962 4.237 1.931
-0.109 -0.098 0.915 -3.198 2.511 1.626
-0.113 -0.1 0.919 -2.489 3.969 1.779
-0.123 -0.084 0.923 -1.214 1.321 0.634
-0.094 -0.073 0.932 -1.809 2.16 -0.069
-0.103 -0.08 0.931 -2.771 3.557 -0.053
-0.086 -0.08 0.917 -2.74 2.931 -0.779
-0.09 -0.089 0.927 -2.45 4.153 -0.725
-0.118 -0.076 0.938 -1.55 1.901 -1.038
-0.105 -0.07 0.935 -1.298 0.389 -0.565
-0.09 -0.057 0.95 -2.298 0.099 0.809
-0.09 -0.063 0.945 -2.603 -0.565 1.237
-0.092 -0.072 0.943 -3.221 0.756 1.534
-0.103 -0.085 0.929 -3.573 2.847 1.382
-0.109 -0.081 0.925 -3.42 2.687 0.893
-0.112 -0.075 0.923 -2.29 0.649 0.496
-0.084 -0.059 0.92 -2.053 -0.763 0.137
-0.087 -0.069 0.909 -2.298 -0.893 0.366
-0.084 -0.077 0.903 -2.053 0.115 1.42
-0.077 -0.075 0.911 -2.092 0.962 2.107
-0.092 -0.075 0.899 -1.733 0.45 1.954
-0.093 -0.072 0.904 -2.649 0.969 2.008
-0.087 -0.075 0.895 -4.16 3.542 1.084
-0.092 -0.083 0.897 -4.863 4.985 0.534
-0.089 -0.081 0.891 -4.611 5.947 0.71
-0.089 -0.094 0.891 -3.458 7.069 0.969
-0.093 -0.092 0.899 -2.29 5.382 0.832
-0.086 -0.066 0.913 -1.58 4.634 1.489
-0.083 -0.074 0.918 -2.626 7.198 1.137
-0.086 -0.079 0.923 -3.0 8.58 1.847
-0.104 -0.089 0.926 -2.611 5.832 1.023
-0.107 -0.078 0.93 -2.191 4.802 1.412
-0.11 -0.079 0.935 -1.824 2.756 2.206
-0.107 -0.078 0.928 -1.947 3.771 2.725
-0.122 -0.081 0.931 -1.878 2.305 3.084
-0.106 -0.079 0.935 -2.046 2.496 2.595
-0.122 -0.085 0.941 -2.649 2.939 2.229
-0.112 -0.075 0.93 -2.489 1.969 1.893
-0.116 -0.079 0.925 -2.122 1.359 2.061
-0.121 -0.076 0.929 -1.641 0.794 1.275
-0.115 -0.071 0.935 -1.878 0.389 2.0
-0.11 -0.064 0.945 -3.153 1.901 1.824
-0.095 -0.063 0.926 -3.748 2.137 1.817
-0.106 -0.076 0.932 -4.389 3.214 2.382
-0.114 -0.081 0.93 -5.046 3.298 2.382
-0.111 -0.083 0.915 -4.748 4.115 2.542
-0.127 -0.087 0.923 -4.061 1.16 2.397
-0.115 -0.085 0.917 -3.359 -0.382 1.893
-0.119 -0.089 0.914 -2.603 -0.916 1.832
-0.113 -0.082 0.917 -2.168 -1.595 2.0
-0.098 -0.087 0.904 -2.16 -0.198 1.786
-0.107 -0.082 0.907 -2.092 -0.29 1.435
-0.1 -0.085 0.92 -2.466 1.053 1.718
-0.106 -0.073 0.921 -3.313 1.374 1.748
-0.107 -0.083 0.92 -3.878 3.214 1.321
-0.114 -0.075 0.919 -4.313 4.084 1.176
-0.101 -0.073 0.916 -4.282 3.718 1.519
-0.11 -0.085 0.919 -4.359 2.992 1.344
-0.106 -0.076 0.916 -4.336 2.817 1.321
-0.113 -0.084 0.916 -4.573 2.504 1.076
-0.115 -0.087 0.918 -3.756 1.985 0.885
-0.116 -0.081 0.92 -2.893 0.824 1.176
-0.109 -0.077 0.913 -2.473 -0.13 1.725
-0.107 -0.062 0.925 -2.962 0.382 1.672
-0.104 -0.064 0.935 -4.481 2.053 1.771
-0.105 -0.073 0.932 -4.924 2.649 1.359
-0.106 -0.084 0.917 -5.0 2.244 1.397
-0.123 -0.087 0.914 -4.183 2.191 1.458
-0.121 -0.095 0.91 -4.168 0.374 0.985
-0.116 -0.078 0.914 -3.779 1.046 1.809
-0.123 -0.082 0.913 -3.489 1.0 1.878
-0.115 -0.079 0.912 -3.908 1.061 1.87
-0.108 -0.083 0.909 -3.802 -0.008 1.832
-0.096 -0.091 0.9 -3.244 0.618 2.389
-0.105 -0.103 0.888 -2.42 -0.099 2.076
-0.09 -0.096 0.885 -2.29 0.336 1.412
-0.098 -0.09 0.902 -2.252 2.061 1.786
-0.11 -0.086 0.904 -2.198 2.481 1.58
-0.125 -0.083 0.902 -3.015 3.336 1.603
-0.122 -0.088 0.902 -2.344 2.58 1.374
-0.12 -0.088 0.923 -1.336 0.382 1.313
-0.113 -0.082 0.913 -1.687 0.809 1.099
-0.117 -0.077 0.915 -1.985 2.053 0.344
-0.114 -0.076 0.918 -2.443 2.87 0.473
-0.115 -0.074 0.909 -2.725 3.031 0.344
-0.117 -0.071 0.92 -3.679 4.832 0.244
-0.132 -0.068 0.929 -4.107 6.008 0.656
-0.142 -0.062 0.938 -4.702 5.015 0.061
-0.148 -0.04 0.956 -6.229 6.504 -0.412
-0.156 -0.034 0.969 -8.16 6.634 -1.099
-0.16 -0.037 0.972 -9.298 6.069 -1.794