-0.094 -0.102 0.925 -7.298 -1.969 -0.092
-0.099 -0.099 0.93 -7.466 -2.809 1.359
-0.093 -0.102 0.919 -8.351 -2.84 3.618
-0.078 -0.114 0.905 -8.611 -3.679 4.55
-0.08 -0.122 0.945 -7.664 -0.107 7.634
-0.04 -0.144 0.877 -7.802 -0.733 4.733
-0.056 -0.142 0.893 -8.046 -0.214 3.45
-0.056 -0.134 0.878 -8.595 1.069 2.137
-0.066 -0.145 0.889 -7.786 0.305 1.359
-0.049 -0.142 0.909 -7.145 1.267 1.16
-0.064 -0.163 0.911 -6.336 -1.786 -2.015
-0.076 -0.149 0.922 -4.855 0.244 -2.489
-0.091 -0.13 0.915 -4.916 -0.046 -2.687
-0.099 -0.12 0.928 -5.191 1.282 -2.061
-0.104 -0.129 0.936 -5.176 1.969 -1.832
-0.102 -0.118 0.938 -5.511 1.908 -1.282
-0.118 -0.113 0.933 -6.916 -0.794 -0.397
-0.114 -0.105 0.945 -7.802 -3.435 0.733
-0.1 -0.121 0.931 -7.42 -4.244 1.588
-0.094 -0.123 0.93 -7.466 -4.779 2.534
-0.088 -0.135 0.936 -7.832 -4.412 2.809
-0.08 -0.146 0.939 -7.511 -5.084 3.053
-0.062 -0.162 0.92 -4.824 -4.076 3.221
-0.05 -0.168 0.901 -6.153 -3.313 3.435
-0.046 -0.17 0.914 -5.725 -0.779 2.809
-0.038 -0.169 0.905 -4.015 -2.794 1.863
-0.052 -0.149 0.914 -4.046 -0.992 0.687
-0.056 -0.16 0.896 -3.374 -0.931 -0.092
-0.061 -0.16 0.913 -2.412 -0.763 -0.595
-0.063 -0.154 0.918 -1.786 -0.29 -0.855
-0.063 -0.148 0.919 -1.557 0.076 -0.931
-0.064 -0.143 0.92 -1.069 -0.153 -0.687
-0.069 -0.143 0.915 -0.718 1.069 -0.366
-0.049 -0.149 0.944 -0.916 4.29 2.168
-0.065 -0.147 0.916 -0.168 3.695 0.046
-0.079 -0.147 0.916 2.382 3.496 -0.809
-0.076 -0.138 0.906 0.153 1.908 -0.412
-0.076 -0.14 0.919 1.038 2.336 -0.992
-0.084 -0.145 0.923 -0.672 0.153 -0.947
-0.067 -0.144 0.937 -1.267 1.847 -0.122
-0.068 -0.148 0.927 -0.305 1.176 0.382
-0.074 -0.155 0.931 -0.58 0.275 0.489
-0.065 -0.161 0.931 -0.092 0.55 0.55
-0.063 -0.167 0.919 1.511 1.557 0.687
-0.063 -0.153 0.921 0.733 1.282 0.382
-0.061 -0.153 0.918 0.84 1.969 -0.137
-0.063 -0.152 0.922 0.031 1.847 -0.794
-0.063 -0.144 0.906 0.656 2.58 -0.672
-0.071 -0.148 0.906 0.321 3.16 -0.794
-0.073 -0.144 0.901 1.038 2.168 -0.137
-0.08 -0.148 0.921 -0.015 0.565 -0.244
-0.046 -0.16 0.931 -1.405 5.664 0.962
-0.065 -0.143 0.895 -0.046 2.977 -0.916
-0.078 -0.126 0.903 -0.473 2.397 -1.252
-0.073 -0.137 0.917 -0.198 3.099 -1.557
-0.086 -0.13 0.925 -1.008 3.084 -0.809
-0.101 -0.119 0.915 -0.672 2.55 -0.168
-0.093 -0.113 0.913 -1.588 1.954 1.42
-0.084 -0.131 0.939 -1.786 2.122 2.0
-0.077 -0.14 0.919 -1.588 1.817 2.763
-0.081 -0.123 0.919 -2.473 2.58 3.221
-0.076 -0.133 0.915 -2.84 2.733 3.603
-0.078 -0.139 0.909 -3.038 2.855 3.985
-0.069 -0.145 0.923 -3.649 1.618 3.466
-0.077 -0.156 0.93 -3.634 1.206 2.626
-0.059 -0.172 0.933 -3.237 0.076 2.107
-0.06 -0.161 0.919 -2.733 1.221 1.74
-0.063 -0.15 0.929 -2.595 1.649 1.649
-0.062 -0.145 0.927 -2.656 2.473 1.435
-0.067 -0.142 0.927 -2.931 2.183 1.008
-0.063 -0.147 0.931 -3.16 2.366 0.397
-0.063 -0.141 0.912 -2.87 2.992 0.107
-0.065 -0.148 0.926 -2.336 2.992 0.168
-0.069 -0.149 0.931 -1.618 2.84 -0.26
-0.075 -0.144 0.93 -1.359 2.198 -0.763
-0.075 -0.149 0.918 0.656 2.107 -1.863
-0.074 -0.139 0.937 -0.443 2.794 -0.534
-0.08 -0.131 0.929 -0.824 3.344 -0.061
-0.082 -0.129 0.942 -1.099 2.947 0.672
-0.076 -0.135 0.918 -0.962 3.267 0.137
-0.081 -0.127 0.915 -1.74 2.992 0.061
-0.075 -0.132 0.92 -2.626 4.122 -0.275
-0.071 -0.125 0.933 -2.718 4.489 -0.382
-0.071 -0.128 0.925 -2.321 5.084 -0.412
-0.063 -0.131 0.97 -2.672 6.0 -0.748
-0.03 -0.14 1.008 -3.695 9.176 -0.855
0.131 -0.173 0.981 -1.267 30.168 3.725
0.127 -0.221 1.121 -0.947 29.176 0.641
0.131 -0.231 1.297 4.275 39.221 -1.832
0.15 -0.188 1.51 5.206 49.115 -0.55
0.152 -0.151 1.819 1.756 59.466 1.664
0.11 -0.16 2.189 -0.26 54.229 4.611
0.054 -0.174 2.56 -7.71 40.672 14.718
0.061 -0.236 2.865 -6.489 13.313 32.214
0.139 -0.451 3.011 0.702 -11.527 41.756
0.142 -0.568 3.11 -0.794 -35.481 41.802
0.128 -0.622 3.013 -1.71 -52.87 36.229
0.178 -0.594 2.89 -3.832 -63.16 32.931
0.065 -0.626 2.814 -6.931 -78.061 26.84
0.078 -0.588 2.603 -12.458 -76.229 17.817
0.026 -0.545 2.591 -18.534 -78.565 9.863
-0.058 -0.458 2.542 -23.389 -80.702 2.198
-0.077 -0.319 2.417 -30.595 -90.412 -4.809
-0.231 -0.189 2.334 -35.802 -111.557 -6.015
-0.437 -0.058 2.289 -45.908 -140.443 -1.45
-0.516 0.032 2.134 -55.466 -159.679 11.206
-0.59 0.048 1.999 -63.221 -167.435 26.046
-0.61 0.007 1.84 -58.595 -170.794 35.313
-0.609 -0.041 1.679 -51.74 -168.641 34.015
-0.445 -0.184 1.444 -39.084 -147.557 22.015
-0.509 -0.112 1.378 -28.977 -125.481 -0.55
-0.672 0.12 1.353 -25.13 -110.198 -24.809
-0.739 0.401 1.191 -16.794 -109.115 -40.534
-0.727 0.688 0.87 -19.145 -124.031 -38.733
-0.379 0.702 0.431 -28.031 -132.565 -33.725
-0.01 0.544 0.054 -34.198 -125.511 -23.557
0.277 0.416 -0.186 -40.916 -120.183 0.626
0.436 0.298 -0.458 -35.542 -102.427 32.427
0.423 0.137 -0.399 -30.153 -69.008 60.092
0.513 -0.317 -0.173 -17.038 -21.16 54.107
0.494 -0.523 0.055 -11.954 18.275 32.611
0.09 -0.488 0.382 -4.901 22.824 2.718
0.038 -0.283 0.24 7.481 9.588 -35.099
0.152 -0.029 -0.32 1.893 12.687 -47.817
-0.117 0.059 -0.329 -11.13 3.053 -48.229
-0.27 0.095 -0.326 -8.55 -8.489 -31.221
-0.3 0.023 -0.353 -10.58 -4.763 -3.511
-0.292 -0.135 -0.22 -12.473 -0.015 12.244
-0.19 -0.394 -0.044 -6.489 15.328 17.13
-0.186 -0.478 0.073 -0.519 5.634 5.908
0.028 -0.589 0.016 13.038 9.954 -22.595
0.066 -0.424 -0.063 19.908 8.412 -52.855
-0.011 -0.201 -0.113 17.511 -4.794 -73.038
-0.072 -0.047 -0.155 13.176 -7.313 -73.954
-0.138 0.044 -0.158 9.939 -8.29 -70.656
-0.194 0.058 -0.1 4.962 -9.771 -63.313
-0.122 0.095 -0.102 -4.626 3.588 -57.237
-0.213 0.114 0.052 -10.137 -3.344 -48.794
-0.096 0.098 0.146 -9.191 -3.634 -32.473
0.073 0.08 0.158 -8.58 5.069 -21.71
0.111 0.067 0.214 -10.87 11.13 -13.252
0.298 -0.012 0.228 -20.626 19.115 -14.29
0.352 -0.14 0.295 -26.092 21.313 -17.038
0.323 -0.236 0.43 -26.611 16.763 -20.046
0.357 -0.255 0.57 -24.244 10.061 -22.611
0.353 -0.226 0.51 -23.924 11.71 -24.534
0.359 -0.17 0.475 -30.412 11.084 -27.527
0.39 -0.19 0.526 -33.145 14.687 -27.344
0.431 -0.219 0.566 -33.42 15.878 -25.542
0.332 -0.254 0.687 -31.542 12.519 -23.832
0.351 -0.316 0.698 -25.939 16.427 -20.305
0.344 -0.303 0.676 -21.466 17.634 -16.687
0.378 -0.31 0.661 -20.092 19.695 -15.282
0.441 -0.358 0.656 -18.122 24.214 -16.0
0.433 -0.377 0.735 -16.519 28.931 -14.992
0.305 -0.353 0.833 -17.084 26.198 -14.794
0.292 -0.372 0.877 -14.122 22.565 -12.198
0.301 -0.37 0.881 -10.046 20.397 -8.198
0.303 -0.313 0.857 -9.924 19.817 -4.672
0.353 -0.306 0.8 -10.962 22.305 -1.298
0.36 -0.316 0.817 -11.634 19.649 -2.305
0.295 -0.332 0.882 -11.878 15.267 -3.954
0.248 -0.328 0.922 -9.878 11.756 -6.168
0.225 -0.335 0.928 -7.374 3.344 -8.901
0.239 -0.356 0.935 -5.511 0.824 -10.366
0.273 -0.363 0.969 -3.435 -2.702 -9.435
0.292 -0.387 0.94 5.588 -3.771 -11.176
0.248 -0.317 0.979 11.053 -3.695 -11.542
0.198 -0.302 0.966 12.351 -5.252 -13.023
0.172 -0.253 0.954 13.649 -9.099 -12.885
0.171 -0.23 0.925 14.565 -6.916 -9.13
0.174 -0.208 0.894 15.053 -4.443 -5.237
0.212 -0.19 0.837 12.458 -1.344 -2.641
0.201 -0.177 0.861 9.634 -0.458 -0.443
0.218 -0.206 0.863 7.817 -1.023 1.817
0.286 -0.242 0.862 8.183 2.061 1.557
0.313 -0.265 0.89 8.214 4.412 1.206
0.351 -0.267 0.845 9.221 4.595 -2.565
0.323 -0.224 0.839 8.198 5.206 -2.275
0.294 -0.222 0.845 7.756 5.893 -0.153
0.307 -0.25 0.874 10.305 6.84 3.053
0.329 -0.247 0.836 10.733 6.275 3.282
0.345 -0.248 0.799 7.588 9.511 2.107
0.344 -0.233 0.788 2.702 13.695 -1.328
0.336 -0.207 0.796 -2.153 16.992 -3.573
0.347 -0.223 0.79 -6.244 22.061 -6.412
0.339 -0.236 0.808 -9.649 24.26 -8.26
0.299 -0.251 0.856 -10.107 19.893 -9.084
0.301 -0.294 0.879 -7.908 18.397 -11.328
0.278 -0.308 0.92 -3.924 18.26 -11.435
0.281 -0.275 0.883 -1.221 17.145 -13.282
0.287 -0.248 0.878 -0.763 17.725 -15.679
0.237 -0.22 0.917 -2.763 12.855 -16.214
0.273 -0.22 0.879 -6.687 14.824 -17.313
0.257 -0.235 0.915 -7.511 11.389 -17.252
0.218 -0.223 0.939 -7.099 8.626 -16.504
0.187 -0.205 0.948 -5.756 6.26 -14.427
0.175 -0.169 0.935 -4.137 4.076 -10.412
0.165 -0.148 0.93 -0.565 2.855 -3.145
0.227 -0.153 0.864 4.076 6.092 4.672
0.25 -0.163 0.847 4.015 9.084 8.809
0.256 -0.186 0.876 0.565 7.878 7.405
0.281 -0.207 0.881 -1.847 8.641 3.924
0.256 -0.218 0.896 -3.099 7.328 0.519
0.263 -0.217 0.904 -4.198 4.885 -3.053
0.27 -0.219 0.901 -5.466 2.733 -7.084
0.247 -0.211 0.9 -4.794 1.176 -8.214
0.229 -0.188 0.892 -3.511 2.84 -7.13
0.233 -0.159 0.886 -3.71 4.198 -5.969
0.233 -0.152 0.878 -5.542 4.198 -6.092
0.217 -0.161 0.898 -7.13 3.176 -6.427
0.237 -0.159 0.891 -6.733 3.496 -4.015
0.218 -0.16 0.913 -7.679 2.0 -2.611
0.213 -0.17 0.932 -9.344 -1.13 -2.519
0.19 -0.208 0.984 -8.947 -4.641 -1.969
0.172 -0.214 0.971 -7.573 -6.718 0.55
0.205 -0.249 0.959 -5.023 -7.13 3.786
0.221 -0.256 0.933 -2.305 -4.397 6.794
0.24 -0.244 0.886 -3.969 -1.679 7.557
0.251 -0.243 0.872 -5.695 -0.916 6.733
0.257 -0.242 0.891 -6.321 -1.557 6.84
0.24 -0.247 0.945 -8.244 -3.878 6.489
0.262 -0.275 0.914 -9.221 -5.176 2.489
0.256 -0.294 0.931 -8.412 -5.221 1.008
0.281 -0.288 0.913 -6.122 -3.45 0.55
0.278 -0.276 0.915 -3.237 -2.046 1.328
0.267 -0.252 0.906 -0.641 -0.718 2.916
0.271 -0.232 0.897 -0.55 0.122 2.29
0.256 -0.221 0.885 -1.649 -1.221 1.191
0.256 -0.21 0.885 -2.901 -1.206 0.916
0.249 -0.201 0.891 -4.198 -2.336 0.885
0.256 -0.22 0.877 -5.16 -2.809 0.198
0.234 -0.216 0.885 -6.0 -3.695 0.26
0.229 -0.225 0.902 -3.603 -4.565 1.725
0.244 -0.225 0.877 -1.603 -4.214 3.282
0.254 -0.213 0.849 -1.328 -3.115 4.321
0.269 -0.224 0.848 -2.321 -2.305 3.435
0.278 -0.229 0.873 -3.099 -1.481 2.031
0.273 -0.227 0.863 -4.321 0.489 1.42
0.259 -0.237 0.879 -5.405 -0.947 0.015
0.242 -0.228 0.911 -4.351 -2.565 0.443
0.252 -0.228 0.888 -2.458 -1.527 1.542
0.261 -0.221 0.867 -1.252 -0.641 2.336
0.275 -0.22 0.859 -0.443 1.053 3.313
0.275 -0.214 0.856 -1.176 2.137 2.824
0.268 -0.211 0.858 -2.84 1.771 1.023
0.272 -0.212 0.875 -4.687 0.351 -0.641
0.258 -0.229 0.895 -3.908 -0.015 -0.153
0.253 -0.239 0.889 -0.962 0.58 1.969
0.252 -0.253 0.909 2.351 0.29 4.794
0.269 -0.238 0.888 3.771 0.046 6.046
0.276 -0.22 0.867 3.466 1.374 6.824
0.298 -0.219 0.846 2.015 2.672 6.305
0.3 -0.234 0.865 -0.84 3.008 3.603
0.277 -0.238 0.891 -2.489 2.153 0.214
0.272 -0.244 0.897 -3.298 2.29 -1.71
0.247 -0.237 0.909 -2.656 0.672 -1.771
0.252 -0.234 0.904 -1.664 1.389 -0.305
0.244 -0.222 0.896 -1.099 1.969 1.298
0.239 -0.207 0.88 -1.466 1.313 2.26
0.239 -0.218 0.908 -1.817 0.076 2.534
0.257 -0.232 0.91 -1.344 -0.565 2.702
0.264 -0.235 0.901 -0.977 -2.656 2.412
0.261 -0.231 0.894 -1.282 -5.969 1.969
0.26 -0.226 0.899 -2.061 -8.382 1.817
0.249 -0.223 0.892 -2.229 -8.397 3.237
0.257 -0.227 0.896 -2.244 -6.55 4.794
0.269 -0.242 0.887 -1.481 -5.237 5.924
0.281 -0.248 0.876 -1.298 -3.74 5.893
0.272 -0.256 0.912 -0.321 -4.031 5.359
0.257 -0.246 0.895 0.046 -2.748 5.038
0.27 -0.238 0.887 -0.336 -0.733 4.366
0.259 -0.225 0.896 -1.359 -0.779 3.435
0.272 -0.222 0.878 -1.542 -0.885 3.588
0.28 -0.214 0.876 -2.153 -0.336 2.565
0.257 -0.221 0.9 -3.237 -0.061 1.115
0.242 -0.225 0.911 -3.099 -0.672 -0.168
0.256 -0.224 0.882 -2.58 0.87 0.198
0.273 -0.213 0.882 -1.71 3.847 1.313
0.275 -0.208 0.887 -0.992 3.969 2.244
0.258 -0.199 0.895 -1.664 1.832 2.382
0.239 -0.195 0.906 -1.969 0.137 2.58
0.254 -0.203 0.899 -1.802 0.168 3.008
0.258 -0.2 0.875 -2.336 1.008 2.962
0.258 -0.216 0.893 -3.298 -0.076 2.214
0.243 -0.22 0.911 -3.221 -0.947 1.756
0.23 -0.221 0.917 -2.809 -2.183 2.412
0.249 -0.237 0.9 -1.832 -1.863 3.466
0.266 -0.231 0.879 -2.183 -1.878 3.374
0.281 -0.226 0.865 -3.42 -0.763 2.824
0.289 -0.237 0.864 -5.359 -0.168 1.023
0.273 -0.26 0.909 -5.878 -1.771 -0.626
0.259 -0.264 0.932 -3.359 -2.977 0.046
0.244 -0.248 0.916 -1.344 -2.687 1.74
0.262 -0.256 0.906 -0.458 -2.321 3.13
0.282 -0.267 0.888 0.504 0.885 4.55
0.297 -0.261 0.883 0.977 0.229 4.061
0.284 -0.254 0.892 -0.534 -0.55 2.443
0.277 -0.255 0.908 -2.107 -1.008 0.168
0.262 -0.254 0.907 -2.092 -2.107 -0.336
0.271 -0.245 0.897 -1.42 -2.412 0.55
0.286 -0.25 0.889 -0.137 -1.557 1.267
0.287 -0.252 0.882 0.656 0.382 1.481
0.282 -0.238 0.88 0.427 2.031 0.336
0.281 -0.222 0.872 -0.687 1.573 -0.916
0.277 -0.219 0.874 -2.779 0.626 -1.847
0.267 -0.217 0.892 -3.313 -0.397 -1.679
0.263 -0.221 0.885 -3.603 -1.893 -1.084
0.266 -0.218 0.88 -3.618 -1.908 0.0
0.267 -0.216 0.876 -2.885 -1.023 1.252
0.274 -0.231 0.884 -1.42 0.427 1.924
0.277 -0.228 0.877 -1.237 1.16 1.954
0.268 -0.217 0.888 -1.893 0.779 1.954
0.282 -0.221 0.89 -1.527 -0.031 2.305
0.271 -0.235 0.893 -1.282 -1.374 2.458
0.293 -0.239 0.878 -0.977 -0.458 2.458
0.307 -0.238 0.863 -1.634 1.038 1.359
0.27 -0.237 0.896 -2.122 1.099 0.55
0.267 -0.224 0.895 -2.763 0.885 0.534
0.264 -0.22 0.88 -2.748 -0.397 1.435
0.296 -0.234 0.86 -2.305 0.473 2.565
0.294 -0.238 0.88 -1.206 1.069 3.191
0.297 -0.242 0.881 -0.687 2.947 3.389
0.287 -0.242 0.885 -0.183 3.313 2.305
0.267 -0.231 0.895 -0.137 1.847 2.046
0.26 -0.218 0.878 0.107 1.725 2.0
0.263 -0.205 0.891 0.275 1.527 3.084
0.258 -0.2 0.872 -0.489 1.74 4.351
0.257 -0.211 0.89 -1.282 2.412 4.794
0.275 -0.225 0.871 -1.756 2.763 3.863
0.275 -0.238 0.872 -2.046 4.168 2.366
0.264 -0.234 0.881 -2.015 2.015 0.702
0.27 -0.22 0.89 -1.664 0.87 0.229
0.283 -0.2 0.878 -0.931 0.397 0.611
0.276 -0.186 0.871 -1.038 1.588 2.122
0.259 -0.176 0.872 -1.954 1.359 3.466
0.276 -0.19 0.882 -2.397 2.137 4.443
0.278 -0.214 0.904 -1.878 2.855 5.191
0.274 -0.226 0.909 -0.809 1.313 5.588
0.269 -0.236 0.914 -0.443 1.191 5.634
0.274 -0.233 0.901 -0.107 1.542 5.405
0.293 -0.239 0.878 -0.779 2.595 5.206
0.279 -0.233 0.886 -1.023 2.305 4.061
0.269 -0.246 0.9 -1.542 2.427 2.733
0.275 -0.244 0.891 -1.573 1.771 2.366
0.262 -0.24 0.915 -0.87 0.901 2.779
0.271 -0.237 0.907 0.076 2.031 3.527
0.281 -0.234 0.884 0.26 2.137 4.397
0.285 -0.235 0.875 -0.641 2.366 4.397
0.273 -0.231 0.892 -1.588 1.435 3.649
0.277 -0.24 0.892 -1.298 1.985 3.45
0.282 -0.254 0.901 -0.275 2.779 3.557
0.272 -0.252 0.899 -0.214 2.824 2.87
0.273 -0.257 0.892 -0.137 3.328 2.031
0.283 -0.244 0.898 0.427 2.947 2.458
0.266 -0.238 0.903 0.809 2.015 1.237
0.262 -0.22 0.896 -0.183 1.725 0.076
0.247 -0.219 0.907 -0.962 -0.122 -0.443
0.25 -0.221 0.894 -0.595 0.473 0.046
0.243 -0.211 0.91 -0.015 0.992 1.237
0.258 -0.211 0.897 -0.198 1.603 2.031
0.277 -0.208 0.876 -0.412 2.519 2.397
0.264 -0.21 0.884 -2.015 1.267 1.511
0.276 -0.211 0.885 -2.473 0.748 0.748
0.275 -0.212 0.885 -3.084 1.557 -0.107
0.264 -0.213 0.912 -3.237 1.221 -0.87
0.258 -0.211 0.906 -2.87 1.145 -0.84
0.262 -0.209 0.895 -2.153 -0.015 -0.244
0.251 -0.205 0.905 -1.649 0.122 0.26
0.221 -0.18 0.933 -2.29 0.183 2.641
0.278 -0.203 0.869 -3.038 -0.931 1.817
0.287 -0.214 0.87 -3.924 -0.702 1.084
0.272 -0.208 0.892 -4.58 -0.87 0.656
0.27 -0.228 0.893 -3.557 -0.947 1.267
0.291 -0.234 0.866 -3.023 -0.107 1.038
0.293 -0.231 0.875 -2.84 1.115 0.458
0.283 -0.235 0.896 -1.588 1.023 0.366
0.281 -0.233 0.89 -0.733 1.298 0.504
0.275 -0.219 0.88 -0.687 0.672 0.931
0.272 -0.216 0.886 -0.748 1.069 1.374
0.287 -0.229 0.881 -0.779 2.229 1.16
0.28 -0.225 0.882 -1.405 2.962 0.779
0.271 -0.222 0.895 -1.496 3.206 0.794
0.252 -0.211 0.903 -1.695 2.626 1.359
0.251 -0.209 0.9 -1.008 1.389 2.382
0.259 -0.221 0.913 -1.74 0.702 2.55
0.271 -0.231 0.892 -0.504 1.038 3.252
0.28 -0.237 0.885 -0.015 1.527 2.718
0.284 -0.247 0.881 -0.565 1.679 1.557
0.283 -0.246 0.872 -1.481 0.947 0.107
0.278 -0.238 0.889 -1.466 0.382 -0.565
0.266 -0.24 0.887 -0.397 1.13 -0.427
0.274 -0.232 0.882 -0.031 1.573 0.29
0.272 -0.234 0.883 -0.092 1.74 1.099
0.266 -0.248 0.898 0.504 2.092 1.466
0.264 -0.246 0.902 1.298 2.198 1.328
0.268 -0.245 0.903 2.473 1.359 0.855
0.264 -0.24 0.9 2.824 1.618 0.427
0.263 -0.223 0.893 3.298 2.366 0.794
0.262 -0.218 0.897 3.267 2.931 1.099