-0.066 -0.068 0.908 -4.855 -2.931 -0.26
-0.068 -0.068 0.914 -5.71 -4.58 0.763
-0.069 -0.069 0.916 -6.901 -7.313 0.84
-0.045 -0.091 0.915 -6.061 -6.321 -0.031
-0.046 -0.094 0.918 -4.595 -4.947 -0.641
-0.047 -0.086 0.917 -3.069 -2.672 -1.511
-0.053 -0.077 0.915 -1.74 -1.13 -1.481
-0.065 -0.055 0.91 -1.237 -0.168 -0.58
-0.063 -0.045 0.896 -1.969 0.198 0.122
-0.061 -0.049 0.904 -2.824 0.611 0.244
-0.051 -0.076 0.921 -1.756 1.237 0.55
-0.055 -0.075 0.917 -0.092 2.427 0.687
-0.058 -0.08 0.93 1.298 4.214 0.977
-0.066 -0.074 0.937 3.282 5.359 1.038
-0.083 -0.062 0.933 3.557 4.87 1.771
-0.092 -0.047 0.916 2.137 3.969 2.489
-0.096 -0.034 0.902 -0.626 1.954 2.504
-0.093 -0.037 0.916 -2.962 0.763 3.649
-0.091 -0.049 0.924 -4.55 -0.244 3.985
-0.09 -0.06 0.913 -5.756 -0.565 4.458
-0.079 -0.058 0.915 -6.153 -0.84 5.008
-0.071 -0.074 0.904 -5.527 0.153 5.832
-0.075 -0.081 0.929 -4.565 1.008 6.076
-0.073 -0.077 0.911 -3.435 2.122 6.351
-0.066 -0.079 0.907 -3.374 2.855 6.458
-0.075 -0.08 0.917 -4.779 2.336 6.229
-0.073 -0.087 0.923 -5.908 0.947 6.168
-0.067 -0.097 0.923 -6.412 0.656 5.817
-0.066 -0.095 0.936 -6.0 -0.076 5.573
-0.062 -0.099 0.93 -5.786 0.046 5.496
-0.055 -0.088 0.917 -4.824 0.977 5.389
-0.055 -0.119 0.911 -4.794 1.313 5.053
-0.052 -0.097 0.93 -4.031 2.275 4.183
-0.054 -0.102 0.929 -2.809 3.252 3.893
-0.055 -0.09 0.923 -2.55 3.695 3.725
-0.07 -0.073 0.92 -2.366 3.634 4.672
-0.062 -0.071 0.902 -2.489 3.374 4.916
-0.061 -0.061 0.909 -3.023 2.809 5.542
-0.066 -0.072 0.931 -3.725 2.015 6.0
-0.06 -0.083 0.93 -4.031 0.916 5.924
-0.06 -0.075 0.928 -4.137 1.191 6.244
-0.052 -0.084 0.929 -4.183 1.282 6.321
-0.054 -0.078 0.933 -3.496 2.489 6.305
-0.047 -0.09 0.948 -1.893 2.962 6.305
-0.042 -0.102 0.96 0.031 3.16 6.626
-0.045 -0.105 0.967 1.313 3.328 6.672
-0.045 -0.099 0.96 1.618 2.855 6.794
-0.041 -0.096 0.952 1.084 4.061 8.168
-0.034 -0.092 0.96 1.45 6.122 7.191
-0.039 -0.076 0.986 2.641 8.931 8.733
-0.045 -0.078 1.01 2.84 8.962 9.634
-0.04 -0.081 1.043 2.55 8.015 10.214
-0.041 -0.098 1.087 2.229 6.84 11.664
-0.044 -0.116 1.136 3.756 6.198 12.809
0.54 -0.154 0.364 7.344 51.145 7.176
0.017 -0.19 1.188 12.916 3.573 9.847
-0.012 -0.09 1.228 14.0 2.733 10.672
-0.022 -0.058 1.275 14.794 1.328 11.038
-0.006 -0.062 1.323 16.061 1.618 11.679
-0.025 -0.049 1.412 14.031 -0.412 11.679
-0.017 -0.055 1.453 12.076 -6.092 11.359
-0.022 -0.047 1.511 10.977 3.527 6.885
-0.01 -0.094 1.53 15.359 -15.695 12.366
0.002 -0.052 1.531 20.519 -18.641 15.664
0.013 -0.011 1.474 16.0 -22.611 15.924
0.023 -0.016 1.508 5.924 -23.298 12.702
0.008 -0.064 1.617 0.168 -27.695 10.458
0.008 -0.082 1.665 2.489 -28.733 10.931
0.009 -0.072 1.615 13.496 -27.74 10.901
-0.012 -0.041 1.618 17.725 -29.893 15.191
0.001 -0.039 1.627 18.351 -35.023 19.985
-0.006 -0.052 1.64 16.809 -42.336 24.489
-0.045 -0.028 1.693 11.42 -53.115 24.076
-0.012 0.007 1.585 4.489 -57.176 22.687
-0.066 -0.004 1.583 -1.527 -62.87 18.168
-0.022 0.039 1.54 -11.985 -68.794 20.595
-0.01 0.031 1.509 -15.817 -70.992 18.87
-0.013 0.005 1.492 -16.58 -73.206 19.618
0.006 -0.002 1.418 -17.084 -75.878 19.618
-0.018 0.012 1.45 -24.366 -83.954 20.137
0.001 -0.018 1.385 -28.84 -86.382 18.824
0.009 -0.054 1.382 -25.481 -83.908 17.328
0.012 -0.024 1.336 -21.45 -81.679 14.198
0.008 0.04 1.29 -22.626 -83.725 14.26
0.042 0.015 1.179 -20.015 -79.908 11.328
0.037 0.046 1.135 -26.901 -77.069 10.061
0.206 -0.01 0.994 -28.153 -68.55 9.588
0.043 0.027 1.088 -27.145 -74.824 10.687
0.072 0.065 0.99 -19.954 -69.008 16.214
0.081 0.125 0.901 -17.786 -58.061 24.489
0.036 0.082 0.985 -17.176 -52.046 28.153
0.015 0.031 1.016 -16.824 -55.618 30.656
0.025 -0.086 1.091 -14.595 -62.656 22.84
0.074 -0.109 1.034 -14.809 -65.954 9.771
0.068 0.019 0.941 -19.954 -72.351 -0.031
0.077 0.072 0.852 -26.122 -77.863 -4.26
0.157 0.077 0.741 -27.817 -72.397 -3.267
0.218 0.037 0.683 -27.282 -63.359 0.779
0.272 0.012 0.629 -25.771 -50.382 3.817
0.299 0.032 0.515 -24.031 -33.389 7.115
0.298 0.032 0.483 -26.137 -19.344 12.565
0.246 -0.054 0.568 -23.344 -7.893 13.16
0.219 -0.161 0.656 -19.939 0.87 3.13
0.207 -0.237 0.786 -20.794 2.504 -11.328
0.412 -0.36 0.777 -16.87 15.679 -57.71
-0.389 -0.642 2.158 11.099 45.496 -81.985
0.106 -0.053 0.765 -5.16 14.809 -82.687
-0.019 0.105 0.788 -15.725 6.901 -67.45
-0.053 0.128 0.734 -20.809 -6.809 -57.069
0.128 0.021 0.688 -22.748 -9.725 -54.794
0.147 0.003 0.632 -29.786 -14.336 -55.634
0.151 -0.047 0.617 -32.427 -16.641 -52.107
0.105 -0.002 0.569 -31.679 -22.214 -42.656
0.116 -0.061 0.606 -29.145 -13.649 -36.397
0.131 -0.204 0.738 -19.008 -9.191 -33.802
0.11 -0.185 0.762 -12.733 -8.916 -34.641
0.137 -0.202 0.748 -7.939 -4.29 -38.779
0.129 -0.155 0.696 -3.756 -3.023 -41.176
0.136 -0.125 0.637 -3.328 -3.389 -43.221
0.072 -0.022 0.59 -5.191 -3.389 -42.809
-0.07 0.143 0.771 -5.374 -17.435 -27.664
0.062 0.017 0.458 -9.344 -19.45 -16.672
0.225 -0.141 0.415 -6.885 -4.443 -15.893
0.164 -0.152 0.617 -4.412 2.305 -17.084
0.132 -0.142 0.642 0.321 -1.344 -18.183
0.184 -0.046 0.547 -3.649 -1.16 -21.008
0.176 -0.013 0.5 -8.992 -7.313 -20.076
0.231 -0.044 0.465 -14.336 -8.29 -20.58
0.221 -0.045 0.421 -16.473 -5.679 -19.115
0.202 -0.077 0.45 -16.382 0.214 -18.092
0.199 -0.073 0.51 -13.298 5.359 -17.313
0.171 -0.031 0.484 -9.786 3.679 -13.435
0.213 0.001 0.415 -15.542 2.489 -13.939
0.285 -0.048 0.394 -25.328 -0.565 -19.435
0.388 -0.063 0.378 -33.16 1.756 -27.542
0.373 -0.046 0.365 -43.985 0.916 -35.191
0.447 -0.04 0.311 -55.603 3.191 -43.695
0.394 -0.072 0.343 -64.336 4.763 -50.763
0.309 -0.074 0.467 -68.626 3.069 -51.832
0.238 -0.101 0.558 -64.687 3.298 -46.26
0.238 -0.125 0.631 -62.748 -2.351 -35.099
0.306 -0.163 0.644 -53.221 -1.817 -22.718
0.451 -0.149 0.44 -45.985 14.015 -21.527
0.532 -0.121 0.397 -37.145 21.786 -17.954
0.549 -0.11 0.333 -40.947 36.107 -20.397
0.463 -0.128 0.485 -46.855 31.664 -22.046
0.492 -0.222 0.529 -48.107 27.145 -25.802
0.476 -0.279 0.59 -44.58 23.71 -27.45
0.418 -0.272 0.688 -37.328 24.718 -27.176
0.384 -0.248 0.755 -29.374 22.046 -25.954
0.376 -0.21 0.703 -24.382 20.87 -25.695
0.35 -0.176 0.697 -24.397 22.641 -26.794
0.35 -0.195 0.776 -24.443 20.519 -26.305
0.3 -0.164 0.71 -20.901 15.084 -21.786
0.281 -0.24 0.902 -14.122 19.496 -17.176
0.33 -0.267 0.946 -3.924 17.969 -9.756
0.325 -0.312 0.907 4.534 18.015 -7.847
0.311 -0.295 0.908 6.855 14.504 -5.42
0.305 -0.289 0.904 6.443 8.763 -5.802
0.331 -0.294 0.872 6.733 6.733 -5.863
0.285 -0.3 0.915 9.573 6.198 -8.641
0.262 -0.23 0.878 9.359 3.939 -7.282
0.291 -0.236 0.817 4.26 3.405 -5.267
0.331 -0.273 0.819 4.885 6.947 -4.687
0.316 -0.29 0.854 4.595 8.824 -5.374
0.298 -0.31 0.889 4.595 8.031 -6.061
0.288 -0.303 0.956 4.305 5.771 -6.137
0.256 -0.289 0.963 7.847 3.374 -6.794
0.241 -0.242 0.933 11.511 2.321 -4.794
0.242 -0.206 0.899 13.16 2.55 0.153
0.285 -0.211 0.854 13.176 2.885 5.176
0.353 -0.25 0.813 12.031 4.641 6.458
0.389 -0.244 0.799 9.756 6.672 4.931
0.364 -0.217 0.803 6.031 7.023 1.603
0.346 -0.214 0.833 1.603 6.366 -2.489
0.348 -0.219 0.859 1.313 8.885 -5.16
0.322 -0.199 0.871 0.382 8.733 -5.542
0.317 -0.204 0.873 0.794 8.031 -4.351
0.318 -0.226 0.861 1.557 6.702 -2.489
0.341 -0.242 0.862 0.809 6.504 -2.977
0.313 -0.252 0.893 0.855 3.389 -8.702
0.295 -0.24 0.897 0.504 3.496 -9.267
0.31 -0.222 0.887 -0.382 3.435 -11.557
0.299 -0.206 0.885 0.076 4.366 -12.718
0.294 -0.179 0.853 -0.947 4.977 -13.466
0.306 -0.186 0.843 -2.779 7.282 -14.901
0.264 -0.168 0.899 -3.878 5.267 -14.076
0.234 -0.159 0.924 -2.244 1.176 -9.939
0.283 -0.182 0.892 -0.107 2.458 -6.198
0.277 -0.174 0.91 2.122 4.214 -4.015
0.254 -0.161 0.919 1.573 2.397 -2.214
0.277 -0.2 0.929 2.565 2.305 -2.458
0.282 -0.219 0.923 5.405 3.725 -1.878
0.27 -0.198 0.914 6.718 2.458 -1.038
0.307 -0.169 0.878 7.42 3.511 -1.176
0.295 -0.208 0.867 7.42 4.595 -6.489
0.297 -0.17 0.85 5.557 4.214 -5.969
0.256 -0.127 0.875 2.458 0.763 -7.237
0.257 -0.112 0.858 -0.076 -1.298 -6.26
0.266 -0.112 0.878 -0.58 -1.069 -4.183
0.245 -0.118 0.895 -0.733 -1.237 -0.84
0.264 -0.144 0.882 -0.656 -0.366 3.924
0.286 -0.193 0.893 0.779 1.221 4.656
0.301 -0.206 0.896 1.435 2.504 3.191
0.298 -0.198 0.895 1.71 3.099 1.191
0.297 -0.178 0.877 0.55 2.687 -1.878
0.296 -0.172 0.877 -0.336 2.519 -4.321
0.287 -0.154 0.898 -0.366 2.519 -5.13
0.283 -0.148 0.874 -0.748 2.748 -4.336
0.284 -0.151 0.865 -0.443 4.076 -2.931
0.281 -0.153 0.889 -0.321 5.16 -1.13
0.269 -0.153 0.905 -1.221 4.122 -0.672
0.283 -0.172 0.938 -0.489 3.496 -0.58
0.287 -0.175 0.931 1.053 3.267 -0.061
0.26 -0.157 0.937 2.443 2.87 1.435
0.272 -0.163 0.924 3.832 3.359 3.695
0.291 -0.174 0.899 4.641 3.588 4.611
0.288 -0.177 0.904 4.87 3.649 4.122
0.273 -0.176 0.907 4.336 2.672 1.252
0.259 -0.149 0.903 3.679 1.45 1.42
0.243 -0.148 0.897 3.878 0.916 2.061
0.273 -0.156 0.895 5.466 3.649 4.168
0.279 -0.168 0.885 5.863 4.931 5.084
0.267 -0.158 0.899 4.855 5.145 3.298
0.26 -0.155 0.912 3.786 3.74 0.962
0.26 -0.122 0.913 2.122 2.458 -1.221
0.242 -0.099 0.926 0.168 0.779 -2.947
0.231 -0.094 0.917 -1.115 0.031 -4.198
0.241 -0.102 0.901 -2.519 -0.443 -4.29
0.258 -0.106 0.892 -2.397 0.092 -3.573
0.241 -0.091 0.907 -3.985 0.687 -4.137
0.22 -0.085 0.913 -6.809 -0.275 -4.321
0.221 -0.084 0.926 -8.366 -2.031 -3.573
0.243 -0.104 0.917 -8.397 -1.725 -1.756
0.254 -0.119 0.914 -7.588 -1.237 0.58
0.273 -0.133 0.906 -7.282 -0.198 1.924
0.278 -0.16 0.909 -6.992 0.427 1.695
0.286 -0.175 0.924 -6.427 0.87 0.626
0.278 -0.167 0.921 -5.771 -0.321 0.26
0.292 -0.182 0.919 -4.855 -0.244 -0.366
0.302 -0.188 0.906 -3.481 0.611 0.153
0.295 -0.185 0.897 -2.26 0.733 0.809
0.298 -0.189 0.903 -0.595 0.901 1.191
0.29 -0.171 0.905 1.786 1.42 2.305
0.3 -0.149 0.898 3.252 1.817 3.908
0.311 -0.123 0.859 3.42 3.496 4.672
0.309 -0.133 0.868 2.687 4.244 5.053
0.296 -0.146 0.889 0.962 4.061 3.832
0.278 -0.151 0.918 -0.885 2.427 1.954
0.265 -0.156 0.92 -1.42 0.382 0.061
0.251 -0.15 0.915 -0.763 0.107 -0.748
0.26 -0.155 0.895 -1.145 0.351 -1.695
0.27 -0.127 0.869 -2.672 1.542 -2.427
0.268 -0.126 0.881 -4.076 2.656 -3.298
0.255 -0.119 0.894 -4.855 2.473 -3.099
0.255 -0.137 0.905 -5.038 1.756 -2.351
0.242 -0.147 0.923 -4.031 1.084 -1.802
0.256 -0.142 0.918 -3.053 0.58 -1.023
0.275 -0.139 0.904 -1.908 0.26 0.214
0.269 -0.128 0.898 -1.573 1.389 0.962
0.272 -0.132 0.885 -1.771 1.954 1.221
0.269 -0.13 0.89 -3.695 1.16 1.725
0.282 -0.159 0.891 -4.412 1.695 2.015
0.28 -0.182 0.927 -2.794 1.908 2.321
0.288 -0.187 0.936 -0.779 2.504 2.84
0.288 -0.19 0.92 0.947 2.321 2.122
0.273 -0.166 0.917 1.542 2.229 1.053
0.271 -0.135 0.913 1.115 1.878 -0.107
0.255 -0.12 0.907 -0.473 0.611 0.031
0.261 -0.117 0.892 -2.031 -0.061 0.916
0.271 -0.119 0.892 -2.611 0.366 2.031
0.28 -0.134 0.894 -3.344 0.412 2.672
0.29 -0.156 0.898 -3.435 0.611 2.076
0.291 -0.163 0.913 -2.748 -0.595 1.679
0.287 -0.162 0.9 -2.076 -1.16 0.87
0.291 -0.154 0.89 -1.618 -1.328 0.733
0.292 -0.155 0.874 -2.107 -0.809 -0.015
0.302 -0.164 0.867 -2.672 -0.29 0.015
0.298 -0.172 0.869 -3.206 1.115 -0.504
0.289 -0.178 0.896 -3.679 1.435 -1.878
0.284 -0.169 0.913 -3.985 0.702 -3.313
0.272 -0.15 0.906 -3.206 -0.321 -3.038
0.286 -0.136 0.872 -2.122 1.893 -1.908
0.286 -0.125 0.882 -1.45 2.58 -0.397
0.281 -0.124 0.865 -3.176 3.191 0.977
0.28 -0.14 0.871 -4.305 3.359 2.092
0.286 -0.171 0.907 -3.649 3.863 2.443
0.296 -0.191 0.93 -1.328 3.359 2.901
0.279 -0.174 0.925 0.183 3.023 2.443
0.286 -0.167 0.912 1.878 2.427 2.275
0.291 -0.152 0.881 1.588 2.748 2.29
0.282 -0.135 0.872 0.504 1.634 2.29
0.283 -0.139 0.879 -0.931 2.122 1.786
0.279 -0.151 0.886 -1.954 2.473 1.985
0.273 -0.166 0.915 -2.046 2.397 1.664
0.272 -0.178 0.924 -0.702 2.962 1.16
0.273 -0.174 0.925 0.366 3.282 0.611
0.271 -0.16 0.914 0.595 2.718 -0.29
0.255 -0.136 0.907 -0.687 1.725 -1.496
0.244 -0.119 0.908 -2.382 0.489 -1.74
0.266 -0.136 0.897 -3.374 0.229 -1.313
0.268 -0.148 0.918 -2.473 0.794 -0.427
0.262 -0.157 0.921 -1.206 0.702 -0.626
0.26 -0.151 0.917 -0.733 0.214 -0.458
0.259 -0.147 0.908 -0.794 0.107 -0.855
0.26 -0.128 0.899 -0.626 1.084 -0.718
0.254 -0.121 0.901 -1.115 1.466 -0.275
0.257 -0.126 0.894 -2.641 1.817 0.031
0.257 -0.146 0.906 -2.702 1.863 0.55
0.259 -0.151 0.912 -2.504 1.557 1.16
0.266 -0.158 0.929 -1.649 1.344 0.931
0.263 -0.158 0.919 -0.916 0.595 0.137
0.268 -0.153 0.894 -0.55 1.13 -0.809
0.27 -0.117 0.892 -1.847 -0.351 -1.588
0.257 -0.107 0.876 -3.16 0.046 -1.176
0.25 -0.116 0.881 -3.878 0.824 0.214
0.261 -0.12 0.894 -3.878 1.344 2.183
0.279 -0.162 0.897 -2.26 2.962 3.389
0.292 -0.171 0.907 -0.397 3.13 3.313
0.292 -0.175 0.921 -0.855 1.618 1.099
0.287 -0.159 0.907 -1.466 0.733 -0.718
0.279 -0.144 0.904 -1.42 0.061 -1.008
0.272 -0.127 0.898 -1.695 0.183 -0.427
0.269 -0.122 0.894 -1.695 0.672 1.176
0.278 -0.139 0.889 -0.473 1.603 2.626
0.281 -0.138 0.875 -0.076 2.794 3.588
0.282 -0.154 0.877 -1.328 3.237 2.718
0.263 -0.159 0.923 -2.29 1.542 0.916
0.271 -0.16 0.923 -2.351 0.244 -0.779
0.275 -0.144 0.911 -1.237 0.214 -0.977
0.261 -0.138 0.899 -0.992 1.084 -0.656
0.261 -0.129 0.894 -0.824 1.588 -0.687
0.267 -0.119 0.893 -1.695 2.26 -0.672
0.257 -0.122 0.882 -2.611 1.542 0.473
0.281 -0.146 0.886 -2.366 2.412 1.008
0.281 -0.143 0.896 -1.832 3.374 1.328
0.267 -0.148 0.911 -1.42 3.267 1.481
0.269 -0.144 0.912 -1.237 3.053 1.023
0.253 -0.134 0.911 -1.42 3.435 0.534
0.252 -0.129 0.909 -2.076 2.427 0.748
0.256 -0.139 0.899 -0.931 1.863 1.924
0.262 -0.135 0.895 -1.176 2.244 2.351
0.268 -0.149 0.904 -0.977 1.969 2.977
0.272 -0.159 0.897 -0.901 2.626 3.023
0.265 -0.165 0.91 -0.611 3.679 2.031
0.263 -0.164 0.936 -0.244 3.344 1.115
0.254 -0.146 0.94 -0.29 1.16 0.031
0.249 -0.133 0.908 -0.427 0.504 -0.611
0.253 -0.111 0.899 -1.008 0.565 -0.198
0.254 -0.099 0.885 -1.817 1.237 0.977
0.243 -0.103 0.907 -2.55 1.45 2.076
0.245 -0.12 0.904 -2.473 1.115 3.115
0.25 -0.145 0.929 -1.863 1.282 3.084
0.261 -0.15 0.936 -1.74 0.321 2.015
0.262 -0.146 0.914 -1.145 0.0 1.527
0.271 -0.142 0.898 -1.42 -0.366 0.901
0.276 -0.142 0.879 -1.542 0.763 0.779
0.263 -0.142 0.888 -1.832 1.221 0.489
0.26 -0.134 0.906 -2.794 2.107 0.611
0.24 -0.134 0.918 -2.076 0.947 1.298
0.245 -0.129 0.924 -1.405 1.527 2.061
0.25 -0.124 0.908 -0.656 1.511 3.405
0.279 -0.124 0.876 -0.198 1.634 5.099
0.292 -0.141 0.878 -0.489 2.962 5.588
0.288 -0.151 0.885 -1.557 3.725 5.069
0.28 -0.162 0.908 -2.412 2.962 2.977
0.257 -0.152 0.942 -2.26 1.725 1.252
0.245 -0.142 0.94 -0.962 0.702 1.084
0.253 -0.126 0.908 1.038 1.084 2.824
0.265 -0.122 0.885 0.885 2.366 3.847
0.276 -0.142 0.888 -0.519 3.359 3.527
0.278 -0.154 0.905 -1.252 3.344 2.29
0.277 -0.151 0.913 -2.489 1.924 0.168
0.275 -0.153 0.923 -2.29 1.863 -1.359
0.253 -0.134 0.921 -1.145 1.16 -0.84
0.247 -0.114 0.92 -0.901 0.901 0.0
0.238 -0.103 0.889 -1.374 1.557 0.977
0.246 -0.116 0.895 -1.725 1.252 2.122
0.246 -0.118 0.902 -2.0 1.16 3.359
0.261 -0.13 0.905 -2.107 1.542 3.359
0.266 -0.147 0.913 -2.29 1.939 2.55
0.244 -0.141 0.932 -2.397 0.748 1.527
0.247 -0.143 0.91 -2.229 -0.061 1.13
0.259 -0.148 0.894 -2.275 0.443 1.221
0.26 -0.146 0.904 -1.924 1.725 1.053
0.252 -0.135 0.903 -2.687 0.992 0.58
0.248 -0.131 0.915 -2.763 -0.107 0.794
0.261 -0.133 0.906 -2.504 0.733 1.13
0.252 -0.128 0.902 -2.0 1.023 1.847
0.245 -0.125 0.917 -2.519 0.809 1.939
0.246 -0.13 0.909 -2.733 0.397 2.351
0.24 -0.135 0.903 -3.42 -0.244 2.702
0.267 -0.147 0.898 -4.702 -0.489 2.305
0.264 -0.164 0.913 -5.053 -1.145 1.145
0.28 -0.176 0.914 -4.305 -0.58 0.687
0.285 -0.179 0.914 -2.901 -0.244 0.092
0.276 -0.185 0.914 -2.061 1.359 -0.076
0.271 -0.175 0.916 -1.359 1.252 -0.168
0.26 -0.167 0.923 -0.198 1.695 0.076
0.263 -0.162 0.911 0.611 1.756 0.015