-0.007 -0.1 0.917 -2.183 2.412 2.855
-0.009 -0.102 0.932 -1.969 2.809 2.504
-0.018 -0.094 0.928 -2.427 2.992 2.336
-0.034 -0.089 0.93 -3.42 1.511 1.893
-0.035 -0.094 0.942 -3.664 -0.26 2.489
-0.036 -0.104 0.948 -3.618 -0.489 2.351
-0.031 -0.111 0.938 -3.13 -0.031 2.473
-0.034 -0.1 0.947 -3.13 0.55 2.992
-0.029 -0.098 0.945 -3.313 0.397 2.916
-0.028 -0.102 0.943 -2.947 0.351 3.847
-0.032 -0.108 0.952 -3.298 -1.252 3.618
-0.032 -0.11 0.949 -3.115 -0.947 3.511
-0.034 -0.116 0.957 -2.824 -1.725 3.176
-0.027 -0.121 0.95 -2.489 -1.511 3.679
-0.035 -0.119 0.958 -2.214 -1.45 2.855
-0.031 -0.114 0.947 -1.832 -1.374 3.115
-0.032 -0.106 0.941 -1.618 -2.427 3.71
-0.033 -0.111 0.929 -2.031 -2.443 3.359
-0.018 -0.112 0.926 -2.626 -2.458 3.893
-0.025 -0.106 0.925 -2.992 -3.038 4.244
-0.018 -0.104 0.915 -3.847 -2.947 4.351
-0.022 -0.105 0.92 -4.382 -2.84 4.519
-0.008 -0.118 0.928 -4.061 -2.916 3.557
0.001 -0.126 0.915 -4.122 -2.809 3.008
-0.002 -0.123 0.906 -4.168 -2.107 1.771
0.001 -0.117 0.911 -3.802 -2.015 1.176
-0.001 -0.113 0.919 -3.023 -1.679 1.405
-0.02 -0.11 0.93 -2.351 -3.084 1.099
-0.018 -0.097 0.923 -2.947 -3.542 0.84
-0.026 -0.107 0.918 -3.023 -3.481 0.733
-0.024 -0.109 0.929 -2.763 -3.924 0.84
-0.024 -0.104 0.932 -2.931 -2.992 1.176
-0.027 -0.104 0.933 -2.672 -1.725 1.267
-0.024 -0.104 0.932 -2.26 -1.16 1.176
-0.024 -0.096 0.931 -2.672 -1.588 1.282
-0.035 -0.098 0.941 -3.802 -3.099 1.313
-0.017 -0.104 0.92 -4.626 -4.275 1.42
-0.013 -0.099 0.92 -5.038 -4.427 1.756
-0.009 -0.104 0.921 -4.992 -4.321 2.244
-0.007 -0.115 0.928 -4.397 -3.282 3.298
-0.006 -0.113 0.919 -4.489 -2.641 3.038
-0.011 -0.116 0.935 -4.229 -2.824 2.122
-0.006 -0.116 0.918 -4.061 -2.885 1.771
0.004 -0.106 0.904 -4.84 -2.275 2.046
-0.003 -0.111 0.913 -4.58 -1.145 2.046
0.008 -0.121 0.922 -4.031 0.336 2.076
0.008 -0.119 0.912 -4.168 -0.26 1.359
0.003 -0.122 0.917 -3.771 0.382 1.206
0.0 -0.116 0.928 -2.656 0.916 1.313
0.004 -0.108 0.926 -2.046 1.344 1.679
-0.02 -0.103 0.917 -2.229 1.145 1.786
-0.011 -0.102 0.917 -3.191 0.916 1.679
-0.001 -0.106 0.902 -3.466 1.511 2.046
-0.0 -0.1 0.902 -3.557 2.55 2.244
-0.0 -0.099 0.912 -3.603 2.855 2.412
0.003 -0.095 0.922 -3.237 2.076 2.595
-0.008 -0.102 0.929 -3.985 1.084 2.458
-0.018 -0.095 0.934 -4.412 0.198 2.794
-0.009 -0.099 0.933 -4.29 0.107 2.443
-0.014 -0.094 0.934 -4.046 1.206 2.718
-0.013 -0.094 0.934 -3.878 2.046 2.87
-0.012 -0.1 0.94 -3.756 2.748 3.42
-0.01 -0.1 0.935 -3.618 1.176 4.458
-0.013 -0.099 0.933 -4.321 0.443 5.145
-0.009 -0.108 0.941 -3.664 0.427 4.779
-0.005 -0.118 0.944 -3.405 -0.473 4.809
-0.006 -0.104 0.935 -3.252 -1.206 4.473
0.003 -0.108 0.941 -3.069 -1.374 4.305
-0.007 -0.113 0.943 -2.824 -1.206 4.412
-0.004 -0.115 0.945 -2.198 -0.412 4.519
0.001 -0.114 0.95 -1.786 -0.656 4.321
0.003 -0.116 0.967 -1.71 0.473 4.076
-0.01 -0.117 0.98 -0.885 2.29 4.794
-0.013 -0.117 1.005 0.687 2.656 5.954
-0.025 -0.129 1.051 0.931 1.496 7.115
0.004 -0.142 1.071 2.244 1.71 7.664
0.011 -0.15 1.125 4.366 1.45 7.679
0.026 -0.15 1.159 7.695 1.328 8.183
0.025 -0.141 1.219 9.573 -0.702 7.679
0.036 -0.142 1.274 9.924 -3.924 8.031
0.057 -0.151 1.294 8.763 -7.13 8.046
0.08 -0.155 1.339 8.718 -8.947 8.58
0.107 -0.159 1.358 11.511 -12.824 7.924
0.145 -0.154 1.357 14.885 -11.374 7.725
0.13 -0.119 1.393 18.534 -12.244 9.267
0.148 -0.136 1.396 24.214 -8.565 12.794
0.174 -0.138 1.44 28.626 -5.176 16.061
0.165 -0.161 1.48 31.42 -5.847 16.748
0.143 -0.167 1.515 30.244 -8.565 15.74
0.116 -0.119 1.526 23.435 -12.855 14.473
0.083 -0.08 1.522 15.878 -25.908 14.0
0.061 -0.059 1.504 6.26 -41.679 15.145
0.084 -0.084 1.497 -4.305 -56.321 15.145
0.128 -0.133 1.465 -11.221 -69.099 12.611
0.21 -0.207 1.405 -12.489 -73.863 8.122
0.245 -0.203 1.361 -9.679 -72.626 5.573
0.226 -0.183 1.338 -8.382 -69.557 2.55
0.198 -0.147 1.302 -7.374 -68.275 0.794
0.169 -0.113 1.278 -7.038 -66.656 -0.031
0.155 -0.094 1.265 -5.221 -62.962 0.611
0.17 -0.044 1.206 -5.45 -58.656 1.618
0.184 -0.032 1.183 -9.45 -54.855 0.214
0.159 -0.046 1.243 -14.901 -56.687 -0.107
0.152 -0.097 1.285 -15.618 -61.221 -0.214
0.187 -0.123 1.227 -10.748 -59.069 -0.122
0.189 -0.107 1.188 -7.115 -56.26 0.992
0.189 -0.074 1.099 -6.366 -52.58 1.847
0.156 -0.071 1.123 -7.237 -52.824 0.931
0.229 -0.092 1.073 -6.687 -51.176 -1.618
0.24 -0.031 1.005 -10.076 -46.519 -3.481
0.231 0.001 0.973 -16.275 -42.275 -6.718
0.233 0.008 0.979 -21.863 -39.603 -5.237
0.199 -0.042 1.01 -22.382 -36.0 -3.115
0.166 -0.189 1.105 -12.84 -35.053 -3.053
0.227 -0.277 1.078 1.405 -28.885 -8.382
0.246 -0.208 1.007 4.534 -24.962 -18.977
0.236 -0.094 0.962 0.031 -24.962 -27.466
0.218 -0.035 0.949 -1.893 -24.168 -31.252
0.183 0.054 0.967 -7.679 -21.252 -28.305
0.162 0.117 0.893 -13.893 -22.962 -25.893
0.187 0.161 0.801 -21.053 -17.924 -17.099
0.201 0.138 0.764 -25.725 -13.16 -6.702
0.197 0.019 0.818 -23.786 -1.389 -0.763
0.209 -0.135 0.958 -16.824 -0.107 -2.183
0.141 -0.314 1.115 -0.046 0.412 -8.076
0.197 -0.39 1.139 16.519 -3.817 -16.977
0.203 -0.315 1.03 28.122 -8.458 -27.695
0.186 -0.197 0.927 33.496 -12.29 -36.092
0.203 -0.068 0.829 35.481 -9.893 -39.053
0.126 0.127 0.759 28.687 -5.756 -37.557
0.057 0.278 0.684 20.382 -5.389 -29.038
0.031 0.379 0.607 9.084 0.687 -8.595
0.081 0.318 0.615 -2.626 7.374 9.893
0.113 0.163 0.708 -13.542 7.466 17.282
0.2 -0.14 0.878 -17.252 1.74 7.786
0.259 -0.327 0.911 -8.977 -6.198 -12.198
0.291 -0.415 0.884 10.214 -5.282 -29.634
0.206 -0.28 0.841 26.26 0.809 -41.267
0.064 0.004 0.769 32.656 2.076 -43.481
-0.032 0.2 0.73 27.878 -5.893 -41.649
-0.023 0.326 0.646 15.725 -20.351 -35.634
0.081 0.395 0.586 -2.702 -24.977 -28.244
0.147 0.327 0.52 -19.115 -24.26 -20.229
0.206 0.234 0.556 -31.206 -23.252 -9.832
0.273 -0.087 0.701 -31.802 -15.481 -8.244
0.369 -0.323 0.801 -23.099 -3.527 -19.863
0.379 -0.36 0.857 -14.687 -2.641 -38.901
0.354 -0.302 0.822 -8.076 -14.046 -59.71
0.318 -0.251 0.766 0.58 -35.985 -81.863
0.203 -0.082 0.449 18.061 -24.183 -70.87
0.037 0.111 0.607 11.252 -11.13 -63.374
0.016 0.254 0.545 3.71 0.382 -48.489
0.028 0.266 0.535 -8.534 4.061 -31.542
0.118 0.167 0.674 -9.679 6.626 -15.084
0.302 0.042 0.531 -7.267 7.664 -5.359
0.383 -0.092 0.472 -9.221 13.16 -9.725
0.328 -0.129 0.6 -12.687 12.702 -19.45
0.282 -0.121 0.6 -19.649 4.916 -27.313
0.298 -0.169 0.583 -20.305 6.351 -32.122
0.259 -0.139 0.545 -19.878 8.779 -29.374
0.347 -0.162 0.486 -14.656 17.634 -26.168
0.318 -0.098 0.458 -11.527 27.588 -24.412
0.202 -0.014 0.49 -16.992 30.412 -24.809
0.166 -0.055 0.604 -16.015 26.198 -25.435
0.125 -0.047 0.599 -15.969 23.969 -22.595
0.125 -0.067 0.596 -16.076 18.992 -23.863
0.061 -0.087 0.649 -10.595 10.565 -21.344
0.07 -0.02 0.611 -6.397 9.511 -14.031
0.098 0.047 0.536 -4.672 11.893 -6.137
0.158 0.089 0.51 -7.511 16.626 -0.137
0.259 0.106 0.464 -19.16 17.756 -1.313
0.332 0.022 0.475 -30.015 18.198 -6.947
0.353 -0.049 0.568 -34.947 19.374 -11.771
0.327 -0.065 0.616 -37.969 15.725 -14.534
0.328 -0.125 0.659 -37.664 10.229 -14.397
0.329 -0.137 0.677 -35.573 6.947 -16.275
0.344 -0.154 0.661 -36.198 6.031 -19.939
0.303 -0.17 0.73 -37.832 6.153 -26.366
0.298 -0.182 0.833 -37.374 3.16 -31.282
0.198 -0.179 0.917 -35.13 -5.481 -33.145
0.197 -0.148 0.912 -31.481 -9.786 -32.122
0.198 -0.127 0.881 -24.702 -8.962 -26.916
0.192 -0.1 0.882 -18.046 -5.481 -19.374
0.207 -0.05 0.849 -12.076 0.611 -10.687
0.213 -0.011 0.829 -10.397 3.145 -2.916
0.24 -0.01 0.801 -12.229 3.45 4.214
0.279 -0.085 0.871 -12.305 0.87 7.786
0.328 -0.133 0.863 -10.794 1.206 9.588
0.339 -0.135 0.839 -12.336 3.527 7.603
0.315 -0.162 0.89 -15.679 1.496 2.947
0.283 -0.219 0.95 -16.611 -4.809 -2.29
0.318 -0.278 0.974 -13.221 -8.809 -7.924
0.304 -0.27 0.95 -6.641 -11.099 -10.107
0.276 -0.207 0.942 -0.565 -12.031 -9.725
0.294 -0.146 0.885 4.992 -10.351 -5.023
0.321 -0.091 0.773 5.466 -4.275 -0.122
0.372 -0.074 0.743 2.351 6.26 2.58
0.378 -0.076 0.762 -2.275 12.992 2.611
0.358 -0.11 0.822 -7.221 13.099 -0.718
0.301 -0.132 0.869 -9.328 11.099 -4.061
0.26 -0.145 0.923 -8.473 6.504 -5.847
0.267 -0.147 0.917 -5.359 4.046 -4.397
0.291 -0.137 0.882 -1.588 4.55 -2.366
0.302 -0.112 0.86 0.351 5.542 0.092
0.304 -0.084 0.868 -0.031 5.115 0.977
0.31 -0.073 0.838 -3.145 5.008 0.626
0.324 -0.085 0.856 -5.74 5.298 -0.366
0.323 -0.087 0.858 -6.198 6.015 -1.053
0.306 -0.092 0.881 -6.031 5.878 -1.832
0.303 -0.088 0.859 -5.069 7.695 -1.191
0.285 -0.088 0.849 -5.374 9.298 -1.359
0.284 -0.077 0.866 -5.573 8.824 1.176
0.304 -0.104 0.858 -4.87 9.954 4.046
0.308 -0.144 0.881 -3.664 9.603 4.321
0.322 -0.165 0.908 -2.031 9.756 2.87
0.286 -0.178 0.94 -1.023 8.824 0.015
0.25 -0.156 0.959 0.595 6.031 -1.618
0.257 -0.122 0.918 1.603 4.305 -2.809
0.263 -0.103 0.897 1.969 4.641 -2.748
0.268 -0.086 0.887 0.641 5.298 -2.672
0.251 -0.089 0.908 -1.115 5.023 -3.756
0.2 -0.069 0.919 -3.038 4.809 -3.924
0.165 -0.062 0.945 -3.557 2.275 -1.527
0.2 -0.068 0.904 -2.275 4.214 2.458
0.239 -0.094 0.883 -2.214 7.985 4.718
0.251 -0.131 0.89 -4.366 9.16 2.076
0.223 -0.139 0.927 -6.015 8.351 -1.42
0.195 -0.122 0.942 -7.145 6.458 -3.832
0.2 -0.113 0.95 -8.107 4.122 -4.748
0.198 -0.11 0.932 -7.71 1.649 -4.809
0.211 -0.102 0.921 -8.534 2.366 -4.305
0.189 -0.1 0.926 -9.435 2.26 -3.542
0.201 -0.119 0.928 -9.298 3.542 -1.664
0.249 -0.14 0.917 -8.183 5.084 0.58
0.253 -0.155 0.932 -6.504 5.496 1.679
0.248 -0.161 0.943 -5.191 5.359 1.008
0.241 -0.158 0.957 -4.305 3.053 0.061
0.235 -0.144 0.938 -3.328 3.405 0.779
0.237 -0.121 0.9 -2.473 2.595 2.198
0.275 -0.13 0.886 -2.565 2.626 3.099
0.273 -0.139 0.894 -3.603 3.389 1.74
0.261 -0.135 0.904 -5.71 4.992 -0.748
0.227 -0.125 0.937 -7.511 3.313 -3.069
0.211 -0.115 0.934 -8.992 0.519 -4.626
0.226 -0.113 0.928 -8.29 1.115 -3.573
0.231 -0.121 0.927 -7.145 1.527 -1.863
0.207 -0.128 0.944 -5.664 1.496 -0.061
0.209 -0.121 0.936 -4.947 1.282 1.71
0.218 -0.133 0.926 -4.061 0.397 3.115
0.235 -0.144 0.929 -2.84 0.611 3.252
0.226 -0.141 0.93 -2.122 -1.053 1.908
0.229 -0.135 0.931 -3.099 -1.954 -0.214
0.227 -0.135 0.936 -4.29 -3.71 -2.336
0.22 -0.119 0.935 -4.855 -5.008 -2.305
0.239 -0.11 0.921 -5.008 -6.092 -1.557
0.26 -0.136 0.913 -4.168 -4.763 -0.733
0.279 -0.142 0.885 -2.611 -1.16 0.061
0.266 -0.137 0.895 -1.954 -0.137 -0.336
0.241 -0.124 0.911 -2.29 -0.168 -1.298
0.237 -0.119 0.9 -2.061 -0.427 -2.153
0.244 -0.117 0.89 -1.725 -0.382 -1.863
0.249 -0.115 0.888 -1.328 0.397 -1.45
0.253 -0.113 0.88 -1.282 0.702 -1.206
0.258 -0.111 0.899 -2.29 1.924 -2.412
0.226 -0.097 0.911 -2.977 0.137 -3.405
0.217 -0.092 0.927 -3.069 -4.137 -3.756
0.216 -0.08 0.905 -2.565 -5.817 -2.473
0.249 -0.075 0.879 -2.84 -3.206 -0.321
0.261 -0.068 0.863 -3.756 -0.763 1.924
0.264 -0.092 0.878 -4.321 1.466 3.557
0.271 -0.122 0.907 -4.55 3.267 3.557
0.255 -0.13 0.92 -4.076 3.237 2.885
0.272 -0.131 0.914 -3.557 2.214 2.198
0.282 -0.133 0.902 -2.748 1.313 1.679
0.272 -0.119 0.899 -3.511 1.466 0.779
0.268 -0.116 0.886 -4.046 1.252 -0.092
0.254 -0.121 0.888 -4.275 2.565 0.0
0.259 -0.122 0.898 -4.244 3.802 0.504
0.254 -0.124 0.91 -4.336 3.313 0.855
0.267 -0.14 0.915 -3.908 3.42 1.542
0.273 -0.155 0.906 -2.84 3.405 1.298
0.265 -0.149 0.919 -2.672 3.282 0.153
0.254 -0.142 0.922 -2.107 2.595 -0.656
0.244 -0.135 0.911 -1.389 2.794 -0.015
0.247 -0.118 0.923 -0.26 1.359 0.641
0.265 -0.12 0.898 0.214 2.183 0.901
0.254 -0.113 0.887 -0.443 2.824 0.443
0.243 -0.118 0.914 -2.229 2.244 -0.947
0.237 -0.113 0.927 -2.855 1.023 -1.282
0.22 -0.107 0.919 -2.809 -0.107 -0.55
0.22 -0.109 0.92 -2.443 -0.382 0.305
0.228 -0.111 0.919 -2.336 -0.26 1.405
0.223 -0.106 0.914 -2.305 -0.458 1.969
0.224 -0.109 0.927 -2.412 -0.061 2.702
0.233 -0.115 0.913 -2.458 0.397 3.191
0.236 -0.101 0.908 -3.725 0.137 3.145
0.251 -0.125 0.914 -3.863 0.84 3.344
0.262 -0.133 0.911 -3.786 2.931 3.237
0.247 -0.151 0.916 -3.359 3.817 2.702
0.229 -0.141 0.945 -3.13 2.183 1.847
0.23 -0.136 0.94 -2.779 0.87 2.0
0.234 -0.129 0.919 -2.122 -0.443 2.489
0.238 -0.133 0.927 -0.931 -0.55 3.496
0.244 -0.128 0.905 -0.366 -0.351 3.863
0.243 -0.125 0.902 -1.069 -0.595 3.695
0.245 -0.129 0.905 -2.031 -0.565 3.069
0.248 -0.135 0.908 -2.748 -1.298 1.771
0.241 -0.138 0.924 -2.595 -2.916 1.359
0.252 -0.131 0.918 -2.55 -2.855 1.038
0.249 -0.126 0.904 -1.206 -0.656 1.939
0.252 -0.124 0.911 -1.176 0.183 2.29
0.251 -0.122 0.908 -1.679 0.015 2.244
0.259 -0.127 0.902 -2.321 0.107 1.649
0.256 -0.124 0.891 -2.87 -0.595 0.382
0.254 -0.121 0.897 -3.405 -1.359 -0.534
0.237 -0.118 0.899 -2.992 -1.435 -0.641
0.237 -0.103 0.905 -3.573 -1.313 -0.397
0.226 -0.104 0.902 -4.382 -1.603 0.305
0.239 -0.114 0.907 -5.084 -1.618 0.824
0.254 -0.133 0.905 -4.565 -2.382 1.878
0.279 -0.141 0.895 -4.366 -2.443 1.496
0.276 -0.143 0.906 -4.061 -1.863 0.916
0.269 -0.141 0.9 -4.29 -2.198 0.611
0.259 -0.136 0.898 -4.656 -1.405 -0.031
0.262 -0.131 0.903 -4.092 -0.366 -0.198
0.265 -0.146 0.89 -3.374 0.809 0.397
0.25 -0.134 0.914 -2.779 1.389 1.099
0.248 -0.128 0.911 -3.237 0.855 1.252
0.251 -0.149 0.914 -2.687 1.084 1.664
0.271 -0.152 0.91 -1.649 2.382 1.985
0.258 -0.149 0.9 -1.573 2.015 1.496
0.253 -0.145 0.908 -1.664 1.832 0.58
0.246 -0.139 0.906 -1.481 2.397 1.115
0.238 -0.133 0.916 -1.176 1.771 1.237
0.24 -0.126 0.914 -1.649 0.611 1.176
0.245 -0.129 0.913 -2.26 -0.534 0.962
0.268 -0.131 0.901 -1.74 0.153 1.466
0.263 -0.121 0.889 -2.092 0.244 1.328
0.263 -0.122 0.89 -2.916 -0.687 1.069
0.267 -0.123 0.894 -3.359 0.107 0.885
0.262 -0.115 0.884 -3.527 0.275 0.87
0.27 -0.111 0.887 -3.969 1.328 1.466
0.265 -0.121 0.892 -4.305 1.145 1.969
0.256 -0.123 0.902 -4.321 1.573 2.031
0.244 -0.128 0.919 -4.214 0.321 2.107
0.24 -0.118 0.91 -4.519 -0.473 2.565
0.242 -0.121 0.898 -4.244 -1.405 3.023
0.251 -0.133 0.904 -3.588 -1.466 4.107
0.257 -0.135 0.893 -2.229 0.031 5.466
0.271 -0.141 0.883 -1.328 1.634 6.55
0.28 -0.142 0.884 -0.855 2.794 7.221
0.273 -0.152 0.895 -0.611 3.359 6.977
0.276 -0.158 0.895 -0.015 3.237 7.008
0.29 -0.157 0.884 0.779 3.603 6.656
0.287 -0.164 0.883 0.733 3.893 5.45
0.276 -0.149 0.901 -0.321 3.176 3.374
0.265 -0.148 0.908 -0.458 2.29 2.412
0.259 -0.145 0.904 0.26 2.076 2.351
0.259 -0.135 0.896 0.519 3.267 2.534
0.257 -0.13 0.903 -0.107 3.542 2.656
0.261 -0.132 0.89 -1.115 4.275 2.443
0.252 -0.13 0.913 -2.137 4.718 1.359
0.245 -0.132 0.906 -2.992 3.985 0.473
0.24 -0.133 0.922 -3.908 2.641 -0.214
0.242 -0.147 0.921 -2.779 2.565 0.366
0.239 -0.135 0.914 -2.183 2.763 0.504
0.253 -0.146 0.912 -1.74 3.267 0.519
0.259 -0.14 0.902 -1.969 2.992 0.137
0.241 -0.123 0.902 -2.687 2.397 -0.229
0.23 -0.128 0.918 -2.55 1.542 0.473
0.234 -0.134 0.918 -2.672 2.641 1.115
0.255 -0.143 0.918 -1.954 2.733 1.466
0.249 -0.133 0.918 -2.076 2.58 1.145
0.234 -0.133 0.916 -2.336 2.305 0.733
0.24 -0.127 0.916 -2.336 2.29 0.611
0.237 -0.118 0.912 -2.702 2.565 0.84
0.226 -0.124 0.924 -2.336 1.71 1.389
0.238 -0.125 0.918 -1.649 1.328 2.58
0.25 -0.13 0.91 -0.611 1.496 3.481
0.255 -0.133 0.904 -0.076 2.412 3.939
0.25 -0.128 0.902 -0.061 2.809 3.359
0.257 -0.131 0.888 -0.626 2.87 2.336
0.25 -0.116 0.892 -1.664 2.366 1.298
0.241 -0.12 0.896 -2.901 2.321 0.473
0.241 -0.114 0.902 -3.191 2.397 0.84
0.239 -0.113 0.915 -3.16 1.985 1.847
0.229 -0.108 0.902 -3.191 1.969 2.992
0.247 -0.128 0.91 -2.855 2.351 3.939
0.252 -0.132 0.886 -2.061 3.038 4.489
0.26 -0.135 0.896 -2.473 4.031 4.687
0.25 -0.139 0.906 -2.87 3.878 3.71
0.234 -0.155 0.924 -2.855 3.435 1.817
0.227 -0.147 0.936 -2.015 2.321 0.656
0.215 -0.134 0.929 -1.237 0.916 0.718
0.217 -0.117 0.905 -0.137 1.221 2.809
0.224 -0.119 0.908 -0.382 2.794 4.519
0.239 -0.125 0.9 -0.351 3.695 5.573
0.242 -0.144 0.887 -1.13 3.893 5.511
0.232 -0.152 0.925 -1.603 2.977 4.214
0.237 -0.165 0.928 -0.656 2.58 3.74