-0.051 -0.099 0.895 -2.336 10.015 6.656
-0.059 -0.084 0.866 -3.099 8.137 5.084
-0.087 -0.077 0.935 -5.038 7.16 6.641
-0.082 -0.083 0.943 -6.244 6.763 7.237
-0.087 -0.099 0.957 -7.649 4.626 8.198
-0.072 -0.109 0.955 -7.374 3.542 7.099
-0.077 -0.125 0.967 -7.099 2.916 6.137
-0.067 -0.12 0.958 -6.565 3.42 5.298
-0.085 -0.113 0.968 -5.496 1.649 5.649
-0.078 -0.121 0.967 -5.145 -0.061 5.679
-0.075 -0.123 0.957 -5.145 -0.427 5.802
-0.075 -0.129 0.968 -4.641 -1.405 5.924
-0.069 -0.119 0.949 -4.397 -1.038 6.366
-0.059 -0.132 0.947 -3.969 -1.45 6.107
-0.052 -0.134 0.958 -2.244 -0.55 6.489
-0.047 -0.137 0.946 -0.763 0.519 6.336
-0.041 -0.14 0.929 -0.947 -0.687 5.496
-0.042 -0.147 0.925 -1.176 -1.145 4.0
-0.039 -0.145 0.933 -1.267 -1.145 1.771
-0.025 -0.157 0.923 -0.321 0.336 -0.076
-0.029 -0.136 0.906 0.763 0.321 -0.504
-0.045 -0.112 0.899 0.748 1.145 -0.794
-0.044 -0.105 0.917 0.473 0.626 0.366
-0.058 -0.095 0.903 -0.366 0.351 0.504
-0.056 -0.104 0.931 -1.099 -0.885 0.137
-0.046 -0.112 0.931 -0.87 -1.191 -0.122
-0.048 -0.111 0.937 -0.534 0.092 -0.626
-0.055 -0.108 0.945 0.534 0.351 -0.275
-0.06 -0.1 0.945 0.489 1.145 -0.748
-0.065 -0.088 0.94 0.321 1.863 -0.809
-0.067 -0.085 0.945 -0.015 1.802 -0.763
-0.073 -0.089 0.95 -1.099 0.55 -0.397
-0.075 -0.089 0.956 -1.817 -1.466 0.153
-0.066 -0.098 0.945 -2.427 -3.13 0.305
-0.065 -0.086 0.94 -3.023 -3.389 0.58
-0.06 -0.095 0.933 -3.145 -3.13 0.641
-0.059 -0.101 0.937 -2.672 -1.252 0.885
-0.046 -0.096 0.912 -3.069 -0.229 1.679
-0.054 -0.107 0.92 -3.557 0.489 1.939
-0.058 -0.114 0.944 -4.168 -1.344 1.634
-0.046 -0.114 0.931 -4.061 -1.053 1.252
-0.056 -0.114 0.937 -4.595 -3.466 1.435
-0.043 -0.121 0.936 -4.214 -3.679 1.221
-0.042 -0.127 0.939 -3.481 -2.962 1.191
-0.038 -0.122 0.936 -2.656 -2.55 1.069
-0.045 -0.106 0.938 -1.939 -1.038 1.16
-0.05 -0.101 0.931 -1.908 -0.305 1.206
-0.051 -0.107 0.932 -1.588 0.015 1.481
-0.056 -0.108 0.934 -2.015 0.229 1.084
-0.057 -0.113 0.926 -2.473 -0.672 0.565
-0.062 -0.113 0.938 -2.611 -2.718 0.458
-0.045 -0.114 0.926 -2.229 -3.74 0.733
-0.047 -0.097 0.916 -2.168 -3.42 1.176
-0.043 -0.103 0.905 -2.153 -2.26 1.603
-0.041 -0.103 0.903 -1.298 -1.115 1.908
-0.051 -0.092 0.907 -1.725 -0.748 1.435
-0.049 -0.104 0.915 -1.588 -0.29 0.87
-0.06 -0.089 0.919 -1.664 0.092 0.84
-0.062 -0.095 0.919 -1.802 -0.824 1.374
-0.063 -0.098 0.91 -2.229 -0.962 1.679
-0.066 -0.094 0.92 -2.489 -2.351 2.382
-0.055 -0.095 0.908 -2.382 -1.847 3.023
-0.058 -0.099 0.914 -2.992 -1.573 3.466
-0.053 -0.105 0.911 -3.191 -1.053 3.176
-0.049 -0.12 0.927 -3.252 -0.702 2.58
-0.047 -0.109 0.913 -3.038 -0.443 2.321
-0.042 -0.111 0.92 -3.008 -0.26 1.954
-0.039 -0.11 0.92 -1.924 0.901 2.061
-0.036 -0.109 0.911 -1.664 1.374 2.015
-0.045 -0.101 0.913 -2.366 0.733 1.771
-0.048 -0.107 0.919 -3.206 1.237 1.573
-0.038 -0.121 0.93 -3.115 0.458 0.901
-0.039 -0.12 0.941 -2.565 -0.26 0.58
-0.04 -0.113 0.93 -2.092 0.595 0.198
-0.041 -0.11 0.94 -1.588 0.794 0.031
-0.048 -0.115 0.938 -1.145 0.366 0.473
-0.057 -0.11 0.935 -1.328 -0.779 0.519
-0.054 -0.108 0.945 -2.092 -1.344 -0.015
-0.059 -0.113 0.946 -2.076 -2.031 -0.595
-0.064 -0.105 0.946 -2.275 -2.748 -0.702
-0.057 -0.099 0.933 -1.847 -2.244 -0.382
-0.054 -0.085 0.926 -2.168 -1.42 0.443
-0.055 -0.093 0.927 -2.412 -1.618 1.542
-0.046 -0.105 0.92 -1.542 -0.916 1.969
-0.04 -0.108 0.918 -1.176 0.229 2.26
-0.046 -0.103 0.917 -0.824 1.206 1.939
-0.053 -0.103 0.935 -1.115 -0.565 1.389
-0.048 -0.103 0.923 -1.435 -1.771 1.298
-0.042 -0.094 0.931 -1.038 -2.153 1.176
-0.035 -0.096 0.943 -1.16 -1.374 1.328
-0.029 -0.119 0.99 -1.099 -2.046 1.237
0.018 -0.178 1.07 0.916 -1.069 0.977
0.073 -0.223 1.153 5.634 4.076 -0.611
0.109 -0.209 1.191 11.13 10.656 -3.298
0.115 -0.171 1.282 17.16 17.038 -3.863
0.12 -0.149 1.378 22.687 19.557 -2.122
0.129 -0.14 1.546 27.115 19.969 0.244
0.138 -0.167 1.723 29.786 16.0 2.885
0.172 -0.227 1.859 33.42 11.481 3.481
0.155 -0.24 1.983 34.489 4.076 1.924
0.119 -0.196 2.026 30.779 -9.191 -0.031
0.096 -0.126 2.017 21.71 -26.351 -2.855
0.094 -0.103 1.994 14.87 -43.176 -3.939
0.108 -0.154 1.958 12.489 -55.74 -3.832
0.15 -0.191 1.905 13.191 -60.305 -3.634
0.138 -0.212 1.86 15.038 -60.763 -3.115
0.108 -0.133 1.772 11.878 -58.702 -2.611
0.05 -0.074 1.712 8.55 -59.588 0.687
0.004 -0.047 1.719 6.015 -63.13 4.626
-0.011 -0.077 1.706 12.382 -66.473 11.481
-0.02 -0.055 1.629 12.061 -66.55 14.046
-0.046 -0.008 1.544 4.977 -67.542 13.542
-0.084 0.032 1.546 -5.679 -73.985 11.405
-0.175 0.083 1.518 -16.809 -93.481 9.725
-0.088 0.08 1.345 -20.305 -94.931 13.176
-0.06 0.09 1.205 -19.74 -93.115 16.458
-0.024 0.093 1.187 -24.031 -83.344 18.427
-0.001 0.077 1.153 -27.786 -81.42 17.588
0.104 0.079 1.064 -32.412 -68.809 13.618
0.084 0.091 1.026 -36.992 -64.885 9.359
0.131 0.086 0.912 -38.198 -52.427 7.939
0.028 0.041 1.013 -30.672 -47.099 8.626
0.012 0.059 0.995 -23.298 -38.565 9.008
0.039 0.181 0.975 -22.183 -37.817 9.786
-0.018 0.227 0.895 -30.84 -47.374 7.618
0.003 0.148 0.703 -38.779 -58.672 5.023
0.105 0.142 0.719 -50.473 -57.176 3.802
0.103 0.07 0.719 -53.16 -57.069 2.519
0.163 -0.074 0.787 -50.244 -55.344 2.901
0.161 -0.177 0.81 -41.878 -54.397 -1.924
0.233 -0.217 0.747 -34.504 -50.748 -11.74
0.243 -0.19 0.703 -28.611 -44.809 -23.221
0.235 -0.136 0.663 -22.397 -40.427 -28.916
0.186 -0.046 0.617 -18.137 -35.084 -30.977
0.185 -0.007 0.353 -12.565 -24.412 -30.779
0.127 0.021 0.645 -13.099 -17.221 -21.649
0.133 -0.01 0.589 -12.824 -15.206 -17.115
0.148 -0.05 0.531 -13.756 -9.374 -12.336
0.179 -0.139 0.557 -12.473 -7.634 -13.817
0.146 -0.263 0.693 -5.908 -5.466 -17.74
0.207 -0.365 0.747 6.809 -2.702 -33.282
0.154 -0.346 0.778 12.534 -6.534 -52.595
0.185 -0.343 0.741 18.504 -13.832 -72.412
-0.205 -0.426 0.757 25.374 -36.397 -87.511
-0.094 0.044 0.613 24.305 9.42 -69.298
-0.15 0.164 0.548 19.542 -6.183 -59.389
-0.09 0.224 0.519 7.344 -15.756 -47.725
-0.008 0.156 0.512 -4.794 -23.695 -33.985
0.09 0.039 0.539 -8.427 -19.328 -21.985
0.12 -0.165 0.667 -3.115 -14.84 -18.061
0.14 -0.29 0.77 4.305 -13.511 -22.183
0.166 -0.248 0.731 4.504 -17.634 -32.076
0.193 -0.219 0.675 3.282 -23.16 -39.786
0.172 -0.162 0.635 2.015 -26.092 -42.87
0.177 -0.121 0.628 4.885 -23.16 -38.489
0.252 -0.107 0.558 12.687 -14.092 -30.718
0.076 -0.071 0.72 25.695 -9.573 -18.351
0.108 0.0 0.57 25.649 -11.878 -14.382
0.269 0.001 0.467 19.649 -1.084 -16.489
0.279 -0.042 0.518 10.137 0.473 -21.42
0.324 -0.036 0.541 2.168 -4.092 -26.061
0.377 -0.03 0.507 -5.557 -9.053 -31.664
0.363 -0.018 0.436 -10.809 -10.885 -34.992
0.353 -0.013 0.455 -10.733 -1.053 -31.45
0.277 0.073 0.463 -13.298 3.756 -25.053
0.289 0.0 0.54 -15.084 6.076 -18.473
0.434 -0.164 0.57 -13.282 8.855 -24.229
0.35 -0.21 0.521 -24.779 5.908 -46.763
0.353 -0.071 0.493 -45.084 0.748 -68.305
0.271 0.064 0.511 -60.046 -9.511 -80.748
0.215 0.108 0.5 -73.771 -22.977 -82.534
0.237 0.067 0.518 -78.687 -23.389 -74.0
0.289 -0.022 0.523 -71.679 -17.71 -57.802
0.347 -0.128 0.494 -60.198 -2.977 -42.855
0.393 -0.174 0.601 -47.496 12.443 -34.458
0.404 -0.2 0.587 -38.611 16.687 -27.405
0.453 -0.223 0.551 -37.573 16.076 -30.84
0.477 -0.235 0.511 -41.191 15.954 -39.71
0.426 -0.202 0.539 -41.817 16.534 -46.336
0.368 -0.157 0.63 -38.87 16.351 -45.389
0.291 -0.118 0.687 -32.519 15.878 -38.794
0.244 -0.098 0.755 -24.733 11.771 -29.023
0.261 -0.089 0.747 -18.687 8.565 -19.725
0.362 -0.146 0.76 -10.489 5.878 -14.916
0.42 -0.173 0.743 -3.878 3.969 -12.565
0.441 -0.15 0.737 -1.71 4.366 -11.557
0.409 -0.106 0.699 -2.855 2.29 -10.931
0.397 -0.044 0.693 -9.817 1.45 -10.687
0.448 -0.142 0.732 -11.939 4.931 -9.618
0.417 -0.166 0.821 -9.802 6.519 -9.252
0.412 -0.185 0.876 -7.237 6.534 -8.565
0.406 -0.207 0.916 -4.473 3.099 -10.275
0.371 -0.183 0.905 -1.557 -2.0 -12.198
0.342 -0.136 0.872 -2.031 -1.527 -14.244
0.32 -0.079 0.863 -4.321 -2.244 -14.885
0.328 -0.057 0.812 -7.237 -1.344 -12.031
0.375 -0.119 0.877 -6.107 1.542 -8.809
0.396 -0.127 0.84 -2.565 4.015 -3.176
0.398 -0.16 0.829 0.229 7.878 0.947
0.385 -0.164 0.842 1.435 11.13 1.878
0.314 -0.152 0.876 0.336 11.863 3.176
0.362 -0.19 0.877 -2.244 10.015 2.321
0.422 -0.265 0.919 0.26 10.718 0.702
0.415 -0.25 0.903 3.435 9.099 -2.901
0.383 -0.224 0.903 5.344 6.412 -6.55
0.385 -0.186 0.91 8.275 3.664 -7.893
0.379 -0.129 0.837 9.496 4.107 -6.305
0.396 -0.101 0.768 8.29 5.527 -3.786
0.404 -0.11 0.779 6.58 8.672 -1.786
0.419 -0.119 0.797 4.733 11.725 -1.603
0.396 -0.115 0.823 3.115 11.588 -1.328
0.361 -0.109 0.869 3.786 13.481 -1.221
0.339 -0.084 0.88 7.969 18.153 2.687
0.331 -0.054 0.865 7.573 16.046 6.763
0.336 -0.053 0.857 6.87 13.664 11.664
0.336 -0.115 0.888 5.817 12.366 10.366
0.343 -0.11 0.887 4.763 11.695 8.87
0.316 -0.097 0.886 4.794 9.618 6.763
0.305 -0.072 0.869 4.718 7.679 7.344
0.336 -0.067 0.847 2.794 7.206 6.824
0.329 -0.077 0.843 -1.206 5.328 6.321
0.346 -0.122 0.866 -4.382 4.84 3.725
0.352 -0.17 0.891 -4.092 4.733 0.473
0.357 -0.189 0.894 -1.939 5.588 -1.74
0.358 -0.156 0.895 0.855 9.42 -1.832
0.341 -0.149 0.894 2.305 11.634 -1.344
0.328 -0.108 0.873 2.824 14.275 -0.473
0.323 -0.089 0.864 1.756 15.42 -0.183
0.309 -0.086 0.891 0.809 17.695 1.649
0.292 -0.098 0.919 -0.763 15.298 3.557
0.323 -0.148 0.911 -0.672 14.748 5.832
0.37 -0.201 0.91 0.733 17.221 4.855
0.337 -0.198 0.957 1.649 15.038 1.618
0.301 -0.167 0.946 2.702 11.389 -2.809
0.299 -0.137 0.917 8.183 10.977 -5.359
0.286 -0.1 0.907 1.252 6.794 -5.985
0.289 -0.086 0.905 1.511 6.183 -4.366
0.275 -0.066 0.912 1.252 6.87 -3.282
0.264 -0.064 0.914 0.473 6.26 -2.29
0.246 -0.044 0.893 -0.107 7.511 -0.183
0.251 -0.036 0.895 -0.718 8.397 1.939
0.246 -0.037 0.891 -3.221 7.496 3.13
0.279 -0.081 0.901 -5.023 8.031 2.092
0.289 -0.105 0.915 -4.809 7.618 0.656
0.307 -0.125 0.903 -4.687 9.435 -1.313
0.318 -0.127 0.898 -4.992 8.275 -3.405
0.309 -0.124 0.918 -6.351 7.221 -7.267
0.281 -0.116 0.892 -5.145 5.832 -10.931
0.254 -0.097 0.936 -7.634 1.985 -10.962
0.246 -0.08 0.896 -6.611 2.244 -9.496
0.253 -0.073 0.907 -3.725 1.802 -4.672
0.281 -0.06 0.888 -1.557 3.496 -0.824
0.276 -0.071 0.898 -0.885 5.084 2.107
0.273 -0.079 0.898 -1.679 6.397 2.565
0.263 -0.109 0.936 -1.435 5.466 2.153
0.272 -0.114 0.928 0.809 3.679 2.626
0.274 -0.108 0.919 2.809 3.603 1.924
0.289 -0.09 0.883 2.626 3.542 1.45
0.298 -0.074 0.867 2.031 4.382 2.015
0.306 -0.068 0.858 0.611 5.817 0.626
0.292 -0.067 0.872 -1.893 6.656 0.229
0.276 -0.08 0.907 -4.702 3.985 -1.511
0.262 -0.088 0.921 -5.817 1.511 -2.0
0.267 -0.087 0.921 -4.122 -0.198 -0.718
0.277 -0.088 0.911 -2.962 -0.534 1.328
0.284 -0.084 0.878 -2.733 -0.305 1.847
0.295 -0.087 0.869 -3.42 0.382 1.695
0.325 -0.092 0.87 -3.863 1.71 0.489
0.323 -0.091 0.882 -3.74 1.344 -0.901
0.317 -0.1 0.885 -3.908 1.527 -1.924
0.299 -0.089 0.888 -4.504 2.015 -2.321
0.286 -0.078 0.895 -4.321 2.748 -1.527
0.299 -0.085 0.883 -3.878 3.847 -1.588
0.3 -0.079 0.867 -3.191 5.099 -0.977
0.278 -0.081 0.893 -2.672 4.901 -0.122
0.272 -0.077 0.901 -2.901 4.489 0.504
0.286 -0.072 0.899 -2.962 5.221 1.237
0.261 -0.088 0.91 -1.527 5.481 1.908
0.29 -0.094 0.903 -1.069 6.565 1.389
0.282 -0.085 0.905 -1.252 6.672 1.038
0.244 -0.085 0.923 -2.84 5.313 -0.26
0.232 -0.091 0.946 -3.206 3.313 -0.58
0.23 -0.09 0.956 -1.649 1.389 0.84
0.254 -0.104 0.93 0.321 2.351 2.229
0.274 -0.112 0.927 1.664 2.504 2.962
0.283 -0.098 0.905 0.412 3.45 1.924
0.274 -0.083 0.894 -1.832 4.29 0.443
0.264 -0.087 0.912 -3.221 3.542 -0.29
0.25 -0.093 0.936 -3.42 2.901 -0.366
0.236 -0.075 0.941 -2.26 2.947 0.565
0.225 -0.071 0.927 -1.939 3.008 3.008
0.249 -0.084 0.907 -1.267 3.786 5.13
0.258 -0.094 0.907 -0.351 5.466 6.519
0.261 -0.105 0.914 -0.718 5.985 5.664
0.263 -0.11 0.92 -1.328 5.695 4.244
0.255 -0.116 0.944 -1.145 4.855 1.969
0.249 -0.101 0.962 -0.687 2.962 0.718
0.239 -0.075 0.918 0.061 -0.397 0.473
0.237 -0.051 0.919 -0.336 -0.046 2.84
0.254 -0.06 0.871 -1.542 -1.985 3.817
0.257 -0.072 0.889 -3.389 -0.534 4.168
0.273 -0.081 0.908 -5.176 -0.443 2.275
0.263 -0.088 0.916 -6.092 -1.74 1.206
0.26 -0.089 0.905 -6.412 -0.931 1.527
0.268 -0.095 0.91 -5.603 -0.229 2.672
0.295 -0.126 0.904 -3.618 1.237 3.053
0.287 -0.131 0.922 -2.244 2.168 2.336
0.286 -0.136 0.93 -1.405 2.076 0.687
0.266 -0.12 0.945 0.046 0.427 -0.58
0.26 -0.097 0.909 1.053 0.58 -0.336
0.277 -0.089 0.889 1.298 1.115 1.206
0.284 -0.073 0.902 1.405 1.695 2.687
0.279 -0.07 0.898 0.947 3.115 3.588
0.267 -0.068 0.896 0.275 3.588 4.443
0.266 -0.077 0.908 -0.763 3.603 4.626
0.257 -0.073 0.91 -0.611 3.511 4.84
0.263 -0.088 0.909 -0.58 2.977 5.405
0.282 -0.095 0.898 0.58 3.145 6.153
0.292 -0.095 0.889 0.809 4.672 6.183
0.285 -0.11 0.903 0.611 4.137 5.557
0.287 -0.112 0.906 0.168 2.611 3.664
0.265 -0.111 0.919 -0.962 0.168 1.42
0.261 -0.1 0.917 -1.282 0.427 0.87
0.256 -0.08 0.916 -0.84 0.29 1.099
0.263 -0.068 0.88 -1.282 1.466 2.122
0.269 -0.059 0.894 -2.275 2.565 3.359
0.272 -0.069 0.877 -2.916 4.382 3.771
0.277 -0.088 0.877 -4.351 6.137 3.359
0.273 -0.1 0.906 -5.206 5.725 2.58
0.276 -0.122 0.921 -4.809 3.511 0.947
0.258 -0.109 0.928 -4.443 2.305 -0.504
0.253 -0.08 0.95 -3.45 1.893 1.145
0.224 -0.075 0.916 -2.29 -1.374 2.321
0.234 -0.065 0.91 -1.115 -0.916 6.122
0.261 -0.083 0.903 0.153 -0.107 8.656
0.275 -0.108 0.884 0.122 1.71 8.809
0.276 -0.119 0.905 -0.855 1.603 6.779
0.266 -0.112 0.926 -1.695 0.962 5.053
0.271 -0.104 0.903 -2.031 0.916 3.756
0.264 -0.108 0.908 -2.153 0.137 3.679
0.28 -0.12 0.902 -1.725 1.16 3.084
0.276 -0.123 0.903 -1.313 2.748 1.695
0.26 -0.103 0.911 -1.206 1.588 0.626
0.256 -0.099 0.916 0.0 0.458 0.58
0.263 -0.081 0.911 -0.122 0.427 0.427
0.268 -0.082 0.906 -0.168 0.382 1.282
0.281 -0.089 0.89 -0.198 1.496 1.771
0.264 -0.082 0.901 -0.427 1.725 1.878
0.26 -0.084 0.897 -1.893 1.374 1.817
0.26 -0.094 0.906 -2.046 -0.244 1.511
0.265 -0.093 0.899 -1.71 -0.489 1.664
0.269 -0.101 0.889 -1.664 0.321 2.275
0.265 -0.099 0.891 -2.473 -0.137 1.756
0.276 -0.103 0.898 -3.282 -0.275 0.626
0.283 -0.107 0.905 -3.252 -0.198 -0.733
0.284 -0.111 0.898 -2.076 -1.038 -0.748
0.276 -0.087 0.891 -1.954 -1.069 -0.275
0.27 -0.077 0.891 -3.16 -1.008 -0.275
0.27 -0.08 0.895 -3.725 0.092 0.443
0.263 -0.101 0.911 -2.687 0.534 1.42
0.273 -0.104 0.914 -1.298 1.344 2.55
0.278 -0.104 0.898 -0.244 2.656 3.42
0.288 -0.11 0.908 -0.168 2.595 3.206
0.265 -0.112 0.919 -1.389 1.405 1.221
0.266 -0.105 0.925 -1.664 0.397 -0.656
0.258 -0.091 0.903 -2.366 0.137 -0.382
0.256 -0.078 0.907 -1.939 0.55 0.336
0.248 -0.085 0.907 -0.84 1.786 1.74
0.255 -0.079 0.9 -0.794 2.748 3.237
0.259 -0.097 0.896 -1.053 2.565 3.282
0.27 -0.111 0.922 -1.45 3.176 2.382
0.265 -0.106 0.913 -1.053 3.16 1.191
0.261 -0.101 0.908 -0.748 2.55 1.466
0.254 -0.085 0.907 -0.29 2.489 2.015
0.248 -0.067 0.897 -1.16 2.885 3.023
0.256 -0.079 0.896 -1.695 3.206 3.328
0.263 -0.098 0.898 -1.847 2.519 3.466
0.272 -0.104 0.908 -1.145 3.359 3.282
0.274 -0.107 0.919 -0.489 2.122 3.542
0.262 -0.107 0.919 0.168 2.0 3.603
0.263 -0.104 0.925 0.534 1.099 2.763
0.258 -0.088 0.896 -0.153 0.779 1.618
0.261 -0.089 0.886 -1.099 1.832 0.718
0.267 -0.084 0.886 -2.427 1.74 0.076
0.249 -0.085 0.904 -1.802 2.443 0.58
0.25 -0.086 0.888 -1.786 3.13 1.435
0.268 -0.092 0.889 -2.29 4.031 1.573
0.263 -0.098 0.902 -2.702 3.405 0.473
0.254 -0.1 0.925 -2.901 1.878 -0.122
0.248 -0.089 0.927 -2.321 1.42 -0.092
0.241 -0.082 0.92 -1.725 1.344 1.237
0.238 -0.078 0.925 -1.099 1.008 2.473
0.25 -0.093 0.906 -0.916 1.023 3.802
0.267 -0.106 0.905 -0.916 3.084 3.282
0.262 -0.101 0.911 -2.046 3.176 1.756
0.257 -0.104 0.912 -3.496 2.351 -0.168
0.258 -0.118 0.926 -3.069 2.092 -0.29
0.251 -0.107 0.929 -2.122 1.771 -0.351
0.267 -0.105 0.913 -1.389 2.046 -0.061
0.269 -0.095 0.911 -0.885 2.427 0.519