0.014 -0.055 0.927 -4.595 -0.168 8.183
0.025 -0.068 0.943 -5.542 -1.618 7.939
0.042 -0.081 0.932 -5.145 -1.771 7.313
0.05 -0.09 0.934 -4.0 -1.389 6.321
0.052 -0.081 0.921 -3.008 -0.626 5.206
0.045 -0.085 0.928 -1.618 0.382 4.336
0.051 -0.082 0.916 -0.885 1.176 3.359
0.04 -0.069 0.922 0.626 2.443 2.977
0.028 -0.065 0.927 1.053 2.26 2.58
0.021 -0.054 0.925 0.794 2.031 2.794
0.011 -0.053 0.92 -0.366 0.977 2.916
0.025 -0.057 0.925 -1.038 0.733 2.534
0.007 -0.063 0.942 -2.427 -0.534 2.489
0.014 -0.058 0.922 -3.176 -1.527 2.733
0.016 -0.068 0.929 -4.061 -2.626 2.809
0.021 -0.072 0.927 -3.985 -2.443 3.16
0.032 -0.077 0.922 -3.588 -2.595 3.771
0.034 -0.083 0.91 -2.992 -1.405 3.588
0.039 -0.085 0.909 -2.397 0.122 3.344
0.033 -0.083 0.919 -2.29 0.55 2.962
0.035 -0.081 0.913 -2.489 0.275 2.229
0.036 -0.089 0.937 -2.931 -0.076 1.344
0.038 -0.078 0.932 -2.748 -0.198 0.641
0.021 -0.077 0.95 -2.534 -1.176 1.267
0.043 -0.079 0.934 -1.847 -1.084 1.664
0.039 -0.082 0.935 -0.992 0.534 2.046
0.042 -0.073 0.932 -0.733 1.649 1.435
0.026 -0.063 0.93 -1.252 1.298 1.496
0.02 -0.055 0.938 -2.824 -0.214 1.496
0.027 -0.062 0.937 -3.359 -1.649 1.74
0.043 -0.072 0.935 -3.084 -1.435 2.183
0.037 -0.069 0.926 -2.626 -0.214 2.26
0.044 -0.067 0.926 -2.275 0.885 2.443
0.05 -0.08 0.923 -1.344 2.58 2.809
0.043 -0.071 0.925 -1.313 2.931 2.733
0.045 -0.069 0.929 -1.389 4.0 2.992
0.029 -0.076 0.952 -1.359 2.58 3.023
0.028 -0.074 0.95 -2.763 0.107 2.992
0.032 -0.074 0.932 -2.977 -0.412 2.672
0.038 -0.072 0.93 -2.855 0.076 2.779
0.037 -0.07 0.927 -2.519 0.351 3.13
0.05 -0.076 0.923 -2.229 1.344 3.038
0.042 -0.076 0.932 -1.893 1.817 2.901
0.045 -0.065 0.923 -1.924 2.0 2.672
0.032 -0.065 0.937 -2.092 1.786 2.55
0.03 -0.069 0.942 -2.229 0.672 2.672
0.039 -0.076 0.935 -1.786 1.069 1.924
0.037 -0.071 0.942 -1.618 1.313 2.015
0.036 -0.067 0.933 -2.046 0.412 1.878
0.027 -0.053 0.951 -2.58 -0.153 1.588
0.031 -0.072 0.934 -2.458 -0.748 2.092
0.029 -0.07 0.944 -1.664 -0.061 2.061
0.036 -0.073 0.96 -1.023 -0.046 1.481
0.022 -0.07 0.942 -0.916 0.611 1.45
0.021 -0.067 0.945 -1.496 -0.122 2.137
0.025 -0.064 0.938 -2.076 -0.504 2.84
0.024 -0.074 0.938 -2.321 -1.008 3.099
0.045 -0.089 0.934 -1.603 -0.183 2.962
0.04 -0.092 0.931 -0.794 0.55 2.504
0.044 -0.085 0.93 -0.733 0.779 1.832
0.039 -0.093 0.935 -0.748 0.916 0.748
0.032 -0.079 0.936 -1.603 0.122 0.305
0.035 -0.072 0.917 -2.794 -0.55 0.794
0.035 -0.063 0.926 -4.015 -0.916 1.389
0.045 -0.077 0.925 -4.168 -0.87 1.832
0.055 -0.08 0.927 -3.466 -0.351 1.817
0.049 -0.093 0.938 -2.198 0.473 1.603
0.045 -0.092 0.947 -1.038 1.481 0.947
0.029 -0.079 0.941 -0.718 1.45 0.611
0.028 -0.062 0.938 -1.878 0.321 0.947
0.018 -0.065 0.933 -3.924 -1.42 1.344
0.044 -0.068 0.927 -4.672 -1.664 1.74
0.044 -0.08 0.932 -4.336 -0.504 1.71
0.051 -0.088 0.943 -3.527 -0.321 1.771
0.055 -0.088 0.953 -3.313 0.473 1.206
0.053 -0.093 0.959 -3.237 0.305 0.504
0.052 -0.093 0.958 -3.359 -0.58 0.092
0.052 -0.093 0.955 -2.641 -0.427 0.122
0.062 -0.075 0.951 -2.214 0.641 0.305
0.048 -0.066 0.978 -2.443 0.229 1.542
0.072 -0.063 1.013 -3.191 -1.679 2.992
0.09 -0.066 1.066 -4.885 -3.847 3.969
0.137 -0.12 1.147 -5.618 -5.588 4.718
0.191 -0.149 1.203 -3.511 -4.137 2.321
0.263 -0.112 1.247 3.237 9.252 0.794
0.182 -0.087 1.572 16.336 13.145 3.13
0.419 -0.251 1.574 36.122 21.802 1.573
0.519 -0.282 1.8 68.244 51.649 3.649
0.803 -0.213 1.817 97.099 119.191 6.656
0.354 -0.012 2.44 89.206 90.198 -4.076
-0.01 0.383 2.88 48.336 61.893 0.519
-0.174 0.5 3.241 -8.397 1.74 11.893
-0.192 0.5 3.491 -52.305 -59.908 24.748
0.044 0.217 3.505 -55.695 -93.221 41.038
0.192 0.08 3.481 -46.26 -103.802 58.519
0.204 0.019 3.279 -41.176 -123.634 73.649
0.158 -0.106 3.053 -53.985 -152.26 77.405
0.232 -0.312 2.862 -72.076 -166.26 65.679
0.377 -0.594 2.588 -76.611 -178.244 47.389
0.388 -0.598 2.222 -62.473 -176.427 18.702
0.195 -0.413 2.029 -54.061 -161.664 -0.733
0.027 -0.125 1.845 -42.321 -146.183 -11.038
-0.006 0.015 1.613 -34.427 -134.244 -8.382
-0.181 0.05 1.484 -24.382 -121.405 -5.45
-0.153 0.1 1.345 -10.214 -116.275 -8.626
-0.248 0.24 1.072 -0.672 -114.504 -10.107
-0.248 0.473 0.684 -8.84 -105.282 -6.824
-0.293 0.543 0.484 -19.893 -99.038 -0.855
-0.03 0.381 0.259 -21.328 -76.855 18.55
-0.015 0.27 0.389 -8.626 -52.595 34.107
0.003 0.205 0.363 0.229 -39.405 48.031
0.074 0.135 0.359 -2.763 -30.687 56.947
0.075 0.119 0.175 -24.107 -32.718 33.588
0.131 -0.051 0.173 -32.458 -39.985 25.542
0.278 -0.373 0.257 -27.939 -27.725 6.656
0.171 -0.471 0.346 -13.344 -25.115 -8.84
0.088 -0.373 0.364 -14.382 -25.496 -25.206
-0.209 -0.395 0.562 -1.725 -55.954 -33.008
-0.146 -0.311 0.198 1.771 -65.45 -35.771
0.087 -0.373 -0.191 -3.145 -63.13 -40.382
0.143 -0.438 -0.307 -8.473 -58.489 -55.359
0.129 -0.326 -0.473 -5.405 -47.756 -63.069
-0.013 -0.26 -0.394 -3.832 -28.824 -64.0
-0.092 -0.206 -0.34 11.008 -2.947 -57.115
-0.184 -0.11 -0.352 16.198 11.053 -54.885
-0.247 0.029 -0.294 13.71 5.588 -55.679
-0.085 0.034 -0.433 0.031 -5.405 -64.565
0.091 -0.011 -0.502 -10.122 -4.763 -75.771
0.057 -0.008 -0.484 -22.076 -9.298 -85.13
0.043 0.107 -0.333 -30.855 11.908 -82.885
0.174 0.012 -0.34 -27.649 26.366 -77.618
0.042 0.204 -0.214 -31.756 20.061 -69.313
-0.04 0.343 -0.154 -41.756 16.992 -59.405
-0.025 0.381 -0.014 -49.008 14.779 -48.29
0.004 0.41 0.066 -59.939 7.679 -36.489
0.132 0.314 0.159 -66.84 13.42 -22.198
0.204 0.202 0.345 -62.244 14.687 -5.344
0.458 -0.009 0.233 -48.611 38.229 8.412
0.435 -0.05 0.286 -47.328 52.061 13.695
0.424 -0.093 0.451 -52.153 52.702 14.29
0.415 -0.235 0.578 -55.603 40.519 10.458
0.425 -0.302 0.767 -52.611 28.046 3.527
0.441 -0.396 0.867 -38.916 20.031 -2.427
0.486 -0.391 0.814 -22.183 21.802 -7.206
0.454 -0.34 0.74 -17.023 22.168 -11.191
0.442 -0.243 0.73 -16.076 22.244 -14.748
0.361 -0.188 0.732 -17.115 23.16 -14.916
0.285 -0.156 0.878 -13.603 22.718 -10.687
0.188 -0.126 0.943 -7.191 19.786 -3.817
0.223 -0.152 0.898 0.031 19.237 5.038
0.245 -0.178 0.956 6.779 19.588 14.809
0.341 -0.246 0.892 10.26 17.802 17.847
0.341 -0.285 0.951 9.985 10.229 14.519
0.391 -0.283 0.947 10.137 4.794 9.099
0.351 -0.25 0.909 7.802 -4.809 4.015
0.336 -0.24 0.881 4.244 -8.595 -2.26
0.35 -0.215 0.901 3.893 -9.344 -5.679
0.351 -0.173 0.868 3.145 -9.282 -6.733
0.361 -0.167 0.901 3.435 -10.84 -6.244
0.387 -0.186 0.887 5.939 -6.824 -7.863
0.374 -0.171 0.942 7.878 -2.672 -9.374
0.313 -0.154 0.945 9.328 -3.847 -10.58
0.305 -0.141 0.928 7.557 -9.42 -8.824
0.303 -0.134 0.885 3.786 -12.031 -6.641
0.357 -0.161 0.853 0.351 -12.229 -4.275
0.365 -0.156 0.891 1.328 -11.221 -1.542
0.393 -0.174 0.908 5.359 -7.145 1.939
0.372 -0.157 0.912 6.122 -7.237 4.534
0.381 -0.141 0.865 6.321 -2.137 6.351
0.416 -0.151 0.85 5.664 0.336 6.443
0.433 -0.176 0.825 5.985 4.641 5.527
0.458 -0.191 0.836 5.817 9.618 3.374
0.452 -0.212 0.845 6.565 11.13 1.313
0.45 -0.199 0.839 4.031 10.947 -3.023
0.413 -0.177 0.857 2.947 9.603 -6.626
0.387 -0.15 0.849 1.542 7.267 -8.366
0.359 -0.129 0.868 0.931 1.634 -6.763
0.341 -0.113 0.877 3.832 -0.321 -3.527
0.355 -0.108 0.865 7.42 3.496 0.351
0.364 -0.124 0.852 9.221 6.046 2.641
0.382 -0.123 0.834 10.183 7.481 1.42
0.372 -0.091 0.84 5.969 6.122 -1.374
0.354 -0.06 0.832 1.389 2.565 -2.534
0.365 -0.05 0.805 -3.756 -0.992 -1.802
0.404 -0.092 0.796 -6.992 -0.718 -0.824
0.416 -0.138 0.824 -7.542 1.237 -0.641
0.439 -0.164 0.845 -7.588 4.29 -2.092
0.412 -0.173 0.876 -7.466 3.435 -4.55
0.422 -0.172 0.895 -6.214 1.74 -7.13
0.385 -0.148 0.893 -5.649 0.687 -8.885
0.358 -0.125 0.89 -4.351 -0.916 -8.794
0.366 -0.107 0.861 -1.893 -0.656 -6.107
0.349 -0.093 0.85 -1.145 -0.763 -2.809
0.373 -0.105 0.841 -1.359 -0.076 -0.137
0.4 -0.134 0.843 -1.435 2.183 0.351
0.407 -0.156 0.874 -1.847 2.672 -1.649
0.384 -0.146 0.893 -4.061 1.573 -5.252
0.377 -0.133 0.902 -4.26 -0.015 -6.809
0.352 -0.109 0.886 -2.885 -0.656 -5.71
0.371 -0.104 0.873 -1.084 1.16 -2.916
0.375 -0.106 0.872 -1.053 2.809 -0.916
0.366 -0.111 0.879 -1.42 2.153 0.702
0.372 -0.124 0.882 -1.908 2.595 1.557
0.382 -0.147 0.89 -1.038 3.435 2.015
0.376 -0.139 0.876 -1.13 3.603 1.634
0.364 -0.139 0.902 -1.42 1.695 0.962
0.368 -0.143 0.9 -0.092 0.992 0.794
0.374 -0.131 0.889 1.985 2.198 1.344
0.367 -0.093 0.863 1.725 2.977 3.496
0.387 -0.108 0.858 2.321 4.015 5.893
0.401 -0.135 0.854 1.496 5.588 6.092
0.382 -0.129 0.884 -0.595 4.183 4.534
0.39 -0.134 0.885 -1.267 2.779 2.992
0.38 -0.129 0.892 -1.985 0.656 2.092
0.392 -0.133 0.871 -2.229 0.275 1.359
0.381 -0.13 0.864 -3.802 -0.076 -0.779
0.37 -0.123 0.883 -4.244 -0.565 -1.725
0.385 -0.103 0.887 -4.382 -0.931 -1.924
0.385 -0.098 0.87 -4.321 -0.947 -0.916
0.383 -0.099 0.873 -5.237 0.076 -0.275
0.389 -0.103 0.883 -5.863 0.489 0.763
0.376 -0.11 0.884 -4.58 1.863 2.107
0.369 -0.12 0.895 -2.55 1.786 3.298
0.359 -0.103 0.874 -2.931 2.29 4.397
0.359 -0.109 0.886 -2.534 1.649 5.435
0.367 -0.121 0.881 -3.069 -0.26 5.908
0.395 -0.156 0.887 -2.26 -1.405 5.649
0.397 -0.171 0.896 -2.168 -3.038 3.466
0.395 -0.182 0.901 -2.473 -3.481 0.321
0.369 -0.169 0.904 -2.351 -4.061 -2.412
0.363 -0.159 0.9 -1.16 -4.183 -2.321
0.38 -0.141 0.875 0.519 -2.214 -1.649
0.386 -0.133 0.855 1.099 -0.656 -0.916
0.367 -0.117 0.858 -0.031 -1.115 -1.237
0.369 -0.109 0.864 -1.664 -1.313 -1.206
0.352 -0.1 0.866 -2.519 -2.565 -0.885
0.353 -0.108 0.87 -3.756 -4.244 -0.153
0.372 -0.136 0.89 -2.824 -4.076 0.489
0.375 -0.135 0.875 -1.557 -3.969 0.885
0.385 -0.131 0.872 -1.389 -3.496 0.519
0.373 -0.136 0.879 -0.565 -4.504 0.992
0.372 -0.137 0.879 0.351 -3.221 0.794
0.365 -0.126 0.888 1.145 -3.771 1.344
0.379 -0.117 0.858 1.573 -2.779 1.74
0.396 -0.116 0.861 1.038 -2.794 1.908
0.401 -0.119 0.85 0.244 -2.641 0.947
0.4 -0.11 0.842 -1.313 -2.275 -0.229
0.384 -0.094 0.837 -3.206 -3.298 -0.962
0.4 -0.092 0.834 -5.389 -3.145 -1.42
0.395 -0.09 0.842 -7.817 -3.466 -1.603
0.404 -0.101 0.847 -8.947 -4.031 -1.924
0.407 -0.12 0.851 -9.053 -4.702 -1.45
0.42 -0.119 0.864 -8.733 -5.038 -1.786
0.415 -0.118 0.869 -9.053 -5.298 -2.107
0.408 -0.126 0.86 -9.389 -5.435 -2.977
0.395 -0.117 0.858 -10.351 -5.496 -3.267
0.391 -0.123 0.86 -9.511 -6.183 -2.229
0.402 -0.126 0.852 -7.71 -4.87 -0.137
0.406 -0.134 0.869 -6.427 -2.931 1.42
0.391 -0.145 0.885 -5.664 -3.038 2.275
0.402 -0.161 0.891 -3.893 -3.099 2.733
0.412 -0.167 0.897 -1.099 -1.74 2.504
0.397 -0.146 0.883 -0.305 -1.679 1.924
0.402 -0.124 0.864 -0.901 -3.908 1.466
0.406 -0.122 0.858 -1.176 -3.634 1.74
0.403 -0.115 0.854 -1.206 -3.221 2.107
0.401 -0.112 0.856 -0.198 -1.053 3.176
0.406 -0.11 0.86 0.031 0.779 4.305
0.405 -0.114 0.849 -0.779 1.817 5.16
0.414 -0.131 0.86 -1.389 1.45 5.573
0.425 -0.147 0.848 -1.588 1.053 4.962
0.427 -0.149 0.839 -0.916 0.855 4.092
0.41 -0.145 0.855 -1.237 -0.397 3.557
0.394 -0.125 0.855 -1.084 -0.962 2.779
0.4 -0.127 0.84 -0.992 -0.672 2.84
0.405 -0.123 0.837 -0.962 0.427 3.252
0.402 -0.119 0.848 -0.641 -0.626 3.481
0.423 -0.13 0.84 -0.794 0.87 4.244
0.424 -0.143 0.842 -1.832 0.611 3.954
0.425 -0.167 0.86 -2.443 -0.672 2.718
0.421 -0.159 0.861 -2.26 -1.115 1.298
0.415 -0.143 0.85 -1.939 -0.565 1.206
0.427 -0.145 0.844 -2.153 -0.076 1.191
0.419 -0.144 0.842 -2.55 0.412 0.565
0.411 -0.129 0.845 -4.397 0.137 0.305
0.421 -0.147 0.853 -3.847 -0.992 0.595
0.419 -0.138 0.854 -2.687 -0.58 1.115
0.408 -0.14 0.852 -2.244 0.29 1.527
0.403 -0.139 0.847 -2.504 0.061 2.198
0.423 -0.146 0.848 -2.0 0.046 2.626
0.437 -0.161 0.841 -2.198 1.389 2.122
0.43 -0.16 0.85 -3.008 1.832 0.931
0.412 -0.16 0.878 -4.733 -0.489 -0.901
0.402 -0.16 0.897 -4.275 -2.397 -2.0
0.386 -0.141 0.895 -2.763 -3.13 -1.313
0.389 -0.133 0.891 -1.679 -2.87 -0.107
0.412 -0.135 0.863 0.26 -1.359 2.458
0.415 -0.152 0.861 1.832 0.061 3.924
0.419 -0.153 0.849 1.664 1.664 4.351
0.426 -0.151 0.859 0.87 0.733 3.649
0.424 -0.144 0.862 0.061 -0.031 1.969
0.422 -0.136 0.868 -0.672 0.565 1.099
0.408 -0.122 0.869 -1.573 -0.198 0.565
0.404 -0.116 0.867 -0.87 0.595 0.962
0.406 -0.119 0.861 -1.069 0.519 1.756
0.425 -0.129 0.837 -1.053 2.031 1.878
0.426 -0.139 0.85 -2.427 1.771 0.992
0.419 -0.131 0.857 -3.389 -0.29 -0.458
0.407 -0.13 0.871 -2.641 -1.42 -0.595
0.397 -0.131 0.877 -2.122 -0.824 0.26
0.402 -0.136 0.876 -1.45 -0.855 1.191
0.405 -0.134 0.861 -0.733 0.84 1.405
0.404 -0.118 0.848 -0.122 1.832 2.092
0.406 -0.118 0.845 -0.885 2.076 2.382
0.39 -0.119 0.866 -2.336 0.947 2.412
0.396 -0.135 0.871 -2.198 0.137 2.458
0.406 -0.133 0.88 -1.344 0.214 2.87
0.398 -0.126 0.888 -1.527 -0.931 2.855
0.411 -0.143 0.873 -0.031 -0.489 2.641
0.408 -0.137 0.88 0.26 -0.427 2.397
0.402 -0.133 0.872 -0.366 -1.069 2.107
0.4 -0.136 0.854 -0.458 -0.443 1.786
0.414 -0.136 0.849 0.382 0.214 2.29
0.416 -0.127 0.84 0.198 1.038 2.427
0.399 -0.124 0.866 -0.122 0.015 1.893
0.408 -0.115 0.864 -0.122 0.351 1.985
0.401 -0.117 0.856 0.992 1.374 2.626
0.406 -0.108 0.845 0.992 2.29 4.031
0.42 -0.116 0.851 0.183 1.42 4.58
0.447 -0.144 0.855 -0.55 1.389 3.679
0.429 -0.133 0.862 -0.931 0.824 2.26
0.426 -0.138 0.863 -1.481 -0.168 1.023
0.433 -0.133 0.86 -0.763 -0.061 0.58
0.417 -0.119 0.852 -0.931 -0.611 0.015
0.421 -0.118 0.84 -1.053 -0.916 0.015
0.419 -0.112 0.833 -1.496 -0.214 0.107
0.414 -0.104 0.833 -2.168 -0.412 0.809
0.427 -0.128 0.829 -2.718 0.733 1.282
0.428 -0.132 0.84 -3.084 0.794 0.076
0.422 -0.12 0.848 -3.924 0.153 -1.053
0.415 -0.118 0.852 -4.29 -0.733 -1.527
0.414 -0.119 0.848 -4.26 -0.565 -1.588
0.404 -0.113 0.84 -4.779 -0.824 -1.16
0.42 -0.116 0.85 -4.336 0.122 -0.229
0.428 -0.127 0.833 -3.374 1.557 1.069
0.439 -0.132 0.831 -3.71 2.015 0.931
0.423 -0.138 0.833 -3.71 2.153 0.214
0.419 -0.132 0.851 -4.763 0.794 -0.962
0.407 -0.129 0.862 -4.656 0.412 -1.573
0.406 -0.119 0.857 -4.489 0.702 -1.618
0.399 -0.108 0.855 -4.504 0.779 -0.336
0.398 -0.117 0.856 -4.656 1.176 0.824
0.404 -0.126 0.861 -4.382 1.985 2.076
0.422 -0.14 0.878 -2.84 2.122 3.313
0.406 -0.137 0.886 -2.29 1.924 3.695
0.414 -0.154 0.888 -2.214 0.885 3.13
0.411 -0.145 0.881 -2.321 0.214 2.366
0.426 -0.15 0.886 -2.244 1.237 1.328
0.405 -0.149 0.887 -2.122 0.183 0.779
0.403 -0.138 0.875 -1.908 0.076 0.84
0.404 -0.131 0.879 -0.992 0.015 2.076
0.403 -0.131 0.861 -0.962 1.115 2.504
0.416 -0.128 0.856 -1.496 1.282 2.092
0.411 -0.134 0.864 -2.931 0.504 1.023
0.406 -0.125 0.875 -3.038 -0.198 0.153
0.398 -0.124 0.869 -2.794 -0.473 0.321
0.391 -0.118 0.872 -1.786 -1.328 1.573
0.406 -0.123 0.855 -0.336 -1.084 2.794
0.427 -0.127 0.841 -0.046 0.626 3.527
0.436 -0.131 0.834 -1.389 1.069 2.84
0.421 -0.138 0.849 -3.313 0.824 1.389
0.426 -0.146 0.864 -3.649 -0.031 0.626
0.414 -0.156 0.854 -1.969 -0.397 1.145
0.414 -0.145 0.846 -1.634 0.031 0.992
0.415 -0.148 0.877 -1.695 -1.084 0.687
0.423 -0.145 0.86 -0.641 -0.779 0.275
0.412 -0.13 0.86 -0.443 -0.779 -0.015
0.419 -0.126 0.846 -1.389 -0.534 -0.473
0.408 -0.11 0.855 -2.87 -1.099 -1.16
0.405 -0.106 0.847 -3.74 -1.237 -0.611
0.409 -0.118 0.838 -3.466 -0.916 1.221
0.416 -0.136 0.86 -2.198 -0.489 2.366
0.432 -0.14 0.857 -1.023 1.42 2.672
0.43 -0.145 0.859 -1.313 2.046 1.145
0.409 -0.133 0.882 -1.969 1.802 -0.153
0.401 -0.121 0.883 -2.244 -0.153 -0.733
0.404 -0.113 0.864 -2.305 -1.145 -0.305
0.417 -0.118 0.853 -1.679 -0.733 0.885
0.437 -0.117 0.849 -1.206 0.29 1.176
0.428 -0.125 0.859 -1.42 1.557 0.412
0.407 -0.12 0.874 -2.092 0.84 -0.351
0.394 -0.105 0.876 -2.473 -0.321 0.137
0.383 -0.098 0.879 -1.634 -0.748 1.45
0.386 -0.11 0.872 0.214 0.061 3.176
0.391 -0.102 0.863 0.504 -0.519 4.198
0.416 -0.113 0.842 0.916 1.099 5.053
0.427 -0.112 0.833 1.053 1.74 4.87
0.42 -0.119 0.844 -0.092 1.573 4.137
0.407 -0.118 0.869 -1.389 -0.641 3.038
0.42 -0.132 0.862 -1.176 -1.099 3.16