0.036 -0.098 0.918 -4.779 2.397 0.504
0.058 -0.101 0.915 -4.519 3.13 1.13
0.04 -0.11 0.92 -4.275 0.809 2.427
0.045 -0.122 0.928 -3.038 -0.87 4.382
0.042 -0.121 0.936 -2.244 -0.382 4.489
0.051 -0.126 0.928 -0.672 -0.702 3.969
0.043 -0.112 0.913 -0.779 -0.229 3.221
0.039 -0.098 0.898 -0.901 0.443 2.794
0.035 -0.075 0.895 -1.71 0.947 3.16
0.028 -0.087 0.911 -2.58 2.977 3.344
0.047 -0.097 0.913 -2.336 3.664 2.84
0.031 -0.085 0.896 -3.618 4.061 3.13
0.029 -0.092 0.917 -4.443 1.725 3.084
0.035 -0.091 0.904 -5.13 -0.305 3.969
0.035 -0.095 0.913 -5.985 -0.84 5.191
0.055 -0.112 0.893 -5.969 -1.771 5.908
0.057 -0.124 0.911 -5.969 -1.542 5.344
0.058 -0.132 0.897 -6.076 -1.008 4.412
0.071 -0.133 0.901 -4.931 -0.565 3.45
0.061 -0.117 0.89 -4.84 0.977 2.992
0.05 -0.116 0.913 -4.595 1.481 2.489
0.032 -0.109 0.937 -4.183 1.985 2.092
0.034 -0.106 0.936 -3.71 2.107 2.076
0.032 -0.106 0.951 -4.061 1.588 1.924
0.026 -0.097 0.936 -4.718 0.855 2.137
0.035 -0.097 0.931 -4.382 1.267 2.779
0.034 -0.114 0.936 -3.878 1.664 3.649
0.045 -0.112 0.932 -4.305 2.0 3.542
0.031 -0.12 0.932 -3.939 1.954 3.267
0.056 -0.129 0.934 -3.405 2.137 2.672
0.048 -0.115 0.924 -3.832 1.588 2.427
0.039 -0.114 0.935 -4.0 1.573 2.412
0.051 -0.145 0.953 -2.84 1.313 3.099
0.058 -0.128 0.938 -3.206 0.29 2.885
0.042 -0.109 0.934 -4.046 -0.321 2.87
0.053 -0.112 0.927 -4.855 -1.71 3.282
0.057 -0.122 0.939 -4.336 -1.145 3.908
0.057 -0.148 0.943 -3.237 0.275 3.008
0.065 -0.159 0.954 -1.511 1.008 0.916
0.065 -0.132 0.947 -1.008 0.855 0.076
0.06 -0.117 0.95 -1.267 1.725 -0.473
0.049 -0.113 0.964 -1.252 1.267 -0.534
0.063 -0.116 0.954 -1.359 0.26 -0.107
0.05 -0.1 0.94 -1.603 0.534 0.595
0.062 -0.124 0.961 -0.321 -0.305 0.779
0.054 -0.118 1.014 -0.779 -1.847 0.412
0.085 -0.12 1.033 -0.229 -1.74 -0.076
0.134 -0.178 1.112 2.321 -3.023 0.519
0.187 -0.224 1.19 5.588 -1.252 -1.099
0.262 -0.258 1.271 10.061 4.031 -4.427
0.321 -0.233 1.334 14.672 9.649 -8.473
0.285 -0.171 1.511 18.443 11.954 -11.298
0.272 -0.059 1.68 18.458 15.45 -10.366
0.267 -0.05 1.914 17.695 12.183 -5.908
0.323 -0.129 2.121 16.84 5.893 -0.183
0.389 -0.205 2.251 15.817 -2.947 1.634
0.407 -0.198 2.339 10.702 -11.618 0.473
0.34 -0.228 2.471 8.321 -31.038 -0.366
0.358 -0.277 2.487 12.779 -51.466 3.313
0.357 -0.326 2.426 18.656 -66.595 8.244
0.432 -0.386 2.302 22.031 -81.16 10.061
0.46 -0.428 2.172 24.168 -86.687 7.374
0.435 -0.397 2.051 23.405 -91.985 2.687
0.271 -0.258 1.998 17.374 -105.863 -0.122
0.153 -0.122 1.957 8.672 -123.954 1.481
0.067 -0.071 1.892 4.366 -136.427 4.824
0.009 -0.022 1.706 -2.26 -151.084 6.824
0.064 0.04 1.448 -11.191 -154.84 12.641
0.122 -0.024 1.352 -13.191 -151.832 18.611
0.156 0.023 1.222 -14.611 -140.275 22.244
0.097 0.164 1.138 -22.0 -130.962 24.626
0.113 0.246 1.043 -36.214 -120.992 28.672
0.019 0.146 1.124 -42.885 -118.992 29.969
0.08 0.026 1.155 -43.237 -114.641 26.687
0.09 0.026 1.086 -36.901 -114.565 22.931
0.247 0.158 0.811 -41.924 -106.901 18.779
0.303 0.193 0.707 -44.366 -91.191 15.359
0.371 0.211 0.635 -46.489 -71.038 15.206
0.271 0.183 0.737 -41.832 -53.786 18.763
0.289 0.12 0.708 -33.603 -34.947 20.733
0.379 0.062 0.641 -35.939 -18.794 12.809
0.313 0.06 0.649 -40.122 -13.374 4.275
0.316 0.122 0.57 -46.076 -26.397 2.626
0.354 0.136 0.493 -48.031 -28.809 2.595
0.443 -0.011 0.355 -49.634 -20.885 2.29
0.424 -0.115 0.439 -41.725 -4.565 3.191
0.401 -0.186 0.475 -27.221 10.733 7.771
0.386 -0.193 0.475 -18.031 22.977 6.412
0.323 -0.087 0.433 -17.908 28.0 -0.168
0.226 -0.169 0.598 -23.725 26.809 -15.298
0.225 -0.289 0.665 -21.282 21.496 -35.908
0.187 -0.233 0.594 -18.153 16.519 -48.565
0.183 -0.201 0.504 -18.626 17.42 -52.916
0.295 -0.276 0.493 -13.374 24.992 -54.26
0.398 -0.373 0.508 0.092 38.061 -56.275
0.535 -0.483 0.508 15.328 31.374 -68.412
0.242 -0.129 0.423 14.87 43.481 -64.366
0.129 -0.028 0.397 0.214 38.565 -57.649
0.019 0.023 0.399 -7.725 27.786 -57.435
-0.035 0.008 0.457 -9.756 21.267 -55.802
-0.111 -0.042 0.573 -11.069 20.153 -51.817
-0.043 -0.088 0.614 -14.626 17.771 -47.618
0.049 -0.176 0.608 -15.435 18.534 -50.443
0.062 -0.149 0.558 -19.099 15.786 -55.298
0.073 -0.111 0.507 -23.634 7.481 -62.763
-0.031 -0.013 0.567 -22.763 -3.344 -60.061
0.017 0.096 0.38 -34.26 -13.191 -54.794
0.051 -0.119 0.467 -34.702 -3.359 -47.557
-0.005 -0.267 0.593 -28.031 -1.603 -42.214
0.038 -0.302 0.611 -16.534 8.153 -36.489
0.046 -0.343 0.597 -4.718 12.947 -36.015
-0.007 -0.138 0.451 -6.977 16.366 -33.878
0.136 -0.096 0.393 -17.053 17.847 -33.878
0.195 -0.114 0.299 -29.206 16.687 -38.443
0.442 -0.045 0.149 -52.962 20.595 -52.534
0.284 -0.055 0.263 -69.695 2.901 -68.168
0.219 -0.076 0.261 -83.802 -6.275 -74.626
0.134 -0.072 0.386 -82.885 -19.466 -67.725
0.237 -0.094 0.29 -75.374 -10.031 -51.42
0.263 -0.091 0.343 -67.588 4.534 -34.137
0.417 -0.197 0.291 -65.924 24.977 -27.084
0.476 -0.293 0.426 -66.931 36.366 -34.137
0.483 -0.358 0.423 -67.863 40.397 -46.397
0.379 -0.324 0.58 -66.26 38.443 -55.908
0.307 -0.185 0.568 -64.672 33.313 -59.802
0.3 -0.153 0.643 -58.26 23.954 -55.344
0.352 -0.173 0.63 -43.786 19.527 -42.702
0.428 -0.086 0.451 -38.992 23.878 -31.557
0.409 -0.068 0.493 -36.947 23.359 -23.542
0.406 -0.188 0.543 -40.58 18.458 -18.977
0.495 -0.194 0.637 -52.489 18.565 -21.374
0.52 -0.398 0.766 -48.565 18.412 -27.435
0.495 -0.498 0.851 -40.382 16.534 -35.176
0.458 -0.509 0.895 -23.985 15.588 -42.748
0.383 -0.38 0.907 -10.458 10.718 -42.412
0.36 -0.247 0.861 -0.885 6.443 -32.229
0.445 -0.192 0.788 4.275 7.511 -23.282
0.356 -0.136 0.774 4.397 9.664 -15.466
0.318 -0.116 0.83 -1.557 8.26 -9.863
0.296 -0.18 0.871 -2.076 2.656 -6.122
0.345 -0.226 0.844 -1.084 2.962 -2.641
0.331 -0.219 0.803 -2.0 3.069 0.885
0.437 -0.247 0.752 -3.603 10.992 0.595
0.443 -0.274 0.731 -8.519 15.924 -2.183
0.409 -0.31 0.832 -11.985 15.176 -8.55
0.415 -0.372 0.864 -9.969 12.626 -13.771
0.39 -0.357 0.898 -5.985 14.198 -16.916
0.368 -0.294 0.877 -3.176 10.046 -18.58
0.362 -0.232 0.844 -3.023 4.855 -15.985
0.397 -0.249 0.815 0.947 -0.244 -12.855
0.414 -0.229 0.778 5.344 -2.58 -7.939
0.467 -0.248 0.782 7.023 0.489 -3.511
0.438 -0.256 0.809 6.87 0.916 -2.153
0.425 -0.227 0.792 4.183 0.702 -0.672
0.44 -0.204 0.76 3.145 2.947 1.939
0.424 -0.181 0.766 2.534 7.878 4.031
0.4 -0.163 0.805 0.214 10.031 7.038
0.4 -0.177 0.825 0.809 10.672 8.733
0.371 -0.217 0.865 2.595 8.443 10.336
0.38 -0.25 0.857 3.74 3.664 11.389
0.431 -0.307 0.818 5.267 2.87 10.916
0.47 -0.354 0.808 6.046 5.298 6.489
0.483 -0.36 0.809 5.466 8.55 -0.305
0.423 -0.304 0.826 2.519 8.351 -6.824
0.405 -0.252 0.845 0.015 5.939 -10.321
0.363 -0.212 0.854 -1.389 4.824 -10.107
0.338 -0.185 0.845 -2.504 6.275 -7.389
0.334 -0.213 0.858 -2.565 8.763 -4.687
0.316 -0.222 0.866 -2.015 8.87 -1.695
0.32 -0.235 0.878 -1.664 6.855 -0.122
0.311 -0.227 0.894 -1.481 4.168 1.008
0.319 -0.248 0.882 -0.962 2.214 3.557
0.353 -0.292 0.875 0.427 2.504 5.847
0.4 -0.323 0.844 2.244 5.542 5.237
0.407 -0.331 0.853 1.008 7.099 2.687
0.407 -0.335 0.872 0.992 7.13 -1.405
0.385 -0.316 0.894 0.565 6.229 -5.771
0.346 -0.278 0.882 -0.321 4.29 -8.382
0.323 -0.241 0.864 -1.71 1.16 -9.466
0.305 -0.228 0.873 -1.863 0.031 -7.511
0.321 -0.211 0.823 -3.237 1.588 -3.863
0.328 -0.236 0.84 -3.359 3.802 -1.435
0.316 -0.247 0.867 -3.939 5.603 -0.351
0.281 -0.266 0.896 -5.008 4.55 0.0
0.308 -0.302 0.887 -3.74 3.298 0.656
0.349 -0.337 0.916 -0.092 2.626 -0.702
0.36 -0.31 0.887 1.298 4.366 -2.702
0.368 -0.281 0.871 0.275 4.916 -4.901
0.357 -0.263 0.87 -1.053 1.679 -6.901
0.345 -0.236 0.863 -2.015 1.374 -7.771
0.342 -0.233 0.84 -3.038 1.863 -8.046
0.341 -0.208 0.828 -4.595 3.511 -7.527
0.332 -0.208 0.849 -7.252 1.832 -5.618
0.324 -0.2 0.843 -8.29 0.931 -3.527
0.317 -0.217 0.869 -6.473 0.809 -0.244
0.315 -0.204 0.871 -4.504 0.687 2.702
0.307 -0.211 0.862 -4.198 0.611 5.145
0.355 -0.248 0.849 -3.038 1.237 5.802
0.363 -0.267 0.848 -2.061 3.16 4.916
0.35 -0.247 0.854 -2.336 4.183 4.611
0.324 -0.237 0.873 -2.885 1.45 4.473
0.336 -0.224 0.84 -2.672 0.29 6.122
0.348 -0.22 0.844 -1.634 1.13 7.878
0.323 -0.2 0.847 -1.389 1.74 10.015
0.354 -0.223 0.833 -2.397 2.473 11.939
0.361 -0.254 0.879 -1.588 2.397 11.374
0.351 -0.269 0.899 -1.069 1.115 10.489
0.343 -0.278 0.914 1.115 -0.885 9.71
0.349 -0.264 0.871 2.687 -0.824 10.015
0.357 -0.249 0.841 2.305 1.038 10.55
0.372 -0.251 0.81 1.252 4.336 10.794
0.377 -0.277 0.858 -0.656 6.336 10.183
0.373 -0.314 0.907 -0.84 6.046 8.427
0.329 -0.321 0.942 0.366 2.168 6.931
0.336 -0.346 0.931 2.947 1.038 5.786
0.351 -0.332 0.912 6.321 1.725 4.443
0.349 -0.3 0.885 6.84 3.023 3.237
0.341 -0.267 0.863 5.817 3.679 2.412
0.339 -0.262 0.869 4.809 4.153 1.496
0.32 -0.263 0.892 3.634 2.58 0.122
0.32 -0.257 0.891 2.992 0.947 -0.763
0.316 -0.251 0.87 2.702 0.885 -0.733
0.327 -0.252 0.864 3.176 1.817 -0.198
0.348 -0.248 0.853 3.954 3.252 0.931
0.329 -0.227 0.871 4.992 4.046 1.878
0.339 -0.237 0.854 6.198 4.244 2.84
0.332 -0.226 0.848 5.389 3.42 1.847
0.32 -0.222 0.87 2.687 2.595 -0.076
0.325 -0.216 0.877 -0.397 0.611 -2.336
0.326 -0.216 0.869 -2.061 -2.031 -3.42
0.342 -0.204 0.864 -2.824 -2.26 -3.588
0.329 -0.203 0.875 -3.038 -2.26 -3.634
0.317 -0.184 0.873 -4.183 -3.527 -2.656
0.329 -0.181 0.853 -4.947 -4.29 -0.992
0.368 -0.2 0.835 -4.336 -1.405 0.763
0.371 -0.21 0.842 -3.893 0.382 1.115
0.368 -0.217 0.834 -4.229 1.924 0.794
0.361 -0.228 0.841 -4.489 1.969 -0.443
0.353 -0.225 0.854 -5.069 0.916 -1.496
0.354 -0.234 0.855 -4.87 1.267 -1.908
0.353 -0.223 0.829 -5.405 2.58 -1.771
0.362 -0.235 0.859 -4.611 3.573 -1.511
0.346 -0.223 0.862 -3.863 3.13 -1.725
0.34 -0.21 0.878 -4.733 2.061 -1.924
0.328 -0.189 0.879 -5.511 -0.565 -2.015
0.342 -0.192 0.854 -5.786 -1.191 -1.282
0.345 -0.187 0.847 -5.954 -0.076 -0.214
0.342 -0.198 0.834 -6.229 0.931 1.206
0.363 -0.222 0.837 -6.061 3.191 2.397
0.336 -0.237 0.863 -4.885 2.198 3.511
0.332 -0.231 0.867 -4.092 1.557 4.229
0.334 -0.234 0.85 -3.924 1.939 5.053
0.348 -0.263 0.841 -3.557 4.0 4.992
0.356 -0.268 0.855 -4.0 3.771 3.466
0.335 -0.269 0.874 -4.58 2.275 2.168
0.329 -0.267 0.887 -4.031 1.313 1.069
0.323 -0.262 0.886 -2.901 1.771 1.389
0.318 -0.25 0.897 -2.321 0.137 2.046
0.319 -0.236 0.877 -2.29 0.672 3.298
0.322 -0.225 0.886 -2.687 0.779 5.008
0.346 -0.238 0.873 -1.756 0.885 7.313
0.367 -0.253 0.844 -1.466 1.115 8.122
0.367 -0.265 0.86 -3.038 2.26 6.748
0.364 -0.276 0.876 -3.908 1.679 4.626
0.35 -0.271 0.878 -4.534 0.718 3.115
0.36 -0.281 0.863 -4.061 0.107 1.863
0.358 -0.284 0.861 -2.626 0.779 1.893
0.359 -0.293 0.862 -1.496 1.832 1.374
0.365 -0.286 0.848 -0.962 3.206 0.809
0.361 -0.281 0.851 -0.412 3.863 -0.489
0.354 -0.266 0.852 -0.382 4.305 -1.023
0.333 -0.246 0.871 -1.328 3.817 -1.786
0.327 -0.246 0.875 -1.359 3.084 -1.008
0.349 -0.248 0.874 -0.183 3.176 -0.58
0.34 -0.27 0.88 1.527 4.412 -0.168
0.327 -0.257 0.874 1.359 3.985 -0.763
0.32 -0.248 0.884 0.733 2.58 -1.237
0.32 -0.224 0.878 -0.061 2.076 -1.557
0.304 -0.2 0.877 -0.992 1.099 -1.817
0.3 -0.208 0.871 -1.557 0.412 -1.145
0.289 -0.187 0.869 -2.779 -0.595 -0.962
0.293 -0.194 0.875 -3.802 -1.649 -0.153
0.312 -0.218 0.894 -3.557 -0.87 0.794
0.298 -0.23 0.897 -2.611 -1.145 2.244
0.303 -0.233 0.905 -2.626 -1.634 2.779
0.308 -0.243 0.883 -2.779 -2.55 2.931
0.325 -0.25 0.868 -2.763 -2.916 2.351
0.349 -0.268 0.859 -2.565 -2.427 1.496
0.349 -0.267 0.865 -2.763 -2.015 0.26
0.332 -0.256 0.865 -3.466 -2.092 -0.656
0.335 -0.251 0.869 -3.573 -2.366 -0.58
0.355 -0.27 0.869 -2.321 -1.817 -0.321
0.361 -0.265 0.861 -1.481 -0.183 -0.046
0.342 -0.263 0.878 -1.252 0.092 -0.534
0.334 -0.264 0.884 -0.519 -0.977 -0.427
0.341 -0.251 0.858 0.076 -0.824 0.031
0.345 -0.242 0.854 0.305 -0.183 0.397
0.332 -0.224 0.853 -0.656 1.023 0.351
0.323 -0.228 0.869 -1.328 0.702 0.473
0.322 -0.225 0.882 -0.885 0.275 1.038
0.326 -0.216 0.866 -0.87 0.565 1.817
0.329 -0.213 0.872 -1.664 -0.565 1.802
0.332 -0.216 0.85 -3.313 -0.321 1.908
0.335 -0.234 0.877 -4.992 -0.534 1.603
0.342 -0.245 0.875 -4.733 -1.084 1.924
0.348 -0.258 0.868 -3.359 -1.099 1.756
0.35 -0.264 0.876 -2.382 -0.916 1.588
0.343 -0.262 0.88 -2.305 -1.237 1.023
0.357 -0.258 0.855 -2.26 -0.992 -0.107
0.354 -0.267 0.863 -2.58 -0.733 -1.038
0.344 -0.262 0.875 -2.107 -1.389 -1.359
0.331 -0.248 0.885 -1.435 -2.992 -1.176
0.34 -0.249 0.86 -1.282 -2.534 -0.702
0.353 -0.252 0.85 -1.252 -1.206 -1.053
0.341 -0.232 0.866 -2.305 -0.427 -1.527
0.339 -0.231 0.873 -2.58 -0.84 -1.466
0.355 -0.239 0.856 -2.458 -0.489 -1.191
0.357 -0.241 0.867 -1.695 0.107 -0.687
0.357 -0.236 0.874 -1.511 -0.473 -0.809
0.354 -0.226 0.855 -1.573 -0.26 -0.397
0.364 -0.234 0.844 -1.328 1.496 -0.015
0.358 -0.23 0.856 -1.435 2.229 0.305
0.351 -0.219 0.847 -2.366 1.679 0.427
0.349 -0.236 0.861 -2.504 0.977 0.351
0.358 -0.23 0.872 -2.931 -0.183 -0.794
0.353 -0.224 0.87 -3.008 -0.718 -0.687
0.343 -0.214 0.869 -2.565 -0.977 -0.336
0.345 -0.208 0.855 -2.321 -0.55 1.237
0.372 -0.23 0.839 -1.939 0.122 1.878
0.387 -0.244 0.837 -1.634 1.847 1.695
0.391 -0.252 0.835 -2.458 2.229 0.733
0.376 -0.26 0.837 -2.901 1.359 -1.13
0.372 -0.249 0.865 -3.985 2.336 -2.565
0.351 -0.245 0.876 -4.931 2.336 -3.435
0.339 -0.246 0.897 -3.832 1.603 -2.824
0.34 -0.249 0.882 -1.542 1.817 -1.313
0.346 -0.24 0.876 0.718 2.092 0.351
0.356 -0.229 0.855 1.466 2.519 1.511
0.367 -0.212 0.826 -0.29 4.275 1.74
0.365 -0.224 0.832 -2.046 4.122 0.962
0.347 -0.227 0.843 -3.603 3.45 -0.107
0.333 -0.246 0.868 -4.305 2.26 -1.359
0.325 -0.245 0.887 -3.954 1.588 -2.015
0.333 -0.246 0.865 -3.618 1.542 -1.924
0.351 -0.247 0.857 -3.053 2.107 -2.336
0.373 -0.242 0.851 -3.191 2.626 -3.313
0.356 -0.226 0.851 -3.649 2.489 -4.0
0.338 -0.209 0.863 -4.58 0.992 -4.107
0.331 -0.211 0.861 -3.954 0.794 -2.458
0.335 -0.207 0.858 -3.16 0.87 -0.107
0.34 -0.216 0.854 -1.695 2.489 2.763
0.365 -0.225 0.843 -1.084 4.794 4.382
0.365 -0.229 0.85 -1.053 5.069 4.412
0.351 -0.244 0.856 -2.718 3.863 3.466
0.356 -0.257 0.87 -2.809 1.924 2.046
0.341 -0.263 0.879 -3.008 1.817 0.458
0.346 -0.26 0.871 -2.351 2.061 -0.458
0.345 -0.237 0.858 -1.939 2.656 -0.916
0.344 -0.212 0.847 -2.611 3.771 -1.237
0.338 -0.215 0.859 -3.389 3.481 -1.069
0.332 -0.205 0.875 -3.374 3.42 -0.137
0.306 -0.208 0.884 -3.466 1.45 1.374
0.305 -0.22 0.887 -2.718 0.443 3.618
0.334 -0.236 0.874 -1.252 0.931 5.038
0.351 -0.24 0.845 -0.809 3.023 5.924
0.354 -0.249 0.865 -1.496 3.954 4.824
0.348 -0.247 0.863 -2.397 3.649 3.847
0.326 -0.262 0.89 -3.13 2.153 2.29
0.326 -0.262 0.894 -2.626 0.748 1.42
0.334 -0.26 0.874 -2.168 1.389 1.267
0.33 -0.252 0.883 -1.588 2.061 1.191
0.314 -0.237 0.883 -1.252 2.611 2.015
0.327 -0.227 0.864 -1.603 2.015 2.779
0.33 -0.221 0.853 -1.924 2.824 2.962
0.339 -0.226 0.858 -3.527 1.634 2.809
0.349 -0.246 0.867 -4.0 2.031 2.565
0.333 -0.248 0.878 -4.565 1.496 1.954
0.341 -0.259 0.869 -3.985 1.038 1.863
0.355 -0.256 0.862 -2.458 1.481 1.985
0.352 -0.256 0.864 -2.244 2.229 1.42
0.344 -0.251 0.865 -2.473 2.718 0.519
0.332 -0.248 0.87 -3.13 0.87 0.0
0.327 -0.238 0.869 -2.87 0.076 0.321
0.338 -0.241 0.859 -2.198 -0.412 1.466
0.343 -0.251 0.848 -1.817 1.115 2.427
0.356 -0.264 0.861 -1.053 1.771 2.366
0.348 -0.25 0.859 -1.099 2.244 1.679
0.335 -0.239 0.864 -1.298 1.695 0.809
0.32 -0.227 0.867 -1.893 0.794 0.626
0.332 -0.218 0.861 -2.0 0.779 1.389
0.333 -0.22 0.855 -2.0 0.916 3.023
0.351 -0.23 0.826 -2.641 3.847 4.061
0.351 -0.263 0.849 -3.099 4.183 3.954
0.355 -0.274 0.86 -2.626 2.687 3.313
0.354 -0.277 0.854 -2.107 2.534 2.275
0.346 -0.275 0.864 -1.191 1.908 1.588
0.351 -0.274 0.86 -0.351 2.824 1.771
0.339 -0.269 0.869 0.275 2.534 1.924
0.329 -0.262 0.875 -0.092 2.916 1.893
0.33 -0.267 0.876 1.069 3.267 1.786