0.01 -0.151 0.917 -8.992 2.947 5.069
0.007 -0.136 0.915 -8.718 3.511 4.962
0.003 -0.132 0.922 -9.069 3.511 4.931
0.004 -0.134 0.921 -9.069 3.481 5.023
0.0 -0.137 0.919 -8.611 4.489 5.13
0.002 -0.14 0.939 -7.206 6.305 5.405
0.005 -0.134 0.927 -5.786 7.863 5.954
-0.021 -0.123 0.943 -6.198 6.901 5.939
-0.016 -0.13 0.932 -6.687 5.649 5.557
-0.031 -0.125 0.956 -7.771 2.931 5.939
-0.025 -0.137 0.965 -8.656 -0.244 6.779
-0.022 -0.145 0.966 -9.282 -0.641 6.824
-0.014 -0.145 0.966 -9.756 -1.695 5.924
-0.015 -0.165 0.971 -9.557 -1.817 5.573
-0.008 -0.157 0.958 -8.779 -1.542 5.374
-0.006 -0.172 0.964 -8.595 -2.504 5.206
0.01 -0.18 0.954 -8.137 -2.595 5.13
0.012 -0.183 0.945 -7.618 -2.137 4.794
0.003 -0.193 0.937 -6.443 -2.061 3.863
0.011 -0.185 0.928 -5.588 -1.038 3.802
0.012 -0.185 0.917 -5.664 -1.45 3.191
0.016 -0.187 0.921 -5.924 -1.221 2.687
0.017 -0.19 0.919 -5.298 -1.74 2.336
0.016 -0.183 0.911 -5.771 -1.389 1.832
0.007 -0.183 0.913 -5.282 -0.87 1.969
0.022 -0.179 0.904 -5.267 -0.885 1.45
0.023 -0.192 0.903 -4.702 0.779 1.084
0.018 -0.185 0.898 -4.336 1.191 0.321
0.019 -0.181 0.894 -4.107 1.817 0.214
0.013 -0.177 0.894 -3.924 1.832 0.244
0.012 -0.166 0.91 -3.298 2.015 0.382
0.007 -0.154 0.884 -3.893 2.519 0.626
0.007 -0.156 0.893 -4.443 1.985 1.069
0.008 -0.161 0.896 -4.779 1.191 0.947
0.011 -0.153 0.894 -4.779 1.588 1.298
0.006 -0.15 0.905 -4.885 1.817 1.649
0.001 -0.159 0.913 -4.443 2.763 2.061
0.002 -0.163 0.923 -4.015 3.053 2.031
0.001 -0.159 0.924 -3.435 3.115 2.076
-0.001 -0.166 0.932 -2.733 3.344 2.458
-0.005 -0.167 0.932 -2.305 3.771 2.107
-0.005 -0.163 0.948 -1.481 4.351 2.29
-0.01 -0.158 0.938 -1.924 2.809 2.672
-0.01 -0.163 0.937 -2.397 1.618 2.595
-0.013 -0.155 0.937 -2.855 0.565 2.87
-0.007 -0.166 0.925 -3.603 -0.626 3.13
-0.003 -0.175 0.939 -3.099 -0.473 3.237
0.002 -0.174 0.938 -2.855 -0.076 3.099
0.006 -0.177 0.935 -2.137 0.626 2.794
0.005 -0.191 0.943 -1.313 0.855 2.214
0.011 -0.192 0.93 -1.481 -0.305 1.863
0.005 -0.192 0.92 -1.786 -1.466 0.962
0.009 -0.181 0.921 -1.45 -1.496 0.168
0.002 -0.178 0.916 -0.992 0.382 0.336
-0.001 -0.169 0.911 -1.267 1.344 0.855
-0.003 -0.166 0.929 -1.679 0.992 1.267
-0.01 -0.174 0.935 -1.863 0.275 1.588
-0.014 -0.171 0.936 -2.122 -1.176 2.092
0.0 -0.175 0.925 -2.473 -1.649 2.672
0.01 -0.192 0.926 -2.458 -1.099 2.122
0.011 -0.185 0.908 -1.832 -0.351 1.725
0.006 -0.17 0.915 -2.244 0.076 1.802
0.009 -0.177 0.919 -2.489 -0.122 1.588
0.021 -0.189 0.934 -1.664 0.26 1.145
0.009 -0.173 0.93 -1.145 0.565 1.237
-0.007 -0.167 0.927 -1.573 -0.565 1.206
0.003 -0.165 0.915 -1.908 -0.824 1.328
-0.0 -0.175 0.931 -2.076 -1.191 0.824
-0.004 -0.169 0.919 -1.634 -0.382 1.069
-0.001 -0.163 0.921 -2.473 -0.794 1.328
0.001 -0.165 0.924 -2.977 -1.405 1.221
-0.004 -0.157 0.909 -2.641 -1.267 1.893
-0.008 -0.165 0.926 -2.351 -1.069 2.061
-0.009 -0.163 0.922 -1.908 -0.412 2.672
-0.014 -0.163 0.931 -2.168 -0.489 2.779
-0.007 -0.171 0.933 -1.863 -0.137 2.763
-0.005 -0.176 0.93 -1.344 0.168 2.412
0.003 -0.179 0.918 -1.863 -0.122 1.817
0.01 -0.178 0.922 -2.198 -0.29 1.176
0.004 -0.174 0.917 -2.397 -1.282 1.099
0.005 -0.177 0.91 -2.489 -1.985 1.496
0.01 -0.181 0.905 -1.832 -1.466 1.664
0.003 -0.178 0.92 -1.71 -1.435 1.725
0.005 -0.192 0.937 -1.496 -0.962 0.916
0.024 -0.191 0.935 -0.779 0.214 0.046
0.015 -0.193 0.961 -0.443 0.26 -0.763
0.015 -0.191 1.01 -0.092 -0.214 -1.649
0.023 -0.21 1.077 0.214 -2.076 -3.084
0.069 -0.233 1.176 1.084 -2.794 -3.298
0.14 -0.294 1.308 3.725 -2.763 -1.588
0.233 -0.363 1.507 10.015 1.405 -3.557
0.316 -0.346 1.656 17.603 16.855 -3.786
0.301 -0.307 1.904 22.122 28.061 -2.779
0.279 -0.25 2.215 25.069 30.672 2.687
0.208 -0.154 2.548 25.45 27.878 14.458
0.203 -0.21 2.738 25.328 11.771 25.16
0.208 -0.241 2.814 23.756 -7.863 33.389
0.231 -0.309 2.929 14.076 -34.947 37.557
0.277 -0.415 2.952 14.489 -69.45 38.687
0.376 -0.411 2.827 13.924 -90.55 37.466
0.42 -0.368 2.705 10.534 -102.885 36.84
0.406 -0.379 2.672 6.183 -121.679 38.519
0.38 -0.467 2.598 6.046 -130.107 44.214
0.385 -0.55 2.479 2.046 -134.321 44.763
0.385 -0.599 2.42 -2.0 -138.305 39.282
0.361 -0.535 2.248 -4.305 -140.061 24.275
0.309 -0.282 2.061 -16.107 -141.069 8.092
0.163 -0.075 1.888 -25.053 -145.405 -5.557
-0.038 0.136 1.857 -29.466 -146.198 -6.763
-0.192 0.249 1.855 -35.603 -153.099 -8.397
-0.219 0.324 1.633 -36.366 -156.382 -4.427
-0.081 0.211 1.296 -25.023 -138.916 4.168
-0.091 0.207 1.115 -5.954 -112.947 12.626
-0.115 0.296 0.963 15.176 -86.29 20.55
0.006 0.36 0.762 26.611 -60.489 26.122
-0.002 0.421 0.641 21.008 -45.16 27.664
-0.007 0.281 0.664 9.053 -43.527 18.458
0.058 0.111 0.63 11.267 -45.939 3.221
0.244 -0.022 0.343 20.977 -24.031 -27.359
-0.143 -0.084 0.742 32.351 -25.71 -49.969
-0.022 0.3 0.272 25.664 15.511 11.252
0.063 0.162 -0.117 5.344 7.542 17.145
0.117 0.267 -0.331 -21.908 9.771 30.107
-0.127 0.13 -0.111 -51.267 -4.397 30.26
0.059 -0.266 -0.099 -66.046 -15.084 11.023
0.077 -0.51 -0.059 -60.779 -20.885 -10.397
0.234 -0.756 -0.23 -52.382 -8.794 -47.695
0.147 -0.717 -0.116 -45.176 -2.534 -84.427
0.031 -0.434 -0.249 -42.748 -14.916 -110.382
0.021 -0.244 -0.482 -46.076 -26.565 -123.832
0.109 -0.127 -0.661 -49.466 -29.42 -122.779
0.1 0.037 -0.835 -54.885 -18.794 -106.748
-0.044 0.12 -0.747 -63.924 -10.397 -87.679
-0.12 0.027 -0.553 -57.023 -2.87 -60.84
-0.15 -0.1 -0.396 -46.26 21.435 -37.344
-0.026 -0.247 -0.168 -27.466 40.779 -26.168
0.047 -0.181 -0.14 -23.053 52.122 -29.954
0.054 -0.092 -0.127 -38.763 45.435 -45.466
0.102 -0.093 -0.024 -49.496 33.45 -59.298
-0.005 0.003 0.108 -48.26 27.878 -60.779
-0.159 0.178 0.227 -37.878 32.901 -46.046
-0.158 0.317 0.259 -26.748 45.145 -14.519
-0.082 0.31 0.305 -25.145 50.092 14.153
0.214 0.073 0.296 -23.374 55.008 35.13
0.404 -0.149 0.365 -28.504 54.382 37.435
0.531 -0.402 0.507 -32.962 45.206 17.115
0.553 -0.499 0.592 -36.198 36.214 -9.863
0.371 -0.447 0.74 -40.015 19.084 -33.176
0.293 -0.378 0.796 -27.924 11.939 -39.267
0.221 -0.22 0.74 -15.893 15.481 -32.779
0.241 -0.147 0.65 -4.672 23.176 -19.099
0.247 -0.105 0.583 -5.221 34.763 -7.069
0.236 -0.151 0.662 -12.397 41.466 0.519
0.252 -0.285 0.813 -16.427 39.771 3.328
0.283 -0.408 0.906 -17.389 37.13 -0.55
0.223 -0.488 1.078 -14.779 26.046 -8.947
0.189 -0.481 1.129 -7.954 13.053 -14.427
0.228 -0.438 1.029 2.809 6.87 -14.382
0.274 -0.42 0.951 11.115 7.847 -12.107
0.229 -0.354 0.914 15.008 8.076 -9.924
0.179 -0.306 0.906 14.55 2.305 -8.718
0.196 -0.267 0.861 12.55 -1.267 -9.908
0.206 -0.219 0.834 7.847 -2.687 -12.336
0.194 -0.206 0.844 2.809 -5.695 -13.038
0.229 -0.209 0.883 2.214 -3.176 -10.351
0.203 -0.202 0.871 4.779 -0.305 -5.023
0.19 -0.229 0.916 7.069 5.145 0.779
0.242 -0.249 0.9 11.679 8.26 5.756
0.274 -0.228 0.844 10.84 11.435 5.725
0.278 -0.217 0.862 6.443 9.832 3.023
0.305 -0.212 0.876 3.527 7.45 -0.229
0.35 -0.206 0.82 0.855 7.282 -1.985
0.364 -0.219 0.813 -3.328 6.122 -5.649
0.377 -0.223 0.823 -4.885 7.969 -8.992
0.32 -0.219 0.852 -6.198 8.504 -10.321
0.271 -0.213 0.905 -2.901 6.656 -8.458
0.274 -0.225 0.892 1.16 8.595 -4.565
0.287 -0.213 0.864 2.458 9.817 -3.008
0.295 -0.206 0.848 0.046 8.702 -3.313
0.294 -0.225 0.874 -1.359 5.74 -4.672
0.271 -0.216 0.896 -1.313 7.649 -5.634
0.266 -0.187 0.901 -1.893 7.237 -6.092
0.26 -0.179 0.897 -4.229 3.847 -6.214
0.306 -0.206 0.864 -4.672 2.672 -6.183
0.323 -0.222 0.837 -5.481 4.992 -7.618
0.31 -0.215 0.847 -6.748 4.626 -8.641
0.281 -0.23 0.932 -7.45 2.061 -9.695
0.268 -0.228 0.925 -6.427 -0.336 -10.061
0.255 -0.205 0.916 -6.779 -1.42 -10.458
0.244 -0.211 0.917 -6.061 -4.565 -10.015
0.264 -0.208 0.879 -5.328 -4.473 -9.282
0.26 -0.192 0.859 -4.672 -3.389 -7.756
0.283 -0.182 0.86 -6.29 -2.473 -7.328
0.26 -0.189 0.891 -7.527 -4.29 -6.87
0.275 -0.188 0.897 -7.359 -4.87 -5.359
0.278 -0.19 0.902 -6.611 -4.534 -3.954
0.275 -0.189 0.899 -6.092 -4.153 -3.221
0.272 -0.196 0.901 -5.45 -3.802 -2.29
0.266 -0.179 0.89 -4.885 -2.885 -1.221
0.253 -0.157 0.907 -5.084 -3.313 0.687
0.279 -0.195 0.896 -5.756 -2.107 2.244
0.319 -0.232 0.88 -4.107 1.206 3.725
0.331 -0.252 0.881 -3.573 2.855 2.611
0.329 -0.263 0.9 -2.168 2.382 0.931
0.326 -0.254 0.883 -0.58 4.321 -0.397
0.308 -0.211 0.881 -1.389 5.038 -2.351
0.284 -0.175 0.879 -3.282 5.298 -2.626
0.266 -0.179 0.893 -2.748 4.153 -0.183
0.26 -0.179 0.9 -1.405 3.924 3.389
0.262 -0.186 0.901 -0.214 2.473 6.427
0.291 -0.214 0.888 1.527 3.145 7.863
0.315 -0.218 0.885 2.519 3.527 7.206
0.313 -0.21 0.851 1.359 3.45 5.634
0.322 -0.211 0.843 -0.382 1.969 3.618
0.328 -0.214 0.844 -0.55 1.985 2.351
0.329 -0.213 0.858 -2.473 1.496 0.534
0.319 -0.214 0.867 -3.878 0.947 0.489
0.314 -0.222 0.894 -4.229 1.74 0.229
0.299 -0.227 0.924 -2.55 1.924 0.55
0.299 -0.238 0.918 0.198 1.603 1.496
0.311 -0.234 0.894 2.412 3.679 1.481
0.3 -0.205 0.889 1.695 4.229 0.977
0.276 -0.187 0.891 0.107 2.962 -0.107
0.264 -0.182 0.898 -1.145 1.603 -0.641
0.258 -0.167 0.905 -1.832 0.26 -0.275
0.263 -0.155 0.893 -2.214 -1.878 0.962
0.259 -0.162 0.905 -3.313 -2.092 1.802
0.261 -0.169 0.901 -3.053 -3.863 3.374
0.269 -0.176 0.892 -2.122 -3.069 5.924
0.286 -0.187 0.876 -1.435 -1.511 7.466
0.317 -0.205 0.844 -2.687 1.466 6.885
0.318 -0.219 0.864 -3.389 1.802 5.267
0.313 -0.224 0.886 -4.061 1.053 3.008
0.306 -0.21 0.878 -3.435 0.687 1.969
0.293 -0.185 0.882 -2.824 -0.076 2.55
0.292 -0.186 0.875 -2.534 0.397 3.695
0.302 -0.188 0.858 -2.55 2.595 4.702
0.295 -0.193 0.862 -3.893 3.267 4.168
0.291 -0.202 0.891 -4.87 1.664 3.023
0.294 -0.205 0.869 -4.656 0.962 2.351
0.287 -0.207 0.889 -5.221 -0.244 2.0
0.287 -0.221 0.882 -5.389 -0.397 1.252
0.284 -0.207 0.879 -6.061 -0.489 1.13
0.276 -0.216 0.888 -6.641 -0.336 1.267
0.282 -0.225 0.902 -6.015 -0.901 1.298
0.282 -0.23 0.895 -5.557 -1.008 1.405
0.295 -0.232 0.88 -5.313 -1.298 1.557
0.314 -0.232 0.879 -5.191 -0.321 1.099
0.315 -0.224 0.889 -5.954 -0.168 0.763
0.321 -0.236 0.863 -7.496 -0.29 -0.183
0.312 -0.246 0.89 -8.122 -1.145 -0.809
0.304 -0.261 0.898 -7.496 -1.527 -1.099
0.298 -0.263 0.918 -5.511 -1.985 -0.305
0.305 -0.269 0.9 -4.137 -0.855 0.137
0.309 -0.261 0.897 -3.267 -0.061 0.153
0.309 -0.247 0.895 -3.313 -0.824 -0.397
0.298 -0.237 0.889 -2.595 -0.931 -0.198
0.292 -0.227 0.911 -1.832 -1.084 0.015
0.288 -0.24 0.885 -0.962 -0.397 1.115
0.282 -0.231 0.89 -0.855 -0.519 1.069
0.266 -0.234 0.919 0.214 -1.237 1.924
0.277 -0.226 0.901 2.687 -0.473 3.634
0.279 -0.206 0.892 3.206 0.214 4.809
0.293 -0.202 0.882 2.229 0.672 4.412
0.299 -0.199 0.875 0.58 0.076 3.298
0.304 -0.223 0.876 -0.443 -0.336 2.031
0.287 -0.233 0.888 -1.206 -0.855 0.336
0.274 -0.226 0.901 -1.359 -1.725 -0.916
0.26 -0.204 0.901 -0.611 -2.168 -0.336
0.284 -0.208 0.865 -0.015 0.076 1.374
0.294 -0.198 0.852 0.107 2.015 2.687
0.295 -0.197 0.853 -1.634 2.122 2.763
0.272 -0.196 0.869 -3.786 0.931 2.046
0.255 -0.2 0.887 -4.183 -0.824 1.893
0.263 -0.195 0.892 -3.542 -0.809 3.206
0.268 -0.207 0.898 -1.786 -0.916 4.885
0.291 -0.204 0.88 -1.13 0.092 5.206
0.309 -0.207 0.875 -1.023 0.0 4.473
0.299 -0.205 0.869 -3.481 -2.015 2.427
0.282 -0.2 0.874 -5.099 -3.45 1.954
0.288 -0.206 0.887 -5.679 -3.511 2.595
0.312 -0.242 0.887 -3.817 -1.832 4.351
0.324 -0.241 0.876 -2.87 0.305 4.504
0.329 -0.251 0.879 -2.55 1.145 3.45
0.326 -0.253 0.872 -2.763 1.405 1.771
0.319 -0.239 0.876 -3.511 0.351 0.473
0.305 -0.242 0.887 -3.176 -0.977 0.214
0.316 -0.266 0.884 -1.496 0.382 0.458
0.314 -0.26 0.909 0.122 1.252 1.099
0.308 -0.243 0.884 1.069 1.786 1.099
0.312 -0.231 0.88 0.626 3.053 1.099
0.299 -0.206 0.885 -0.504 1.267 0.565
0.3 -0.222 0.883 -0.855 0.092 0.489
0.311 -0.222 0.872 -0.305 0.901 0.748
0.314 -0.226 0.865 -0.427 1.832 1.374
0.3 -0.236 0.895 -0.244 0.779 0.504
0.275 -0.229 0.92 0.748 -0.382 0.595
0.296 -0.216 0.888 2.672 0.641 1.389
0.298 -0.202 0.874 4.015 2.443 3.038
0.314 -0.197 0.857 2.29 2.153 3.099
0.311 -0.206 0.864 0.046 0.855 2.29
0.303 -0.211 0.886 -1.527 -0.611 0.84
0.28 -0.207 0.894 -1.634 -1.863 0.763
0.279 -0.198 0.892 -1.649 -2.718 1.527
0.309 -0.205 0.861 -0.733 -0.504 2.901
0.313 -0.194 0.859 -0.809 1.176 3.511
0.309 -0.203 0.874 -1.634 0.763 3.481
0.309 -0.227 0.885 -1.069 0.229 2.962
0.321 -0.227 0.878 0.0 1.053 2.58
0.319 -0.225 0.88 -0.962 1.267 0.916
0.321 -0.227 0.888 -2.229 0.031 -0.87
0.321 -0.227 0.875 -1.511 0.0 -2.061
0.289 -0.208 0.865 -2.015 -0.473 -2.046
0.287 -0.212 0.887 -2.305 -0.855 -1.542
0.293 -0.221 0.89 -1.878 -1.206 -0.794
0.303 -0.223 0.882 -0.977 0.015 0.504
0.312 -0.214 0.869 -1.359 1.069 0.779
0.311 -0.214 0.888 -2.076 0.305 0.366
0.308 -0.215 0.883 -2.901 -0.092 -0.458
0.309 -0.222 0.887 -2.321 -0.58 -0.595
0.306 -0.219 0.869 -2.015 0.565 -0.26
0.307 -0.221 0.87 -1.832 0.534 0.198
0.306 -0.225 0.89 -0.534 0.885 1.511
0.314 -0.221 0.872 0.947 1.893 2.305
0.298 -0.21 0.874 0.061 1.786 2.351
0.306 -0.221 0.875 -0.916 0.611 1.145
0.316 -0.217 0.871 -1.618 0.336 0.366
0.309 -0.216 0.871 -1.832 0.962 -0.107
0.31 -0.208 0.885 -2.26 0.794 -0.87
0.314 -0.212 0.861 -2.137 0.947 -0.855
0.317 -0.203 0.867 -2.626 1.023 -1.176
0.305 -0.208 0.872 -3.145 1.878 -1.084
0.314 -0.216 0.873 -4.244 2.0 -1.374
0.301 -0.215 0.888 -4.702 1.023 -2.611
0.285 -0.212 0.9 -5.313 -1.13 -3.008
0.283 -0.215 0.896 -4.351 -1.038 -2.824
0.301 -0.212 0.882 -2.992 -0.092 -1.374
0.311 -0.215 0.869 -1.771 1.573 -0.061
0.305 -0.211 0.875 -2.229 2.702 0.015
0.297 -0.212 0.899 -2.84 1.527 -0.427
0.283 -0.21 0.901 -3.008 0.015 -0.855
0.293 -0.214 0.884 -2.0 -0.153 -0.382
0.292 -0.202 0.89 -2.061 -0.046 0.366
0.299 -0.216 0.884 -0.901 -0.137 1.389
0.322 -0.216 0.872 -0.321 1.45 2.244
0.309 -0.214 0.869 0.122 2.305 2.076
0.294 -0.213 0.9 -1.618 0.763 0.733
0.303 -0.216 0.887 -2.58 0.519 -0.351
0.297 -0.214 0.885 -2.015 1.237 -0.321
0.283 -0.198 0.889 -1.405 1.282 0.565
0.286 -0.194 0.893 -0.84 1.16 2.26
0.286 -0.187 0.879 -0.473 1.176 3.42
0.287 -0.2 0.885 -0.641 1.344 4.122
0.287 -0.195 0.885 -0.84 -0.015 4.321
0.294 -0.207 0.881 -0.931 -0.107 4.534
0.313 -0.203 0.871 -1.237 1.252 4.473
0.317 -0.205 0.866 -1.618 2.0 3.878
0.319 -0.223 0.881 -1.863 2.351 3.084
0.311 -0.226 0.888 -2.565 0.672 1.527
0.294 -0.217 0.903 -2.87 -0.565 0.046
0.3 -0.22 0.884 -2.519 -0.87 -0.198
0.288 -0.207 0.888 -2.534 -0.962 -0.046
0.287 -0.202 0.883 -2.031 -1.389 0.885
0.306 -0.199 0.868 -1.237 0.947 1.893
0.32 -0.199 0.845 -1.924 1.863 2.595
0.316 -0.211 0.869 -4.092 1.344 0.977
0.311 -0.226 0.883 -4.427 0.351 -0.107
0.306 -0.228 0.885 -4.336 0.672 -1.13
0.299 -0.219 0.891 -4.595 -0.092 -1.038
0.317 -0.208 0.877 -3.664 -0.275 -0.916
0.305 -0.209 0.883 -3.237 -0.779 -0.366
0.298 -0.207 0.895 -2.0 -0.382 0.885
0.293 -0.204 0.883 -0.412 0.427 2.397
0.297 -0.218 0.893 -0.214 0.626 3.313
0.303 -0.217 0.885 -0.687 1.206 3.13
0.311 -0.204 0.883 -1.435 1.374 1.924
0.32 -0.204 0.859 -2.397 2.26 1.42
0.308 -0.196 0.866 -2.855 1.115 1.298
0.29 -0.196 0.883 -3.588 -0.29 1.511
0.288 -0.204 0.888 -2.351 0.183 2.901
0.304 -0.214 0.88 -1.344 1.023 4.076
0.31 -0.22 0.89 -1.634 1.282 4.076
0.316 -0.229 0.89 -1.298 0.794 2.626
0.32 -0.212 0.882 -1.802 0.763 1.191
0.315 -0.212 0.885 -1.618 0.656 1.237
0.308 -0.197 0.876 -1.511 0.489 1.573
0.309 -0.198 0.881 -0.794 0.962 2.382
0.299 -0.198 0.885 0.061 1.221 3.496
0.294 -0.2 0.901 0.244 1.466 3.786
0.284 -0.196 0.903 0.397 0.824 4.397
0.28 -0.197 0.896 0.687 0.0 4.626
0.29 -0.209 0.9 2.137 0.519 6.336
0.303 -0.216 0.877 3.191 2.275 7.802
0.311 -0.214 0.865 3.527 3.557 7.42
0.309 -0.217 0.862 2.229 3.985 6.168
0.305 -0.204 0.874 0.733 2.168 3.847
0.283 -0.2 0.892 -0.809 1.206 2.55
0.289 -0.204 0.907 -1.008 1.603 2.427
0.281 -0.197 0.895 -0.824 1.695 2.84
0.296 -0.197 0.879 -1.603 2.0 3.237