0.032 -0.105 0.931 -7.221 0.565 8.504
0.031 -0.117 0.947 -5.16 1.847 8.122
0.037 -0.116 0.939 -3.542 3.176 7.695
0.033 -0.11 0.927 -2.718 3.191 7.313
0.04 -0.116 0.914 -2.58 2.779 6.687
0.037 -0.115 0.912 -2.489 2.107 6.626
0.035 -0.12 0.92 -2.198 2.336 6.244
0.033 -0.117 0.928 -1.664 2.29 5.924
0.028 -0.111 0.938 -2.061 1.985 5.664
0.026 -0.105 0.948 -3.344 1.237 5.038
0.026 -0.108 0.935 -3.298 0.885 4.58
0.03 -0.115 0.925 -3.695 -0.076 4.26
0.027 -0.129 0.945 -3.267 -0.275 3.954
0.034 -0.147 0.953 -1.618 0.305 3.466
0.039 -0.146 0.941 0.076 0.672 3.023
0.047 -0.137 0.935 0.962 1.115 2.824
0.044 -0.128 0.916 0.901 1.115 2.443
0.045 -0.123 0.909 0.718 1.511 2.107
0.038 -0.124 0.908 0.351 1.756 2.198
0.034 -0.115 0.906 -0.26 1.588 1.74
0.043 -0.119 0.909 -1.176 1.099 1.191
0.041 -0.12 0.911 -1.466 1.038 0.824
0.034 -0.121 0.91 -1.45 1.298 0.489
0.037 -0.118 0.91 -1.145 1.328 0.794
0.026 -0.11 0.915 -0.84 1.282 1.817
0.027 -0.115 0.926 -0.855 1.771 1.939
0.031 -0.123 0.937 -0.672 1.878 1.908
0.031 -0.115 0.925 -0.779 1.969 1.634
0.029 -0.118 0.913 -1.313 2.0 1.664
0.03 -0.117 0.915 -1.878 1.573 1.71
0.037 -0.116 0.919 -2.733 1.191 1.771
0.035 -0.117 0.912 -2.855 1.344 1.756
0.044 -0.123 0.915 -2.489 2.061 1.771
0.044 -0.124 0.91 -1.985 2.962 1.74
0.05 -0.124 0.921 -2.076 3.13 1.237
0.042 -0.127 0.922 -1.969 3.023 0.885
0.036 -0.116 0.917 -2.824 2.672 1.008
0.026 -0.114 0.933 -3.557 1.328 1.191
0.034 -0.119 0.94 -3.237 1.038 1.573
0.031 -0.119 0.932 -2.718 1.374 1.374
0.035 -0.12 0.944 -1.511 2.382 1.542
0.038 -0.123 0.93 -1.069 3.023 0.87
0.036 -0.112 0.921 -1.282 2.763 0.809
0.029 -0.104 0.919 -1.664 1.847 0.992
0.024 -0.106 0.935 -2.748 0.916 1.069
0.037 -0.119 0.923 -3.237 -0.107 1.16
0.045 -0.124 0.931 -3.481 -0.092 0.305
0.047 -0.136 0.93 -2.458 0.397 -0.84
0.04 -0.127 0.94 -1.481 1.069 -1.16
0.034 -0.121 0.93 -0.229 1.466 -1.008
0.034 -0.108 0.92 -0.779 1.847 -0.885
0.028 -0.105 0.915 -1.481 1.679 -0.809
0.028 -0.098 0.911 -2.092 2.137 -0.336
0.023 -0.108 0.931 -1.908 2.26 -0.29
0.02 -0.109 0.928 -2.198 1.863 -0.076
0.03 -0.105 0.939 -1.771 2.504 0.137
0.027 -0.107 0.933 -1.832 1.802 0.382
0.021 -0.103 0.936 -1.42 1.649 0.55
0.022 -0.108 0.947 -1.847 1.649 0.733
0.027 -0.109 0.934 -1.71 1.649 0.916
0.03 -0.115 0.93 -1.344 1.695 0.901
0.024 -0.109 0.93 -1.573 1.908 0.809
0.027 -0.114 0.929 -1.42 2.015 0.87
0.024 -0.099 0.932 -2.229 1.42 1.023
0.022 -0.098 0.938 -2.794 0.58 1.267
0.025 -0.111 0.93 -3.45 0.168 1.588
0.026 -0.105 0.929 -2.855 1.038 1.649
0.031 -0.107 0.932 -2.443 1.069 1.634
0.026 -0.113 0.94 -2.458 1.084 1.389
0.03 -0.12 0.934 -3.481 0.183 1.008
0.038 -0.111 0.946 -3.405 -0.305 0.626
0.035 -0.114 0.939 -3.069 -0.565 0.519
0.033 -0.121 0.939 -2.275 0.229 0.641
0.038 -0.117 0.939 -1.252 0.763 0.718
0.037 -0.112 0.938 -0.702 1.099 0.809
0.033 -0.111 0.928 -1.145 1.13 1.084
0.027 -0.098 0.935 -1.847 0.412 1.115
0.018 -0.099 0.936 -2.87 -0.748 1.359
0.023 -0.112 0.959 -3.435 -1.908 1.099
0.031 -0.119 0.954 -2.855 -1.985 0.855
0.042 -0.123 0.948 -1.863 -1.13 0.29
0.035 -0.122 0.941 -1.038 -0.641 0.29
0.033 -0.106 0.924 -1.237 0.0 -0.336
0.025 -0.1 0.92 -1.374 0.031 -0.092
0.026 -0.097 0.924 -2.244 -0.595 0.366
0.026 -0.106 0.93 -2.58 -0.901 0.641
0.032 -0.107 0.933 -2.702 -0.901 1.191
0.049 -0.124 0.925 -2.443 -0.58 0.947
0.045 -0.115 0.927 -1.878 -0.168 0.29
0.043 -0.109 0.927 -1.542 0.29 0.107
0.035 -0.1 0.946 -1.176 0.305 0.122
0.034 -0.104 0.938 -0.84 0.916 0.58
0.035 -0.1 0.954 -0.779 0.626 0.794
0.035 -0.096 0.951 -1.13 0.58 0.763
0.04 -0.094 0.955 -1.725 0.58 0.382
0.041 -0.093 0.986 -2.107 0.718 0.519
0.062 -0.097 1.016 -1.328 3.466 0.046
0.095 -0.104 1.113 1.069 6.229 -1.481
0.128 -0.165 1.264 8.901 14.855 -3.969
0.197 -0.227 1.491 27.466 25.542 -4.84
0.331 -0.329 1.758 58.87 59.252 -9.023
0.363 -0.323 2.013 89.038 84.214 -9.221
0.293 -0.123 2.158 97.008 107.13 -11.267
0.113 0.159 2.255 67.939 111.924 -10.504
-0.023 0.445 2.441 12.702 86.244 0.366
-0.15 0.51 2.752 -48.168 45.908 8.321
-0.112 0.272 3.071 -75.466 -35.252 34.824
-0.024 0.01 3.353 -68.794 -72.687 56.107
0.188 -0.311 3.311 -43.908 -73.435 67.405
0.282 -0.412 3.2 -20.458 -59.328 71.573
0.269 -0.404 3.095 -17.893 -63.496 66.397
0.178 -0.252 2.892 -35.344 -97.176 57.405
0.095 -0.207 2.699 -69.099 -122.397 49.802
-0.079 -0.15 2.531 -81.298 -159.878 33.008
-0.15 -0.223 2.294 -87.664 -167.725 26.595
-0.262 -0.225 2.278 -86.992 -182.55 26.687
-0.353 -0.269 2.158 -73.13 -194.672 25.847
-0.364 -0.271 1.825 -56.824 -180.947 26.321
-0.385 -0.215 1.638 -41.176 -165.924 22.824
-0.491 -0.115 1.491 -25.664 -157.573 17.634
-0.534 -0.007 1.231 -22.412 -156.748 6.168
-0.452 -0.015 1.042 -27.008 -151.176 0.931
-0.309 -0.035 0.678 -30.672 -131.878 -3.725
-0.194 -0.02 0.24 -4.168 -105.252 -24.26
-0.412 -0.01 0.404 43.237 -106.382 -27.084
-0.083 0.026 -0.058 40.168 -104.55 -8.992
0.021 -0.05 -0.282 47.954 -95.74 -2.718
0.093 -0.191 -0.363 58.458 -79.908 -2.672
0.131 -0.342 -0.403 71.618 -56.992 -11.191
0.09 -0.295 -0.353 76.58 -32.565 -25.817
-0.052 -0.188 -0.3 67.084 -28.962 -36.229
-0.161 -0.089 -0.203 50.336 -39.908 -46.427
-0.285 -0.023 -0.226 44.763 -46.763 -44.534
-0.325 -0.037 -0.22 39.023 -51.13 -40.748
-0.256 0.024 -0.28 37.954 -42.55 -36.397
-0.209 0.041 -0.26 34.489 -45.756 -24.901
-0.122 0.021 0.025 42.947 -51.389 -5.969
-0.033 -0.18 -0.378 38.748 -46.58 -17.878
0.077 -0.24 -0.532 29.985 -22.489 -28.214
0.046 -0.142 -0.174 23.924 -20.351 -40.107
-0.004 0.07 -0.175 22.885 -18.443 -44.351
0.045 0.159 -0.254 14.641 -15.725 -42.519
0.168 0.173 -0.381 8.626 -10.0 -34.351
0.238 0.253 -0.39 -10.809 -6.046 -30.351
0.344 0.197 -0.324 -28.779 -1.588 -24.641
0.354 0.18 -0.222 -46.137 -1.038 -21.618
0.389 0.132 -0.068 -56.595 2.733 -18.809
0.384 0.124 0.062 -63.832 5.603 -15.374
0.416 0.035 0.238 -64.656 5.588 -12.015
0.47 -0.073 0.327 -55.74 12.229 -7.344
0.395 -0.108 0.5 -46.076 14.473 -2.229
0.407 -0.168 0.661 -36.382 14.687 -1.298
0.434 -0.204 0.704 -24.962 14.977 -0.015
0.43 -0.183 0.711 -19.939 14.183 -1.618
0.468 -0.154 0.602 -17.053 12.87 -4.122
0.487 -0.124 0.587 -16.565 12.931 -6.153
0.537 -0.093 0.546 -14.672 16.092 -5.16
0.554 -0.095 0.55 -10.336 17.313 -1.298
0.499 -0.08 0.562 -13.588 20.687 -0.092
0.493 -0.118 0.686 -13.634 22.473 0.611
0.438 -0.126 0.778 -7.802 19.008 3.115
0.412 -0.101 0.797 -5.023 18.443 3.359
0.41 -0.099 0.859 -6.031 11.42 5.313
0.455 -0.101 0.742 -6.351 12.87 4.321
0.47 -0.078 0.663 -8.382 16.0 3.069
0.496 -0.114 0.686 -8.229 20.458 3.954
0.472 -0.108 0.764 -9.053 19.282 4.168
0.441 -0.105 0.642 -10.336 14.84 0.809
0.427 -0.114 0.81 -13.053 12.26 2.382
0.448 -0.123 0.814 -13.313 11.939 1.649
0.438 -0.122 0.826 -14.656 10.702 0.779
0.424 -0.141 0.873 -14.916 7.924 0.504
0.392 -0.149 0.909 -14.824 6.641 -0.198
0.375 -0.154 0.967 -8.84 5.008 1.527
0.352 -0.144 0.986 0.214 4.443 4.504
0.388 -0.145 0.903 8.26 6.763 9.573
0.432 -0.159 0.839 12.504 8.809 11.145
0.465 -0.184 0.821 14.901 10.702 7.191
0.457 -0.173 0.819 9.771 8.779 7.099
0.472 -0.156 0.828 8.885 13.053 4.626
0.465 -0.142 0.815 6.229 13.817 2.611
0.461 -0.136 0.831 0.718 12.687 -0.275
0.466 -0.148 0.884 -2.382 9.863 -4.198
0.437 -0.142 0.899 -3.252 7.45 -7.573
0.408 -0.126 0.93 -3.176 6.84 -8.611
0.401 -0.118 0.947 -0.656 5.313 -8.153
0.405 -0.106 0.917 2.687 5.496 -6.901
0.382 -0.09 0.924 2.718 5.389 -6.29
0.379 -0.079 0.896 1.435 6.275 -6.046
0.36 -0.067 0.89 -1.328 6.809 -6.244
0.365 -0.078 0.909 -2.015 6.504 -5.145
0.381 -0.085 0.906 -0.397 7.939 -4.351
0.381 -0.072 0.887 0.275 8.336 -3.725
0.388 -0.083 0.866 -0.382 8.489 -4.168
0.387 -0.077 0.869 -0.153 7.45 -5.053
0.382 -0.07 0.868 -1.771 5.969 -5.389
0.385 -0.067 0.858 -1.634 5.282 -4.305
0.372 -0.052 0.872 -2.092 6.092 -3.328
0.386 -0.05 0.869 -2.26 5.969 -2.214
0.392 -0.062 0.842 -1.344 6.305 -0.901
0.38 -0.072 0.834 -2.611 6.458 -1.221
0.373 -0.053 0.891 -2.382 5.038 -0.87
0.358 -0.047 0.891 -2.168 4.382 0.321
0.364 -0.039 0.895 -3.756 3.389 1.359
0.375 -0.043 0.888 -6.672 1.863 0.687
0.375 -0.054 0.877 -9.969 -0.397 -0.198
0.378 -0.069 0.88 -11.481 -1.893 -1.618
0.376 -0.052 0.877 -10.763 -2.58 -1.435
0.379 -0.058 0.859 -10.885 -1.908 -0.443
0.398 -0.056 0.856 -11.45 -0.824 0.397
0.412 -0.076 0.861 -13.13 -1.115 1.496
0.422 -0.127 0.882 -12.626 -1.115 1.313
0.412 -0.143 0.914 -11.282 -1.038 0.427
0.394 -0.153 0.954 -8.641 -3.588 -0.015
0.397 -0.138 0.945 -6.794 -4.229 -0.55
0.399 -0.135 0.918 -5.328 -4.809 -0.427
0.417 -0.138 0.884 -4.153 -4.0 -0.092
0.421 -0.15 0.877 -2.885 -3.542 -0.122
0.42 -0.14 0.869 -2.763 -1.939 -0.733
0.422 -0.145 0.883 -2.748 -1.435 -2.244
0.406 -0.134 0.909 -2.26 -0.947 -3.191
0.386 -0.116 0.911 -0.779 -2.702 -3.115
0.381 -0.093 0.908 0.595 -4.351 -2.534
0.397 -0.099 0.879 2.198 -2.779 -1.878
0.402 -0.094 0.867 3.466 -2.183 -1.344
0.414 -0.091 0.859 3.527 -0.962 -1.435
0.418 -0.079 0.858 3.313 -0.656 -1.679
0.414 -0.086 0.855 3.389 -1.191 -1.771
0.413 -0.076 0.847 4.718 0.382 -1.359
0.41 -0.055 0.841 4.229 1.237 -0.489
0.4 -0.052 0.832 2.55 1.405 -0.412
0.409 -0.067 0.851 1.313 1.16 -0.87
0.405 -0.06 0.836 1.344 1.145 -0.947
0.399 -0.053 0.83 0.26 0.672 -0.87
0.404 -0.067 0.839 0.137 0.458 -0.412
0.412 -0.063 0.833 0.275 -0.122 0.076
0.405 -0.061 0.837 0.55 0.931 0.55
0.416 -0.052 0.824 -0.198 1.252 0.55
0.417 -0.049 0.818 -1.618 1.252 0.351
0.409 -0.063 0.828 -2.397 1.756 0.55
0.405 -0.076 0.829 -1.557 3.008 1.145
0.411 -0.08 0.854 -1.053 4.443 2.153
0.425 -0.104 0.868 0.366 3.374 2.366
0.425 -0.107 0.854 0.382 4.168 1.176
0.408 -0.096 0.875 0.58 3.221 0.076
0.409 -0.093 0.887 0.794 2.702 -0.305
0.415 -0.083 0.869 -0.107 1.771 -0.824
0.403 -0.079 0.884 -1.13 1.954 -1.145
0.403 -0.073 0.882 -2.092 2.046 -1.481
0.389 -0.073 0.893 -3.435 0.672 -1.786
0.399 -0.078 0.892 -4.137 -0.153 -2.58
0.399 -0.084 0.894 -3.695 0.153 -2.824
0.401 -0.079 0.904 -3.191 -0.626 -2.718
0.391 -0.061 0.892 -2.718 -0.763 -2.244
0.396 -0.061 0.881 -1.924 -0.412 -1.405
0.4 -0.067 0.88 -1.298 -0.58 -0.718
0.399 -0.062 0.879 -0.534 -0.641 -0.26
0.397 -0.068 0.878 0.061 -0.626 -0.107
0.405 -0.068 0.88 1.282 -0.336 0.198
0.412 -0.067 0.862 1.924 0.458 0.321
0.418 -0.056 0.842 0.336 0.076 -0.168
0.405 -0.058 0.85 -1.13 -0.595 -0.336
0.41 -0.057 0.85 -2.672 -1.496 -1.069
0.398 -0.05 0.866 -3.817 -1.924 -1.649
0.391 -0.054 0.867 -3.695 -2.55 -1.298
0.387 -0.052 0.876 -3.328 -3.084 0.229
0.41 -0.045 0.859 -2.168 -1.344 1.053
0.409 -0.049 0.846 -3.023 -1.71 1.527
0.424 -0.06 0.843 -4.214 -1.42 1.099
0.418 -0.064 0.852 -5.237 -2.244 0.244
0.413 -0.081 0.867 -6.305 -3.954 -0.962
0.425 -0.085 0.867 -6.321 -4.809 -2.321
0.422 -0.086 0.859 -5.939 -5.649 -3.13
0.431 -0.064 0.822 -7.389 -3.725 -3.374
0.43 -0.062 0.824 -8.809 -2.672 -2.366
0.431 -0.07 0.837 -8.092 -1.603 -1.16
0.422 -0.089 0.873 -4.916 0.153 -0.076
0.42 -0.088 0.878 -1.664 2.229 1.069
0.429 -0.081 0.86 0.55 2.519 1.389
0.431 -0.083 0.868 0.305 2.534 1.252
0.421 -0.072 0.864 0.031 2.855 0.733
0.409 -0.066 0.863 0.382 2.031 1.008
0.407 -0.066 0.866 1.634 3.435 2.107
0.398 -0.071 0.885 3.389 3.145 3.481
0.409 -0.06 0.875 2.824 2.718 3.725
0.414 -0.072 0.863 2.351 1.42 3.359
0.427 -0.072 0.865 1.344 1.374 2.534
0.422 -0.068 0.849 0.702 0.87 1.969
0.416 -0.062 0.869 -0.29 -0.122 1.725
0.417 -0.068 0.853 -0.672 -0.031 1.313
0.408 -0.062 0.864 -1.13 -0.458 1.206
0.401 -0.072 0.864 -1.802 -0.473 1.237
0.401 -0.068 0.872 -1.893 -0.84 1.771
0.397 -0.074 0.875 -1.71 -0.611 2.214
0.394 -0.089 0.871 -1.618 -0.687 2.397
0.405 -0.095 0.88 -1.008 -0.794 2.397
0.416 -0.088 0.861 -0.641 -1.557 2.26
0.439 -0.094 0.844 -1.496 -1.725 1.725
0.434 -0.101 0.832 -4.26 -3.573 0.458
0.432 -0.099 0.847 -6.55 -3.893 -1.115
0.438 -0.104 0.868 -5.908 -3.908 -1.74
0.431 -0.101 0.865 -3.221 -2.076 -1.527
0.428 -0.086 0.856 -1.084 -0.397 -1.023
0.433 -0.082 0.861 -0.489 -0.015 -0.901
0.431 -0.077 0.848 -1.023 -0.092 -1.221
0.431 -0.08 0.851 -0.763 0.855 -1.16
0.434 -0.091 0.84 0.489 1.832 -1.16
0.424 -0.077 0.856 0.901 2.779 -1.298
0.431 -0.075 0.855 0.672 2.489 -1.496
0.417 -0.062 0.853 -0.427 2.107 -1.679
0.421 -0.062 0.849 -0.794 2.229 -1.695
0.417 -0.059 0.858 -0.916 1.496 -1.435
0.403 -0.057 0.869 -0.198 1.359 -0.855
0.397 -0.044 0.865 0.137 0.412 -0.229
0.404 -0.049 0.845 -0.26 0.794 0.244
0.423 -0.05 0.835 -1.13 1.786 0.366
0.421 -0.058 0.858 -1.664 2.229 -0.137
0.409 -0.048 0.866 -1.145 1.924 0.107
0.395 -0.049 0.877 -1.496 0.504 0.58
0.404 -0.052 0.882 -1.038 0.733 0.626
0.403 -0.057 0.875 -0.473 0.031 0.672
0.415 -0.049 0.864 0.122 0.595 1.511
0.412 -0.044 0.854 -0.473 0.0 1.649
0.404 -0.038 0.863 -1.267 -0.107 1.878
0.403 -0.041 0.866 -1.542 -0.504 2.412
0.407 -0.052 0.86 -1.527 -0.336 3.115
0.429 -0.06 0.854 -1.679 0.031 2.763
0.439 -0.07 0.832 -1.099 0.855 2.626
0.444 -0.077 0.853 -1.832 1.542 1.71
0.446 -0.09 0.845 -1.45 1.099 1.344
0.431 -0.072 0.837 -1.679 1.145 0.748
0.426 -0.08 0.857 -1.832 1.695 0.229
0.417 -0.074 0.863 -1.145 1.237 0.015
0.409 -0.063 0.87 -2.061 1.084 -0.718
0.414 -0.062 0.874 -1.802 0.0 -1.084
0.406 -0.058 0.872 -1.206 0.153 -0.718
0.412 -0.05 0.874 -0.076 1.313 0.397
0.403 -0.042 0.857 -0.718 1.328 1.328
0.415 -0.06 0.863 -1.649 1.466 1.389
0.426 -0.07 0.855 -1.511 1.298 0.794
0.429 -0.068 0.861 -1.374 1.511 0.351
0.415 -0.053 0.863 -1.618 1.145 0.672
0.403 -0.045 0.866 -1.466 0.137 1.344
0.4 -0.037 0.87 -0.763 1.16 2.656
0.414 -0.049 0.856 0.565 2.092 4.122
0.422 -0.063 0.865 -0.29 2.458 3.954
0.422 -0.07 0.87 -1.282 1.893 2.687
0.417 -0.069 0.874 -2.046 0.061 2.0
0.415 -0.055 0.864 -1.42 -0.046 1.71
0.395 -0.049 0.875 -1.42 -1.099 2.382
0.407 -0.055 0.865 -0.733 0.427 3.374
0.434 -0.068 0.857 0.412 1.496 3.985
0.438 -0.075 0.84 1.115 2.382 4.015
0.435 -0.082 0.853 0.794 2.687 2.947
0.426 -0.076 0.86 0.321 1.939 1.496
0.418 -0.059 0.846 -0.137 1.053 0.641
0.421 -0.049 0.836 -0.977 1.099 0.427
0.43 -0.046 0.824 -2.779 1.191 0.489
0.417 -0.048 0.848 -3.802 0.885 0.397
0.414 -0.055 0.867 -2.656 1.053 1.237
0.413 -0.058 0.867 -1.603 1.985 1.985
0.405 -0.059 0.864 -0.992 1.557 2.412
0.412 -0.062 0.856 -1.328 2.489 2.458
0.416 -0.065 0.869 -1.588 0.809 2.183
0.423 -0.067 0.858 -2.626 0.702 1.847
0.424 -0.078 0.857 -2.473 0.412 0.947
0.417 -0.071 0.867 -2.87 -0.305 0.321
0.416 -0.071 0.86 -2.901 0.473 0.397
0.419 -0.062 0.849 -2.626 0.351 0.183
0.418 -0.056 0.842 -3.053 0.87 0.107
0.412 -0.052 0.862 -3.878 0.626 -0.198
0.418 -0.056 0.864 -4.122 1.038 0.29
0.407 -0.053 0.875 -2.992 1.069 0.702
0.412 -0.062 0.86 -2.489 0.977 1.008
0.417 -0.054 0.844 -3.038 0.244 0.763
0.427 -0.068 0.837 -4.473 0.214 -0.183
0.41 -0.061 0.866 -5.008 0.26 -1.099
0.414 -0.055 0.872 -3.771 -0.031 -0.183
0.4 -0.05 0.873 -2.611 0.641 0.84
0.402 -0.045 0.878 -1.847 1.023 1.863
0.402 -0.048 0.875 -1.511 0.733 2.672
0.414 -0.06 0.852 -2.015 0.656 3.084
0.43 -0.066 0.852 -1.924 2.092 2.626
0.431 -0.066 0.857 -2.382 1.481 2.153
0.413 -0.065 0.858 -2.885 1.374 1.435
0.416 -0.069 0.857 -3.267 0.504 0.626
0.415 -0.06 0.894 -2.947 -0.26 0.702
0.423 -0.063 0.871 -2.214 -0.473 0.534
0.42 -0.069 0.885 -1.115 0.519 0.718
0.411 -0.062 0.872 -1.496 -0.229 0.534
0.414 -0.059 0.859 -1.679 -0.504 0.595
0.419 -0.068 0.852 -0.702 0.443 0.901
0.413 -0.051 0.836 0.504 1.45 1.237
0.396 -0.042 0.85 0.198 1.282 1.649
0.391 -0.048 0.865 -0.153 0.992 2.153
0.393 -0.046 0.88 0.977 1.221 3.405
0.395 -0.046 0.868 1.42 1.893 4.26
0.407 -0.065 0.868 0.641 1.191 4.061
0.416 -0.067 0.88 0.58 1.679 3.191
0.409 -0.065 0.885 1.221 0.061 2.977