-0.041 -0.129 0.943 -10.046 1.832 8.046
-0.049 -0.121 0.936 -10.153 2.489 8.519
-0.061 -0.111 0.939 -10.748 0.977 8.931
-0.068 -0.124 0.937 -11.282 -1.481 9.573
-0.054 -0.129 0.945 -10.916 -1.542 9.893
-0.035 -0.161 0.944 -9.588 -2.656 9.695
-0.031 -0.162 0.941 -8.733 -2.58 8.458
-0.021 -0.169 0.939 -7.695 -1.893 6.855
-0.023 -0.17 0.939 -6.168 -1.908 6.061
-0.034 -0.156 0.932 -4.458 -0.534 6.046
-0.029 -0.144 0.936 -3.374 1.115 6.992
-0.039 -0.143 0.939 -2.534 1.832 6.947
-0.049 -0.136 0.942 -2.595 1.435 6.656
-0.067 -0.138 0.947 -2.916 -0.702 6.427
-0.059 -0.145 0.947 -2.672 -2.565 5.924
-0.056 -0.15 0.94 -2.275 -3.817 5.191
-0.045 -0.154 0.939 -1.939 -3.74 4.718
-0.034 -0.152 0.927 -1.282 -2.107 4.397
-0.027 -0.154 0.92 -0.962 -0.489 3.878
-0.049 -0.152 0.927 -0.55 -0.611 3.405
-0.049 -0.138 0.916 -0.931 -1.374 2.779
-0.055 -0.139 0.911 -1.206 -1.695 2.641
-0.05 -0.134 0.909 -1.16 -1.649 2.427
-0.048 -0.139 0.902 -1.069 -0.733 2.321
-0.047 -0.142 0.899 0.122 -1.084 2.916
-0.056 -0.133 0.914 -0.29 -1.221 2.931
-0.061 -0.134 0.912 0.55 -0.916 2.153
-0.061 -0.125 0.901 0.901 -0.061 2.183
-0.058 -0.115 0.89 0.305 0.366 2.336
-0.06 -0.118 0.899 -0.305 1.71 2.55
-0.059 -0.125 0.906 0.58 2.183 3.206
-0.056 -0.125 0.899 0.794 3.771 3.817
-0.071 -0.123 0.913 0.58 4.519 4.092
-0.068 -0.125 0.923 0.015 2.275 3.725
-0.063 -0.136 0.93 -0.305 0.656 3.191
-0.061 -0.14 0.938 -0.275 -0.534 2.229
-0.056 -0.133 0.912 -0.733 -0.901 2.198
-0.048 -0.137 0.915 -0.656 -1.115 2.489
-0.04 -0.129 0.895 -0.153 1.099 3.13
-0.049 -0.135 0.918 -0.718 2.168 3.573
-0.051 -0.141 0.921 -0.718 2.565 2.962
-0.049 -0.143 0.917 -0.672 2.931 2.519
-0.046 -0.14 0.917 -0.107 3.328 2.534
-0.051 -0.129 0.927 -0.076 3.954 2.626
-0.05 -0.126 0.901 -0.733 2.672 2.962
-0.05 -0.139 0.928 -1.649 2.58 2.137
-0.061 -0.135 0.933 -1.634 1.282 1.344
-0.049 -0.129 0.916 -1.634 1.099 1.45
-0.051 -0.125 0.93 -1.328 2.229 2.443
-0.053 -0.13 0.932 -1.496 2.305 2.473
-0.051 -0.138 0.936 -1.466 3.115 2.198
-0.05 -0.13 0.943 -1.435 2.748 1.878
-0.049 -0.132 0.944 -1.893 1.557 1.771
-0.049 -0.129 0.941 -1.817 0.26 1.802
-0.05 -0.131 0.943 -1.496 -0.26 1.191
-0.043 -0.135 0.936 -1.374 -0.733 1.084
-0.042 -0.127 0.93 -1.344 1.481 1.053
-0.043 -0.125 0.929 -1.511 2.046 1.252
-0.05 -0.125 0.941 -2.229 1.313 0.962
-0.053 -0.13 0.936 -2.382 0.534 0.305
-0.051 -0.134 0.929 -1.908 -0.702 -0.366
-0.044 -0.15 0.935 -0.58 -0.168 -1.008
-0.045 -0.137 0.936 0.901 1.359 -1.023
-0.051 -0.121 0.925 1.099 2.489 -1.313
-0.051 -0.128 0.927 1.038 2.443 -1.527
-0.057 -0.118 0.916 1.389 2.351 -1.74
-0.07 -0.105 0.919 1.634 1.802 -1.237
-0.084 -0.087 0.92 0.901 0.962 -0.336
-0.063 -0.082 0.971 -1.557 -2.504 1.206
0.005 -0.143 1.014 -3.328 -2.336 0.733
0.083 -0.221 1.085 -3.74 -2.656 -1.038
0.161 -0.281 1.198 -2.076 -0.229 -5.756
0.215 -0.322 1.331 3.313 5.252 -12.412
0.24 -0.265 1.465 10.763 14.702 -20.107
0.235 -0.149 1.679 22.611 25.191 -24.489
0.163 -0.03 1.957 38.534 37.802 -19.878
0.184 -0.027 2.321 51.496 45.191 -8.992
0.211 -0.12 2.639 61.374 52.565 -2.733
0.114 -0.046 2.9 60.473 42.748 -2.0
0.023 0.083 3.033 51.496 10.275 -1.313
-0.031 0.246 3.031 34.153 -32.397 0.076
-0.098 0.335 3.041 16.183 -79.985 6.489
-0.116 0.257 3.051 5.832 -117.893 19.863
-0.023 0.012 3.019 5.328 -148.107 38.519
0.111 -0.198 2.842 2.26 -166.198 51.863
0.264 -0.395 2.743 -5.176 -173.802 54.519
0.412 -0.443 2.596 -12.427 -177.832 48.748
0.47 -0.389 2.417 -17.023 -174.931 36.87
0.354 -0.235 2.295 -22.168 -171.023 24.473
0.022 -0.088 2.311 -29.634 -166.626 19.786
-0.237 0.089 2.176 -37.466 -166.962 19.13
-0.51 0.319 2.033 -46.031 -181.435 22.763
-0.312 0.297 1.607 -51.908 -180.504 26.641
-0.233 0.311 1.201 -54.763 -167.802 25.924
-0.332 0.452 1.022 -63.099 -137.634 31.771
-0.592 0.564 1.085 -66.412 -130.046 44.656
-0.506 0.46 0.953 -67.969 -125.13 56.397
-0.285 0.134 0.958 -54.855 -112.962 54.733
-0.035 0.02 0.662 -41.924 -105.282 35.344
0.44 -0.482 0.329 -5.847 -163.191 -53.511
0.107 0.56 -0.146 -24.901 -57.527 -11.282
0.078 0.503 0.0 -50.763 -68.489 17.298
0.196 0.442 -0.175 -53.053 -45.679 40.0
0.316 0.314 -0.255 -64.198 3.099 62.198
0.239 0.187 -0.151 -76.458 31.099 76.382
0.119 0.062 -0.125 -88.489 50.84 85.008
-0.056 -0.371 0.207 -82.382 60.962 83.893
0.058 -0.897 0.51 -55.374 71.878 64.0
0.147 -1.033 0.335 -33.924 58.641 25.206
0.102 -0.942 0.089 -15.603 53.282 -9.282
-0.097 -0.767 0.294 -7.42 20.473 -43.099
0.09 -0.64 -0.364 -7.573 16.015 -77.496
-0.184 -0.469 -0.31 -1.405 16.244 -90.718
-0.375 -0.22 -0.435 -0.031 12.351 -88.565
-0.378 0.007 -0.504 -9.008 13.679 -79.588
-0.205 0.056 -0.695 -21.618 10.855 -74.366
-0.107 -0.093 -0.704 -30.0 25.221 -77.176
-0.171 -0.201 -0.347 -27.45 26.931 -81.954
-0.166 -0.3 -0.142 -22.229 29.282 -93.802
-0.292 -0.151 -0.046 -22.321 17.466 -103.664
-0.349 -0.011 0.018 -26.412 8.214 -106.031
-0.274 0.056 0.122 -30.824 -2.412 -102.076
-0.131 0.159 0.118 -36.29 -11.328 -91.924
0.182 0.196 -0.055 -46.351 -5.527 -82.351
0.305 0.112 0.023 -54.137 3.45 -74.031
0.354 0.028 0.123 -54.397 11.573 -65.16
0.241 -0.054 0.415 -43.527 17.481 -52.412
0.201 -0.077 0.579 -33.115 14.519 -41.557
0.303 -0.104 0.502 -31.237 12.107 -39.008
0.413 -0.076 0.425 -36.687 9.511 -39.832
0.554 -0.144 0.269 -47.802 16.046 -42.626
0.506 -0.172 0.391 -59.374 21.557 -45.176
0.451 -0.236 0.545 -61.206 21.191 -39.71
0.403 -0.359 0.73 -46.87 21.298 -23.878
0.436 -0.428 0.735 -29.344 17.832 -12.0
0.444 -0.462 0.699 -13.832 19.679 -4.779
0.554 -0.473 0.753 -3.588 28.458 -6.061
0.515 -0.425 0.739 2.901 31.939 -9.16
0.464 -0.341 0.712 1.389 29.267 -16.076
0.427 -0.289 0.683 -3.191 24.763 -23.115
0.409 -0.304 0.732 -3.389 23.405 -26.397
0.346 -0.238 0.766 -2.244 24.672 -22.656
0.32 -0.239 0.796 -2.382 23.771 -19.863
0.298 -0.256 0.823 -2.565 19.573 -19.176
0.271 -0.241 0.841 -3.099 15.771 -17.206
0.254 -0.268 0.887 -0.718 11.374 -13.847
0.258 -0.297 0.958 4.992 7.588 -9.74
0.251 -0.318 0.967 10.58 3.557 -7.786
0.217 -0.285 1.001 13.115 -2.702 -7.802
0.232 -0.253 0.922 12.687 -6.122 -6.244
0.229 -0.152 0.817 7.756 -5.023 -1.496
0.284 -0.188 0.817 6.244 -2.336 4.336
0.289 -0.189 0.824 4.748 1.389 11.374
0.315 -0.239 0.837 0.397 3.313 13.725
0.328 -0.349 0.918 -0.168 2.794 11.374
0.301 -0.378 0.976 2.336 -0.107 8.122
0.304 -0.366 0.92 6.015 -5.298 5.802
0.325 -0.308 0.865 8.641 -6.198 4.992
0.36 -0.256 0.829 6.824 -6.779 3.618
0.395 -0.19 0.721 1.573 -0.275 3.328
0.422 -0.207 0.713 -5.618 4.489 2.321
0.439 -0.246 0.75 -11.237 7.145 0.107
0.384 -0.297 0.844 -12.565 4.947 -0.504
0.362 -0.329 0.88 -9.634 5.695 1.176
0.365 -0.357 0.906 -2.092 6.473 4.0
0.383 -0.344 0.863 2.672 9.511 5.252
0.369 -0.328 0.88 4.473 9.099 5.084
0.373 -0.312 0.863 5.084 8.366 3.496
0.361 -0.29 0.843 5.405 7.313 2.977
0.344 -0.275 0.843 5.496 6.641 2.382
0.345 -0.26 0.804 3.466 4.122 0.718
0.373 -0.279 0.821 1.878 2.443 -1.115
0.364 -0.267 0.807 0.412 1.893 -2.031
0.34 -0.252 0.846 -1.45 0.427 -3.298
0.356 -0.279 0.856 -1.069 -0.824 -3.511
0.341 -0.282 0.866 -0.366 1.084 -4.229
0.312 -0.262 0.905 0.977 -0.107 -3.481
0.308 -0.236 0.877 2.947 -0.794 -1.771
0.312 -0.242 0.853 3.756 0.214 -0.015
0.312 -0.232 0.856 4.092 1.405 2.824
0.311 -0.218 0.833 4.305 1.542 6.58
0.355 -0.253 0.829 3.16 3.557 7.466
0.355 -0.273 0.842 2.0 6.351 6.336
0.337 -0.257 0.861 0.534 9.618 5.878
0.312 -0.246 0.898 -0.198 9.13 5.344
0.306 -0.26 0.932 2.046 8.55 6.947
0.315 -0.265 0.922 4.122 8.947 7.557
0.318 -0.276 0.907 4.107 6.611 5.588
0.324 -0.278 0.905 2.748 4.962 2.55
0.302 -0.275 0.905 2.214 2.031 0.87
0.329 -0.265 0.871 2.168 1.466 1.069
0.327 -0.263 0.869 1.924 0.687 0.809
0.328 -0.259 0.864 0.183 1.282 -0.504
0.318 -0.257 0.868 -2.382 0.183 -2.809
0.329 -0.257 0.854 -5.573 0.595 -5.206
0.323 -0.267 0.868 -7.802 2.214 -6.733
0.31 -0.282 0.902 -7.771 2.519 -7.924
0.301 -0.281 0.915 -5.817 1.908 -8.076
0.299 -0.264 0.9 -3.802 0.809 -6.809
0.292 -0.248 0.887 -2.519 1.878 -4.718
0.283 -0.237 0.874 -1.954 2.595 -2.595
0.307 -0.237 0.876 -1.618 3.298 -0.519
0.326 -0.24 0.869 -1.511 5.313 0.916
0.314 -0.234 0.863 -1.893 2.687 1.969
0.344 -0.271 0.855 -1.252 2.092 2.87
0.352 -0.3 0.861 -0.84 2.824 1.557
0.33 -0.289 0.889 -1.481 1.603 -0.992
0.327 -0.275 0.879 -1.542 1.008 -2.55
0.321 -0.262 0.867 -1.496 -0.046 -3.221
0.329 -0.231 0.834 -1.42 -0.473 -2.672
0.349 -0.229 0.84 -2.168 1.771 -2.366
0.344 -0.24 0.867 -2.351 2.84 -1.832
0.322 -0.232 0.863 -2.58 1.878 -1.328
0.332 -0.261 0.852 -2.55 2.107 -1.359
0.35 -0.271 0.87 -2.26 1.863 -3.145
0.35 -0.263 0.87 -2.534 1.878 -5.206
0.338 -0.25 0.865 -3.832 1.557 -6.794
0.319 -0.238 0.883 -4.29 1.252 -6.87
0.309 -0.226 0.88 -3.405 0.061 -5.115
0.321 -0.233 0.866 -1.649 0.809 -2.672
0.324 -0.232 0.884 -0.458 2.275 -1.16
0.303 -0.23 0.889 0.58 0.87 0.076
0.33 -0.225 0.87 2.0 2.107 2.076
0.311 -0.219 0.887 1.389 1.893 1.496
0.322 -0.215 0.879 -0.382 2.611 1.344
0.337 -0.239 0.855 -2.565 2.076 0.55
0.336 -0.264 0.87 -2.763 3.832 0.198
0.336 -0.266 0.88 -2.168 3.282 -1.023
0.327 -0.258 0.879 -1.206 3.878 -1.725
0.316 -0.248 0.881 -0.702 3.359 -2.397
0.299 -0.242 0.89 -0.611 3.008 -3.237
0.299 -0.219 0.885 -0.611 2.26 -3.542
0.301 -0.213 0.871 -1.664 2.473 -3.817
0.308 -0.206 0.86 -3.191 1.191 -3.527
0.333 -0.211 0.856 -4.519 1.939 -3.603
0.327 -0.205 0.864 -6.107 2.336 -3.298
0.328 -0.212 0.882 -6.824 1.496 -2.885
0.323 -0.217 0.883 -6.137 0.321 -2.656
0.306 -0.214 0.886 -5.42 0.153 -2.473
0.304 -0.225 0.887 -4.336 -1.145 -1.725
0.326 -0.226 0.871 -3.634 -0.534 -1.313
0.337 -0.222 0.856 -2.931 0.076 -0.718
0.337 -0.223 0.865 -1.557 1.466 0.626
0.344 -0.227 0.859 -1.008 2.977 1.313
0.342 -0.234 0.859 -0.901 3.481 1.374
0.335 -0.245 0.868 -0.84 3.573 -0.122
0.309 -0.233 0.881 -0.183 2.763 -0.947
0.308 -0.227 0.882 1.267 1.649 0.534
0.304 -0.209 0.863 2.641 3.618 3.206
0.328 -0.208 0.854 4.076 5.786 6.489
0.341 -0.206 0.842 4.244 8.198 7.282
0.341 -0.218 0.854 2.382 9.176 6.046
0.333 -0.21 0.863 0.275 6.412 3.435
0.305 -0.197 0.872 -1.618 5.145 2.137
0.332 -0.181 0.847 -1.954 4.275 2.763
0.312 -0.206 0.864 -2.489 3.527 2.87
0.309 -0.225 0.882 -2.214 3.985 3.771
0.309 -0.227 0.9 -0.748 5.252 4.305
0.301 -0.219 0.89 -0.534 5.191 4.412
0.301 -0.22 0.883 -2.137 3.618 3.298
0.315 -0.226 0.866 -3.252 1.817 2.611
0.297 -0.222 0.888 -4.229 1.557 2.55
0.307 -0.237 0.878 -4.198 1.618 3.252
0.304 -0.237 0.875 -3.908 2.412 3.863
0.306 -0.245 0.905 -3.863 2.168 3.267
0.299 -0.257 0.911 -3.634 1.939 2.397
0.306 -0.268 0.907 -2.687 0.885 1.802
0.292 -0.247 0.901 -1.557 0.382 2.244
0.283 -0.247 0.895 -1.16 0.076 3.282
0.295 -0.228 0.867 -1.695 0.58 4.58
0.309 -0.246 0.857 -2.672 2.382 5.023
0.313 -0.246 0.864 -3.069 3.099 4.687
0.297 -0.254 0.898 -3.603 2.763 3.481
0.281 -0.248 0.916 -3.221 1.191 2.779
0.287 -0.259 0.904 -1.924 -0.321 3.42
0.289 -0.239 0.892 -0.305 -0.458 4.412
0.298 -0.243 0.888 0.595 -0.336 5.145
0.309 -0.24 0.872 0.916 0.382 6.626
0.303 -0.238 0.857 0.672 1.099 7.237
0.321 -0.234 0.852 -0.458 1.405 6.55
0.312 -0.261 0.878 -1.191 -0.183 4.947
0.32 -0.254 0.882 -1.221 -0.916 3.16
0.321 -0.249 0.881 -1.42 -2.931 1.298
0.312 -0.239 0.879 -1.206 -2.443 0.519
0.31 -0.226 0.876 -1.313 -1.893 0.748
0.327 -0.224 0.852 -1.893 -0.305 1.359
0.322 -0.221 0.855 -2.656 0.153 2.031
0.329 -0.243 0.864 -3.13 1.13 2.214
0.326 -0.251 0.876 -3.206 0.748 1.664
0.315 -0.251 0.896 -2.87 0.473 1.221
0.323 -0.244 0.872 -2.672 0.763 1.023
0.313 -0.23 0.883 -2.55 0.168 1.832
0.296 -0.228 0.889 -2.412 0.214 2.702
0.298 -0.228 0.875 -2.397 0.931 3.908
0.301 -0.23 0.875 -2.763 0.534 4.366
0.306 -0.25 0.878 -3.13 -0.214 3.878
0.312 -0.263 0.872 -2.763 -0.489 3.206
0.323 -0.264 0.881 -1.71 -0.702 3.145
0.336 -0.266 0.86 0.153 0.458 3.588
0.338 -0.26 0.856 0.794 1.527 2.641
0.319 -0.244 0.857 -0.992 1.802 0.702
0.303 -0.237 0.878 -2.168 1.038 -0.489
0.282 -0.217 0.893 -2.198 -0.153 -0.641
0.28 -0.204 0.883 -0.565 -0.611 1.863
0.284 -0.2 0.878 -0.214 -1.588 4.321
0.312 -0.207 0.844 0.137 -0.244 6.458
0.322 -0.237 0.861 -0.366 0.885 6.733
0.331 -0.25 0.845 -1.771 1.298 5.282
0.324 -0.253 0.869 -3.16 0.595 3.267
0.318 -0.26 0.865 -3.985 -0.382 1.557
0.319 -0.249 0.862 -4.412 -0.061 1.206
0.321 -0.245 0.871 -3.969 0.366 2.0
0.328 -0.264 0.868 -2.626 0.824 3.221
0.332 -0.267 0.874 -1.725 1.252 3.45
0.33 -0.253 0.863 -1.588 1.496 3.191
0.341 -0.255 0.859 -0.916 0.855 3.115
0.329 -0.244 0.857 -1.16 1.038 2.824
0.318 -0.242 0.86 -1.557 1.603 3.206
0.304 -0.253 0.869 -1.847 1.664 4.092
0.315 -0.262 0.871 -0.656 2.534 5.405
0.327 -0.267 0.865 0.473 3.908 5.618
0.319 -0.272 0.883 1.496 4.656 5.237
0.32 -0.268 0.877 1.435 4.916 3.893
0.297 -0.25 0.882 0.046 3.435 2.443
0.294 -0.237 0.865 -0.427 1.16 2.183
0.316 -0.249 0.875 -0.198 0.382 2.992
0.321 -0.242 0.879 0.229 1.573 3.573
0.314 -0.248 0.883 0.656 2.534 4.076
0.314 -0.232 0.875 0.565 3.389 4.122
0.314 -0.235 0.873 0.382 3.802 4.061
0.309 -0.238 0.864 -0.626 3.023 3.053
0.319 -0.241 0.868 -1.664 3.374 1.924
0.305 -0.253 0.886 -1.603 2.275 0.748
0.309 -0.255 0.895 -1.237 3.237 0.092
0.289 -0.242 0.902 -0.595 2.321 -0.702
0.276 -0.23 0.896 -0.458 1.344 -0.382
0.283 -0.228 0.896 -0.366 0.397 0.092
0.294 -0.219 0.868 -0.382 0.29 0.931
0.312 -0.233 0.869 -0.656 -0.321 1.527
0.321 -0.247 0.865 -1.13 0.458 1.817
0.311 -0.257 0.881 -0.916 0.611 1.099
0.323 -0.248 0.875 -0.992 1.725 0.076
0.308 -0.249 0.878 -1.374 1.939 -1.481
0.314 -0.239 0.881 -1.817 1.908 -2.046
0.301 -0.236 0.881 -1.847 0.489 -2.489
0.292 -0.229 0.871 -1.435 0.229 -2.198
0.299 -0.226 0.878 -0.931 -0.672 -1.74
0.298 -0.211 0.877 -1.328 0.336 -1.664
0.292 -0.213 0.872 -2.351 -0.305 -1.389
0.28 -0.203 0.888 -2.809 -0.473 -0.687
0.279 -0.206 0.879 -1.878 -0.198 1.878
0.323 -0.206 0.849 -1.328 1.282 3.481
0.336 -0.231 0.864 -1.664 2.519 3.16
0.339 -0.237 0.86 -3.023 2.473 1.481
0.32 -0.247 0.891 -4.321 1.115 -1.466
0.311 -0.251 0.896 -3.954 0.229 -2.382
0.304 -0.24 0.891 -2.58 -1.053 -2.763
0.299 -0.229 0.871 -2.183 -0.519 -1.924
0.309 -0.228 0.866 -2.595 1.221 -0.55
0.309 -0.235 0.877 -2.412 1.649 0.0
0.309 -0.224 0.871 -2.519 1.847 -0.244
0.295 -0.214 0.883 -2.947 1.588 -0.626
0.29 -0.214 0.893 -3.115 -0.733 -0.763
0.291 -0.222 0.895 -2.794 -0.656 -0.092
0.291 -0.223 0.889 -1.542 0.137 0.916
0.291 -0.226 0.879 -1.115 1.191 1.969
0.3 -0.225 0.868 -0.641 2.168 3.191
0.304 -0.218 0.873 -1.588 1.13 2.656
0.317 -0.228 0.877 -2.901 1.298 1.618
0.309 -0.231 0.885 -3.481 0.718 0.183
0.314 -0.237 0.882 -3.115 0.229 -0.443
0.31 -0.239 0.869 -3.344 -0.809 -1.344
0.309 -0.231 0.868 -3.954 -0.489 -1.496
0.295 -0.228 0.867 -4.366 -0.275 -1.084
0.284 -0.235 0.887 -4.229 -0.275 -0.55
0.311 -0.237 0.865 -3.74 1.435 0.305
0.319 -0.236 0.866 -3.023 2.611 1.206
0.318 -0.238 0.865 -2.84 3.496 1.282
0.317 -0.248 0.876 -3.191 2.214 0.366
0.31 -0.245 0.887 -3.053 1.863 0.122
0.303 -0.235 0.875 -2.366 1.206 0.534
0.318 -0.231 0.858 -2.351 1.405 1.42
0.34 -0.237 0.864 -2.397 2.595 1.771
0.325 -0.254 0.878 -2.565 3.42 0.947
0.334 -0.259 0.877 -2.656 2.611 -0.397
0.318 -0.254 0.877 -1.969 1.695 -1.252
0.308 -0.246 0.881 -1.634 1.282 -2.183
0.308 -0.223 0.876 -1.74 1.817 -1.756
0.314 -0.225 0.847 -1.588 2.015 -0.534
0.317 -0.218 0.857 -1.557 3.466 0.473
0.315 -0.217 0.86 -2.275 4.855 0.733
0.31 -0.218 0.881 -2.565 3.527 1.252
0.297 -0.226 0.887 -2.137 3.374 2.061
0.307 -0.234 0.886 -1.13 3.405 2.672
0.318 -0.253 0.891 0.0 2.687 3.145
0.343 -0.259 0.866 0.473 3.099 2.55
0.322 -0.245 0.859 -0.275 2.885 0.87
0.298 -0.235 0.88 -0.824 2.962 0.061
0.286 -0.227 0.884 -0.611 3.252 0.031
0.286 -0.233 0.892 0.015 3.282 0.733