-0.031 0.018 0.946 -2.489 -1.985 2.015
-0.025 0.015 0.937 -2.168 -2.519 1.466
-0.019 0.011 0.922 -2.183 -2.55 1.221
-0.02 0.016 0.921 -1.802 -2.733 1.359
-0.023 0.021 0.897 -2.015 -2.427 1.374
-0.03 0.016 0.906 -2.473 -2.473 2.0
-0.034 0.019 0.901 -3.359 -2.198 2.061
-0.031 0.018 0.916 -3.45 -0.672 2.061
-0.029 0.016 0.938 -2.443 1.313 1.74
-0.036 0.01 0.942 -1.527 2.061 1.74
-0.039 0.012 0.942 -1.664 0.779 1.618
-0.038 0.021 0.926 -1.817 1.069 1.954
-0.048 0.027 0.922 -2.565 0.076 2.458
-0.058 0.024 0.915 -3.542 -0.534 3.053
-0.044 0.023 0.915 -4.107 -0.748 3.527
-0.04 0.018 0.93 -4.565 -1.13 3.588
-0.032 0.013 0.926 -4.183 -0.55 3.496
-0.034 0.006 0.936 -3.45 1.008 3.405
-0.041 0.011 0.932 -3.481 0.702 3.099
-0.038 0.005 0.938 -3.42 1.023 3.176
-0.041 0.001 0.947 -3.115 0.168 2.611
-0.042 -0.002 0.957 -2.748 -0.794 1.985
-0.035 0.003 0.955 -2.137 -0.58 1.786
-0.036 0.006 0.931 -1.893 -0.092 1.939
-0.029 0.007 0.925 -1.618 0.122 2.504
-0.041 0.004 0.93 -1.695 -0.122 2.443
-0.035 0.007 0.935 -2.092 -0.015 2.885
-0.035 -0.003 0.928 -2.29 -0.305 2.397
-0.032 -0.006 0.933 -2.397 -0.504 1.618
-0.019 -0.01 0.927 -1.42 0.015 1.298
-0.025 -0.003 0.931 -0.885 1.176 0.687
-0.025 0.001 0.911 -0.748 0.992 1.038
-0.032 0.002 0.908 -1.847 -0.473 1.359
-0.029 0.011 0.907 -2.534 -0.565 1.664
-0.03 0.002 0.914 -2.916 -1.115 1.74
-0.034 -0.003 0.931 -3.023 -1.115 1.74
-0.027 -0.008 0.926 -2.687 -0.702 1.618
-0.023 -0.007 0.927 -2.0 0.412 0.855
-0.037 0.0 0.93 -2.55 -0.061 0.489
-0.031 0.002 0.916 -3.298 -0.947 0.473
-0.028 -0.0 0.92 -3.573 -0.565 0.366
-0.03 -0.005 0.917 -3.618 -0.351 0.443
-0.024 -0.005 0.915 -3.908 -0.229 0.015
-0.018 -0.013 0.921 -2.489 0.901 -0.046
-0.021 -0.01 0.922 -1.985 2.443 -0.412
-0.022 -0.005 0.926 -1.847 2.504 -0.763
-0.031 0.002 0.917 -1.954 2.672 -0.458
-0.028 -0.004 0.938 -1.511 2.733 -0.046
-0.024 -0.004 0.934 -1.115 2.595 -0.412
-0.026 -0.002 0.928 -0.763 1.695 0.015
-0.028 0.003 0.93 -0.977 0.992 -0.046
-0.032 0.005 0.917 -1.466 0.26 -0.168
-0.036 0.007 0.933 -1.969 -0.947 -0.748
-0.025 0.003 0.904 -1.969 0.718 -0.611
-0.029 0.001 0.92 -1.863 1.634 -1.542
-0.017 0.008 0.923 -1.527 2.244 -1.832
-0.024 0.012 0.931 -0.779 2.397 -2.489
-0.035 0.019 0.919 -1.481 0.611 -1.969
-0.035 0.021 0.928 -0.931 0.198 -1.786
-0.035 0.014 0.951 0.855 0.947 -1.099
-0.022 0.019 0.968 1.176 1.405 0.107
-0.003 -0.009 1.011 2.168 3.206 -0.107
0.034 -0.058 1.1 5.618 7.771 -2.031
0.077 -0.092 1.292 13.969 17.618 -5.74
0.214 -0.066 1.387 29.267 9.023 2.779
0.195 -0.001 1.682 38.733 6.412 7.435
0.368 -0.003 2.036 47.115 34.748 8.458
0.437 -0.006 2.673 62.229 26.244 36.718
0.884 0.03 2.921 77.221 69.878 20.84
0.995 0.161 3.391 94.427 108.702 7.13
0.763 0.453 3.944 91.069 105.939 13.924
0.381 0.625 4.0 73.924 71.863 8.87
-0.061 0.792 4.0 31.817 3.313 28.611
-0.583 0.998 4.0 -29.115 -98.031 45.328
-0.707 0.989 4.0 -90.031 -209.191 63.115
-0.565 0.736 4.0 -125.389 -291.282 67.313
-0.321 0.402 3.576 -135.771 -329.511 55.573
0.024 0.04 3.294 -126.092 -316.107 35.924
0.115 -0.115 2.557 -109.221 -266.168 12.519
0.173 -0.186 2.003 -82.275 -217.511 -18.748
0.071 -0.117 1.6 -42.931 -153.985 -42.672
-0.287 0.342 1.467 -14.473 -72.611 -65.817
-1.09 1.045 1.316 -8.153 -53.267 -49.16
-1.418 1.498 1.033 -18.076 -91.16 -22.779
-1.269 1.421 0.539 -31.023 -157.878 14.015
-0.713 0.88 -0.219 -59.298 -172.718 22.275
-0.295 0.427 -0.628 -94.58 -186.794 21.374
0.099 0.027 -0.813 -92.183 -124.626 29.389
-0.485 0.026 -0.458 -42.977 -99.786 64.198
-0.202 -0.23 -0.608 -19.16 -16.153 63.481
0.075 -0.506 -0.628 -9.16 50.107 39.466
-0.187 -0.522 -0.372 -20.504 47.328 6.534
-0.242 -0.581 -0.231 -46.687 2.519 -26.626
-0.211 -0.867 -0.326 -62.901 -48.076 -57.969
0.166 -1.373 -0.591 -58.702 -51.786 -99.374
0.123 -1.84 -0.212 1.221 -20.885 -133.527
-0.353 -1.413 -0.453 62.931 26.794 -165.145
-1.046 -0.631 -0.681 72.153 26.611 -184.565
-1.596 0.254 -0.94 22.275 -23.802 -186.275
-1.61 0.572 -1.162 -48.931 -83.634 -167.878
-1.349 0.391 -0.835 -95.893 -106.336 -149.282
-0.966 0.163 -0.487 -88.733 -112.519 -113.573
-0.584 0.058 0.147 -43.176 -88.901 -81.878
0.097 0.069 0.016 5.771 -68.244 -70.076
0.518 0.351 -0.762 -10.55 -14.29 -80.183
0.503 0.459 -0.818 10.107 41.466 -56.947
0.686 0.381 -0.895 6.733 67.588 -25.038
0.8 0.335 -0.742 -15.786 67.176 -13.847
0.901 0.097 -0.479 -36.611 59.74 -15.511
0.555 0.167 0.084 -51.847 56.153 -19.206
0.62 0.124 0.368 -60.382 48.351 -27.115
0.519 0.11 0.706 -58.87 33.206 -33.985
0.417 0.209 0.765 -52.962 23.634 -43.206
0.274 0.3 0.645 -51.939 17.817 -41.71
0.317 0.238 0.448 -50.214 31.74 -38.382
0.104 0.314 0.533 -50.321 46.489 -27.954
0.285 0.138 0.616 -49.237 64.565 -17.924
0.339 -0.108 0.959 -30.321 85.084 3.786
0.406 -0.219 1.048 -15.099 98.153 14.046
0.373 -0.283 1.029 -13.008 46.611 14.198
0.493 -0.358 0.938 -18.0 20.092 1.588
0.376 -0.335 0.781 -25.969 13.679 -10.0
0.342 -0.281 0.935 -28.046 2.137 -14.382
0.278 -0.179 1.088 -24.0 -3.771 -14.55
0.258 -0.183 0.99 -15.985 -6.031 -8.321
0.244 -0.092 0.96 -16.046 7.069 -7.71
0.164 -0.087 1.056 -8.916 3.618 -0.015
0.289 -0.174 1.047 0.901 10.489 7.557
0.351 -0.283 1.027 14.687 6.214 15.038
0.42 -0.27 0.872 19.542 12.061 13.756
0.393 -0.252 1.008 22.336 18.794 6.718
0.388 -0.208 0.888 23.13 19.664 0.473
0.387 -0.129 0.809 17.206 22.29 -2.489
0.234 -0.005 0.853 9.053 5.45 0.611
0.168 0.029 0.808 3.084 -6.931 8.229
0.272 -0.061 0.808 0.168 -7.481 11.359
0.344 -0.138 0.877 -1.74 -1.771 9.649
0.372 -0.162 0.932 -2.122 -0.931 5.649
0.435 -0.196 0.904 -1.664 5.069 -1.771
0.392 -0.159 0.92 0.748 8.061 -5.771
0.374 -0.113 0.854 0.26 10.0 -6.595
0.342 -0.073 0.883 -0.824 11.954 -5.557
0.271 -0.069 0.871 0.153 8.321 -1.42
0.295 -0.08 0.848 -1.45 12.779 0.031
0.352 -0.121 0.89 -1.832 15.16 -0.733
0.357 -0.144 0.879 0.153 15.359 -2.168
0.31 -0.107 0.897 -1.985 13.053 -5.496
0.31 -0.073 0.867 -3.649 5.74 -5.466
0.281 -0.032 0.855 -6.153 -2.977 -3.481
0.328 -0.051 0.802 -8.702 -5.588 -0.458
0.378 -0.11 0.802 -9.969 -6.733 -0.153
0.405 -0.135 0.836 -11.985 -4.015 -2.55
0.422 -0.164 0.865 -13.191 -0.504 -7.588
0.41 -0.169 0.904 -11.023 1.771 -11.069
0.365 -0.139 0.933 -7.878 1.863 -12.122
0.329 -0.097 0.904 -5.45 -0.794 -11.863
0.316 -0.061 0.855 -4.595 -1.557 -9.496
0.305 -0.058 0.823 -4.931 -2.061 -5.557
0.338 -0.105 0.839 -3.481 1.008 -2.26
0.352 -0.127 0.904 -1.817 2.87 -0.641
0.344 -0.157 0.919 -0.672 0.916 0.489
0.337 -0.152 0.91 -0.244 -2.748 0.412
0.302 -0.137 0.92 -0.733 -3.038 -0.321
0.326 -0.118 0.887 -0.26 -0.885 0.046
0.32 -0.106 0.914 1.542 2.183 -0.015
0.319 -0.098 0.915 4.183 4.611 -0.733
0.329 -0.091 0.877 5.756 10.137 -1.679
0.323 -0.062 0.874 5.435 12.794 -2.977
0.339 -0.061 0.885 5.511 11.985 -3.863
0.314 -0.033 0.856 4.947 10.366 -3.435
0.299 -0.003 0.837 2.763 10.046 -3.069
0.25 -0.003 0.855 -0.015 8.58 -1.206
0.271 -0.031 0.859 -3.573 6.031 0.427
0.284 -0.069 0.881 -4.031 2.626 1.176
0.315 -0.082 0.898 -3.053 3.466 0.321
0.283 -0.047 0.894 -2.656 2.947 -0.244
0.264 -0.019 0.916 -4.107 1.588 -0.962
0.236 0.003 0.916 -5.573 -0.748 0.183
0.208 0.012 0.919 -6.183 -3.42 4.351
0.244 -0.022 0.884 -7.481 -2.718 7.176
0.268 -0.067 0.907 -7.145 -0.977 9.74
0.317 -0.12 0.94 -5.084 0.87 10.031
0.354 -0.154 0.942 -3.374 2.183 7.344
0.384 -0.169 0.949 -1.511 4.397 2.534
0.392 -0.174 0.94 -0.015 5.176 -3.206
0.346 -0.123 0.938 1.374 1.863 -5.939
0.292 -0.074 0.898 0.992 -0.473 -5.679
0.296 -0.063 0.875 0.473 0.611 -3.939
0.298 -0.053 0.855 -0.397 2.031 -1.817
0.311 -0.077 0.886 -1.328 2.672 -1.13
0.307 -0.075 0.918 0.336 1.069 -0.916
0.283 -0.043 0.897 1.389 -1.023 0.015
0.284 -0.05 0.854 0.122 -0.901 1.282
0.303 -0.078 0.857 -0.122 -0.397 3.176
0.319 -0.111 0.885 -0.412 3.053 1.725
0.33 -0.121 0.893 -1.099 4.397 -1.237
0.316 -0.114 0.933 -1.038 3.802 -4.412
0.291 -0.079 0.93 0.031 2.26 -6.336
0.278 -0.053 0.908 0.427 1.786 -6.595
0.268 -0.04 0.904 0.824 1.053 -4.809
0.258 -0.024 0.88 -0.656 2.58 -3.084
0.269 -0.042 0.886 -0.84 3.481 -0.992
0.282 -0.057 0.908 -2.031 4.901 -0.229
0.299 -0.083 0.917 -3.145 4.168 -0.656
0.297 -0.1 0.941 -2.55 2.763 -1.573
0.296 -0.082 0.943 -1.527 1.527 -3.282
0.276 -0.053 0.917 -0.58 -0.519 -2.305
0.296 -0.057 0.883 -0.366 0.885 -0.885
0.292 -0.055 0.892 1.298 1.008 0.656
0.3 -0.052 0.884 0.595 2.229 1.13
0.319 -0.049 0.88 0.015 3.115 0.137
0.326 -0.052 0.883 -1.313 4.473 -2.244
0.301 -0.039 0.899 -1.313 3.176 -2.458
0.301 -0.027 0.896 -1.74 2.626 -1.527
0.311 -0.029 0.88 -1.832 1.71 -0.305
0.317 -0.042 0.88 -1.084 1.832 0.534
0.313 -0.041 0.893 -1.588 1.542 -0.244
0.332 -0.053 0.888 -1.74 0.427 -1.374
0.318 -0.041 0.887 -2.336 0.092 -1.542
0.288 -0.019 0.908 -3.328 -1.924 -0.718
0.298 -0.037 0.909 -2.412 -2.305 1.679
0.309 -0.052 0.894 -1.298 -0.443 3.008
0.304 -0.069 0.898 -0.198 0.641 3.557
0.31 -0.058 0.905 -0.397 2.046 2.55
0.29 -0.055 0.908 -0.748 1.985 1.954
0.27 -0.031 0.893 -1.618 2.687 2.504
0.253 -0.023 0.89 -1.847 3.832 4.0
0.269 -0.043 0.905 -1.985 4.947 5.557
0.267 -0.057 0.935 -0.29 3.45 7.282
0.293 -0.085 0.924 1.313 2.55 7.908
0.308 -0.087 0.921 1.405 3.496 5.573
0.298 -0.072 0.926 1.099 2.687 3.603
0.268 -0.048 0.917 -0.901 0.015 3.099
0.281 -0.067 0.903 -0.855 0.351 2.702
0.291 -0.06 0.897 -1.832 1.985 2.748
0.289 -0.075 0.907 -2.122 2.26 2.305
0.295 -0.08 0.925 -1.145 3.664 0.855
0.27 -0.062 0.938 0.855 4.412 0.748
0.244 -0.023 0.933 0.641 3.237 1.282
0.252 -0.017 0.891 -0.031 2.87 2.977
0.277 -0.039 0.882 -1.588 4.061 3.863
0.297 -0.052 0.901 -2.0 2.977 3.969
0.307 -0.071 0.893 -1.817 2.473 2.977
0.322 -0.074 0.888 -1.282 3.298 2.229
0.298 -0.062 0.893 -1.557 2.992 1.389
0.278 -0.047 0.923 -0.458 2.061 2.168
0.256 -0.039 0.912 0.305 2.153 4.443
0.26 -0.05 0.895 0.015 2.977 6.504
0.302 -0.081 0.909 -0.656 2.87 5.969
0.32 -0.103 0.912 -1.206 2.015 3.725
0.331 -0.104 0.921 -1.573 1.023 0.168
0.305 -0.075 0.915 -1.13 -2.244 -1.802
0.288 -0.043 0.901 -1.924 -2.763 -2.702
0.265 -0.023 0.867 -3.893 -2.718 -2.244
0.29 -0.034 0.866 -4.718 -1.466 -0.824
0.304 -0.062 0.876 -5.023 0.901 0.122
0.318 -0.077 0.903 -5.176 0.397 -0.046
0.31 -0.084 0.929 -4.366 -0.931 -1.191
0.303 -0.083 0.915 -4.046 -1.573 -2.794
0.282 -0.056 0.908 -3.634 -2.519 -2.443
0.288 -0.045 0.873 -3.649 -2.015 -1.725
0.297 -0.048 0.885 -3.298 -1.084 -0.489
0.295 -0.056 0.887 -3.267 0.244 -0.382
0.297 -0.057 0.896 -3.313 1.557 -0.794
0.288 -0.055 0.882 -3.557 2.992 -1.252
0.286 -0.051 0.864 -3.679 3.008 -0.244
0.317 -0.085 0.884 -4.427 4.366 -0.473
0.308 -0.083 0.922 -4.122 2.092 -1.252
0.302 -0.081 0.933 -4.565 0.58 -3.405
0.295 -0.067 0.917 -4.977 -0.504 -4.366
0.287 -0.055 0.906 -5.405 -0.794 -4.015
0.3 -0.057 0.888 -4.137 0.916 -2.656
0.29 -0.05 0.887 -3.176 2.473 -1.328
0.295 -0.052 0.882 -4.122 3.176 -0.962
0.29 -0.048 0.882 -4.656 2.84 -0.901
0.294 -0.069 0.911 -5.053 4.046 -1.618
0.288 -0.072 0.918 -4.55 2.702 -1.618
0.288 -0.064 0.918 -4.473 2.443 -2.137
0.28 -0.047 0.906 -4.794 1.344 -2.26
0.269 -0.041 0.901 -4.962 0.214 -1.557
0.28 -0.036 0.887 -5.221 -0.809 0.092
0.273 -0.061 0.885 -5.313 -0.931 1.954
0.289 -0.085 0.93 -4.519 0.046 2.534
0.281 -0.104 0.944 -3.542 -1.405 2.153
0.295 -0.11 0.934 -2.092 0.061 1.176
0.308 -0.104 0.924 -0.382 0.443 0.779
0.296 -0.076 0.914 -0.611 0.015 -0.351
0.285 -0.058 0.909 -1.588 -0.321 -1.069
0.278 -0.054 0.91 -2.29 -2.366 -1.252
0.28 -0.051 0.893 -3.038 -2.397 -0.718
0.308 -0.073 0.876 -3.435 -0.275 -0.87
0.322 -0.079 0.9 -3.145 0.687 -1.435
0.302 -0.073 0.892 -3.435 0.718 -2.397
0.301 -0.062 0.911 -3.695 1.13 -3.679
0.28 -0.052 0.896 -4.122 0.015 -4.0
0.263 -0.026 0.9 -5.42 -1.298 -2.779
0.269 -0.043 0.888 -4.916 -0.26 -0.336
0.286 -0.061 0.893 -3.557 0.947 2.26
0.311 -0.08 0.891 -2.916 2.656 2.305
0.315 -0.095 0.904 -2.855 2.321 1.328
0.314 -0.089 0.906 -2.168 1.481 -0.137
0.312 -0.064 0.898 -2.26 1.206 -1.389
0.274 -0.042 0.901 -2.229 -0.87 -1.191
0.267 -0.031 0.901 -3.695 -1.511 -0.397
0.284 -0.038 0.895 -4.183 -0.931 1.344
0.315 -0.064 0.873 -4.275 0.565 2.412
0.325 -0.071 0.881 -4.183 1.359 2.275
0.317 -0.078 0.904 -3.832 0.336 1.817
0.312 -0.077 0.902 -3.603 0.351 1.16
0.298 -0.062 0.899 -3.359 0.153 0.962
0.311 -0.074 0.866 -3.511 0.931 1.374
0.308 -0.08 0.892 -2.824 1.924 1.038
0.304 -0.075 0.906 -1.832 1.985 1.023
0.31 -0.08 0.91 -1.023 2.382 0.382
0.283 -0.058 0.917 -0.076 1.496 0.672
0.276 -0.043 0.912 -0.351 0.534 1.389
0.27 -0.046 0.895 -0.641 0.137 2.718
0.292 -0.056 0.874 -1.298 1.985 3.45
0.308 -0.064 0.883 -1.985 1.71 3.13
0.309 -0.077 0.905 -2.977 0.595 2.153
0.311 -0.079 0.903 -3.053 0.733 1.145
0.281 -0.067 0.915 -3.13 0.229 0.427
0.278 -0.067 0.907 -2.779 -0.321 0.305
0.282 -0.063 0.894 -2.351 -0.015 1.069
0.283 -0.069 0.904 -2.595 0.763 0.947
0.292 -0.066 0.893 -2.534 0.779 1.328
0.268 -0.057 0.901 -2.015 0.061 2.809
0.289 -0.067 0.898 -1.069 1.756 3.893
0.294 -0.072 0.909 -0.397 2.092 4.244
0.282 -0.065 0.92 -0.672 0.916 3.832
0.278 -0.059 0.913 -1.939 0.198 2.733
0.292 -0.064 0.898 -2.321 0.443 2.656
0.301 -0.072 0.896 -2.397 1.588 2.351
0.313 -0.077 0.895 -2.473 1.832 2.351
0.297 -0.078 0.894 -2.901 1.527 1.725
0.286 -0.074 0.921 -3.466 1.588 1.344
0.287 -0.072 0.927 -2.87 1.023 1.496
0.278 -0.074 0.903 -2.565 0.992 1.282
0.289 -0.066 0.878 -3.099 0.198 2.0
0.304 -0.072 0.88 -4.137 0.702 1.435
0.292 -0.077 0.913 -4.366 -0.229 0.916
0.285 -0.076 0.929 -4.641 -1.282 0.015
0.289 -0.073 0.926 -3.71 -2.443 -0.748
0.298 -0.064 0.89 -2.962 -1.618 -0.595
0.293 -0.048 0.896 -2.901 -0.962 -0.489
0.286 -0.037 0.888 -2.809 -1.298 0.611
0.277 -0.043 0.869 -3.42 -0.947 2.412
0.308 -0.068 0.881 -3.863 1.038 3.42
0.314 -0.086 0.888 -4.427 1.45 3.527
0.318 -0.108 0.919 -4.321 2.107 1.573
0.319 -0.103 0.916 -3.328 1.817 0.0
0.329 -0.103 0.884 -3.969 1.069 -1.71
0.312 -0.08 0.898 -2.794 0.336 -1.237
0.296 -0.064 0.901 -2.473 0.702 -1.16
0.281 -0.055 0.911 -2.458 0.702 -0.718
0.281 -0.067 0.902 -1.389 1.206 1.099
0.284 -0.056 0.884 -0.687 2.58 2.0
0.274 -0.058 0.89 -0.962 2.336 3.176
0.296 -0.058 0.872 -1.634 3.573 3.359
0.293 -0.064 0.882 -1.939 3.099 3.496
0.288 -0.074 0.903 -3.237 2.901 2.962
0.292 -0.087 0.915 -3.313 1.649 2.275
0.284 -0.075 0.923 -3.573 0.305 1.359
0.306 -0.093 0.909 -2.855 1.71 0.901
0.316 -0.1 0.906 -1.817 2.473 1.038
0.314 -0.096 0.903 -1.71 2.458 0.092
0.291 -0.079 0.905 -2.427 1.206 -0.443
0.29 -0.071 0.901 -3.008 0.55 -0.458
0.293 -0.07 0.893 -2.855 0.565 0.473
0.295 -0.079 0.9 -2.107 1.557 1.679
0.295 -0.08 0.902 -1.695 2.702 1.344
0.295 -0.091 0.903 -1.527 3.145 0.153
0.274 -0.079 0.921 -0.947 2.26 -0.321
0.268 -0.053 0.902 -1.053 2.137 -0.443
0.266 -0.051 0.903 -1.511 2.244 0.336
0.275 -0.063 0.887 -2.366 2.366 1.053
0.292 -0.079 0.91 -1.573 2.0 1.573
0.288 -0.083 0.906 -1.496 1.328 1.099
0.298 -0.074 0.913 -1.221 0.504 0.901
0.289 -0.067 0.905 -0.656 0.015 0.809
0.282 -0.06 0.901 -1.878 -0.427 0.55
0.281 -0.06 0.899 -1.847 -0.534 1.573
0.286 -0.061 0.908 -1.374 0.0 2.855
0.292 -0.07 0.908 -1.573 1.099 3.527
0.297 -0.086 0.921 -1.557 1.969 2.595
0.29 -0.08 0.923 -1.13 1.069 2.275
0.296 -0.091 0.9 -0.763 1.069 1.74
0.283 -0.087 0.909 0.015 1.16 1.603
0.271 -0.077 0.9 -0.473 0.641 1.771
0.282 -0.082 0.907 -1.038 1.389 1.634
0.273 -0.077 0.928 -0.626 0.748 2.321
0.283 -0.083 0.922 0.565 1.328 3.069
0.3 -0.084 0.918 1.603 1.679 2.794
0.3 -0.078 0.89 2.0 2.214 1.985
0.298 -0.07 0.886 0.84 1.542 1.389
0.29 -0.073 0.902 0.977 -0.137 1.664
0.291 -0.071 0.897 0.397 0.305 1.328
0.286 -0.072 0.906 0.977 0.336 1.634
0.293 -0.078 0.909 1.695 2.26 2.366
0.279 -0.067 0.927 3.252 2.58 2.84