0.019 -0.058 0.93 -4.229 -1.267 -0.55
0.021 -0.055 0.933 -3.145 0.183 -0.214
0.015 -0.054 0.934 -2.198 0.718 -0.504
0.002 -0.05 0.937 -2.168 0.84 0.031
0.01 -0.045 0.947 -1.588 0.901 0.382
0.013 -0.047 0.934 -1.237 0.076 0.87
0.01 -0.04 0.927 -1.145 -0.214 1.145
0.005 -0.036 0.928 -1.191 -0.534 1.573
0.0 -0.026 0.925 -1.985 -1.282 2.321
0.006 -0.038 0.931 -2.809 -1.649 2.489
0.007 -0.052 0.931 -2.489 -0.916 2.29
0.011 -0.046 0.929 -1.969 -0.702 2.473
0.007 -0.044 0.917 -1.634 -0.183 2.336
0.007 -0.038 0.912 -1.527 0.321 2.58
0.011 -0.035 0.917 -1.435 0.321 2.916
0.007 -0.036 0.905 -2.351 0.489 3.435
0.009 -0.046 0.929 -2.687 0.397 3.603
0.004 -0.046 0.926 -3.45 0.29 3.863
0.011 -0.047 0.926 -3.603 -0.122 4.076
0.015 -0.052 0.917 -3.45 0.351 3.802
0.018 -0.055 0.912 -3.298 1.267 3.969
0.012 -0.062 0.914 -2.672 1.725 4.55
0.012 -0.052 0.922 -2.504 1.863 4.977
0.01 -0.059 0.948 -2.916 1.435 4.656
0.009 -0.062 0.946 -2.794 1.176 3.878
0.018 -0.074 0.942 -2.824 1.191 3.481
0.023 -0.076 0.928 -2.229 1.038 3.542
0.023 -0.066 0.928 -2.0 1.634 3.405
0.028 -0.063 0.933 -2.29 1.603 3.252
0.024 -0.077 0.923 -2.092 1.359 3.282
0.024 -0.075 0.938 -2.504 1.679 3.145
0.024 -0.083 0.943 -3.038 0.855 3.924
0.03 -0.089 0.948 -3.786 0.015 3.313
0.029 -0.088 0.947 -5.038 -1.038 2.885
0.028 -0.085 0.954 -4.87 -1.695 2.534
0.037 -0.1 0.958 -2.046 -0.122 2.26
0.032 -0.086 0.944 0.779 1.115 2.351
0.034 -0.091 0.943 2.87 3.267 1.954
0.03 -0.072 0.937 4.076 4.748 1.511
0.027 -0.072 0.941 3.328 4.473 1.893
0.026 -0.064 0.937 0.443 2.458 2.458
0.014 -0.049 0.945 -3.527 -0.305 1.969
0.012 -0.046 0.945 -6.794 -3.679 1.908
0.016 -0.053 0.949 -7.908 -4.779 2.305
0.022 -0.052 0.954 -8.626 -5.71 2.626
0.02 -0.064 0.963 -7.679 -5.481 3.282
0.036 -0.076 0.972 -6.153 -4.321 3.282
0.04 -0.091 0.975 -4.947 -3.267 3.13
0.051 -0.09 0.973 -4.397 -2.58 2.656
0.043 -0.08 0.97 -3.588 -1.695 2.092
0.044 -0.071 0.985 -2.412 -0.794 2.0
0.055 -0.064 1.032 0.962 1.42 2.412
0.084 -0.087 1.118 7.023 3.71 4.687
0.156 -0.167 1.33 19.71 8.031 6.458
0.27 -0.287 1.565 39.802 23.481 6.977
0.379 -0.299 1.935 61.802 38.58 2.397
0.45 -0.292 2.246 86.687 62.443 -0.443
0.51 -0.089 2.484 101.298 97.863 -3.099
0.492 0.17 2.738 89.878 131.649 -6.305
0.249 0.569 3.094 46.031 123.832 -3.527
-0.166 0.964 3.484 -29.939 65.924 22.824
-0.325 0.866 3.882 -92.626 -29.435 57.71
-0.237 0.486 4.0 -126.901 -91.71 83.13
-0.154 0.105 4.0 -138.229 -124.901 106.275
-0.015 -0.372 4.0 -130.84 -151.527 113.557
0.23 -0.702 3.948 -139.374 -158.641 95.221
0.371 -0.994 3.628 -148.58 -181.618 53.786
0.404 -1.056 3.134 -126.198 -191.359 7.969
0.165 -0.663 2.504 -94.565 -178.626 -50.702
-0.183 -0.122 1.964 -64.687 -164.122 -77.496
-0.454 0.357 1.506 -45.359 -157.16 -74.168
-0.708 0.608 1.231 -25.588 -142.595 -64.55
-0.918 0.915 1.032 -8.809 -131.267 -48.305
-1.007 1.117 0.79 -9.786 -149.145 -24.763
-0.831 1.057 0.452 -33.603 -178.214 -0.87
-0.423 0.733 -0.065 -59.221 -184.427 5.588
-0.169 0.473 -0.432 -95.313 -192.58 2.214
0.062 0.192 -0.787 -117.038 -181.435 3.557
0.084 -0.094 -0.725 -113.45 -141.008 5.679
0.069 -0.363 -0.382 -87.466 -86.611 5.771
0.043 -0.521 -0.233 -61.084 -47.878 -0.366
-0.11 -0.439 -0.183 -64.122 -43.435 -9.985
-0.318 -0.382 -0.089 -66.748 -68.015 -14.519
-0.152 -0.605 -0.603 -82.656 -60.534 -29.603
-0.163 -0.77 -0.579 -64.611 -50.244 -43.023
-0.248 -0.74 -0.399 -31.817 -21.786 -58.992
-0.34 -0.772 -0.308 4.87 -7.344 -72.58
-0.418 -0.741 -0.325 24.58 0.641 -101.344
-0.601 -0.373 -0.416 11.221 1.13 -125.725
-0.686 -0.093 -0.398 -17.344 -17.863 -135.969
-0.643 0.186 -0.429 -33.145 -33.405 -129.771
-0.506 0.186 -0.484 -29.649 -36.046 -108.824
-0.292 0.039 -0.459 -13.863 -14.763 -92.687
-0.032 0.055 -0.179 13.191 2.672 -74.519
0.177 -0.021 -0.13 48.305 15.145 -59.664
0.233 0.072 -0.212 67.954 28.382 -51.435
0.428 0.236 -0.366 54.595 41.374 -49.405
0.54 0.184 -0.518 35.344 35.969 -44.168
0.624 0.174 -0.609 11.496 43.817 -44.672
0.464 0.306 -0.394 -13.13 50.107 -39.908
0.408 0.24 0.042 -21.053 51.695 -24.855
0.477 0.123 0.297 -16.214 57.542 -12.672
0.454 0.013 0.409 -6.366 55.496 -1.924
0.551 -0.13 0.472 -2.809 52.87 -3.618
0.593 -0.22 0.483 2.137 49.664 -10.947
0.586 -0.191 0.461 -4.687 49.618 -22.397
0.53 -0.172 0.549 -16.534 45.069 -30.198
0.403 -0.12 0.615 -25.527 35.099 -30.198
0.329 -0.079 0.677 -28.809 35.008 -25.359
0.313 -0.029 0.752 -22.611 36.565 -13.679
0.331 -0.036 0.77 -14.336 34.29 2.977
0.372 -0.131 0.792 -3.618 36.87 18.534
0.384 -0.21 0.895 3.435 41.908 27.817
0.401 -0.292 1.001 8.809 42.275 27.985
0.425 -0.381 0.988 9.435 40.305 19.252
0.373 -0.392 1.035 8.321 32.214 9.023
0.353 -0.34 1.038 5.786 20.534 0.443
0.34 -0.27 1.026 2.076 12.427 -5.954
0.331 -0.24 1.014 -1.985 4.26 -9.389
0.355 -0.229 0.96 -2.962 1.786 -10.046
0.355 -0.164 0.919 -1.374 3.115 -7.405
0.331 -0.118 0.89 0.748 4.382 -2.702
0.32 -0.099 0.92 3.13 2.947 4.26
0.326 -0.128 0.906 5.191 0.748 10.748
0.364 -0.223 0.932 10.565 0.046 14.275
0.401 -0.282 0.948 13.802 1.053 12.183
0.47 -0.354 0.934 19.023 5.145 5.771
0.452 -0.316 0.932 19.878 6.55 -2.809
0.405 -0.242 0.954 15.282 1.954 -9.359
0.387 -0.191 0.931 13.847 -1.298 -11.206
0.344 -0.136 0.87 9.695 -3.863 -10.855
0.381 -0.14 0.843 7.206 -2.718 -9.618
0.382 -0.152 0.82 7.389 2.214 -8.473
0.37 -0.148 0.89 7.695 5.664 -7.511
0.33 -0.126 0.932 10.687 7.893 -5.603
0.293 -0.106 0.92 10.687 9.725 -3.313
0.311 -0.125 0.939 11.45 10.824 -1.832
0.347 -0.155 0.895 11.817 10.153 -1.893
0.352 -0.15 0.854 6.992 8.275 -3.756
0.381 -0.177 0.865 2.153 7.847 -7.511
0.374 -0.159 0.901 -1.695 7.313 -11.42
0.341 -0.121 0.92 -3.115 2.626 -11.389
0.343 -0.112 0.906 -3.481 1.985 -10.427
0.335 -0.089 0.885 -1.893 3.053 -7.847
0.333 -0.08 0.849 -2.733 4.626 -4.275
0.366 -0.119 0.847 -2.534 6.87 -1.847
0.358 -0.129 0.875 -3.053 8.168 -1.695
0.324 -0.131 0.884 -5.328 6.595 -2.779
0.314 -0.138 0.922 -7.435 1.649 -3.13
0.331 -0.156 0.9 -7.221 -0.519 -3.74
0.319 -0.151 0.921 -7.618 -1.71 -4.321
0.341 -0.151 0.916 -7.374 -2.931 -4.84
0.338 -0.144 0.904 -7.817 -3.466 -5.221
0.339 -0.14 0.885 -9.023 -4.321 -3.282
0.388 -0.156 0.865 -7.817 -3.038 -2.977
0.404 -0.165 0.86 -7.16 -2.397 -4.244
0.389 -0.146 0.851 -8.443 -3.267 -5.099
0.396 -0.161 0.844 -7.527 -3.252 -5.069
0.383 -0.14 0.867 -6.687 -2.458 -5.557
0.366 -0.115 0.885 -7.084 -2.87 -4.901
0.367 -0.127 0.876 -8.107 -3.74 -4.031
0.384 -0.148 0.888 -7.954 -3.771 -4.611
0.372 -0.138 0.904 -7.267 -4.977 -4.977
0.389 -0.159 0.896 -6.137 -6.55 -5.13
0.403 -0.158 0.867 -4.427 -6.458 -6.473
0.383 -0.141 0.853 -4.321 -6.336 -7.527
0.367 -0.114 0.863 -5.084 -7.282 -7.725
0.357 -0.092 0.861 -6.137 -7.863 -6.198
0.353 -0.096 0.833 -5.527 -7.313 -2.824
0.385 -0.117 0.83 -4.336 -4.076 -0.305
0.398 -0.135 0.838 -3.16 -2.061 0.87
0.407 -0.142 0.854 -2.55 -1.13 0.519
0.401 -0.141 0.87 -2.534 -1.557 -0.824
0.385 -0.116 0.865 -2.687 -3.527 -1.053
0.395 -0.124 0.857 -2.611 -4.641 -0.443
0.389 -0.126 0.844 -0.962 -3.649 0.061
0.394 -0.119 0.852 0.153 -2.412 0.992
0.4 -0.132 0.844 2.076 0.916 2.137
0.392 -0.126 0.862 2.733 0.855 3.328
0.405 -0.134 0.848 2.015 1.634 3.71
0.407 -0.137 0.845 0.626 2.779 2.58
0.404 -0.119 0.849 -2.626 2.489 1.695
0.396 -0.127 0.868 -4.321 1.878 1.069
0.39 -0.119 0.88 -4.718 1.298 0.992
0.379 -0.094 0.868 -3.206 1.176 2.519
0.385 -0.103 0.852 -1.42 2.244 4.092
0.373 -0.082 0.848 -0.824 2.733 6.397
0.384 -0.114 0.847 -0.015 4.794 8.672
0.392 -0.12 0.85 0.595 5.008 9.511
0.399 -0.146 0.861 -0.718 4.611 9.542
0.397 -0.162 0.871 -1.939 2.702 8.198
0.403 -0.173 0.89 -2.29 1.099 6.122
0.399 -0.169 0.899 -2.656 -0.305 3.328
0.394 -0.157 0.89 -2.366 -0.656 1.053
0.393 -0.133 0.868 -2.824 -1.466 0.412
0.399 -0.123 0.85 -2.855 -0.382 0.366
0.374 -0.1 0.848 -4.687 -0.458 1.115
0.387 -0.137 0.846 -7.115 -0.626 1.282
0.406 -0.174 0.87 -6.076 -0.351 1.13
0.383 -0.177 0.899 -4.656 -1.496 1.389
0.385 -0.177 0.907 -2.779 -2.015 1.435
0.378 -0.158 0.894 -1.16 -2.153 1.466
0.385 -0.147 0.876 0.107 -1.145 2.0
0.376 -0.136 0.878 0.718 -0.656 2.763
0.37 -0.13 0.875 0.046 -0.84 3.695
0.376 -0.153 0.886 0.473 -0.824 5.405
0.389 -0.168 0.888 0.504 -0.885 5.176
0.399 -0.183 0.883 -0.626 -1.069 3.725
0.415 -0.181 0.885 -0.641 -2.305 1.924
0.413 -0.171 0.874 -1.221 -2.137 -0.412
0.4 -0.137 0.868 -2.458 -2.901 -1.511
0.387 -0.124 0.877 -2.565 -2.947 -1.176
0.375 -0.125 0.859 -2.275 -3.191 0.977
0.4 -0.15 0.85 0.626 -1.802 3.634
0.397 -0.152 0.842 1.649 -0.733 4.626
0.407 -0.162 0.865 1.42 0.092 3.847
0.401 -0.152 0.876 1.298 -0.458 2.947
0.403 -0.133 0.865 1.649 0.366 2.015
0.383 -0.11 0.859 1.45 -0.107 2.977
0.394 -0.107 0.844 0.931 0.046 4.321
0.402 -0.125 0.834 1.069 1.481 5.191
0.41 -0.141 0.857 -0.092 2.153 4.565
0.408 -0.141 0.875 -0.336 1.511 4.366
0.401 -0.139 0.862 -1.328 1.023 3.099
0.407 -0.135 0.854 -1.466 0.672 2.046
0.389 -0.104 0.834 -2.321 -0.351 2.26
0.396 -0.102 0.826 -2.992 0.351 3.344
0.395 -0.121 0.822 -2.473 1.45 5.16
0.4 -0.141 0.837 -2.26 2.229 7.038
0.39 -0.151 0.838 -3.038 2.626 7.099
0.405 -0.167 0.864 -3.496 2.244 6.885
0.42 -0.182 0.891 -2.901 2.885 5.618
0.414 -0.19 0.897 -2.565 1.985 3.573
0.403 -0.17 0.899 -3.145 0.29 1.924
0.407 -0.168 0.876 -3.527 0.366 0.046
0.394 -0.154 0.877 -3.42 -0.275 -1.573
0.378 -0.126 0.876 -5.115 -0.809 -2.321
0.364 -0.115 0.87 -7.206 -0.977 -2.26
0.374 -0.128 0.868 -8.275 -0.595 -1.374
0.379 -0.131 0.865 -7.542 -0.58 -0.504
0.378 -0.137 0.874 -7.893 -0.885 -0.183
0.375 -0.141 0.886 -7.405 -1.45 0.26
0.389 -0.169 0.89 -5.511 -1.053 0.504
0.4 -0.18 0.893 -2.992 -0.718 0.962
0.397 -0.172 0.877 -1.481 -1.466 0.504
0.398 -0.19 0.864 -0.214 -1.405 -0.55
0.416 -0.184 0.857 0.702 -0.763 -1.679
0.409 -0.161 0.866 0.84 -0.321 -3.023
0.405 -0.137 0.866 0.336 -0.137 -3.985
0.395 -0.112 0.848 0.031 0.275 -3.847
0.377 -0.081 0.86 -0.412 0.275 -2.87
0.366 -0.081 0.85 -2.412 0.122 -1.16
0.372 -0.083 0.861 -3.634 0.076 -0.26
0.376 -0.102 0.868 -3.786 -0.412 0.779
0.389 -0.113 0.866 -4.672 -0.473 1.649
0.401 -0.135 0.866 -3.71 -0.458 2.794
0.41 -0.136 0.846 -3.557 -0.382 3.16
0.411 -0.139 0.867 -4.031 -1.527 2.351
0.399 -0.139 0.869 -4.565 -1.908 1.618
0.391 -0.131 0.88 -4.092 -2.534 2.305
0.39 -0.124 0.876 -2.351 -2.0 4.214
0.404 -0.125 0.844 -1.282 -0.55 5.969
0.406 -0.128 0.849 -2.244 -0.26 6.855
0.421 -0.145 0.843 -3.603 0.0 6.275
0.424 -0.149 0.844 -4.382 -0.718 5.542
0.419 -0.16 0.823 -5.405 -1.725 5.42
0.428 -0.187 0.821 -5.542 -1.435 5.221
0.435 -0.214 0.826 -5.115 -0.366 4.092
0.438 -0.234 0.833 -5.405 0.611 1.71
0.429 -0.221 0.866 -6.519 0.824 -2.137
0.418 -0.21 0.895 -6.794 -1.374 -4.84
0.403 -0.176 0.868 -4.916 -2.595 -5.802
0.393 -0.154 0.838 -4.809 -2.0 -5.496
0.392 -0.131 0.844 -5.023 -1.695 -4.168
0.377 -0.124 0.865 -4.656 -1.557 -2.244
0.392 -0.138 0.866 -3.008 -0.214 -0.305
0.386 -0.138 0.862 -2.382 0.947 0.855
0.39 -0.135 0.865 -1.573 0.458 1.847
0.406 -0.143 0.867 -1.481 0.321 1.756
0.412 -0.143 0.864 -1.588 0.137 1.328
0.42 -0.154 0.84 -2.672 0.84 0.168
0.422 -0.151 0.837 -4.214 0.931 -1.176
0.423 -0.141 0.851 -5.664 0.397 -2.885
0.399 -0.133 0.867 -6.397 -0.916 -3.13
0.388 -0.116 0.868 -5.863 -1.573 -1.573
0.395 -0.124 0.855 -3.359 -0.336 1.267
0.41 -0.145 0.839 -0.55 1.847 3.954
0.42 -0.158 0.833 0.092 4.718 5.069
0.428 -0.174 0.845 -0.916 4.626 3.588
0.418 -0.178 0.866 -1.206 3.374 1.282
0.409 -0.175 0.875 -1.328 1.176 -0.748
0.403 -0.145 0.86 -1.527 0.336 -1.42
0.395 -0.129 0.858 -2.397 0.427 -1.496
0.403 -0.132 0.841 -2.87 1.466 -0.504
0.405 -0.13 0.852 -3.008 2.137 -0.092
0.407 -0.129 0.859 -3.282 1.939 -0.168
0.403 -0.135 0.854 -3.847 1.267 -0.366
0.395 -0.125 0.871 -5.221 0.611 -0.275
0.392 -0.128 0.876 -5.481 -0.305 0.336
0.39 -0.132 0.878 -4.916 -0.198 1.649
0.394 -0.145 0.871 -4.183 0.962 2.305
0.394 -0.146 0.891 -3.908 0.702 3.053
0.39 -0.153 0.894 -3.603 -0.443 2.87
0.394 -0.154 0.889 -3.206 -1.206 2.275
0.392 -0.15 0.878 -2.214 -2.427 2.626
0.398 -0.153 0.848 -2.061 -2.275 2.992
0.411 -0.162 0.837 -3.206 -1.634 2.931
0.419 -0.174 0.834 -4.992 -1.496 1.893
0.419 -0.177 0.851 -6.58 -1.893 0.855
0.415 -0.194 0.853 -4.916 -1.573 0.122
0.41 -0.193 0.875 -3.481 -2.214 0.565
0.402 -0.183 0.876 -1.817 -2.58 1.038
0.402 -0.169 0.869 0.122 -2.504 2.031
0.417 -0.168 0.845 1.573 -0.641 2.931
0.42 -0.164 0.837 0.763 -0.168 3.038
0.411 -0.16 0.846 -1.084 -0.641 2.672
0.413 -0.17 0.865 -2.718 -1.176 1.191
0.414 -0.181 0.882 -2.122 -2.015 0.656
0.419 -0.173 0.858 -0.947 -1.023 -0.214
0.412 -0.158 0.841 -0.779 0.534 -0.672
0.41 -0.137 0.865 -2.626 0.885 -2.0
0.393 -0.136 0.877 -3.328 -1.237 -2.183
0.394 -0.126 0.859 -3.985 -1.405 -1.557
0.398 -0.15 0.84 -4.519 -1.817 -0.504
0.408 -0.168 0.857 -3.634 -1.191 0.031
0.41 -0.167 0.869 -2.534 -0.824 -0.031
0.416 -0.173 0.882 -1.344 -0.947 -0.229
0.418 -0.169 0.881 -0.321 -0.901 -0.733
0.397 -0.148 0.859 0.534 -1.221 -0.794
0.406 -0.141 0.848 -0.626 -0.992 -0.824
0.419 -0.135 0.849 -0.412 -0.992 -0.214
0.42 -0.139 0.831 0.55 0.122 0.748
0.409 -0.134 0.844 -0.504 0.58 1.023
0.408 -0.133 0.849 -2.137 -0.687 0.595
0.409 -0.135 0.852 -3.939 -1.527 0.198
0.417 -0.14 0.859 -4.84 -2.412 -0.794
0.42 -0.15 0.842 -5.13 -2.092 -1.74
0.422 -0.154 0.837 -5.069 -1.71 -2.076
0.423 -0.146 0.834 -4.55 -1.344 -1.893
0.411 -0.133 0.844 -3.985 -0.153 -1.344
0.418 -0.125 0.846 -3.374 0.229 0.0
0.412 -0.125 0.841 -2.824 0.458 1.603
0.411 -0.119 0.827 -3.282 0.84 3.038
0.418 -0.146 0.84 -4.229 0.733 3.847
0.43 -0.177 0.856 -2.702 1.328 4.244
0.425 -0.181 0.872 -1.405 1.45 3.191
0.425 -0.182 0.874 -0.977 0.901 1.893
0.425 -0.18 0.881 -0.763 0.427 0.824
0.41 -0.156 0.855 -0.321 -0.168 0.702
0.416 -0.146 0.848 0.198 -0.122 1.099
0.406 -0.149 0.834 0.183 1.069 1.924
0.409 -0.146 0.84 -0.977 1.481 2.794
0.421 -0.161 0.852 -1.527 2.0 2.916
0.426 -0.163 0.863 -0.84 1.924 2.58
0.406 -0.152 0.875 0.153 0.794 2.626
0.401 -0.149 0.871 0.931 0.87 2.473
0.41 -0.15 0.851 1.16 0.626 2.565
0.421 -0.15 0.838 0.962 0.916 2.382
0.427 -0.148 0.822 0.061 1.313 2.336
0.423 -0.143 0.835 -2.107 0.947 1.206
0.422 -0.149 0.84 -3.313 0.718 0.901
0.401 -0.141 0.853 -4.168 0.458 0.885
0.407 -0.152 0.877 -3.817 0.046 1.847
0.406 -0.162 0.878 -2.153 -0.336 3.099
0.427 -0.182 0.871 1.237 1.374 3.817
0.431 -0.182 0.846 2.672 2.427 3.725
0.424 -0.177 0.863 1.176 2.26 1.969
0.417 -0.167 0.886 -1.115 0.824 0.351
0.412 -0.166 0.88 -0.779 0.015 -0.183
0.409 -0.151 0.88 0.244 -0.107 0.168
0.411 -0.147 0.86 1.115 1.099 0.977
0.421 -0.151 0.837 0.656 1.756 1.679
0.414 -0.148 0.846 0.168 1.924 1.847
0.413 -0.158 0.849 -1.893 1.496 0.931
0.419 -0.163 0.861 -2.611 0.26 -0.366
0.412 -0.16 0.865 -2.366 -0.824 -1.191
0.414 -0.14 0.864 -1.847 -0.855 -1.45
0.411 -0.124 0.838 -2.519 0.061 -1.542
0.407 -0.121 0.841 -3.466 0.992 -1.45
0.392 -0.109 0.854 -4.015 0.672 -0.656
0.401 -0.112 0.846 -4.992 0.55 0.168
0.405 -0.11 0.849 -5.252 -0.489 1.237
0.409 -0.116 0.856 -5.725 -0.076 2.626
0.404 -0.139 0.879 -4.916 -0.916 3.557
0.409 -0.149 0.877 -4.229 -0.443 3.771
0.412 -0.155 0.859 -3.985 -0.718 3.45
0.414 -0.162 0.843 -3.832 -0.962 3.16
0.41 -0.172 0.83 -5.832 -1.511 2.214
0.415 -0.171 0.839 -7.191 -2.901 1.679
0.421 -0.196 0.847 -5.679 -2.031 0.947
0.429 -0.186 0.862 -3.603 -0.565 0.748
0.424 -0.18 0.862 -2.031 0.733 0.641
0.406 -0.17 0.878 -1.939 0.672 0.962
0.415 -0.186 0.878 -0.458 -0.244 1.71
0.433 -0.181 0.87 0.611 0.458 1.664
0.416 -0.166 0.858 0.947 0.0 1.084
0.412 -0.166 0.839 0.153 0.183 0.687
0.413 -0.16 0.845 -0.305 1.115 0.305
0.416 -0.16 0.848 -0.305 1.466 0.763
0.41 -0.162 0.854 -0.962 2.153 0.397