-0.006 -0.107 0.92 -1.45 2.275 1.053
-0.024 -0.084 0.916 -2.427 2.458 0.321
-0.022 -0.079 0.91 -3.328 2.229 0.962
-0.035 -0.068 0.915 -4.305 2.55 1.969
-0.044 -0.073 0.933 -5.344 1.267 3.985
-0.027 -0.081 0.925 -6.382 -0.321 5.176
-0.022 -0.1 0.94 -6.534 -0.092 5.45
-0.015 -0.113 0.925 -6.489 0.565 4.458
-0.006 -0.116 0.908 -6.26 1.023 3.313
-0.006 -0.115 0.902 -5.939 1.71 2.198
-0.012 -0.107 0.889 -5.069 2.412 1.893
-0.019 -0.098 0.902 -3.786 2.58 1.679
-0.026 -0.101 0.912 -2.336 3.878 2.076
-0.043 -0.089 0.917 -1.542 3.405 1.863
-0.063 -0.087 0.969 -3.252 3.42 2.626
-0.037 -0.084 0.928 -4.366 3.603 2.397
-0.051 -0.078 0.927 -6.107 2.214 2.198
-0.043 -0.092 0.927 -6.611 1.847 3.267
-0.04 -0.097 0.932 -5.908 1.176 3.74
-0.03 -0.113 0.945 -5.359 1.649 3.771
-0.031 -0.119 0.918 -4.824 2.244 3.313
-0.03 -0.113 0.91 -4.977 2.595 2.382
-0.013 -0.119 0.895 -5.405 3.496 1.817
-0.015 -0.106 0.9 -4.855 3.71 1.496
-0.029 -0.117 0.9 -3.771 3.527 2.565
-0.031 -0.109 0.905 -3.221 4.489 2.565
-0.04 -0.104 0.907 -4.626 4.855 2.779
-0.037 -0.11 0.91 -5.511 4.504 2.611
-0.023 -0.115 0.912 -5.71 5.527 2.076
-0.025 -0.119 0.906 -4.916 5.832 2.168
-0.022 -0.115 0.907 -5.13 5.618 2.061
-0.03 -0.114 0.938 -4.702 5.542 2.641
-0.026 -0.124 0.89 -4.595 5.145 2.443
-0.034 -0.128 0.883 -4.198 5.328 2.931
-0.031 -0.128 0.905 -2.87 6.092 3.496
-0.006 -0.115 0.843 -6.931 7.252 2.824
-0.014 -0.1 0.848 -9.939 8.687 3.511
0.107 -0.08 0.713 -8.947 10.794 2.168
0.084 -0.098 0.935 -11.115 15.313 4.244
0.275 -0.121 1.108 -4.687 21.71 7.679
0.748 -0.239 1.273 10.382 63.344 5.969
1.496 -0.459 1.744 50.122 150.0 -10.168
1.926 -0.384 3.106 105.878 258.962 -38.87
1.526 -0.403 4.0 162.214 334.55 -37.695
-0.474 0.107 4.0 150.137 250.351 -18.84
-2.067 0.601 4.0 47.115 66.504 -20.305
-3.712 1.333 4.0 -68.794 -219.908 0.962
-3.608 0.83 4.0 -134.214 -459.176 38.473
-2.452 -0.459 4.0 -157.405 -500.275 58.489
-1.428 -1.695 4.0 -109.313 -468.84 48.382
-1.13 -1.979 3.259 -41.71 -387.023 24.473
-1.173 -1.311 2.066 64.046 -331.053 25.008
-1.311 -0.14 0.758 88.244 -280.931 13.634
-1.554 1.022 0.367 64.763 -287.023 -3.771
-0.354 0.859 -1.058 73.206 -241.252 -36.809
-1.057 1.546 -1.713 67.481 -132.382 -17.939
-0.646 2.086 -2.039 -24.321 -134.321 36.366
-0.166 1.323 -2.424 -124.809 -157.313 30.473
0.793 0.185 -3.197 -190.015 -146.947 -11.786
0.271 -0.99 -2.656 -149.084 -99.328 -42.779
0.418 -1.496 -3.236 -98.595 3.496 -72.198
-1.575 -0.637 -2.094 -84.733 67.832 -113.099
-3.161 -0.13 -0.264 -49.496 62.031 -116.489
-3.729 0.882 -0.029 -56.58 28.443 -94.427
-3.905 1.398 0.326 -100.244 -49.725 -68.153
-3.079 1.16 -0.034 -121.557 -105.359 -40.382
-1.852 0.769 -0.793 -128.55 -114.84 -39.695
-0.581 -0.04 -1.263 -116.26 -133.496 -33.679
0.895 -0.653 -2.2 -97.557 -88.992 -41.863
1.442 -0.774 -2.614 -86.26 -17.008 -62.183
1.059 -0.516 -1.789 -88.519 56.947 -85.847
0.56 0.081 -0.956 -100.168 26.443 -94.947
0.403 0.386 -0.631 -101.634 -34.962 -80.092
0.386 0.415 -0.542 -61.817 -52.824 -26.702
0.589 0.302 -0.496 -25.603 28.229 17.374
0.504 0.092 -0.117 0.504 36.763 43.389
0.831 -0.326 -0.121 -0.748 41.649 43.389
1.167 -0.524 -0.39 -25.267 60.763 7.679
1.104 -0.394 -0.332 -63.084 58.763 -38.275
0.931 -0.081 -0.199 -108.321 49.176 -83.267
0.689 0.164 -0.051 -156.992 51.603 -109.115
0.39 0.235 0.269 -159.115 53.13 -84.656
0.246 -0.225 0.862 -106.87 64.168 -17.16
0.308 -0.694 1.151 -14.305 71.191 52.962
0.281 -0.532 0.98 18.321 64.901 58.397
0.402 -0.654 0.866 10.473 12.153 44.107
0.899 -0.821 0.241 3.267 24.565 7.817
0.946 -0.624 0.15 -9.023 60.55 -31.191
0.669 -0.374 0.434 -32.641 35.466 -53.649
0.5 -0.33 0.616 -46.748 17.344 -53.679
0.369 -0.306 0.75 -45.115 9.832 -42.84
0.164 -0.253 0.941 -33.42 1.221 -23.313
0.175 -0.277 1.026 -22.443 -4.336 -4.763
0.303 -0.394 0.932 -14.275 -11.939 4.733
0.364 -0.525 0.942 -7.099 -23.115 9.695
0.527 -0.726 0.815 2.198 -26.458 7.45
0.646 -0.818 0.731 9.817 -8.168 -4.855
0.513 -0.703 0.893 17.664 3.053 -15.634
0.414 -0.499 0.877 21.695 10.046 -16.611
0.403 -0.373 0.821 24.809 14.595 -12.626
0.379 -0.247 0.754 23.405 16.947 -7.481
0.339 -0.239 0.816 19.038 13.237 -0.489
0.372 -0.34 0.851 17.511 14.58 1.603
0.303 -0.432 1.019 16.84 10.382 1.573
0.347 -0.496 1.05 21.71 6.931 1.45
0.394 -0.446 0.976 29.588 13.069 4.015
0.411 -0.398 0.905 31.42 14.305 3.359
0.463 -0.38 0.82 32.229 15.954 2.015
0.469 -0.348 0.794 32.641 19.038 -0.519
0.385 -0.25 0.842 29.237 16.641 -1.878
0.318 -0.188 0.888 25.115 13.267 0.015
0.263 -0.156 0.952 22.885 10.855 3.557
0.255 -0.124 0.948 21.191 9.13 9.466
0.288 -0.16 0.926 21.878 8.061 15.71
0.326 -0.185 0.899 22.84 12.229 20.122
0.351 -0.209 0.853 19.939 15.298 20.947
0.412 -0.271 0.826 17.359 16.29 18.031
0.428 -0.315 0.851 14.305 17.084 12.916
0.396 -0.317 0.885 11.939 12.733 7.359
0.399 -0.323 0.872 9.267 9.664 3.435
0.398 -0.286 0.889 5.863 7.969 -0.947
0.372 -0.245 0.865 2.366 2.962 -2.351
0.422 -0.242 0.808 -0.489 2.611 -1.802
0.404 -0.236 0.841 -0.84 2.779 -0.366
0.395 -0.234 0.861 -0.534 2.076 0.916
0.371 -0.237 0.887 1.16 1.13 3.069
0.36 -0.219 0.877 1.832 -0.336 6.0
0.38 -0.233 0.881 2.58 -2.458 8.061
0.388 -0.227 0.863 -0.076 -4.84 7.893
0.419 -0.266 0.84 -2.656 -6.519 6.229
0.417 -0.31 0.874 -5.802 -9.359 1.618
0.402 -0.34 0.914 -5.191 -11.817 -3.115
0.409 -0.349 0.896 -1.725 -9.206 -7.496
0.383 -0.293 0.907 0.58 -7.466 -10.29
0.373 -0.211 0.855 0.076 -8.26 -10.672
0.405 -0.18 0.794 -1.267 -9.435 -8.046
0.422 -0.215 0.792 -1.084 -8.611 -5.603
0.432 -0.249 0.799 0.122 -6.855 -3.282
0.402 -0.266 0.837 1.282 -4.977 -1.298
0.406 -0.282 0.863 4.153 -3.023 0.031
0.386 -0.243 0.879 5.817 -2.718 1.679
0.393 -0.228 0.837 6.809 -4.718 3.42
0.401 -0.202 0.822 7.237 -3.786 5.038
0.391 -0.207 0.832 7.771 -3.267 6.672
0.395 -0.217 0.828 8.076 -1.878 7.221
0.396 -0.204 0.83 7.053 -0.672 6.794
0.39 -0.197 0.829 5.023 0.489 5.664
0.371 -0.169 0.857 1.313 1.008 5.069
0.38 -0.19 0.841 0.382 -0.611 6.26
0.409 -0.22 0.829 0.87 1.649 8.229
0.425 -0.258 0.836 2.122 1.954 8.702
0.426 -0.252 0.861 3.252 3.038 8.672
0.421 -0.25 0.852 3.053 3.756 8.977
0.401 -0.256 0.859 2.84 3.954 8.183
0.392 -0.244 0.867 2.137 3.16 7.084
0.381 -0.211 0.855 1.374 2.29 6.763
0.384 -0.237 0.841 1.542 2.397 8.55
0.394 -0.246 0.827 2.718 1.267 9.649
0.413 -0.242 0.823 3.634 3.008 9.588
0.393 -0.246 0.848 3.45 2.687 8.763
0.393 -0.225 0.846 2.824 2.0 8.244
0.387 -0.209 0.871 0.214 0.931 8.977
0.406 -0.193 0.811 -1.008 -0.382 8.29
0.407 -0.203 0.799 -2.397 -1.038 8.489
0.438 -0.233 0.794 -3.802 -0.244 8.198
0.449 -0.262 0.785 -6.046 -1.969 6.489
0.442 -0.285 0.832 -6.916 -2.0 4.107
0.423 -0.286 0.833 -6.519 -1.969 2.382
0.406 -0.278 0.851 -5.74 -2.565 1.588
0.41 -0.289 0.846 -4.076 -2.748 1.435
0.431 -0.289 0.832 -1.298 -1.42 1.435
0.429 -0.275 0.809 -0.458 0.0 1.542
0.407 -0.266 0.834 -2.076 -1.664 0.611
0.396 -0.278 0.863 -1.45 -2.305 0.611
0.39 -0.249 0.874 -0.763 -3.802 1.42
0.392 -0.226 0.848 -0.794 -3.618 2.885
0.407 -0.22 0.832 -1.771 -2.595 3.893
0.402 -0.236 0.843 -2.443 -1.939 5.252
0.415 -0.269 0.836 -2.962 -1.511 5.679
0.441 -0.306 0.838 -1.328 0.137 5.313
0.446 -0.304 0.844 -0.015 2.473 3.313
0.436 -0.287 0.835 0.137 3.191 1.069
0.426 -0.273 0.842 0.214 2.321 -0.168
0.415 -0.26 0.831 0.855 1.252 0.183
0.418 -0.255 0.84 1.908 1.954 0.687
0.408 -0.251 0.843 2.519 2.122 0.656
0.403 -0.238 0.833 2.244 1.206 0.87
0.4 -0.245 0.827 1.908 2.336 0.763
0.384 -0.224 0.852 2.229 1.893 0.763
0.399 -0.212 0.83 2.565 2.366 2.168
0.404 -0.21 0.813 0.733 3.069 1.985
0.397 -0.196 0.811 -2.489 2.244 1.42
0.398 -0.216 0.834 -5.298 2.092 0.855
0.394 -0.24 0.858 -4.733 1.557 0.153
0.394 -0.248 0.859 -2.824 1.511 0.794
0.383 -0.24 0.855 -2.183 1.847 1.389
0.401 -0.257 0.841 -1.191 2.809 2.031
0.414 -0.259 0.826 -0.183 3.542 1.817
0.42 -0.244 0.821 -1.099 4.58 0.244
0.403 -0.243 0.851 -2.672 3.191 -1.328
0.393 -0.229 0.85 -3.603 1.496 -2.0
0.384 -0.234 0.87 -3.679 0.748 -1.359
0.381 -0.249 0.87 -2.336 -0.122 -0.916
0.397 -0.23 0.833 -2.565 -2.198 0.046
0.394 -0.228 0.838 -3.435 -2.55 -0.107
0.402 -0.23 0.844 -3.695 -2.489 -0.305
0.397 -0.225 0.833 -3.176 -2.504 1.053
0.396 -0.229 0.841 -2.901 -3.298 2.855
0.4 -0.24 0.841 -2.229 -3.298 3.725
0.407 -0.259 0.844 -1.664 -2.031 3.405
0.411 -0.255 0.835 -1.237 -0.947 3.084
0.402 -0.25 0.847 -1.618 -0.092 2.55
0.395 -0.234 0.842 -2.382 -0.305 2.107
0.39 -0.235 0.85 -3.588 -0.916 1.71
0.394 -0.239 0.842 -4.29 -2.58 1.115
0.408 -0.245 0.826 -5.053 -1.725 0.595
0.412 -0.254 0.847 -4.412 -0.87 0.916
0.408 -0.263 0.852 -3.573 -0.702 1.389
0.41 -0.265 0.856 -2.061 -0.534 1.695
0.397 -0.261 0.859 -0.244 0.504 2.824
0.395 -0.263 0.859 1.282 0.427 4.046
0.418 -0.26 0.837 2.351 0.763 4.55
0.414 -0.254 0.833 1.969 2.504 4.519
0.404 -0.25 0.843 1.557 2.947 4.412
0.392 -0.246 0.856 0.336 2.84 3.679
0.392 -0.248 0.874 -0.84 2.87 2.84
0.387 -0.247 0.879 -0.901 1.786 2.656
0.393 -0.25 0.866 -0.214 0.29 3.863
0.401 -0.245 0.831 0.687 1.023 4.916
0.415 -0.255 0.832 1.328 1.664 5.344
0.401 -0.25 0.843 0.992 2.336 4.351
0.393 -0.24 0.859 -0.443 1.908 2.901
0.372 -0.241 0.865 -1.908 -0.519 1.954
0.369 -0.239 0.87 -2.092 -1.71 1.603
0.366 -0.237 0.865 -1.115 -1.511 2.626
0.393 -0.249 0.836 0.931 -0.198 3.771
0.39 -0.235 0.832 1.267 -1.313 4.672
0.408 -0.254 0.834 2.427 -0.489 4.702
0.396 -0.232 0.833 1.267 -0.611 4.748
0.409 -0.239 0.834 -0.473 -1.802 4.153
0.415 -0.249 0.835 -0.855 -2.611 3.42
0.418 -0.238 0.849 -1.206 -3.679 2.794
0.422 -0.236 0.837 -2.397 -3.374 1.359
0.416 -0.248 0.837 -3.435 -4.565 0.473
0.404 -0.25 0.846 -3.359 -5.71 0.122
0.404 -0.242 0.851 -2.87 -4.626 0.336
0.401 -0.247 0.854 -2.397 -4.641 1.053
0.414 -0.244 0.846 -1.786 -3.405 1.893
0.424 -0.248 0.835 -1.115 -1.802 2.305
0.43 -0.238 0.842 -1.145 -0.611 2.26
0.418 -0.253 0.843 -1.298 -0.733 1.679
0.421 -0.255 0.851 -1.573 -1.008 0.718
0.413 -0.252 0.869 -0.641 -0.641 0.794
0.422 -0.255 0.854 0.534 -0.611 1.389
0.439 -0.258 0.822 2.336 0.351 1.42
0.445 -0.264 0.827 2.84 3.053 0.962
0.419 -0.245 0.844 2.809 2.779 0.031
0.414 -0.232 0.846 1.328 2.244 -0.901
0.394 -0.208 0.852 0.092 0.58 -1.466
0.387 -0.196 0.847 -0.168 1.023 -0.595
0.383 -0.186 0.837 0.198 1.298 1.282
0.382 -0.186 0.834 -0.061 0.855 3.008
0.393 -0.191 0.838 -0.336 1.221 3.969
0.41 -0.213 0.82 -0.504 0.58 4.656
0.421 -0.222 0.809 -0.733 2.229 4.275
0.412 -0.228 0.841 -2.473 1.42 3.038
0.411 -0.24 0.854 -3.924 -0.092 1.817
0.409 -0.247 0.857 -3.267 -1.084 1.008
0.423 -0.233 0.842 -2.168 -0.214 1.221
0.436 -0.233 0.826 -1.481 0.427 1.603
0.418 -0.233 0.826 -2.458 0.168 0.656
0.4 -0.226 0.853 -2.763 -0.641 0.458
0.394 -0.223 0.844 -2.015 -1.008 1.664
0.401 -0.215 0.846 -1.374 -0.519 2.916
0.421 -0.222 0.823 -1.924 0.366 3.618
0.431 -0.239 0.824 -2.519 0.519 3.557
0.433 -0.257 0.822 -2.382 0.824 2.779
0.425 -0.251 0.833 -2.397 0.565 0.901
0.419 -0.244 0.85 -2.794 0.809 0.137
0.406 -0.244 0.841 -2.656 0.153 0.031
0.407 -0.242 0.837 -1.893 0.244 -0.061
0.42 -0.25 0.822 -0.748 0.275 0.504
0.421 -0.256 0.84 0.107 0.336 0.87
0.431 -0.255 0.839 1.618 1.771 1.618
0.436 -0.254 0.824 2.015 3.16 1.557
0.419 -0.244 0.851 1.023 2.84 0.031
0.397 -0.245 0.863 0.229 0.962 -1.099
0.409 -0.247 0.863 0.55 1.115 -2.305
0.392 -0.208 0.849 -0.427 0.26 -2.534
0.396 -0.196 0.823 -1.771 -0.137 -2.519
0.394 -0.206 0.843 -2.382 0.229 -1.649
0.38 -0.198 0.85 -1.985 0.076 -0.473
0.385 -0.203 0.845 -2.107 1.008 0.733
0.385 -0.22 0.85 -1.679 1.023 1.634
0.393 -0.221 0.837 -1.618 0.779 1.725
0.42 -0.229 0.824 -1.786 0.702 2.107
0.429 -0.238 0.815 -1.771 0.641 1.802
0.439 -0.245 0.813 -2.534 2.214 0.931
0.424 -0.244 0.84 -3.359 1.603 -0.122
0.411 -0.241 0.855 -2.916 0.061 -0.58
0.409 -0.233 0.857 -1.42 0.534 0.443
0.416 -0.242 0.836 0.229 0.916 1.344
0.429 -0.247 0.825 0.458 1.038 0.748
0.426 -0.227 0.839 -0.809 0.84 -0.595
0.407 -0.228 0.847 -2.473 -0.244 -0.901
0.412 -0.229 0.854 -2.244 0.504 -0.611
0.401 -0.219 0.853 -2.626 0.534 -0.504
0.41 -0.235 0.844 -2.641 0.382 -0.031
0.427 -0.231 0.832 -1.817 1.053 0.672
0.438 -0.246 0.823 -1.221 2.0 1.053
0.432 -0.25 0.839 -0.641 1.053 0.565
0.416 -0.236 0.833 -0.427 1.74 0.565
0.408 -0.229 0.843 -0.305 1.298 0.321
0.412 -0.235 0.846 -0.473 1.496 0.153
0.409 -0.233 0.848 0.183 1.74 0.153
0.411 -0.219 0.842 0.351 2.137 0.763
0.409 -0.216 0.845 1.466 2.076 1.634
0.403 -0.205 0.845 1.405 2.351 2.565
0.406 -0.21 0.838 0.397 1.573 3.023
0.415 -0.225 0.847 0.321 1.389 3.359
0.428 -0.242 0.833 -0.229 1.878 2.626
0.423 -0.244 0.851 -0.55 1.954 0.947
0.417 -0.242 0.858 0.58 1.282 0.794
0.416 -0.231 0.852 1.74 1.74 1.389
0.416 -0.222 0.835 2.412 2.55 2.351
0.423 -0.222 0.824 2.443 3.344 2.763
0.425 -0.23 0.834 1.069 3.817 1.206
0.405 -0.236 0.852 0.794 2.809 0.076
0.402 -0.229 0.863 2.321 2.748 0.122
0.384 -0.205 0.856 3.053 2.687 1.053
0.392 -0.192 0.847 2.061 0.947 1.817
0.408 -0.205 0.839 1.74 0.885 2.489
0.421 -0.212 0.834 1.863 1.069 2.473
0.422 -0.221 0.838 1.466 1.71 1.374
0.397 -0.219 0.858 -0.29 0.641 0.519
0.406 -0.219 0.853 -1.817 0.504 -0.168
0.399 -0.211 0.852 -1.817 0.153 -0.427
0.408 -0.215 0.841 -1.725 0.916 -0.412
0.395 -0.206 0.853 -1.374 0.519 -0.534
0.401 -0.207 0.859 -1.298 0.031 -0.122
0.396 -0.213 0.86 -1.344 -0.214 0.122
0.39 -0.212 0.88 -0.58 -1.16 0.977
0.405 -0.226 0.848 0.031 -0.641 2.031
0.411 -0.226 0.831 0.351 0.382 1.649
0.404 -0.23 0.853 0.443 0.58 1.618
0.402 -0.225 0.865 0.84 0.55 1.313
0.405 -0.215 0.866 1.16 -0.305 1.282
0.408 -0.221 0.848 1.267 -0.137 1.344
0.412 -0.215 0.846 1.603 -0.214 1.191
0.402 -0.22 0.843 1.405 -0.107 1.725
0.411 -0.204 0.823 0.626 -0.214 1.969
0.41 -0.207 0.836 0.473 0.092 1.389
0.406 -0.196 0.841 -0.183 0.885 2.061
0.406 -0.195 0.832 -0.687 1.664 3.267
0.405 -0.219 0.833 -0.87 0.672 4.611
0.422 -0.229 0.832 0.336 1.405 4.473
0.416 -0.251 0.843 1.176 1.008 3.45
0.423 -0.255 0.837 2.427 1.466 2.229
0.421 -0.241 0.841 2.092 1.771 0.397
0.429 -0.243 0.857 2.84 3.74 1.45
0.41 -0.169 0.844 -0.29 2.748 0.641
0.41 -0.162 0.824 -0.504 1.802 1.511
0.412 -0.182 0.823 -2.611 1.771 2.779
0.406 -0.217 0.844 -1.069 1.74 3.649
0.415 -0.227 0.858 0.397 0.122 3.069
0.43 -0.263 0.853 1.557 0.397 1.802
0.424 -0.231 0.854 2.58 0.321 0.183
0.425 -0.211 0.823 1.496 0.031 -1.023
0.43 -0.207 0.82 -0.519 1.939 -2.107
0.419 -0.203 0.837 -2.076 1.557 -2.504
0.419 -0.209 0.834 -1.74 1.267 -3.099
0.414 -0.209 0.843 -2.0 0.947 -3.13
0.396 -0.207 0.862 -1.191 -0.183 -2.824
0.383 -0.191 0.848 0.26 0.824 -1.42
0.412 -0.186 0.837 1.45 1.649 -0.214
0.407 -0.159 0.803 0.107 1.634 0.595
0.411 -0.163 0.82 -2.366 1.542 1.191
0.403 -0.186 0.847 -4.031 0.397 1.237
0.417 -0.2 0.852 -3.985 0.351 1.084
0.405 -0.201 0.854 -4.366 0.336 0.718
0.405 -0.211 0.863 -4.214 1.206 -0.092
0.392 -0.216 0.866 -4.336 0.336 -0.137
0.408 -0.204 0.859 -3.573 -0.015 -1.023
0.397 -0.187 0.841 -3.45 -0.229 -0.763
0.387 -0.171 0.846 -3.542 -0.87 0.916
0.413 -0.198 0.835 -3.573 0.687 1.405
0.42 -0.215 0.827 -2.931 1.802 1.863
0.418 -0.214 0.837 -3.802 0.977 0.901
0.404 -0.208 0.87 -3.237 1.267 0.382
0.408 -0.211 0.864 -1.344 0.611 1.023
0.42 -0.216 0.837 -0.153 0.962 -0.412
0.435 -0.205 0.828 0.015 2.198 2.29
0.413 -0.207 0.854 -0.29 3.45 2.092
0.415 -0.221 0.865 -0.321 3.237 1.802
0.401 -0.231 0.882 -1.099 1.557 0.916
0.41 -0.231 0.879 -0.321 2.046 -0.092
0.4 -0.212 0.872 0.595 2.229 -0.641
0.386 -0.194 0.868 -0.473 1.42 0.382
0.388 -0.212 0.862 -0.29 0.809 1.511
0.391 -0.21 0.884 1.053 1.099 2.702