0.065 -0.047 0.927 -5.344 -1.863 -1.374
0.059 -0.054 0.924 -4.763 -1.45 -1.42
0.055 -0.044 0.908 -4.183 -0.443 -1.069
0.043 -0.039 0.907 -4.351 -0.351 -1.481
0.044 -0.03 0.922 -4.779 -0.84 -0.947
0.052 -0.037 0.909 -5.221 -1.496 -0.153
0.041 -0.047 0.906 -5.038 -0.489 0.275
0.059 -0.042 0.912 -4.992 -0.168 0.092
0.061 -0.039 0.912 -5.756 -0.351 -0.168
0.043 -0.033 0.916 -5.389 0.229 0.55
0.044 -0.027 0.915 -5.588 -0.153 1.069
0.045 -0.036 0.932 -6.229 -0.321 2.122
0.045 -0.046 0.928 -6.336 -0.427 2.595
0.036 -0.046 0.929 -6.244 0.122 3.053
0.038 -0.055 0.935 -6.015 0.718 3.282
0.05 -0.058 0.927 -5.389 0.26 3.756
0.04 -0.059 0.93 -5.649 0.214 3.786
0.045 -0.052 0.919 -5.863 0.931 3.863
0.048 -0.056 0.932 -6.244 0.595 3.817
0.041 -0.064 0.931 -5.695 1.145 4.137
0.033 -0.071 0.951 -4.794 1.893 3.847
0.02 -0.051 0.951 -4.153 1.603 4.183
0.011 -0.049 0.947 -4.718 0.382 4.916
0.023 -0.058 0.937 -5.008 0.107 5.481
0.037 -0.062 0.926 -5.237 -0.198 5.588
0.018 -0.061 0.938 -5.557 -0.87 6.321
0.033 -0.066 0.936 -6.122 -2.244 6.885
0.041 -0.077 0.939 -6.443 -2.489 6.931
0.043 -0.082 0.925 -5.634 -2.015 6.718
0.041 -0.087 0.955 -4.962 -1.344 6.977
0.066 -0.09 0.947 -4.275 -0.779 6.687
0.061 -0.091 0.935 -4.55 -0.031 5.634
0.058 -0.098 0.946 -2.992 -0.382 5.863
0.074 -0.107 0.937 -3.344 -0.855 5.237
0.069 -0.103 0.94 -3.847 -1.359 4.366
0.073 -0.107 0.945 -4.137 -1.756 3.237
0.077 -0.1 0.942 -3.786 -1.16 2.595
0.071 -0.1 0.938 -2.076 0.366 2.168
0.074 -0.092 0.938 -1.115 0.336 2.198
0.072 -0.08 0.937 -0.87 1.359 2.0
0.054 -0.076 0.93 -1.511 0.947 2.244
0.053 -0.079 0.947 -2.229 0.168 2.198
0.064 -0.083 0.939 -3.084 -1.298 2.672
0.071 -0.088 0.952 -2.427 -0.244 2.015
0.068 -0.094 0.946 -1.969 -0.779 2.214
0.077 -0.088 0.939 -1.649 -0.366 2.229
0.075 -0.089 0.929 -1.649 -0.458 1.908
0.072 -0.091 0.941 -1.557 -1.038 1.74
0.071 -0.092 0.928 -1.191 -1.053 1.328
0.066 -0.085 0.938 -1.389 -0.885 1.939
0.078 -0.092 0.93 -1.969 -1.634 1.191
0.074 -0.089 0.924 -2.229 -1.069 0.855
0.061 -0.077 0.868 -1.557 -3.282 -0.107
0.064 -0.083 0.921 -2.702 -1.221 0.962
0.064 -0.08 0.915 -2.656 -0.183 0.672
0.066 -0.093 0.915 -2.855 -0.214 0.061
0.057 -0.094 0.932 -2.153 1.053 -0.534
0.071 -0.086 0.911 -0.885 1.603 0.046
0.068 -0.079 0.914 0.061 3.053 0.427
0.056 -0.071 0.925 -0.168 2.626 0.718
0.047 -0.053 0.91 -1.053 1.939 1.053
0.042 -0.075 0.933 -1.893 0.901 0.901
0.046 -0.078 0.931 -2.26 1.038 0.29
0.057 -0.086 0.923 -1.893 1.115 0.183
0.059 -0.094 0.907 -1.008 2.504 -0.168
0.06 -0.088 0.912 -0.275 3.771 -0.427
0.052 -0.07 0.904 -0.489 3.893 -0.489
0.04 -0.068 0.916 -0.901 3.252 -0.427
0.045 -0.067 0.926 -1.359 2.656 0.412
0.056 -0.08 0.921 -1.695 2.107 0.55
0.053 -0.076 0.924 -2.031 1.771 0.687
0.057 -0.076 0.914 -2.229 2.015 0.29
0.058 -0.073 0.923 -2.763 1.206 -0.198
0.059 -0.076 0.92 -2.275 2.046 -0.015
0.056 -0.062 0.935 -2.412 2.214 0.275
0.053 -0.066 0.946 -2.977 1.282 0.397
0.065 -0.073 0.939 -3.053 1.084 0.595
0.059 -0.076 0.942 -3.115 1.649 0.885
0.061 -0.078 0.943 -2.351 1.817 0.947
0.065 -0.079 0.945 -1.908 2.443 0.687
0.071 -0.077 0.928 -2.198 2.0 0.763
0.062 -0.069 0.926 -2.641 1.618 0.351
0.063 -0.08 0.937 -2.809 1.298 0.748
0.059 -0.074 0.946 -3.313 0.29 0.504
0.06 -0.083 0.943 -3.359 0.504 1.038
0.052 -0.091 0.949 -3.527 0.595 0.718
0.057 -0.093 0.95 -3.359 0.55 0.29
0.064 -0.095 0.946 -2.137 0.901 0.092
0.057 -0.078 0.938 -1.328 1.221 0.0
0.053 -0.071 0.945 -1.496 1.099 -0.229
0.053 -0.066 0.944 -2.092 0.321 0.168
0.048 -0.072 0.95 -2.458 -0.29 0.351
0.056 -0.081 0.939 -2.84 -0.687 0.779
0.062 -0.082 0.929 -2.565 -0.412 0.58
0.061 -0.086 0.932 -1.939 -0.137 0.076
0.061 -0.085 0.933 -1.893 -0.107 -0.489
0.06 -0.077 0.928 -2.076 0.076 -0.412
0.056 -0.073 0.94 -1.878 -0.763 -0.351
0.054 -0.077 0.939 -2.427 -1.344 -0.473
0.058 -0.084 0.94 -2.351 -0.763 -0.84
0.06 -0.076 0.941 -1.481 0.321 -0.992
0.065 -0.073 0.925 -0.626 0.87 -0.733
0.06 -0.065 0.927 -0.412 1.282 -0.473
0.051 -0.062 0.934 -0.519 1.206 -0.244
0.05 -0.06 0.938 -1.069 0.107 -0.015
0.053 -0.06 0.95 -1.344 -0.427 0.458
0.059 -0.054 0.968 -1.511 -0.244 -0.107
0.061 -0.051 0.979 -1.435 -1.053 -0.046
0.085 -0.042 0.993 -0.779 0.153 0.305
0.113 -0.046 1.016 1.557 2.779 -0.092
0.1 -0.016 1.125 4.397 3.542 -0.702
0.164 -0.03 1.21 8.076 11.405 -0.595
0.243 -0.016 1.318 13.71 14.137 0.504
0.272 -0.055 1.525 25.45 26.992 2.901
0.275 -0.103 1.756 33.878 27.832 5.695
0.285 -0.076 2.027 36.962 34.031 4.519
0.293 -0.037 2.252 29.893 33.817 -1.924
0.348 0.028 2.369 22.87 24.763 -4.382
0.546 0.16 2.365 11.344 25.924 -14.26
0.683 0.293 2.423 15.115 36.84 -17.74
0.643 0.337 2.821 23.756 52.061 -3.695
0.409 0.324 3.119 53.939 48.092 23.084
0.121 0.346 3.492 71.008 41.618 53.42
-0.06 0.288 3.641 66.382 7.282 74.824
-0.123 0.253 3.48 31.939 -18.275 77.481
-0.131 0.228 3.218 -16.489 -67.634 70.0
-0.207 0.09 2.976 -38.229 -127.664 66.84
-0.059 -0.068 2.683 -34.214 -146.046 61.16
0.088 -0.161 2.205 -22.84 -132.351 47.511
-0.067 -0.009 2.219 -13.13 -109.389 38.321
-0.259 0.228 2.097 -2.443 -94.87 37.649
-0.498 0.387 1.873 -2.214 -91.527 40.107
-0.647 0.423 1.675 -14.412 -102.198 45.481
-0.756 0.327 1.517 -22.55 -112.244 60.0
-0.8 0.178 1.359 -27.405 -123.847 68.0
-0.775 0.113 1.184 -21.679 -123.725 65.603
-0.608 0.107 0.85 -24.198 -110.656 49.71
-0.633 0.042 0.907 -23.053 -118.962 45.695
-0.223 -0.233 0.568 -8.321 -111.313 29.725
0.01 -0.325 0.283 -0.733 -103.603 11.618
0.276 -0.369 -0.083 5.389 -93.45 -2.29
0.321 -0.312 -0.422 -4.58 -63.725 -22.458
0.249 -0.299 -0.451 -13.954 -62.137 -31.908
0.098 -0.29 -0.482 -11.191 -60.534 -24.321
-0.056 -0.223 -0.52 2.916 -33.969 -11.939
-0.608 0.069 -0.223 25.603 -47.832 26.29
-0.354 -0.106 -0.731 10.076 -30.626 31.817
-0.334 -0.328 -0.286 6.565 -38.901 31.282
-0.096 -0.633 -0.215 21.756 -27.42 12.931
0.011 -0.598 -0.378 31.282 -16.504 -18.137
0.008 -0.462 -0.554 21.878 -24.733 -50.534
-0.073 -0.293 -0.664 2.611 -34.046 -76.229
-0.22 -0.135 -0.641 -10.244 -39.893 -91.191
-0.252 0.021 -0.577 -9.893 -36.29 -86.382
-0.243 0.153 -0.495 5.084 -22.305 -73.13
-0.13 0.301 -0.516 8.702 -9.511 -52.336
-0.023 0.395 -0.476 -6.046 -2.275 -42.0
0.236 0.321 -0.513 -31.664 -0.947 -51.71
0.387 0.194 -0.42 -58.137 -7.008 -62.626
0.284 0.236 -0.167 -74.107 -7.42 -57.221
0.293 0.152 0.031 -62.382 12.534 -35.359
0.375 0.117 -0.002 -42.763 56.183 -14.794
0.517 0.016 0.115 -40.397 82.779 -1.313
0.576 -0.164 0.182 -38.336 83.389 1.573
0.603 -0.218 0.335 -46.656 82.443 -9.603
0.507 -0.28 0.497 -55.588 70.412 -29.053
0.456 -0.227 0.579 -62.26 52.382 -49.649
0.43 -0.149 0.634 -62.229 42.229 -61.053
0.422 -0.067 0.616 -54.092 37.832 -55.969
0.422 -0.054 0.611 -41.435 36.366 -41.71
0.345 -0.013 0.608 -34.672 39.527 -28.061
0.269 -0.052 0.746 -31.344 33.679 -15.069
0.291 -0.111 0.858 -25.008 29.344 -5.954
0.351 -0.2 0.881 -14.137 26.595 -2.122
0.393 -0.249 0.898 -0.092 24.901 -0.275
0.391 -0.215 0.859 4.366 20.702 -2.901
0.345 -0.213 0.884 2.794 8.275 -7.053
0.295 -0.148 0.901 0.962 -1.221 -11.542
0.248 -0.119 0.924 0.214 -6.412 -13.389
0.227 -0.047 0.922 4.565 -6.885 -10.977
0.19 0.003 0.855 -0.855 -6.397 -7.298
0.25 -0.031 0.853 -1.634 -2.901 -3.817
0.29 -0.047 0.865 -1.206 0.031 -0.427
0.226 -0.065 0.92 -1.008 -7.74 0.244
0.219 -0.056 1.001 0.595 -11.344 -0.031
0.188 -0.052 1.029 4.183 -16.748 2.656
0.274 -0.091 0.917 8.305 -14.901 8.534
0.333 -0.15 0.912 10.779 -7.176 11.74
0.396 -0.19 0.853 11.099 1.618 10.733
0.411 -0.208 0.844 8.58 6.534 4.321
0.383 -0.195 0.873 6.26 7.282 -2.519
0.293 -0.136 0.957 1.985 1.374 -8.076
0.267 -0.113 0.995 -0.244 -4.107 -10.672
0.268 -0.09 0.966 1.679 -3.679 -10.244
0.284 -0.088 0.916 3.496 0.336 -9.618
0.282 -0.066 0.862 3.038 4.29 -10.275
0.26 -0.045 0.919 2.702 4.672 -7.069
0.29 -0.033 0.898 2.824 7.863 -5.908
0.302 -0.016 0.896 2.718 10.641 -4.702
0.278 -0.021 0.895 2.015 9.664 -3.435
0.266 -0.043 0.915 1.328 5.267 -2.977
0.247 -0.031 0.933 -0.244 0.443 -2.641
0.255 -0.047 0.918 -0.504 0.672 -1.695
0.282 -0.048 0.924 -1.023 2.779 -0.84
0.301 -0.043 0.88 -2.336 3.664 -1.038
0.291 -0.025 0.917 -4.489 5.191 -0.992
0.265 -0.025 0.93 -5.298 4.87 -0.153
0.234 -0.02 0.968 -4.534 0.931 2.504
0.224 -0.012 0.948 -3.557 0.382 5.893
0.26 -0.045 0.912 -2.947 0.26 7.588
0.297 -0.102 0.914 -3.038 3.771 6.183
0.296 -0.112 0.932 -3.664 3.084 2.885
0.291 -0.1 0.952 -5.023 0.061 -0.29
0.296 -0.106 0.971 -5.282 -2.031 -3.023
0.293 -0.107 0.963 -4.718 -3.13 -4.29
0.279 -0.09 0.956 -3.328 -6.565 -5.389
0.256 -0.065 0.986 -3.771 -5.695 -5.802
0.27 -0.051 0.94 -2.336 -6.275 -4.519
0.276 -0.053 0.935 0.092 -5.985 -2.87
0.291 -0.055 0.913 2.351 -3.282 -1.985
0.287 -0.043 0.902 2.58 -0.275 -1.191
0.289 -0.043 0.922 1.939 1.191 -1.725
0.27 -0.043 0.933 0.947 1.16 -2.779
0.289 -0.055 0.936 0.611 2.763 -3.573
0.276 -0.054 0.934 2.168 3.511 -3.817
0.256 -0.037 0.954 3.924 3.267 -2.58
0.26 -0.03 0.929 6.626 4.275 -0.107
0.274 -0.031 0.915 7.939 6.55 1.053
0.269 -0.028 0.913 8.29 6.702 1.695
0.277 -0.02 0.905 7.71 7.115 1.954
0.268 -0.01 0.895 6.855 7.985 1.435
0.24 0.02 0.908 6.198 6.183 2.885
0.272 0.014 0.872 4.931 5.786 4.412
0.278 0.012 0.855 2.779 5.313 4.534
0.278 -0.001 0.876 -0.656 4.305 3.176
0.273 -0.014 0.898 -1.756 2.87 1.679
0.272 -0.033 0.913 -2.412 1.924 0.26
0.273 -0.035 0.909 -3.099 0.595 -0.84
0.268 -0.037 0.923 -3.145 -1.405 -1.221
0.287 -0.033 0.906 -2.84 -1.679 -1.634
0.279 -0.015 0.914 -2.931 -2.366 -1.206
0.277 -0.006 0.911 -5.267 -1.908 -1.664
0.263 -0.004 0.915 -7.282 -2.061 -1.389
0.263 0.002 0.906 -8.58 -1.542 -0.718
0.256 0.001 0.904 -8.595 -0.992 1.435
0.281 -0.019 0.903 -7.756 0.366 3.389
0.297 -0.037 0.9 -7.542 0.931 3.405
0.287 -0.052 0.922 -7.176 -1.13 3.863
0.298 -0.05 0.914 -6.015 -2.26 2.672
0.31 -0.054 0.906 -5.344 -2.275 1.252
0.302 -0.038 0.886 -4.794 -3.588 1.099
0.306 -0.029 0.871 -5.16 -3.817 0.183
0.292 -0.014 0.892 -5.649 -3.878 -0.214
0.295 -0.009 0.876 -5.832 -3.863 0.489
0.288 -0.011 0.871 -5.832 -3.588 1.588
0.3 -0.006 0.877 -5.771 -3.511 3.435
0.308 -0.019 0.872 -4.626 -2.137 5.359
0.328 -0.048 0.862 -3.084 -0.351 6.168
0.349 -0.088 0.887 -3.405 0.931 4.55
0.333 -0.077 0.913 -4.153 1.344 2.275
0.318 -0.09 0.932 -4.229 -1.145 -0.885
0.31 -0.068 0.901 -3.527 -1.832 -1.71
0.353 -0.06 0.871 -3.359 -0.244 -6.015
0.337 -0.06 0.847 -2.885 -2.672 -4.183
0.308 -0.04 0.832 -4.504 1.924 -4.336
0.253 -0.025 0.916 -4.611 1.252 -1.939
0.255 -0.048 0.951 -3.053 0.382 0.504
0.292 -0.06 0.926 -0.061 2.947 2.214
0.299 -0.036 0.889 1.282 5.221 2.321
0.295 -0.017 0.885 0.443 5.374 2.55
0.302 -0.021 0.866 -1.466 4.702 2.504
0.299 -0.024 0.881 -4.137 3.74 1.74
0.298 -0.05 0.89 -5.435 3.924 1.374
0.288 -0.058 0.907 -5.481 2.672 1.237
0.296 -0.055 0.909 -4.122 2.427 1.542
0.301 -0.06 0.899 -3.16 2.198 1.511
0.295 -0.057 0.885 -2.748 3.099 1.221
0.312 -0.06 0.865 -2.718 4.092 1.267
0.303 -0.047 0.875 -3.573 3.664 1.237
0.296 -0.04 0.885 -3.557 4.137 2.26
0.33 -0.049 0.958 -4.107 7.679 5.328
0.319 -0.066 0.889 -3.481 5.74 3.863
0.323 -0.088 0.88 -3.878 6.061 2.794
0.306 -0.079 0.93 -3.42 5.405 1.16
0.305 -0.091 0.921 -3.237 4.031 0.229
0.3 -0.09 0.911 -2.641 3.405 -0.534
0.297 -0.081 0.921 -2.076 2.794 -0.779
0.311 -0.084 0.904 -1.405 3.924 -1.084
0.309 -0.078 0.883 -1.664 4.015 -1.985
0.305 -0.073 0.897 -2.656 3.557 -3.374
0.285 -0.055 0.933 -2.473 2.901 -3.985
0.27 -0.04 0.929 -1.939 1.802 -2.977
0.267 -0.038 0.907 -1.023 2.458 -0.824
0.292 -0.038 0.89 0.656 5.527 1.527
0.302 -0.038 0.878 1.069 7.664 2.412
0.293 -0.051 0.901 0.366 7.802 1.634
0.279 -0.072 0.935 0.458 6.412 0.595
0.267 -0.063 0.934 0.336 5.374 -1.634
0.275 -0.059 0.92 0.031 3.679 -2.672
0.286 -0.052 0.896 -0.885 2.992 -4.076
0.276 -0.024 0.891 -1.679 2.275 -4.534
0.285 -0.021 0.872 -2.29 2.351 -4.076
0.265 -0.017 0.888 -2.595 2.733 -3.084
0.258 -0.015 0.907 -3.053 3.389 -2.076
0.264 -0.035 0.904 -2.84 2.58 -0.534
0.282 -0.046 0.886 -2.321 3.435 -0.656
0.287 -0.036 0.89 -2.015 4.031 -1.16
0.275 -0.026 0.897 -2.107 4.229 -1.634
0.269 -0.026 0.927 -1.496 4.076 -0.794
0.26 -0.027 0.906 -0.641 2.916 0.855
0.274 -0.036 0.888 0.046 3.863 1.863
0.279 -0.034 0.878 -0.595 4.962 2.153
0.281 -0.041 0.892 -2.198 4.611 1.344
0.269 -0.03 0.895 -3.634 3.237 0.855
0.272 -0.037 0.904 -4.336 2.443 0.962
0.279 -0.031 0.895 -4.107 2.702 0.901
0.273 -0.032 0.907 -4.931 1.817 1.038
0.279 -0.038 0.905 -4.336 1.908 1.389
0.283 -0.052 0.9 -3.588 2.687 1.725
0.282 -0.055 0.909 -3.023 2.87 1.588
0.282 -0.062 0.896 -2.641 2.321 1.664
0.291 -0.069 0.899 -3.038 2.534 0.611
0.276 -0.066 0.903 -3.695 1.405 -0.443
0.293 -0.053 0.9 -4.733 1.008 -2.076
0.273 -0.044 0.913 -5.603 0.595 -2.427
0.265 -0.038 0.922 -5.176 1.252 -1.237
0.243 -0.034 0.934 -4.168 1.344 0.244
0.242 -0.045 0.935 -3.16 1.405 2.275
0.253 -0.062 0.922 -1.832 2.458 4.244
0.281 -0.074 0.919 0.153 4.565 4.794
0.295 -0.095 0.905 1.45 4.87 4.076
0.278 -0.089 0.917 1.191 4.87 2.534
0.269 -0.076 0.935 0.29 3.237 0.977
0.26 -0.064 0.929 -0.26 3.313 -0.473
0.269 -0.064 0.929 0.076 2.443 -1.13
0.258 -0.04 0.916 0.015 2.275 -0.855
0.263 -0.035 0.911 -0.107 2.366 -0.015
0.261 -0.047 0.901 0.153 3.252 0.702
0.257 -0.06 0.923 0.733 2.916 1.038
0.251 -0.049 0.924 0.947 2.901 0.885
0.25 -0.05 0.929 -0.015 1.893 0.031
0.256 -0.041 0.913 -0.427 1.359 -0.092
0.261 -0.043 0.901 -1.023 2.168 -0.58
0.265 -0.052 0.905 -1.115 1.679 -0.931
0.263 -0.048 0.912 -1.802 0.137 -1.313
0.268 -0.046 0.918 -2.076 -0.107 -1.176
0.272 -0.048 0.911 -2.275 -0.198 -1.328
0.271 -0.053 0.907 -2.198 0.076 -1.893
0.271 -0.052 0.902 -2.397 -0.473 -2.519
0.267 -0.041 0.902 -2.351 0.061 -2.565
0.26 -0.035 0.899 -2.763 0.427 -3.191
0.264 -0.033 0.898 -2.992 0.412 -2.87
0.257 -0.026 0.909 -2.412 -0.443 -1.954
0.27 -0.016 0.892 -1.908 0.366 -0.504
0.267 -0.031 0.901 -1.405 1.115 0.595
0.286 -0.04 0.891 -1.664 1.725 0.321
0.266 -0.041 0.912 -2.122 0.611 0.031
0.269 -0.051 0.901 -1.511 0.809 -0.275
0.271 -0.039 0.891 -1.756 1.099 -0.336
0.284 -0.044 0.893 -1.802 0.672 -0.046
0.271 -0.042 0.897 -2.305 0.763 -0.748
0.281 -0.038 0.894 -3.221 1.45 -1.42
0.264 -0.042 0.917 -3.221 0.198 -1.695
0.263 -0.04 0.917 -3.679 0.214 -2.092
0.261 -0.037 0.91 -3.42 0.748 -1.588
0.263 -0.036 0.895 -2.656 0.977 -0.366
0.273 -0.03 0.888 -2.244 2.336 0.26
0.287 -0.034 0.892 -2.198 3.053 0.443
0.287 -0.047 0.898 -2.595 4.031 0.275
0.272 -0.046 0.913 -2.58 3.618 -0.611
0.265 -0.043 0.915 -2.84 1.969 -1.191
0.257 -0.035 0.912 -2.855 1.099 -0.824
0.266 -0.037 0.9 -3.176 0.901 -0.702
0.268 -0.04 0.909 -2.947 1.496 -0.916
0.268 -0.044 0.91 -2.702 1.863 -1.267
0.259 -0.036 0.913 -3.374 1.069 -1.985
0.25 -0.029 0.916 -3.542 0.534 -2.382
0.249 -0.015 0.904 -4.168 0.84 -2.092
0.246 -0.011 0.906 -4.595 -0.229 -0.718
0.259 -0.034 0.906 -4.275 -0.061 0.183
0.266 -0.041 0.917 -3.115 1.176 0.763
0.267 -0.044 0.922 -2.855 0.641 0.809
0.262 -0.035 0.916 -2.885 0.809 0.122
0.259 -0.028 0.907 -3.618 0.382 -0.122
0.266 -0.024 0.897 -4.122 0.489 0.015
0.261 -0.028 0.901 -4.229 0.366 0.519
0.26 -0.038 0.908 -5.053 0.809 0.29
0.266 -0.056 0.911 -4.412 -0.84 0.275
0.264 -0.049 0.916 -3.542 -0.565 0.061
0.265 -0.041 0.91 -3.084 -0.031 -0.046
0.264 -0.035 0.906 -2.595 0.244 0.931
0.274 -0.039 0.903 -1.053 1.45 2.702
0.282 -0.047 0.9 -0.458 2.198 3.71
0.28 -0.052 0.91 -0.809 2.153 3.115
0.269 -0.058 0.913 -1.084 1.634 2.015
0.269 -0.062 0.912 -0.443 1.298 1.527
0.255 -0.049 0.897 0.427 1.435 2.153
0.263 -0.043 0.895 2.0 2.687 3.679
0.269 -0.048 0.889 2.916 4.626 5.252
0.276 -0.05 0.879 3.191 5.786 5.618