-0.119 -0.104 0.923 -0.87 -2.519 3.664
-0.106 -0.102 0.915 -1.313 -3.496 3.908
-0.101 -0.108 0.918 -2.015 -3.328 3.573
-0.1 -0.104 0.924 -1.511 -2.519 2.794
-0.111 -0.109 0.919 -1.084 -2.015 2.397
-0.1 -0.1 0.913 -0.565 -0.336 2.611
-0.108 -0.101 0.905 0.046 0.779 3.45
-0.118 -0.099 0.929 -0.87 -0.534 3.13
-0.108 -0.102 0.924 -0.855 -0.718 3.099
-0.113 -0.103 0.913 -2.031 -0.534 1.985
-0.108 -0.108 0.929 -2.489 -0.641 1.298
-0.11 -0.103 0.931 -2.534 -1.45 0.87
-0.102 -0.115 0.927 -1.649 -0.031 0.916
-0.108 -0.111 0.935 -0.611 0.534 0.824
-0.093 -0.112 0.918 0.183 0.443 0.947
-0.099 -0.123 0.916 0.977 1.71 0.794
-0.094 -0.111 0.906 0.84 2.321 0.412
-0.104 -0.106 0.907 0.397 2.779 0.229
-0.113 -0.099 0.911 -0.183 3.053 0.397
-0.112 -0.1 0.912 -0.748 3.42 0.489
-0.115 -0.1 0.929 -0.916 3.878 0.458
-0.118 -0.1 0.943 -1.221 1.634 0.336
-0.111 -0.104 0.937 -0.702 1.298 0.565
-0.104 -0.104 0.929 -0.29 1.328 1.359
-0.108 -0.107 0.928 0.305 1.634 1.298
-0.104 -0.11 0.911 0.718 2.397 1.573
-0.114 -0.106 0.912 0.107 1.954 0.901
-0.121 -0.097 0.905 -0.473 2.107 1.191
-0.12 -0.088 0.918 -1.908 0.901 1.145
-0.116 -0.098 0.919 -1.924 1.13 1.115
-0.106 -0.104 0.919 -2.122 0.84 1.267
-0.1 -0.108 0.911 -2.336 1.023 0.916
-0.106 -0.11 0.924 -2.519 2.0 0.504
-0.105 -0.115 0.916 -1.603 1.817 1.023
-0.114 -0.11 0.912 -1.42 2.046 1.13
-0.106 -0.107 0.92 -1.649 2.26 1.237
-0.114 -0.108 0.918 -2.0 0.885 1.053
-0.115 -0.108 0.921 -2.656 0.473 0.962
-0.105 -0.114 0.923 -2.351 0.473 0.58
-0.101 -0.121 0.919 -1.786 1.221 0.046
-0.105 -0.105 0.915 -1.45 1.16 -0.076
-0.118 -0.101 0.891 -1.542 0.901 0.336
-0.109 -0.105 0.902 -2.198 1.282 0.366
-0.108 -0.105 0.906 -2.656 0.87 0.107
-0.11 -0.107 0.913 -2.656 0.84 -0.137
-0.111 -0.11 0.91 -1.664 1.496 -0.046
-0.112 -0.111 0.928 -0.55 2.824 -0.046
-0.124 -0.104 0.917 -0.321 2.489 -0.382
-0.115 -0.091 0.914 -0.595 2.137 -0.061
-0.117 -0.089 0.906 -1.634 1.267 -0.275
-0.13 -0.088 0.902 -3.084 0.489 -0.122
-0.127 -0.084 0.907 -4.321 -0.718 0.443
-0.122 -0.088 0.923 -4.565 -1.405 1.511
-0.112 -0.103 0.919 -4.672 -1.71 1.481
-0.104 -0.111 0.926 -3.45 -0.656 1.45
-0.103 -0.114 0.917 -2.214 0.229 1.13
-0.107 -0.112 0.922 -1.45 0.183 1.069
-0.105 -0.11 0.926 -0.702 0.748 0.443
-0.11 -0.102 0.921 -1.16 0.046 -0.366
-0.123 -0.088 0.931 -1.771 -1.145 -0.351
-0.115 -0.082 0.913 -1.954 -0.305 0.183
-0.116 -0.078 0.9 -2.809 -0.229 1.084
-0.113 -0.086 0.921 -3.267 -0.779 1.802
-0.096 -0.099 0.914 -2.855 -0.168 2.229
-0.105 -0.097 0.919 -3.099 -0.061 1.588
-0.107 -0.104 0.924 -2.947 -0.626 0.977
-0.108 -0.105 0.927 -2.87 -0.305 0.718
-0.105 -0.101 0.921 -2.763 -0.977 0.779
-0.099 -0.107 0.909 -2.366 -0.275 0.595
-0.1 -0.104 0.918 -2.947 5.878 0.992
-0.096 -0.083 0.885 -1.603 1.832 1.344
-0.112 -0.09 0.908 -1.405 0.901 1.573
-0.101 -0.086 0.916 -1.542 2.947 1.664
-0.117 -0.087 0.914 -2.031 1.878 1.45
-0.124 -0.092 0.927 -2.595 0.916 1.588
-0.103 -0.105 0.932 -2.504 0.168 1.191
-0.116 -0.097 0.939 -2.641 -0.977 0.947
-0.105 -0.105 0.922 -2.153 -0.427 1.282
-0.106 -0.101 0.927 -1.893 -0.092 0.977
-0.115 -0.094 0.917 -2.122 -0.107 1.252
-0.103 -0.09 0.913 -2.366 0.733 1.542
-0.113 -0.094 0.916 -2.916 1.115 1.939
-0.104 -0.103 0.917 -2.794 1.542 1.939
-0.096 -0.104 0.925 -2.336 1.573 2.519
-0.106 -0.115 0.938 -1.023 1.939 1.786
-0.099 -0.116 0.92 -0.061 2.992 1.405
-0.099 -0.113 0.922 0.58 3.344 1.344
-0.112 -0.104 0.921 -0.031 2.229 0.565
-0.103 -0.101 0.918 -0.015 2.458 0.168
-0.117 -0.086 0.926 -0.733 0.962 0.183
-0.115 -0.078 0.92 -1.282 0.366 0.672
-0.12 -0.085 0.922 -1.725 0.198 1.374
-0.112 -0.094 0.904 -1.939 0.046 1.71
-0.104 -0.099 0.903 -2.824 0.382 1.71
-0.106 -0.109 0.903 -2.809 1.206 1.573
-0.111 -0.103 0.923 -3.023 -0.015 0.947
-0.106 -0.106 0.929 -3.282 0.595 0.366
-0.095 -0.11 0.922 -2.366 1.237 0.427
-0.102 -0.114 0.926 -1.328 1.679 0.305
-0.106 -0.114 0.924 -0.244 3.206 -0.031
-0.115 -0.095 0.922 0.168 2.931 -0.214
-0.112 -0.1 0.901 0.656 3.115 -0.183
-0.113 -0.08 0.898 -0.183 4.092 -0.153
-0.123 -0.076 0.915 -1.542 1.649 0.244
-0.121 -0.079 0.9 -2.733 0.595 0.992
-0.128 -0.082 0.916 -3.298 0.595 1.221
-0.114 -0.101 0.915 -3.328 0.458 1.16
-0.114 -0.104 0.918 -2.992 0.702 0.779
-0.107 -0.108 0.915 -2.153 2.061 0.26
-0.107 -0.103 0.925 -1.618 2.504 0.443
-0.112 -0.101 0.914 -1.13 1.42 0.611
-0.106 -0.1 0.906 -1.74 1.16 0.87
-0.118 -0.092 0.918 -1.679 0.87 1.008
-0.113 -0.093 0.905 -2.061 0.901 0.55
-0.115 -0.1 0.904 -2.366 1.023 0.473
-0.115 -0.094 0.901 -2.672 1.527 0.305
-0.12 -0.087 0.898 -2.931 2.198 0.992
-0.125 -0.093 0.913 -3.023 1.725 1.832
-0.109 -0.104 0.931 -3.13 2.031 1.817
-0.113 -0.101 0.925 -2.672 1.969 1.863
-0.109 -0.11 0.924 -2.275 2.55 1.405
-0.093 -0.117 0.929 -1.053 2.855 1.344
-0.107 -0.109 0.918 -0.855 2.687 0.748
-0.115 -0.098 0.913 -1.466 1.496 0.366
-0.115 -0.091 0.913 -2.015 1.725 0.168
-0.119 -0.089 0.916 -2.55 1.496 0.351
-0.124 -0.087 0.928 -2.427 2.0 0.198
-0.116 -0.085 0.921 -2.336 1.405 1.038
-0.112 -0.091 0.92 -2.519 1.298 1.466
-0.116 -0.089 0.924 -2.641 1.71 1.267
-0.114 -0.095 0.92 -2.901 1.008 1.435
-0.115 -0.097 0.919 -2.962 0.992 0.977
-0.116 -0.1 0.926 -2.336 1.176 1.45
-0.106 -0.102 0.919 -1.71 1.649 1.45
-0.114 -0.095 0.92 -1.45 2.382 1.282
-0.113 -0.096 0.923 -2.031 1.954 1.069
-0.113 -0.092 0.921 -2.489 1.634 0.504
-0.117 -0.089 0.908 -2.855 1.206 0.58
-0.125 -0.093 0.928 -2.748 1.267 0.489
-0.125 -0.091 0.915 -2.489 -0.412 1.511
-0.125 -0.094 0.929 -2.534 0.275 1.389
-0.117 -0.1 0.923 -2.336 1.282 1.206
-0.117 -0.103 0.915 -1.893 1.939 1.252
-0.123 -0.096 0.917 -1.863 1.985 0.87
-0.107 -0.094 0.915 -2.122 1.374 0.962
-0.124 -0.096 0.933 -2.565 1.573 0.504
-0.12 -0.101 0.932 -1.969 1.542 0.947
-0.113 -0.093 0.926 -1.985 0.992 1.313
-0.11 -0.093 0.927 -1.588 1.74 1.405
-0.114 -0.091 0.921 -2.092 1.481 1.145
-0.115 -0.093 0.928 -2.58 0.473 1.038
-0.113 -0.1 0.921 -2.504 0.305 1.13
-0.116 -0.096 0.927 -2.901 0.229 0.565
-0.11 -0.109 0.925 -2.58 0.611 0.366
-0.102 -0.102 0.917 -1.969 0.947 0.84
-0.113 -0.098 0.906 -2.198 0.611 0.87
-0.113 -0.104 0.908 -2.015 1.573 0.626
-0.119 -0.093 0.907 -2.366 1.344 0.611
-0.122 -0.09 0.916 -2.84 0.55 0.962
-0.119 -0.094 0.919 -2.519 0.656 1.511
-0.117 -0.105 0.928 -1.908 1.649 1.42
-0.122 -0.099 0.927 -1.847 1.573 0.855
-0.114 -0.098 0.921 -2.076 0.885 0.489
-0.117 -0.088 0.917 -2.916 0.351 0.595
-0.112 -0.099 0.921 -2.977 0.458 0.947
-0.119 -0.103 0.941 -2.702 -0.107 0.779
-0.105 -0.111 0.94 -2.061 1.008 0.702
-0.103 -0.112 0.934 -1.13 1.313 0.397
-0.101 -0.1 0.938 -1.206 0.595 -0.061
-0.107 -0.102 0.927 -1.359 1.053 0.244
-0.109 -0.096 0.948 -1.511 -0.244 0.046
-0.086 -0.106 0.972 -1.13 0.0 -0.29
-0.066 -0.114 1.042 0.733 1.145 -0.87
-0.031 -0.141 1.137 5.252 4.733 -1.557
0.041 -0.18 1.329 6.855 29.649 -6.779
0.036 -0.154 1.585 16.58 27.389 -10.565
0.17 -0.077 1.786 14.412 60.275 -18.275
0.228 0.073 2.33 14.229 77.313 -22.198
0.248 0.262 2.821 1.74 89.038 -22.397
0.25 0.43 3.299 -24.107 89.832 -14.198
0.003 0.449 3.983 -62.84 66.473 -9.74
-0.176 0.265 4.0 -91.786 34.87 -12.473
-0.669 -0.224 4.0 -89.786 -0.382 13.649
-0.716 -0.468 4.0 -50.107 -119.206 25.481
-0.866 -0.635 4.0 0.183 -166.229 52.687
-0.776 -0.606 4.0 34.305 -202.092 67.649
-0.905 -0.504 3.593 37.053 -224.565 71.985
-0.606 -0.401 2.861 13.237 -225.756 47.954
-0.697 -0.268 2.35 -20.137 -222.672 25.13
-0.76 -0.106 1.93 -51.237 -214.504 9.664
-0.955 -0.1 1.754 -59.496 -204.412 15.878
-1.272 -0.079 1.731 -38.748 -190.214 35.206
-1.34 0.0 1.332 -10.794 -189.893 59.221
-1.415 0.093 1.094 -3.069 -182.534 72.031
-1.217 0.142 0.757 -11.71 -182.046 71.985
-1.124 0.176 0.369 -31.267 -189.954 61.16
-0.823 0.166 0.088 -53.16 -193.298 36.58
-0.588 0.047 -0.152 -66.626 -187.496 17.588
-0.395 0.123 -0.39 -74.214 -182.321 -0.015
-0.244 0.031 -0.64 -66.443 -166.046 -2.244
-0.183 -0.162 -0.757 -60.992 -146.504 -6.321
-0.217 -0.305 -0.761 -49.389 -118.901 -13.252
-0.236 -0.381 -0.754 -28.351 -108.061 -25.45
-0.307 -0.394 -0.688 -16.687 -81.069 -38.794
-0.219 -0.332 -0.663 -16.824 -57.42 -61.924
-0.245 -0.164 -0.65 -18.611 -48.519 -81.527
-0.366 0.04 -0.643 -25.282 -47.252 -85.618
-0.717 0.413 -0.322 -24.046 -81.725 -64.26
-0.137 0.101 -1.18 -20.107 -63.847 -55.313
-0.161 0.074 -0.959 -24.427 -50.122 -44.962
-0.094 -0.116 -0.693 -26.916 -24.702 -50.137
-0.074 -0.105 -0.515 -25.695 -28.992 -62.779
0.074 -0.014 -0.483 -30.168 -15.405 -72.962
0.109 0.09 -0.519 -38.656 -35.634 -79.16
0.239 0.167 -0.588 -48.702 -36.595 -80.916
0.41 0.217 -0.642 -54.733 -30.702 -79.847
0.423 0.22 -0.581 -62.55 -24.183 -75.237
0.43 0.199 -0.356 -65.71 -24.397 -68.595
0.457 0.1 -0.152 -64.794 -23.13 -64.229
0.561 -0.104 0.11 -51.588 -23.084 -55.313
0.672 -0.286 0.256 -26.443 -8.519 -41.45
0.658 -0.353 0.303 3.985 12.824 -23.557
0.684 -0.264 0.255 21.145 37.481 -13.481
0.664 -0.179 0.198 26.183 47.542 -5.221
0.676 -0.157 0.189 21.985 57.206 0.58
0.702 -0.115 0.226 8.153 58.611 -2.931
0.669 -0.13 0.279 -0.656 60.214 -4.656
0.593 -0.159 0.53 -7.252 53.008 -8.595
0.507 -0.161 0.576 -8.565 41.176 -12.916
0.439 -0.211 0.71 -5.832 28.183 -14.779
0.575 -0.261 0.696 0.763 32.046 -17.252
0.54 -0.256 0.64 9.053 30.55 -16.824
0.569 -0.196 0.584 11.908 40.763 -15.466
0.496 -0.119 0.637 11.939 45.74 -14.137
0.46 -0.083 0.646 7.038 51.145 -15.42
0.426 -0.112 0.706 2.626 43.664 -15.634
0.461 -0.159 0.713 0.244 43.008 -13.954
0.483 -0.174 0.717 -4.137 37.389 -12.992
0.481 -0.215 0.742 -11.649 30.031 -13.176
0.392 -0.167 0.753 -10.626 14.534 -11.038
0.451 -0.232 0.799 -12.855 25.924 -4.366
0.452 -0.202 0.71 -9.237 27.74 2.351
0.5 -0.2 0.635 -10.214 31.634 6.244
0.549 -0.247 0.611 -14.794 32.382 3.863
0.586 -0.311 0.685 -17.893 33.405 -1.481
0.565 -0.377 0.779 -18.809 34.015 -7.13
0.512 -0.395 0.866 -13.282 34.137 -11.863
0.465 -0.406 0.96 -3.954 33.847 -15.466
0.428 -0.364 0.974 2.824 26.504 -17.145
0.387 -0.322 0.972 11.191 21.298 -16.321
0.385 -0.285 0.938 19.603 17.084 -11.511
0.404 -0.215 0.848 25.252 21.252 -8.992
0.373 -0.142 0.816 21.695 27.145 -7.71
0.32 -0.099 0.857 16.947 27.435 -6.351
0.289 -0.107 0.866 11.099 23.45 -4.107
0.282 -0.122 0.92 11.344 24.931 -0.794
0.292 -0.143 0.952 15.954 25.74 4.168
0.329 -0.178 0.92 20.611 27.313 5.954
0.343 -0.186 0.905 19.802 27.145 3.298
0.332 -0.173 0.934 15.13 25.634 -2.351
0.319 -0.157 0.948 10.153 20.183 -6.55
0.313 -0.177 1.004 5.725 24.916 -4.092
0.337 -0.116 0.889 5.481 20.473 -4.931
0.343 -0.125 0.889 4.351 17.664 -3.786
0.324 -0.106 0.877 1.924 18.29 -4.031
0.315 -0.116 0.875 1.176 18.855 -4.183
0.305 -0.109 0.914 3.695 22.382 -2.031
0.304 -0.108 0.913 7.313 27.42 1.481
0.301 -0.113 0.892 9.725 27.527 4.977
0.302 -0.114 0.852 8.595 27.679 5.802
0.32 -0.136 0.89 6.809 28.321 3.267
0.297 -0.131 0.909 5.099 26.229 0.137
0.3 -0.133 0.925 1.71 23.939 -4.489
0.284 -0.121 0.936 0.534 19.42 -6.824
0.272 -0.091 0.91 -1.466 17.282 -7.725
0.244 -0.074 0.913 -2.916 16.458 -6.962
0.237 -0.088 0.962 -3.527 10.427 -6.015
0.244 -0.094 0.948 -4.366 7.817 -5.42
0.268 -0.096 0.941 -5.313 6.687 -5.023
0.255 -0.082 0.926 -8.947 4.137 -6.763
0.265 -0.078 0.929 -12.473 2.183 -9.023
0.258 -0.085 0.906 -15.832 -4.321 -11.389
0.242 -0.139 0.982 -16.015 -5.053 -9.679
0.245 -0.156 1.015 -9.588 -2.931 -6.229
0.255 -0.165 1.02 -1.206 -1.191 -1.359
0.263 -0.136 1.0 3.237 -4.076 1.756
0.295 -0.111 0.917 3.969 -3.771 2.962
0.288 -0.101 0.904 0.183 -5.145 2.244
0.314 -0.121 0.897 -3.099 -6.763 1.099
0.349 -0.168 0.892 -4.321 -5.221 0.275
0.371 -0.184 0.887 -4.977 -4.427 -1.878
0.368 -0.183 0.893 -6.656 -4.275 -5.298
0.348 -0.187 0.926 -7.969 -7.191 -9.313
0.361 -0.202 0.927 -6.153 -6.962 -11.908
0.321 -0.18 0.94 -0.672 -7.298 -10.962
0.307 -0.142 0.927 5.053 -5.374 -6.947
0.318 -0.135 0.873 8.992 -3.206 -2.473
0.34 -0.13 0.833 9.924 0.015 -0.87
0.348 -0.121 0.823 8.84 0.198 -1.893
0.333 -0.105 0.833 5.893 0.733 -3.863
0.328 -0.094 0.847 2.122 -0.901 -5.435
0.331 -0.086 0.833 -0.687 0.198 -6.733
0.321 -0.092 0.83 -3.954 -0.809 -6.397
0.319 -0.102 0.862 -5.221 -1.069 -6.718
0.321 -0.116 0.867 -3.298 -0.382 -6.031
0.368 -0.125 0.9 -3.008 4.916 -3.939
0.347 -0.084 0.836 -1.481 1.679 -4.641
0.315 -0.071 0.858 -3.16 0.626 -4.779
0.319 -0.071 0.848 -4.443 1.328 -4.198
0.315 -0.073 0.877 -5.313 1.344 -3.344
0.294 -0.074 0.906 -4.336 -0.092 -1.023
0.319 -0.079 0.904 -4.061 -0.84 0.183
0.319 -0.093 0.915 -2.87 -0.519 0.656
0.327 -0.106 0.919 -1.924 -0.031 -0.351
0.338 -0.115 0.917 -1.16 0.611 -0.87
0.328 -0.111 0.915 0.046 1.069 -1.206
0.339 -0.104 0.884 1.496 2.153 -0.947
0.333 -0.097 0.875 1.573 1.267 -0.305
0.332 -0.076 0.882 0.107 1.237 -0.504
0.304 -0.073 0.894 -2.0 0.656 -0.412
0.298 -0.072 0.9 -3.863 0.244 -0.153
0.293 -0.086 0.916 -4.244 -0.87 1.008
0.304 -0.096 0.931 -3.252 -0.779 2.046
0.238 -0.084 0.902 0.321 -7.115 1.16
0.298 -0.113 0.933 1.069 -1.511 3.374
0.306 -0.094 0.907 2.412 0.84 3.466
0.293 -0.1 0.906 1.13 0.595 3.618
0.294 -0.104 0.901 -0.779 -0.916 3.145
0.31 -0.092 0.909 -2.061 -0.901 2.672
0.296 -0.095 0.901 -1.908 -0.779 3.008
0.303 -0.098 0.89 -2.229 0.397 3.924
0.302 -0.106 0.904 -2.748 0.931 3.817
0.311 -0.113 0.912 -2.58 0.656 4.366
0.319 -0.123 0.897 -1.359 -0.214 5.191
0.318 -0.133 0.883 -0.137 0.397 5.634
0.315 -0.127 0.894 0.137 1.771 5.191
0.312 -0.133 0.898 0.107 0.473 4.855
0.332 -0.146 0.884 0.229 0.26 4.153
0.339 -0.138 0.884 -0.397 0.244 3.038
0.331 -0.131 0.875 -1.664 0.046 2.229
0.319 -0.131 0.885 -3.008 0.214 1.023
0.321 -0.141 0.883 -3.695 -0.443 0.214
0.325 -0.132 0.904 -3.359 0.092 -0.916
0.316 -0.131 0.892 -3.176 -0.626 -1.313
0.314 -0.123 0.897 -2.84 0.0 -1.527
0.321 -0.127 0.918 -0.855 -0.122 -0.458
0.322 -0.114 0.906 0.718 1.038 0.763
0.323 -0.108 0.885 0.473 0.702 1.298
0.332 -0.117 0.892 -1.206 0.931 0.366
0.321 -0.124 0.905 -1.374 -1.863 0.214
0.333 -0.126 0.899 -2.015 -2.87 0.489
0.345 -0.124 0.879 -2.702 -4.198 0.626
0.345 -0.126 0.884 -2.153 -4.122 0.977
0.341 -0.125 0.886 -1.176 -3.435 1.374
0.362 -0.154 0.882 -1.618 -2.214 -0.198
0.35 -0.148 0.906 -2.244 -1.771 -2.26
0.34 -0.15 0.915 -1.313 -2.214 -3.282
0.335 -0.137 0.911 -0.55 -1.908 -3.374
0.341 -0.128 0.876 -1.069 -2.611 -3.542
0.356 -0.123 0.869 -1.771 -1.618 -4.031
0.355 -0.121 0.859 -2.672 -1.588 -4.366
0.35 -0.135 0.895 -2.015 3.45 -3.618
0.347 -0.118 0.871 -2.656 -0.611 -4.275
0.337 -0.113 0.882 -2.611 0.137 -3.45
0.329 -0.106 0.899 -2.366 -0.168 -2.092
0.321 -0.107 0.885 -1.573 -0.947 -0.794
0.34 -0.116 0.88 -0.901 -2.305 -0.198
0.343 -0.117 0.885 -0.427 -1.985 0.061
0.338 -0.1 0.874 -1.389 -2.076 -0.305
0.354 -0.106 0.854 -2.244 -0.763 -0.824
0.358 -0.12 0.856 -2.458 -1.16 -0.565
0.362 -0.118 0.865 -1.695 0.214 -0.305
0.356 -0.117 0.866 -1.344 0.901 -0.122
0.359 -0.109 0.867 -1.908 1.679 -0.748
0.343 -0.115 0.892 -1.908 1.527 -1.16
0.346 -0.116 0.883 -0.672 2.076 -0.962
0.348 -0.104 0.868 -0.168 2.885 -0.198
0.319 -0.086 0.882 -0.702 2.748 0.947
0.333 -0.088 0.868 -1.191 2.015 1.802
0.342 -0.102 0.864 -1.511 2.351 1.237
0.349 -0.117 0.872 -1.954 2.046 0.489
0.342 -0.116 0.881 -2.244 1.45 -1.267
0.343 -0.107 0.869 -1.847 2.305 -1.847
0.332 -0.08 0.868 -2.168 2.672 -1.328
0.312 -0.077 0.887 -2.366 2.931 -0.58
0.324 -0.08 0.897 -2.595 1.603 0.366
0.325 -0.097 0.889 -3.221 1.176 0.321
0.324 -0.093 0.897 -4.656 -0.489 -0.092
0.332 -0.114 0.886 -5.16 -1.252 -0.962
0.338 -0.122 0.898 -3.725 -1.847 -1.191
0.337 -0.112 0.891 -3.038 -2.29 -0.992
0.342 -0.104 0.866 -1.496 -0.55 -0.733
0.338 -0.103 0.857 -0.702 0.366 0.626
0.326 -0.09 0.875 -0.779 0.443 1.542
0.341 -0.104 0.878 -0.58 0.351 1.893
0.352 -0.124 0.875 0.26 0.779 2.611
0.363 -0.136 0.89 1.481 2.58 2.763
0.319 -0.135 0.916 1.939 -0.901 1.954
0.368 -0.113 0.851 0.55 5.664 1.542
0.353 -0.114 0.879 0.26 4.947 1.145