-0.035 -0.174 0.898 -2.076 1.71 0.55
-0.047 -0.158 0.891 -1.618 3.267 0.244
-0.066 -0.141 0.897 -1.802 2.947 0.977
-0.075 -0.134 0.915 -2.733 1.16 1.435
-0.066 -0.15 0.918 -3.038 -0.015 1.405
-0.064 -0.157 0.908 -3.053 0.183 1.908
-0.057 -0.157 0.927 -3.053 -0.061 1.863
-0.047 -0.154 0.904 -3.542 -0.489 1.725
-0.064 -0.138 0.909 -4.855 -0.443 1.16
-0.066 -0.138 0.918 -5.893 -0.412 1.344
-0.057 -0.155 0.916 -5.481 -0.885 1.099
-0.046 -0.163 0.918 -4.397 1.42 1.389
-0.039 -0.163 0.917 -2.84 3.511 1.282
-0.047 -0.154 0.922 -2.046 4.672 1.603
-0.061 -0.146 0.909 -1.756 4.168 1.985
-0.071 -0.135 0.928 -3.099 1.481 3.008
-0.062 -0.144 0.937 -4.779 -0.076 2.947
-0.061 -0.156 0.937 -5.237 -1.786 2.015
-0.037 -0.17 0.924 -4.55 -1.206 1.282
-0.047 -0.179 0.919 -3.786 -0.87 0.427
-0.043 -0.167 0.929 -2.87 -0.275 0.244
-0.052 -0.158 0.918 -3.649 0.641 -0.214
-0.05 -0.135 0.911 -4.321 1.313 -0.519
-0.062 -0.139 0.921 -4.824 0.702 -0.443
-0.065 -0.139 0.92 -4.84 -0.092 0.275
-0.058 -0.151 0.927 -3.466 1.237 0.672
-0.072 -0.153 0.941 -2.183 1.282 1.191
-0.058 -0.151 0.92 -2.153 1.695 1.252
-0.063 -0.143 0.924 -1.954 1.679 1.069
-0.075 -0.136 0.922 -2.779 1.267 1.069
-0.06 -0.141 0.928 -3.115 1.756 1.13
-0.072 -0.134 0.929 -3.359 1.115 0.702
-0.068 -0.146 0.924 -4.122 0.794 0.489
-0.058 -0.153 0.918 -3.328 1.069 0.733
-0.058 -0.143 0.89 -2.855 1.344 -0.107
-0.065 -0.154 0.925 -1.679 1.252 0.824
-0.06 -0.148 0.926 -0.214 2.733 1.45
-0.067 -0.145 0.911 -0.046 2.87 1.466
-0.07 -0.144 0.926 -1.099 2.214 1.145
-0.067 -0.15 0.921 -1.313 1.908 1.389
-0.081 -0.14 0.914 -1.237 -0.26 0.779
-0.073 -0.14 0.931 -1.511 -0.076 2.122
-0.063 -0.145 0.927 -1.45 -0.137 1.969
-0.047 -0.154 0.918 -1.13 0.763 1.863
-0.057 -0.157 0.925 -0.718 2.366 1.496
-0.067 -0.145 0.942 -0.977 1.847 0.855
-0.063 -0.145 0.945 -2.137 0.534 0.229
-0.047 -0.166 0.965 -2.565 0.0 0.55
-0.032 -0.171 0.979 -1.023 0.962 0.58
-0.031 -0.157 1.006 0.473 3.893 0.824
-0.038 -0.133 1.032 2.031 4.076 1.695
-0.034 -0.12 1.067 2.992 4.351 2.916
-0.045 -0.143 1.143 8.153 6.275 5.038
-0.037 -0.159 1.217 6.84 9.893 6.015
-0.038 -0.148 1.269 6.443 7.511 7.344
-0.032 -0.137 1.317 1.74 6.626 7.359
-0.024 -0.106 1.369 -4.611 4.198 6.595
-0.011 -0.081 1.427 -10.458 -0.489 6.519
0.027 -0.105 1.542 -11.267 -5.634 8.458
0.073 -0.179 1.669 -3.985 -4.168 11.863
0.112 -0.267 1.804 8.962 2.122 17.16
0.151 -0.312 1.913 19.603 19.618 17.344
0.076 -0.301 2.078 25.237 17.42 16.519
-0.03 -0.219 2.132 23.634 10.198 14.29
-0.08 -0.161 2.128 13.099 -8.931 11.893
-0.024 -0.115 1.973 -0.992 -12.58 8.137
-0.069 -0.168 2.091 -1.023 -22.046 11.863
-0.077 -0.236 2.072 5.725 -28.809 18.351
-0.073 -0.232 1.972 13.481 -33.328 22.015
-0.063 -0.187 1.82 14.595 -31.634 22.137
-0.099 -0.134 1.788 9.023 -29.802 19.282
-0.155 -0.094 1.806 2.336 -37.344 19.618
-0.149 -0.072 1.727 -1.863 -47.069 19.664
-0.156 -0.017 1.669 -8.336 -56.855 22.58
-0.185 0.018 1.623 -16.214 -72.534 30.275
-0.198 0.019 1.585 -26.29 -92.885 36.824
-0.209 -0.052 1.533 -32.046 -100.107 41.878
-0.154 -0.088 1.43 -39.008 -96.763 42.565
-0.165 -0.129 1.435 -43.45 -100.687 41.313
-0.161 -0.202 1.384 -43.221 -95.527 38.26
-0.189 -0.266 1.393 -37.053 -91.954 34.321
-0.12 -0.35 1.313 -26.092 -79.969 28.794
-0.13 -0.305 1.254 -13.221 -63.969 23.084
-0.177 -0.243 1.142 -3.603 -53.298 19.908
-0.207 -0.103 1.039 -2.595 -49.893 15.405
-0.248 -0.011 0.988 -7.252 -52.412 14.046
-0.304 0.059 0.913 -16.244 -64.977 15.695
-0.303 0.063 0.846 -21.893 -70.504 22.809
-0.203 -0.016 0.804 -19.298 -72.214 26.901
-0.182 -0.156 0.825 -13.038 -77.878 25.16
-0.025 -0.356 0.787 -6.779 -79.802 11.115
0.072 -0.387 0.636 -1.664 -82.275 -7.786
0.14 -0.373 0.526 -0.427 -78.656 -28.641
0.091 -0.296 0.475 3.13 -71.298 -44.015
-0.053 -0.193 0.436 5.954 -68.183 -50.947
-0.128 -0.107 0.434 12.611 -66.595 -49.725
-0.116 -0.112 0.348 22.718 -61.511 -41.328
-0.011 -0.133 0.267 31.802 -49.267 -34.534
0.179 -0.215 0.237 37.557 -45.847 -49.344
0.11 -0.129 0.155 37.206 -31.313 -47.74
0.02 -0.105 0.27 26.275 -31.847 -51.481
-0.061 -0.095 0.239 21.359 -42.061 -56.122
-0.02 -0.095 0.308 20.534 -41.603 -54.534
0.023 -0.067 0.314 26.397 -41.634 -49.679
0.046 0.006 0.249 29.664 -32.824 -38.489
0.068 0.045 0.178 26.58 -31.313 -31.45
0.085 0.014 0.093 22.55 -33.252 -27.573
-0.027 0.01 0.312 22.015 -34.84 -21.893
-0.091 0.04 0.463 19.954 -45.206 -14.87
0.254 -0.002 0.049 8.748 -37.206 -17.954
0.275 -0.115 0.234 3.908 -26.992 -22.702
0.218 -0.138 0.401 4.305 -22.076 -28.031
0.164 -0.112 0.507 8.641 -20.794 -32.84
0.107 -0.027 0.479 11.954 -19.191 -28.58
0.127 0.055 0.413 4.0 -18.977 -26.107
0.193 0.052 0.377 -1.985 -22.29 -21.893
0.282 0.078 0.334 -9.863 -22.168 -19.817
0.406 0.061 0.289 -17.557 -18.672 -20.0
0.462 -0.005 0.229 -25.389 -11.389 -19.481
0.343 0.155 0.256 -44.168 -7.573 -27.328
0.458 0.039 0.377 -55.802 8.931 -30.733
0.35 -0.076 0.574 -59.313 9.374 -34.687
0.347 -0.122 0.672 -61.817 10.214 -40.198
0.296 -0.12 0.748 -60.137 4.305 -42.947
0.268 -0.034 0.722 -58.366 -9.176 -40.473
0.417 -0.071 0.535 -55.313 -10.611 -35.42
0.486 -0.065 0.461 -53.649 -9.252 -29.206
0.552 -0.081 0.396 -53.13 -1.878 -24.87
0.543 -0.109 0.374 -51.634 7.282 -22.275
0.533 -0.136 0.43 -48.885 19.389 -20.046
0.491 -0.158 0.501 -42.55 27.298 -14.412
0.431 -0.187 0.605 -33.221 31.573 -9.603
0.399 -0.134 0.667 -23.695 35.298 -2.885
0.353 -0.068 0.751 -19.664 28.473 1.191
0.396 -0.044 0.692 -18.183 21.42 2.87
0.486 -0.13 0.634 -20.275 22.076 1.176
0.495 -0.134 0.622 -19.756 22.244 -1.069
0.482 -0.179 0.633 -19.634 26.84 -8.26
0.416 -0.165 0.735 -22.672 22.534 -13.176
0.393 -0.221 0.831 -22.473 14.931 -19.771
0.35 -0.243 0.894 -17.985 5.893 -23.511
0.348 -0.173 0.93 -13.847 1.237 -24.885
0.32 -0.143 0.926 -4.672 -4.29 -17.847
0.368 -0.083 0.85 -0.412 -4.519 -11.985
0.372 -0.056 0.722 -4.275 -0.748 -4.504
0.355 -0.084 0.728 -1.969 6.092 0.702
0.358 -0.12 0.777 -3.649 10.183 4.0
0.345 -0.177 0.865 -4.504 12.87 5.069
0.354 -0.237 0.932 -0.794 9.496 4.382
0.367 -0.262 0.891 3.496 6.153 3.405
0.355 -0.238 0.878 6.473 4.061 2.458
0.339 -0.183 0.843 6.611 5.191 1.863
0.311 -0.154 0.858 3.527 3.817 0.885
0.321 -0.174 0.896 -0.031 0.489 -1.282
0.386 -0.18 0.873 -2.214 1.069 -4.992
0.386 -0.158 0.832 -5.679 3.115 -6.977
0.364 -0.129 0.832 -8.641 5.45 -6.534
0.357 -0.133 0.836 -11.237 6.351 -6.183
0.361 -0.164 0.851 -11.786 6.58 -5.084
0.36 -0.197 0.858 -10.107 6.962 -3.573
0.349 -0.211 0.844 -9.603 5.878 -3.45
0.361 -0.248 0.909 -6.656 2.977 -3.176
0.352 -0.229 0.885 -4.947 0.916 -2.595
0.362 -0.239 0.881 -2.931 -1.695 -3.359
0.395 -0.246 0.882 -1.511 -1.863 -4.901
0.393 -0.241 0.852 -0.595 -1.557 -6.84
0.39 -0.194 0.826 0.046 0.427 -6.519
0.365 -0.148 0.816 -1.008 0.947 -4.198
0.368 -0.158 0.82 -1.176 2.656 -1.786
0.361 -0.167 0.859 -1.099 5.634 -0.153
0.348 -0.167 0.885 -0.031 6.321 0.29
0.32 -0.159 0.902 0.122 4.855 0.504
0.322 -0.138 0.898 -0.092 4.458 -0.244
0.3 -0.128 0.925 0.794 1.511 0.55
0.339 -0.143 0.899 3.176 1.511 1.74
0.358 -0.132 0.85 2.824 2.443 0.885
0.312 -0.107 0.866 -0.901 2.427 -0.29
0.307 -0.13 0.89 -3.038 1.802 -0.687
0.332 -0.137 0.897 -1.756 3.573 0.214
0.35 -0.147 0.907 2.229 5.191 3.191
0.35 -0.131 0.907 5.435 5.237 5.649
0.358 -0.145 0.897 6.366 4.214 6.473
0.358 -0.149 0.884 5.817 5.084 5.557
0.328 -0.136 0.895 4.611 4.046 4.885
0.372 -0.17 0.882 1.695 6.107 3.084
0.388 -0.192 0.882 0.733 7.71 0.794
0.4 -0.217 0.882 0.168 9.588 -2.076
0.391 -0.225 0.876 -0.58 11.527 -5.557
0.368 -0.197 0.882 -1.649 11.679 -8.397
0.357 -0.158 0.883 -3.802 10.931 -10.962
0.365 -0.154 0.868 -3.847 11.771 -11.603
0.338 -0.135 0.884 -2.58 11.908 -10.824
0.32 -0.108 0.902 -2.153 11.985 -9.191
0.295 -0.106 0.917 -0.443 10.137 -4.763
0.312 -0.113 0.915 3.939 11.344 -0.26
0.312 -0.095 0.895 6.748 12.168 4.565
0.323 -0.116 0.894 6.214 10.076 5.863
0.331 -0.125 0.896 4.504 9.573 5.511
0.321 -0.129 0.906 3.176 8.046 3.74
0.326 -0.136 0.927 3.496 5.603 2.519
0.347 -0.139 0.9 4.321 5.924 1.389
0.307 -0.12 0.892 3.603 5.542 -0.26
0.275 -0.091 0.899 0.672 3.863 -1.771
0.273 -0.094 0.889 -1.466 1.282 -2.168
0.271 -0.099 0.874 -2.84 1.084 -2.168
0.3 -0.111 0.872 -2.382 2.626 -1.374
0.298 -0.104 0.872 -2.031 4.84 0.092
0.314 -0.126 0.88 -2.427 6.137 -0.947
0.304 -0.105 0.895 -2.947 7.298 -1.878
0.283 -0.092 0.913 -3.374 5.786 -2.641
0.272 -0.08 0.911 -4.473 2.687 -2.901
0.261 -0.071 0.896 -4.916 1.969 -1.16
0.262 -0.084 0.907 -5.16 0.321 0.977
0.271 -0.101 0.881 -4.427 0.107 2.611
0.278 -0.116 0.882 -4.382 -1.084 2.641
0.273 -0.11 0.877 -5.45 -1.634 3.115
0.289 -0.114 0.886 -6.0 -2.626 3.466
0.323 -0.131 0.883 -4.947 -2.29 4.595
0.347 -0.146 0.875 -3.557 0.122 5.16
0.354 -0.145 0.881 -3.389 2.153 5.344
0.336 -0.156 0.88 -3.679 1.893 4.275
0.313 -0.153 0.91 -4.046 1.206 3.695
0.312 -0.154 0.919 -3.237 0.824 3.634
0.319 -0.161 0.905 -1.145 0.519 3.618
0.314 -0.152 0.893 0.656 1.573 3.924
0.3 -0.138 0.881 1.206 2.443 4.214
0.291 -0.142 0.893 0.427 2.702 4.168
0.286 -0.143 0.914 0.489 1.893 3.908
0.282 -0.131 0.894 -0.397 -0.733 4.153
0.297 -0.127 0.883 -0.992 -0.565 3.985
0.304 -0.14 0.907 -1.038 -1.695 4.687
0.304 -0.133 0.897 -0.885 -1.985 5.084
0.293 -0.128 0.907 -0.779 -3.282 6.305
0.309 -0.142 0.886 -0.565 -2.641 6.397
0.325 -0.152 0.879 -1.084 -0.427 5.542
0.34 -0.16 0.881 -1.252 0.87 3.969
0.332 -0.15 0.9 -1.725 1.649 2.992
0.319 -0.146 0.909 -1.618 1.053 2.931
0.323 -0.157 0.9 -1.145 0.87 2.916
0.326 -0.151 0.905 -1.176 -0.351 1.74
0.306 -0.136 0.911 -1.252 -1.252 1.282
0.289 -0.124 0.908 -2.489 -1.389 1.298
0.305 -0.113 0.884 -2.962 -1.557 2.214
0.325 -0.12 0.879 -4.336 -0.794 3.191
0.328 -0.144 0.884 -4.84 -0.595 3.176
0.341 -0.167 0.89 -4.26 0.244 2.015
0.338 -0.165 0.908 -5.237 0.534 -0.55
0.335 -0.172 0.885 -5.664 0.656 -1.328
0.337 -0.17 0.884 -5.481 1.023 -3.206
0.33 -0.158 0.898 -4.84 2.687 -4.733
0.315 -0.146 0.902 -4.519 1.74 -4.87
0.311 -0.132 0.876 -4.504 1.053 -3.863
0.314 -0.131 0.888 -5.252 -0.031 -3.511
0.319 -0.129 0.877 -4.916 -0.55 -2.519
0.33 -0.141 0.869 -4.595 0.153 -2.137
0.334 -0.139 0.87 -4.351 1.191 -2.626
0.323 -0.132 0.88 -4.412 1.13 -3.176
0.313 -0.122 0.871 -4.046 0.901 -2.321
0.32 -0.126 0.867 -2.931 2.046 -1.908
0.319 -0.112 0.877 -2.351 2.275 -0.58
0.313 -0.112 0.884 -2.366 2.137 0.0
0.306 -0.115 0.89 -2.641 2.504 1.328
0.314 -0.112 0.892 -2.412 1.221 2.031
0.318 -0.13 0.88 -2.336 1.466 2.458
0.321 -0.138 0.883 -1.725 2.26 2.84
0.31 -0.131 0.891 -2.198 0.55 2.137
0.315 -0.127 0.875 -3.13 -0.641 1.847
0.319 -0.145 0.865 -2.916 -0.229 2.718
0.329 -0.145 0.865 -2.183 2.061 3.221
0.327 -0.145 0.878 -2.916 2.198 2.901
0.338 -0.151 0.879 -3.847 2.198 1.74
0.341 -0.163 0.891 -3.13 2.229 0.992
0.312 -0.154 0.909 -3.618 1.176 -0.168
0.317 -0.146 0.894 -3.603 0.702 -0.565
0.312 -0.15 0.895 -2.229 0.702 0.183
0.324 -0.141 0.879 -1.191 2.321 1.191
0.319 -0.13 0.868 -1.71 3.16 2.351
0.318 -0.142 0.872 -2.55 2.168 3.298
0.325 -0.147 0.88 -3.267 2.031 3.069
0.325 -0.152 0.882 -3.756 2.305 2.168
0.316 -0.16 0.895 -3.71 2.336 1.725
0.311 -0.164 0.913 -2.718 1.649 1.649
0.312 -0.171 0.907 -1.863 0.84 1.573
0.316 -0.162 0.896 -1.344 0.092 1.664
0.322 -0.147 0.879 -0.962 0.947 1.695
0.309 -0.136 0.891 -1.893 0.534 1.603
0.323 -0.149 0.881 -2.076 1.16 2.0
0.323 -0.151 0.886 -2.397 1.695 1.832
0.319 -0.168 0.897 -2.473 1.924 1.573
0.316 -0.162 0.891 -2.641 1.71 0.168
0.322 -0.168 0.892 -2.931 2.183 -0.885
0.322 -0.165 0.888 -2.992 2.504 -2.168
0.305 -0.148 0.898 -2.321 2.763 -1.939
0.301 -0.142 0.898 -2.122 3.069 -1.359
0.29 -0.14 0.919 -1.893 2.641 -0.595
0.304 -0.126 0.913 -1.496 3.099 0.046
0.298 -0.132 0.897 -1.496 2.29 0.565
0.307 -0.139 0.892 -1.756 2.137 0.534
0.313 -0.138 0.878 -1.71 2.321 0.565
0.312 -0.131 0.865 -1.099 2.382 0.763
0.31 -0.131 0.874 -2.046 2.656 0.702
0.305 -0.134 0.888 -2.84 2.885 0.595
0.317 -0.151 0.891 -3.237 2.58 -0.351
0.321 -0.164 0.895 -3.389 2.794 -1.023
0.314 -0.161 0.905 -2.885 2.412 -1.802
0.301 -0.146 0.91 -1.481 2.824 -1.832
0.299 -0.126 0.886 -1.817 3.206 -1.298
0.304 -0.124 0.886 -1.969 3.954 -0.626
0.3 -0.131 0.886 -2.0 4.382 0.092
0.304 -0.133 0.891 -1.802 4.29 0.84
0.296 -0.145 0.894 -2.061 2.748 0.916
0.303 -0.133 0.898 -2.229 1.328 1.053
0.31 -0.153 0.883 -1.588 2.382 0.809
0.318 -0.138 0.893 -1.099 2.504 0.947
0.319 -0.141 0.882 -1.71 2.626 0.321
0.294 -0.134 0.908 -2.977 2.275 -0.198
0.296 -0.143 0.913 -3.466 0.962 -0.901
0.294 -0.144 0.925 -3.13 -0.641 -1.191
0.299 -0.138 0.913 -2.061 -0.534 -0.809
0.292 -0.113 0.9 -1.618 -0.855 -0.076
0.286 -0.107 0.881 -2.137 -0.076 1.802
0.322 -0.133 0.839 -2.427 0.107 2.275
0.321 -0.16 0.879 -2.489 2.672 2.046
0.31 -0.173 0.904 -1.908 3.695 1.053
0.283 -0.164 0.929 -1.786 2.107 0.336
0.282 -0.154 0.898 -1.817 0.107 -1.069
0.297 -0.162 0.899 -0.519 0.947 0.031
0.296 -0.139 0.895 0.626 1.695 0.733
0.291 -0.11 0.878 -0.794 1.282 0.397
0.284 -0.108 0.875 -3.053 0.824 0.458
0.291 -0.125 0.898 -4.55 -0.855 -0.092
0.297 -0.144 0.902 -4.87 -0.855 -0.458
0.306 -0.163 0.903 -3.634 0.183 -0.076
0.316 -0.159 0.9 -2.26 1.298 -0.076
0.303 -0.145 0.887 -1.954 1.725 -0.656
0.311 -0.138 0.879 -2.214 2.366 0.412
0.303 -0.132 0.873 -3.191 1.893 0.336
0.306 -0.146 0.888 -3.954 1.756 0.382
0.307 -0.16 0.901 -4.168 0.855 -0.366
0.298 -0.156 0.911 -3.481 1.038 -0.504
0.295 -0.153 0.913 -2.458 1.053 -0.015
0.298 -0.136 0.908 -1.038 1.038 0.947
0.295 -0.132 0.895 -0.641 2.107 1.863
0.305 -0.135 0.875 -1.084 2.504 2.107
0.309 -0.141 0.886 -1.618 2.58 1.557
0.305 -0.14 0.888 -1.893 1.985 0.992
0.312 -0.144 0.883 -2.168 2.168 1.13
0.319 -0.153 0.897 -1.573 2.183 1.588
0.309 -0.156 0.897 -0.382 2.321 1.756
0.303 -0.157 0.896 0.794 2.962 1.786
0.296 -0.144 0.898 0.733 2.458 1.557
0.29 -0.133 0.885 -0.26 2.061 1.603
0.292 -0.13 0.865 -1.237 0.168 0.916
0.301 -0.143 0.898 -1.16 1.344 1.878
0.3 -0.146 0.89 -1.099 1.939 2.107
0.309 -0.152 0.893 -0.382 2.489 1.802
0.302 -0.146 0.905 0.305 2.763 2.061
0.301 -0.148 0.886 0.336 3.725 0.473
0.302 -0.134 0.895 -0.504 2.366 1.115
0.299 -0.129 0.886 -0.962 1.603 1.481
0.303 -0.13 0.891 -1.267 1.282 1.466
0.312 -0.137 0.882 -1.466 1.527 1.435
0.317 -0.152 0.875 -1.817 0.656 0.931
0.313 -0.154 0.878 -1.679 1.237 -0.336
0.306 -0.143 0.893 -1.939 1.115 -1.282
0.306 -0.141 0.899 -2.336 1.939 -1.802
0.296 -0.133 0.909 -2.55 1.908 -1.573
0.296 -0.134 0.896 -2.061 2.321 -0.595
0.284 -0.137 0.903 -1.42 2.748 0.092
0.295 -0.124 0.885 -0.855 2.947 1.176
0.294 -0.127 0.889 -1.053 2.687 1.344
0.296 -0.131 0.883 -2.061 2.183 1.649
0.305 -0.14 0.892 -2.397 1.908 1.389
0.305 -0.146 0.906 -2.137 0.855 1.603
0.32 -0.167 0.896 -1.405 1.023 0.977
0.316 -0.167 0.9 -0.656 2.183 -0.061
0.309 -0.148 0.901 -0.824 1.542 -1.542
0.286 -0.134 0.897 -0.855 1.435 -1.878
0.28 -0.116 0.912 -2.183 0.87 -2.031
0.281 -0.123 0.899 -2.153 0.733 -1.42
0.297 -0.14 0.896 -1.008 1.435 0.015
0.301 -0.144 0.893 -0.412 2.244 0.473
0.298 -0.138 0.902 -0.122 2.626 0.458
0.285 -0.136 0.901 0.443 2.534 1.069
0.281 -0.12 0.908 0.473 1.603 2.076
0.294 -0.122 0.889 0.183 1.725 2.611
0.296 -0.126 0.896 0.137 1.649 2.611
0.298 -0.134 0.885 -0.26 1.603 2.565
0.291 -0.136 0.894 -1.176 1.282 1.74
0.301 -0.133 0.893 -1.939 0.534 0.595
0.288 -0.129 0.888 -3.282 0.305 -0.443
0.303 -0.137 0.887 -3.588 -0.504 -1.176
0.299 -0.12 0.883 -3.481 -0.107 -1.405
0.31 -0.131 0.876 -3.542 -0.26 -0.702
0.317 -0.139 0.878 -3.13 0.504 -0.214
0.329 -0.146 0.886 -2.153 0.992 -0.427
0.32 -0.139 0.889 -2.26 2.015 -0.412
0.31 -0.137 0.884 -2.656 1.985 -0.641
0.314 -0.145 0.892 -2.061 2.229 -0.916
0.321 -0.146 0.88 -0.885 2.977 -0.58